0.000000000000000000e+00,2.798920000000000030e+01,8.692560000000000286e+01,8.737790000000000873e+03,3.604109000000000233e+05
1.000000000000000000e+00,3.588080000000000069e+01,7.651250000000000284e+01,8.570559999999999491e+03,3.569454000000000233e+05
3.700000000000000000e+01,3.037580000000000169e+01,7.997029999999999461e+01,7.804020000000000437e+03,3.406092000000000116e+05
1.150000000000000000e+02,2.959499999999999886e+01,1.018791999999999973e+02,7.437520000000000437e+03,3.325150000000000000e+05
1.280000000000000000e+02,4.203560000000000230e+01,8.012449999999999761e+01,7.419460000000000036e+03,3.321110000000000000e+05
1.560000000000000000e+02,2.963919999999999888e+01,9.506529999999999347e+01,7.354890000000000327e+03,3.306627000000000116e+05
4.180000000000000000e+02,3.641279999999999717e+01,8.738309999999999889e+01,6.981640000000000327e+03,3.221632000000000116e+05
5.060000000000000000e+02,-3.265330000000000155e+01,-7.001170000000000471e+01,6.915520000000000437e+03,3.206340000000000000e+05
5.560000000000000000e+02,-2.710970000000000013e+01,-6.854139999999999588e+01,6.886619999999999891e+03,3.199632999999999884e+05
8.680000000000000000e+02,-9.120799999999999130e+00,-7.760500000000000398e+01,6.736750000000000000e+03,3.164625999999999767e+05
1.791000000000000000e+03,-1.810829999999999984e+01,-6.888280000000000314e+01,6.544060000000000400e+03,3.119039000000000233e+05
3.073000000000000000e+03,-1.554609999999999914e+01,-7.266030000000000655e+01,6.417979999999999563e+03,3.088847000000000116e+05
4.838000000000000000e+03,3.479749999999999943e+01,9.946250000000000568e+01,6.309250000000000000e+03,3.062570000000000000e+05
5.965000000000000000e+03,-1.468900000000000095e+00,-7.881780000000000541e+01,6.262510000000000218e+03,3.051205000000000000e+05
8.578000000000000000e+03,6.306940000000000168e+01,-1.510061000000000035e+02,6.179930000000000291e+03,3.031020999999999767e+05
8.592000000000000000e+03,3.565250000000000341e+01,9.425050000000000239e+01,6.179609999999999673e+03,3.030942999999999884e+05
2.410100000000000000e+04,6.056779999999999831e+01,-1.404050000000000011e+02,5.930699999999999818e+03,2.969272999999999884e+05
2.807900000000000000e+04,-3.076400000000000023e+00,3.735360000000000014e+01,5.886789999999999964e+03,2.958260999999999767e+05
3.496500000000000000e+04,3.850059999999999860e+01,9.772450000000000614e+01,5.819029999999999745e+03,2.941185999999999767e+05
5.003500000000000000e+04,1.083890000000000065e+01,-7.368609999999999616e+01,5.697909999999999854e+03,2.910415000000000000e+05
6.048100000000000000e+04,4.335249999999999915e+01,4.243800000000000239e+01,5.632350000000000364e+03,2.893622999999999884e+05
6.644100000000000000e+04,3.595439999999999969e+01,5.211050000000000182e+01,5.598750000000000000e+03,2.884979000000000233e+05
6.782300000000000000e+04,1.903030000000000044e+01,-9.727030000000000598e+01,5.591600000000000364e+03,2.883137000000000116e+05
1.178040000000000000e+05,2.923900000000000166e+00,-7.602689999999999770e+01,5.377590000000000146e+03,2.827424000000000233e+05
1.288760000000000000e+05,4.378970000000000340e+01,8.841110000000000468e+01,5.337770000000000437e+03,2.816937000000000116e+05
1.292530000000000000e+05,6.494399999999999729e+00,-7.229749999999999943e+01,5.336449999999999818e+03,2.816587999999999884e+05
1.980030000000000000e+05,3.970219999999999771e+01,4.429829999999999757e+01,5.111000000000000000e+03,2.756450000000000000e+05
2.281770000000000000e+05,3.855999999999999983e-01,2.987249999999999872e+01,5.024420000000000073e+03,2.733002999999999884e+05
2.660130000000000000e+05,-7.852549999999999386e+01,-8.561709999999999354e+01,4.918810000000000400e+03,2.704127999999999884e+05
2.921440000000000000e+05,5.605780000000000030e+01,1.606439000000000021e+02,4.845560000000000400e+03,2.683917000000000116e+05
3.045340000000000000e+05,4.583279999999999887e+01,6.864700000000000024e+00,4.810720000000000255e+03,2.674250999999999767e+05
3.068990000000000000e+05,-4.083300000000000374e+00,1.371850000000000023e+02,4.803989999999999782e+03,2.672380000000000000e+05
4.016910000000000000e+05,1.323610000000000042e+01,3.836829999999999785e+01,4.523760000000000218e+03,2.593265000000000000e+05
4.056130000000000000e+05,-8.432779999999999632e+01,1.664499999999999886e+02,4.510989999999999782e+03,2.589602000000000116e+05
4.121670000000000000e+05,2.951170000000000115e+01,5.727109999999999701e+01,4.489619999999999891e+03,2.583461000000000058e+05
4.167350000000000000e+05,-5.785800000000000054e+00,1.450324999999999989e+02,4.474720000000000255e+03,2.579171000000000058e+05
4.241380000000000000e+05,4.980749999999999744e+01,8.659000000000000341e+01,4.449310000000000400e+03,2.571837000000000116e+05
4.329410000000000000e+05,3.657849999999999824e+01,-1.182924000000000007e+02,4.410800000000000182e+03,2.560682999999999884e+05
4.378180000000000000e+05,3.095189999999999841e+01,5.143610000000000326e+01,4.402270000000000437e+03,2.558206000000000058e+05
4.386550000000000000e+05,3.911780000000000257e+01,-1.064453000000000031e+02,4.399180000000000291e+03,2.557307999999999884e+05
4.405880000000000000e+05,4.685289999999999822e+01,-1.217604000000000042e+02,4.392470000000000255e+03,2.555357000000000116e+05
4.418660000000000000e+05,6.826699999999999768e+00,3.981889999999999930e+01,4.388189999999999600e+03,2.554112000000000116e+05
4.620620000000000000e+05,4.140899999999999892e+01,-1.221949000000000041e+02,4.316579999999999927e+03,2.533186000000000058e+05
4.754920000000000000e+05,-7.704030000000000200e+01,-1.260957999999999970e+02,4.268020000000000437e+03,2.518897000000000116e+05
4.819650000000000000e+05,1.956279999999999930e+01,-1.036082999999999998e+02,4.244590000000000146e+03,2.511972999999999884e+05
4.906220000000000000e+05,4.318430000000000035e+01,-1.096543000000000063e+02,4.212949999999999818e+03,2.502593999999999942e+05
4.908570000000000000e+05,1.504330000000000034e+01,-9.190359999999999729e+01,4.212149999999999636e+03,2.502356000000000058e+05
4.923660000000000000e+05,4.661749999999999972e+01,9.359449999999999648e+01,4.206649999999999636e+03,2.500722000000000116e+05
4.928080000000000000e+05,1.982069999999999865e+01,-1.554679999999999893e+02,4.205020000000000437e+03,2.500237000000000116e+05
5.054420000000000000e+05,3.105999999999999872e+01,-7.915000000000000036e+00,4.158449999999999818e+03,2.486353999999999942e+05
5.067520000000000000e+05,-7.178669999999999618e+01,1.687507999999999981e+02,4.153539999999999964e+03,2.484885000000000000e+05
5.250990000000000000e+05,-8.036669999999999447e+01,7.735420000000000584e+01,4.086320000000000164e+03,2.464696000000000058e+05
5.329940000000000000e+05,6.075000000000000178e+00,1.165583000000000027e+02,4.057260000000000218e+03,2.455916000000000058e+05
5.407520000000000000e+05,4.218099999999999739e+00,9.173299999999999343e+00,4.029199999999999818e+03,2.447408999999999942e+05
5.425860000000000000e+05,-4.659579999999999700e+01,-7.334439999999999316e+01,4.022630000000000109e+03,2.445412999999999884e+05
5.485060000000000000e+05,-7.806029999999999802e+01,1.626882999999999981e+02,4.001300000000000182e+03,2.438921000000000058e+05
5.538640000000000000e+05,3.898579999999999757e+01,-1.143139000000000038e+02,3.981599999999999909e+03,2.432910000000000000e+05
5.617430000000000000e+05,4.499470000000000169e+01,1.002308000000000021e+02,3.952389999999999873e+03,2.423968999999999942e+05
5.649160000000000000e+05,5.137559999999999860e+01,-1.252667000000000002e+02,3.940630000000000109e+03,2.420360000000000000e+05
5.659870000000000000e+05,2.346999999999999886e+01,1.209572000000000003e+02,3.936619999999999891e+03,2.419127999999999884e+05
5.715240000000000000e+05,5.311079999999999757e+01,-1.191568999999999932e+02,3.915639999999999873e+03,2.412672999999999884e+05
5.780730000000000000e+05,3.853170000000000073e+01,3.544689999999999941e+01,3.890730000000000018e+03,2.404987000000000116e+05
5.885050000000000000e+05,3.534640000000000271e+01,-1.116779999999999973e+02,3.850539999999999964e+03,2.392532999999999884e+05
5.982630000000000000e+05,9.484199999999999520e+00,-8.348860000000000525e+01,3.812349999999999909e+03,2.380638999999999942e+05
6.076490000000000000e+05,-1.697500000000000009e+00,1.012643999999999949e+02,3.775389999999999873e+03,2.369071000000000058e+05
6.094390000000000000e+05,3.536059999999999803e+01,1.387272000000000105e+02,3.768409999999999854e+03,2.366880000000000000e+05
6.215430000000000000e+05,2.487140000000000128e+01,-1.002327999999999975e+02,3.720599999999999909e+03,2.351817999999999884e+05
6.252900000000000000e+05,2.827280000000000015e+01,-1.664249999999999829e+01,3.705989999999999782e+03,2.347196000000000058e+05
6.256290000000000000e+05,-8.411699999999999733e+00,1.164581000000000017e+02,3.704659999999999854e+03,2.346773999999999942e+05
6.288590000000000000e+05,6.883969999999999345e+01,-2.992109999999999914e+01,3.691630000000000109e+03,2.342643999999999942e+05
6.335230000000000000e+05,-8.107799999999999230e+00,1.129218999999999937e+02,3.672989999999999782e+03,2.336722000000000116e+05
6.356170000000000000e+05,1.527999999999999936e+01,4.397780000000000200e+01,3.664369999999999891e+03,2.333977999999999884e+05
6.371270000000000000e+05,-4.359530000000000172e+01,1.701418999999999926e+02,3.658090000000000146e+03,2.331977999999999884e+05
6.799790000000000000e+05,5.171889999999999787e+01,1.005972000000000008e+02,3.481969999999999800e+03,2.275147999999999884e+05
6.804230000000000000e+05,-2.946829999999999927e+01,2.926920000000000144e+01,3.480010000000000218e+03,2.274507999999999884e+05
6.822780000000000000e+05,3.705330000000000013e+01,-3.311700000000000088e+00,3.472300000000000182e+03,2.271987000000000116e+05
6.852190000000000000e+05,3.797499999999999876e+00,9.721890000000000498e+01,3.459960000000000036e+03,2.267946000000000058e+05
6.883280000000000000e+05,1.979390000000000072e+01,1.855219999999999914e+01,3.446969999999999800e+03,2.263685000000000000e+05
6.917660000000000000e+05,-3.384999999999999787e+00,1.200241999999999933e+02,3.432750000000000000e+03,2.259011000000000058e+05
6.937140000000000000e+05,-7.238599999999999923e+00,1.092199999999999989e+02,3.424579999999999927e+03,2.256321000000000058e+05
7.008990000000000000e+05,6.693559999999999377e+01,-3.678560000000000230e+01,3.394739999999999782e+03,2.246468999999999942e+05
7.082120000000000000e+05,4.263110000000000355e+01,6.563999999999999835e-01,3.364900000000000091e+03,2.236573999999999942e+05
7.159050000000000000e+05,2.320609999999999928e+01,-1.049441999999999950e+02,3.334750000000000000e+03,2.226531000000000058e+05
7.187100000000000000e+05,3.775500000000000256e+01,1.499530000000000030e+01,3.323780000000000200e+03,2.222866000000000058e+05
7.211120000000000000e+05,3.628079999999999927e+01,5.904939999999999856e+01,3.314010000000000218e+03,2.219597000000000116e+05
7.246940000000000000e+05,2.595609999999999928e+01,-1.070477999999999952e+02,3.299940000000000055e+03,2.214880000000000000e+05
7.309530000000000000e+05,8.875299999999999301e+00,3.481530000000000058e+01,3.276059999999999945e+03,2.206851000000000058e+05
7.431290000000000000e+05,7.255310000000000059e+01,-3.757999999999999829e+01,3.230710000000000036e+03,2.191523999999999942e+05
7.481090000000000000e+05,-6.979810000000000514e+01,-6.445440000000000680e+01,3.212039999999999964e+03,2.185182000000000116e+05
7.483550000000000000e+05,-7.346219999999999573e+01,6.187830000000000297e+01,3.211199999999999818e+03,2.184896000000000058e+05
7.641120000000000000e+05,-4.015600000000000058e+00,1.031281000000000034e+02,3.154840000000000146e+03,2.165637999999999884e+05
7.673560000000000000e+05,-7.187640000000000384e+01,6.669999999999999929e+00,3.143500000000000000e+03,2.161742000000000116e+05
7.728570000000000000e+05,-7.136060000000000514e+01,-6.342750000000000199e+01,3.125059999999999945e+03,2.155392000000000116e+05
7.762740000000000000e+05,2.230359999999999943e+01,1.037754999999999939e+02,3.113480000000000018e+03,2.151395000000000000e+05
7.793510000000000000e+05,3.144030000000000058e+01,1.103071999999999946e+02,3.103070000000000164e+03,2.147796000000000058e+05
7.821360000000000000e+05,1.903190000000000026e+01,-7.100530000000000541e+01,3.093980000000000018e+03,2.144647999999999884e+05
7.862490000000000000e+05,2.825280000000000058e+01,-1.075943999999999932e+02,3.080650000000000091e+03,2.140022999999999884e+05
7.872790000000000000e+05,2.123359999999999914e+01,9.390300000000000580e+01,3.077340000000000146e+03,2.138872999999999884e+05
7.918710000000000000e+05,3.660529999999999973e+01,3.012059999999999960e+01,3.062940000000000055e+03,2.133862000000000116e+05
7.922210000000000000e+05,3.908059999999999690e+01,1.135669999999999931e+02,3.061849999999999909e+03,2.133482999999999884e+05
7.953230000000000000e+05,3.099030000000000129e+01,-1.153739000000000061e+02,3.051869999999999891e+03,2.130002999999999884e+05
7.961310000000000000e+05,2.227390000000000114e+01,-1.026072000000000060e+02,3.049349999999999909e+03,2.129122999999999884e+05
7.972900000000000000e+05,-2.109890000000000043e+01,5.547999999999999687e+01,3.045500000000000000e+03,2.127778999999999942e+05
8.017480000000000000e+05,-3.173299999999999788e+00,1.294556000000000040e+02,3.031820000000000164e+03,2.122995000000000000e+05
8.086920000000000000e+05,1.294359999999999999e+01,2.423440000000000083e+01,3.010889999999999873e+03,2.115653999999999942e+05
8.089070000000000000e+05,-7.215000000000000568e+01,2.326079999999999970e+01,3.010239999999999782e+03,2.115425000000000000e+05
8.137160000000000000e+05,1.792859999999999943e+01,4.326550000000000296e+01,2.995849999999999909e+03,2.110362999999999884e+05
8.140110000000000000e+05,-8.246059999999999945e+01,-1.038889000000000067e+02,2.994880000000000109e+03,2.110022000000000116e+05
8.149140000000000000e+05,-1.594940000000000069e+01,3.559309999999999974e+01,2.992360000000000127e+03,2.109133999999999942e+05
8.162130000000000000e+05,2.323750000000000071e+01,5.726420000000000243e+01,2.988900000000000091e+03,2.107913999999999942e+05
8.192650000000000000e+05,5.687749999999999773e+01,1.175046999999999997e+02,2.980019999999999982e+03,2.104780000000000000e+05
8.203490000000000000e+05,5.734640000000000271e+01,-1.240927999999999969e+02,2.977139999999999873e+03,2.103762999999999884e+05
8.205710000000000000e+05,6.517719999999999914e+01,1.460116999999999905e+02,2.976510000000000218e+03,2.103540000000000000e+05
8.259800000000000000e+05,-9.077500000000000568e+00,3.402250000000000085e+01,2.960630000000000109e+03,2.097922000000000116e+05
8.287880000000000000e+05,6.343139999999999645e+01,-1.303243999999999971e+02,2.953420000000000073e+03,2.095365000000000000e+05
8.293040000000000000e+05,-8.906399999999999650e+00,1.254933000000000050e+02,2.951920000000000073e+03,2.094832999999999884e+05
8.303850000000000000e+05,6.260439999999999827e+01,1.409411000000000058e+02,2.948639999999999873e+03,2.093668999999999942e+05
8.312830000000000000e+05,6.987499999999999822e+00,1.252707999999999942e+02,2.946190000000000055e+03,2.092798999999999942e+05
8.392150000000000000e+05,-5.444969999999999999e+01,-3.652360000000000184e+01,2.925460000000000036e+03,2.085422999999999884e+05
8.402130000000000000e+05,7.309080000000000155e+01,-2.861830000000000140e+01,2.922730000000000018e+03,2.084450000000000000e+05
8.402820000000000000e+05,1.659779999999999944e+01,1.208988999999999976e+02,2.922570000000000164e+03,2.084392999999999884e+05
8.407300000000000000e+05,4.217920000000000158e+01,2.358530000000000015e+01,2.921369999999999891e+03,2.083965000000000000e+05
8.491960000000000000e+05,7.860000000000000320e-02,9.998390000000000555e+01,2.899829999999999927e+03,2.076267999999999884e+05
8.493680000000000000e+05,-7.254919999999999902e+01,6.542000000000000037e-01,2.899309999999999945e+03,2.076082000000000116e+05
8.561380000000000000e+05,2.328859999999999886e+01,5.533900000000000041e+00,2.882210000000000036e+03,2.069951000000000058e+05
8.578200000000000000e+05,4.246970000000000312e+01,1.356439999999999912e+01,2.878170000000000073e+03,2.068498999999999942e+05
8.581880000000000000e+05,6.316060000000000230e+01,-4.478670000000000329e+01,2.877230000000000018e+03,2.068162000000000116e+05
8.581920000000000000e+05,-2.043420000000000059e+01,-4.179639999999999844e+01,2.877210000000000036e+03,2.068153999999999942e+05
8.583640000000000000e+05,-4.199580000000000268e+01,1.736628000000000043e+02,2.876730000000000018e+03,2.067982000000000116e+05
8.586180000000000000e+05,-1.402219999999999978e+01,4.896690000000000254e+01,2.876050000000000182e+03,2.067737000000000116e+05
8.690460000000000000e+05,5.475529999999999831e+01,-1.639707999999999970e+02,2.850860000000000127e+03,2.058662000000000116e+05
8.802740000000000000e+05,1.898079999999999856e+01,1.031517000000000053e+02,2.824949999999999818e+03,2.049286000000000058e+05
8.819300000000000000e+05,3.663300000000000001e+00,-6.540829999999999700e+01,2.821400000000000091e+03,2.047997999999999884e+05
8.913600000000000000e+05,4.846560000000000201e+01,1.074128000000000043e+02,2.800789999999999964e+03,2.040503999999999942e+05
8.947110000000000000e+05,5.462250000000000227e+01,1.104572000000000003e+02,2.793969999999999800e+03,2.038017999999999884e+05
8.949490000000000000e+05,-2.242810000000000059e+01,-4.484279999999999688e+01,2.793440000000000055e+03,2.037825000000000000e+05
8.976390000000000000e+05,-6.462420000000000186e+01,-6.343829999999999814e+01,2.787409999999999854e+03,2.035623999999999942e+05
9.006460000000000000e+05,1.494999999999999929e+01,-2.434250000000000114e+01,2.781539999999999964e+03,2.033480000000000000e+05
9.100240000000000000e+05,1.756220000000000070e+01,3.800560000000000116e+01,2.762019999999999982e+03,2.026332000000000116e+05
9.158680000000000000e+05,-5.310360000000000014e+01,7.351749999999999829e+01,2.750400000000000091e+03,2.022065000000000000e+05
9.161270000000000000e+05,1.054279999999999973e+01,-6.678249999999999886e+01,2.749860000000000127e+03,2.021866000000000058e+05
9.222090000000000000e+05,4.199329999999999785e+01,1.280777999999999963e+02,2.737780000000000200e+03,2.017421000000000058e+05
9.246390000000000000e+05,-8.504640000000000555e+01,-9.096389999999999532e+01,2.733420000000000073e+03,2.015813999999999942e+05
9.312430000000000000e+05,6.920250000000000057e+01,-1.438010999999999910e+02,2.720800000000000182e+03,2.011155000000000000e+05
9.346710000000000000e+05,-5.905000000000000249e+00,1.549952999999999861e+02,2.713900000000000091e+03,2.008602999999999884e+05
9.448280000000000000e+05,5.443900000000000183e+00,-6.102279999999999660e+01,2.695539999999999964e+03,2.001797000000000116e+05
9.462500000000000000e+05,-3.300300000000000011e+00,1.262197000000000031e+02,2.692670000000000073e+03,2.000731000000000058e+05
9.531460000000000000e+05,1.016970000000000063e+01,7.706140000000000612e+01,2.680170000000000073e+03,1.996082000000000116e+05
9.652460000000000000e+05,2.077939999999999898e+01,4.079800000000000182e+01,2.659239999999999782e+03,1.988272999999999884e+05
9.714890000000000000e+05,-2.219470000000000098e+01,4.688530000000000086e+01,2.648579999999999927e+03,1.984282999999999884e+05
9.731310000000000000e+05,-7.090799999999999770e+00,3.762080000000000268e+01,2.645699999999999818e+03,1.983203999999999942e+05
9.767310000000000000e+05,-1.934939999999999927e+01,4.724329999999999785e+01,2.639329999999999927e+03,1.980815000000000000e+05
9.807960000000000000e+05,-8.054940000000000566e+01,-9.666530000000000200e+01,2.632610000000000127e+03,1.978292000000000116e+05
9.832110000000000000e+05,2.850939999999999941e+01,3.395559999999999690e+01,2.628349999999999909e+03,1.976691000000000058e+05
9.865130000000000000e+05,-5.466310000000000002e+01,-6.959250000000000114e+01,2.623489999999999782e+03,1.974862999999999884e+05
9.878770000000000000e+05,1.880969999999999942e+01,9.703749999999999432e+01,2.621079999999999927e+03,1.973955000000000000e+05
9.894860000000000000e+05,-1.246279999999999966e+01,1.517360000000000042e+01,2.618280000000000200e+03,1.972901000000000058e+05
9.985880000000000000e+05,4.916389999999999816e+01,2.013390000000000057e+01,2.603929999999999836e+03,1.967487000000000116e+05
1.005165000000000000e+06,1.506920000000000037e+01,1.079753000000000043e+02,2.593800000000000182e+03,1.963656000000000058e+05
1.009980000000000000e+06,4.317390000000000327e+01,-4.857199999999999740e+00,2.586760000000000218e+03,1.960988999999999942e+05
1.011650000000000000e+06,8.191500000000000625e+01,-7.500969999999999516e+01,2.584030000000000200e+03,1.959953999999999942e+05
1.012873000000000000e+06,-1.830059999999999931e+01,3.284190000000000254e+01,2.581989999999999782e+03,1.959180000000000000e+05
1.023283000000000000e+06,2.788169999999999860e+01,1.086813999999999965e+02,2.566559999999999945e+03,1.953317999999999884e+05
1.024987000000000000e+06,-2.114969999999999928e+01,1.457750000000000057e+01,2.564320000000000164e+03,1.952465000000000000e+05
1.044076000000000000e+06,4.024830000000000041e+01,-5.299699999999999633e+00,2.536889999999999873e+03,1.941993999999999942e+05
1.053902000000000000e+06,7.000799999999999912e+00,8.077360000000000184e+01,2.523119999999999891e+03,1.936717000000000116e+05
1.083871000000000000e+06,-8.194169999999999732e+01,-8.980419999999999447e+01,2.483519999999999982e+03,1.921457999999999884e+05
1.085117000000000000e+06,-7.503899999999999793e+00,2.998669999999999902e+01,2.481969999999999800e+03,1.920858999999999942e+05
1.088747000000000000e+06,-2.264969999999999928e+01,1.718309999999999960e+01,2.477840000000000146e+03,1.919260000000000000e+05
1.091801000000000000e+06,6.741280000000000427e+01,-1.549650000000000034e+02,2.473849999999999909e+03,1.917713999999999942e+05
1.102256000000000000e+06,7.646939999999999316e+01,-2.564329999999999998e+01,2.460849999999999909e+03,1.912668999999999942e+05
1.103599000000000000e+06,6.163609999999999900e+01,8.312799999999999301e+00,2.459010000000000218e+03,1.911952999999999884e+05
1.109097000000000000e+06,3.522639999999999816e+01,2.477080000000000126e+01,2.452650000000000091e+03,1.909478999999999942e+05
1.109594000000000000e+06,-3.175860000000000127e+01,2.453969999999999985e+01,2.452000000000000000e+03,1.909226000000000058e+05
1.114605000000000000e+06,1.073639999999999972e+01,4.724419999999999931e+01,2.445489999999999782e+03,1.906690000000000000e+05
1.128591000000000000e+06,6.188859999999999673e+01,1.711699999999999875e+02,2.429289999999999964e+03,1.900363999999999942e+05
1.173740000000000000e+06,2.397670000000000101e+01,3.928249999999999886e+01,2.378659999999999854e+03,1.880457000000000116e+05
1.180705000000000000e+06,6.758220000000000027e+01,1.281439000000000021e+02,2.370860000000000127e+03,1.877371000000000058e+05
1.180784000000000000e+06,5.589750000000000085e+01,1.304539000000000044e+02,2.370769999999999982e+03,1.877335000000000000e+05
1.194388000000000000e+06,5.360750000000000171e+01,1.345764000000000067e+02,2.356519999999999982e+03,1.871685000000000000e+05
1.194452000000000000e+06,-1.175890000000000057e+01,4.336690000000000111e+01,2.356420000000000073e+03,1.871645000000000000e+05
1.198963000000000000e+06,-5.050799999999999734e+00,1.513310999999999922e+02,2.351539999999999964e+03,1.869706000000000058e+05
1.202245000000000000e+06,-2.335140000000000171e+01,1.621529999999999916e+01,2.348050000000000182e+03,1.868317999999999884e+05
1.204829000000000000e+06,4.097610000000000241e+01,1.106188999999999965e+02,2.345630000000000109e+03,1.867355000000000000e+05
1.215229000000000000e+06,3.846889999999999787e+01,-2.839920000000000044e+01,2.334840000000000146e+03,1.863055000000000000e+05
1.222106000000000000e+06,-7.415189999999999770e+01,-6.647329999999999472e+01,2.328219999999999800e+03,1.860412000000000116e+05
1.222283000000000000e+06,-2.520939999999999870e+01,3.014969999999999928e+01,2.328019999999999982e+03,1.860332000000000116e+05
1.223854000000000000e+06,-9.703599999999999781e+00,1.600621999999999900e+02,2.326269999999999982e+03,1.859632999999999884e+05
1.227393000000000000e+06,3.531830000000000069e+01,6.636899999999999800e+00,2.322599999999999909e+03,1.858165000000000000e+05
1.236952000000000000e+06,-3.339809999999999945e+01,2.136809999999999832e+01,2.313190000000000055e+03,1.854397000000000116e+05
1.239225000000000000e+06,-6.596999999999999531e-01,1.126885999999999939e+02,2.310880000000000109e+03,1.853471000000000058e+05
1.250831000000000000e+06,7.140109999999999957e+01,-5.183579999999999899e+01,2.299599999999999909e+03,1.848942000000000116e+05
1.251239000000000000e+06,3.644780000000000086e+01,4.228100000000000414e+00,2.299219999999999800e+03,1.848788999999999942e+05
1.263168000000000000e+06,4.366360000000000241e+01,1.428541999999999916e+02,2.287949999999999818e+03,1.844252999999999884e+05
1.291046000000000000e+06,7.108190000000000452e+01,-8.176700000000000301e+00,2.262190000000000055e+03,1.833841000000000058e+05
1.309832000000000000e+06,1.819700000000000095e+00,1.152724999999999937e+02,2.245610000000000127e+03,1.827108999999999942e+05
1.319799000000000000e+06,3.291170000000000329e+01,-4.675000000000000266e-01,2.236389999999999873e+03,1.823353999999999942e+05
1.330951000000000000e+06,-3.645609999999999928e+01,1.482635999999999967e+02,2.226460000000000036e+03,1.819301000000000058e+05
1.341990000000000000e+06,6.677060000000000173e+01,-6.515829999999999700e+01,2.216909999999999854e+03,1.815395000000000000e+05
1.352579000000000000e+06,-7.019440000000000168e+01,6.479999999999999716e+01,2.208159999999999854e+03,1.811808999999999942e+05
1.366849000000000000e+06,-2.717999999999999972e+01,1.872860000000000014e+01,2.196239999999999782e+03,1.806912000000000116e+05
1.383742000000000000e+06,4.632799999999999585e+00,1.022343999999999937e+02,2.182170000000000073e+03,1.801115000000000000e+05
1.386934000000000000e+06,6.421750000000000114e+01,1.335594000000000108e+02,2.179409999999999854e+03,1.799976000000000058e+05
1.392463000000000000e+06,6.603940000000000055e+01,-5.225439999999999685e+01,2.175010000000000218e+03,1.798157999999999884e+05
1.396908000000000000e+06,-6.737309999999999377e+01,1.647555999999999869e+02,2.171670000000000073e+03,1.796777000000000116e+05
1.415690000000000000e+06,2.786029999999999873e+01,1.177832999999999970e+02,2.156670000000000073e+03,1.790561000000000058e+05
1.430876000000000000e+06,1.467309999999999981e+01,4.878079999999999927e+01,2.144980000000000018e+03,1.785701000000000058e+05
1.433872000000000000e+06,-1.961530000000000129e+01,1.762030000000000030e+01,2.142590000000000146e+03,1.784706000000000058e+05
1.454545000000000000e+06,-8.485529999999999973e+01,-6.503329999999999700e+01,2.126920000000000073e+03,1.778167999999999884e+05
1.461946000000000000e+06,2.586670000000000158e+01,1.104128000000000043e+02,2.121630000000000109e+03,1.775955000000000000e+05
1.467094000000000000e+06,1.617139999999999844e+01,9.903669999999999618e+01,2.117599999999999909e+03,1.774267999999999884e+05
1.468653000000000000e+06,2.631330000000000169e+01,1.140400000000000063e+02,2.116409999999999854e+03,1.773768999999999942e+05
1.481456000000000000e+06,1.132639999999999958e+01,4.974860000000000326e+01,2.107059999999999945e+03,1.769847000000000116e+05
1.502944000000000000e+06,6.401390000000000668e+01,-1.667830000000000013e+01,2.091510000000000218e+03,1.763303999999999942e+05
1.507809000000000000e+06,6.790080000000000382e+01,1.851719999999999899e+01,2.088269999999999982e+03,1.761937000000000116e+05
1.513607000000000000e+06,-2.447060000000000102e+01,2.758920000000000172e+01,2.084119999999999891e+03,1.760186000000000058e+05
1.518880000000000000e+06,5.312639999999999674e+01,-1.686953000000000031e+02,2.080469999999999800e+03,1.758643999999999942e+05
1.536863000000000000e+06,-1.719969999999999999e+01,1.302079999999999949e+01,2.068130000000000109e+03,1.753421000000000058e+05
1.550066000000000000e+06,-2.527060000000000173e+01,1.575469999999999970e+01,2.059210000000000036e+03,1.749635000000000000e+05
1.562761000000000000e+06,4.261560000000000059e+01,1.177957999999999998e+02,2.050750000000000000e+03,1.746037000000000116e+05
1.562848000000000000e+06,1.346669999999999945e+01,9.880500000000000682e+01,2.050690000000000055e+03,1.746012000000000116e+05
1.578510000000000000e+06,-3.711169999999999902e+01,-1.228889999999999993e+01,2.040089999999999918e+03,1.741492999999999884e+05
1.579275000000000000e+06,-6.670029999999999859e+01,5.484000000000000341e+01,2.039640000000000100e+03,1.741301000000000058e+05
1.582898000000000000e+06,3.576489999999999725e+01,-8.226510000000000389e+01,2.037279999999999973e+03,1.740293999999999942e+05
1.584755000000000000e+06,-8.338190000000000168e+01,-5.138329999999999842e+01,2.035980000000000018e+03,1.739737999999999884e+05
1.592968000000000000e+06,-1.329669999999999952e+01,-4.190749999999999886e+01,2.030420000000000073e+03,1.737361000000000058e+05
1.626643000000000000e+06,1.530860000000000021e+01,2.654970000000000141e+01,2.008579999999999927e+03,1.727992000000000116e+05
1.637970000000000000e+06,4.711639999999999873e+01,1.365682999999999936e+02,2.001660000000000082e+03,1.725012999999999884e+05
1.638436000000000000e+06,1.783920000000000172e+01,8.720599999999999241e+00,2.001369999999999891e+03,1.724887999999999884e+05
1.678626000000000000e+06,2.691999999999999948e-01,6.541699999999999626e+00,1.976359999999999900e+03,1.714076000000000058e+05
1.686694000000000000e+06,-2.461530000000000129e+01,4.670420000000000016e+01,1.971200000000000045e+03,1.711837000000000116e+05
1.719366000000000000e+06,3.385439999999999827e+01,1.340946999999999889e+02,1.951599999999999909e+03,1.703306000000000058e+05
1.728715000000000000e+06,8.331829999999999359e+01,-3.320000000000000284e+01,1.945819999999999936e+03,1.700781000000000058e+05
1.740400000000000000e+06,7.323000000000000398e+01,-7.862330000000000041e+01,1.938940000000000055e+03,1.697772000000000116e+05
1.752740000000000000e+06,9.227499999999999147e+00,-1.111500000000000021e+01,1.931589999999999918e+03,1.694551000000000058e+05
1.760888000000000000e+06,3.033609999999999829e+01,1.305041999999999973e+02,1.926950000000000045e+03,1.692513999999999942e+05
1.764672000000000000e+06,3.336169999999999902e+01,1.265357999999999947e+02,1.924519999999999982e+03,1.691447000000000116e+05
1.778895000000000000e+06,4.427049999999999841e+01,-7.130339999999999634e+01,1.916579999999999927e+03,1.687953999999999942e+05
1.792807000000000000e+06,-8.861100000000000421e+00,2.706530000000000058e+01,1.908480000000000018e+03,1.684382999999999884e+05
1.817685000000000000e+06,-8.065779999999999461e+01,-2.466669999999999874e+01,1.894420000000000073e+03,1.678167999999999884e+05
1.823223000000000000e+06,2.191580000000000084e+01,2.499970000000000070e+01,1.891490000000000009e+03,1.676868999999999942e+05
1.824094000000000000e+06,-1.334389999999999965e+01,2.961029999999999873e+01,1.891000000000000000e+03,1.676652000000000116e+05
1.826941000000000000e+06,6.503499999999999659e+01,6.011390000000000100e+01,1.889279999999999973e+03,1.675888999999999942e+05
1.844397000000000000e+06,-1.536309999999999931e+01,1.667545000000000073e+02,1.879710000000000036e+03,1.671638999999999942e+05
1.846184000000000000e+06,6.781690000000000396e+01,1.782939000000000078e+02,1.878680000000000064e+03,1.671181000000000058e+05
1.870185000000000000e+06,-2.710599999999999898e+00,1.156257999999999981e+02,1.865099999999999909e+03,1.665130000000000000e+05
1.874151000000000000e+06,-1.361860000000000070e+01,-1.724868999999999915e+02,1.862819999999999936e+03,1.664112000000000116e+05
1.882877000000000000e+06,7.079940000000000566e+01,-7.165080000000000382e+01,1.858079999999999927e+03,1.661993999999999942e+05
1.889191000000000000e+06,-2.788579999999999970e+01,2.356309999999999860e+01,1.854779999999999973e+03,1.660517000000000116e+05
1.890974000000000000e+06,4.369500000000000028e+01,1.341993999999999971e+02,1.853720000000000027e+03,1.660042999999999884e+05
1.892408000000000000e+06,-2.524109999999999943e+01,-4.882970000000000255e+01,1.852880000000000109e+03,1.659666000000000058e+05
1.895512000000000000e+06,3.275889999999999702e+01,-1.694279999999999831e+01,1.851150000000000091e+03,1.658891000000000058e+05
1.899409000000000000e+06,1.716250000000000142e+01,5.485419999999999874e+01,1.848960000000000036e+03,1.657910000000000000e+05
1.922556000000000000e+06,-1.760970000000000013e+01,-1.494952999999999861e+02,1.836480000000000018e+03,1.652305000000000000e+05
1.948913000000000000e+06,-2.790970000000000084e+01,-4.932189999999999941e+01,1.822589999999999918e+03,1.646045000000000000e+05
1.959614000000000000e+06,1.889939999999999998e+01,1.097044000000000068e+02,1.817119999999999891e+03,1.643572999999999884e+05
1.969206000000000000e+06,6.602469999999999573e+01,1.632383000000000095e+02,1.812029999999999973e+03,1.641268999999999942e+05
1.976805000000000000e+06,1.203279999999999994e+01,1.041710999999999956e+02,1.808190000000000055e+03,1.639528999999999942e+05
1.997942000000000000e+06,5.188309999999999889e+01,-1.781442000000000121e+02,1.797200000000000045e+03,1.634538999999999942e+05
2.012934000000000000e+06,-9.244199999999999307e+00,2.781830000000000069e+01,1.789599999999999909e+03,1.631080000000000000e+05
2.019038000000000000e+06,6.364500000000000313e+01,-5.039889999999999759e+01,1.786539999999999964e+03,1.629685000000000000e+05
2.022806000000000000e+06,8.494199999999999307e+00,9.972939999999999827e+01,1.784740000000000009e+03,1.628862999999999884e+05
2.033293000000000000e+06,6.753889999999999816e+01,1.681382999999999868e+02,1.779589999999999918e+03,1.626512000000000116e+05
2.037866000000000000e+06,4.547249999999999659e+01,1.145892000000000053e+02,1.777230000000000018e+03,1.625432999999999884e+05
2.060018000000000000e+06,9.934200000000000585e+00,9.034399999999999764e+00,1.766460000000000036e+03,1.620500000000000000e+05
2.082964000000000000e+06,7.621900000000000119e+00,-8.408300000000000551e+00,1.755339999999999918e+03,1.615392000000000116e+05
2.098614000000000000e+06,-1.719500000000000028e+01,3.068830000000000169e+01,1.747779999999999973e+03,1.611908999999999942e+05
2.099303000000000000e+06,4.705780000000000030e+01,1.205219000000000023e+02,1.747470000000000027e+03,1.611766000000000058e+05
2.118911000000000000e+06,-1.111330000000000062e+01,2.639140000000000086e+01,1.738130000000000109e+03,1.607452999999999884e+05
2.148733000000000000e+06,8.043280000000000030e+01,-1.969030000000000058e+01,1.724390000000000100e+03,1.601087000000000116e+05
2.167673000000000000e+06,5.932419999999999760e+01,1.144232999999999976e+02,1.715849999999999909e+03,1.597117000000000116e+05
2.169480000000000000e+06,2.464999999999999858e+01,7.277689999999999770e+01,1.715019999999999982e+03,1.596731000000000058e+05
2.192409000000000000e+06,7.901059999999999661e+01,1.749170000000000158e+01,1.704819999999999936e+03,1.591976000000000058e+05
2.192914000000000000e+06,4.250000000000000305e-02,-9.133499999999999375e+01,1.704569999999999936e+03,1.591858999999999942e+05
2.245629000000000000e+06,-7.365250000000000341e+01,-9.409499999999999886e+01,1.681609999999999900e+03,1.581102000000000116e+05
2.251421000000000000e+06,6.912640000000000384e+01,9.531170000000000186e+01,1.679079999999999927e+03,1.579912000000000116e+05
2.251448000000000000e+06,1.822810000000000130e+01,8.272280000000000655e+01,1.679059999999999945e+03,1.579902000000000116e+05
2.268208000000000000e+06,-1.395219999999999949e+01,-4.752080000000000126e+01,1.672150000000000091e+03,1.576647999999999884e+05
2.286029000000000000e+06,-4.959420000000000073e+01,6.949389999999999645e+01,1.664529999999999973e+03,1.573052000000000116e+05
2.347569000000000000e+06,-6.882750000000000057e+01,-9.063169999999999504e+01,1.639079999999999927e+03,1.560980000000000000e+05
2.350249000000000000e+06,5.425500000000000256e+01,5.810419999999999874e+01,1.638009999999999991e+03,1.560470000000000000e+05
2.375461000000000000e+06,-2.058859999999999957e+01,1.647708000000000084e+02,1.627660000000000082e+03,1.555532000000000116e+05
2.376929000000000000e+06,-2.062170000000000059e+01,2.990330000000000155e+01,1.627059999999999945e+03,1.555246000000000058e+05
2.410283000000000000e+06,-1.739939999999999998e+01,1.458180999999999869e+02,1.613849999999999909e+03,1.548918999999999942e+05
2.420816000000000000e+06,-4.187109999999999843e+01,1.460332999999999970e+02,1.609809999999999945e+03,1.546978999999999942e+05
2.430965000000000000e+06,4.590440000000000254e+01,-6.892140000000000555e+01,1.605690000000000055e+03,1.544997999999999884e+05
2.436099000000000000e+06,1.190329999999999977e+01,1.819079999999999941e+01,1.603619999999999891e+03,1.544002000000000116e+05
2.436786000000000000e+06,5.073610000000000042e+01,1.573969999999999914e+01,1.603349999999999909e+03,1.543872000000000116e+05
2.447653000000000000e+06,-3.200310000000000343e+01,1.514468999999999994e+02,1.599250000000000000e+03,1.541897000000000116e+05
2.447880000000000000e+06,1.960140000000000171e+01,7.370889999999999986e+01,1.599150000000000091e+03,1.541848999999999942e+05
2.449085000000000000e+06,2.205859999999999843e+01,-1.594975000000000023e+02,1.598680000000000064e+03,1.541622000000000116e+05
2.462155000000000000e+06,5.894440000000000168e+01,-6.378999999999999915e+01,1.593359999999999900e+03,1.539055000000000000e+05
2.487339000000000000e+06,-3.043779999999999930e+01,1.522402999999999906e+02,1.583650000000000091e+03,1.534357999999999884e+05
2.520061000000000000e+06,-4.153309999999999746e+01,1.476588999999999885e+02,1.571119999999999891e+03,1.528276000000000058e+05
2.539547000000000000e+06,5.963190000000000168e+01,5.913470000000000226e+01,1.563809999999999945e+03,1.524717000000000116e+05
2.545261000000000000e+06,4.842360000000000042e+01,7.547140000000000271e+01,1.561640000000000100e+03,1.523657999999999884e+05
2.574350000000000000e+06,-1.628280000000000172e+01,2.812359999999999971e+01,1.550730000000000018e+03,1.518327000000000116e+05
2.580578000000000000e+06,-1.473390000000000022e+01,2.684309999999999974e+01,1.548329999999999927e+03,1.517151000000000058e+05
2.604846000000000000e+06,2.750969999999999871e+01,4.154860000000000042e+01,1.539359999999999900e+03,1.512750000000000000e+05
2.605677000000000000e+06,7.517579999999999529e+01,5.782500000000000284e+01,1.539079999999999927e+03,1.512612999999999884e+05
2.618550000000000000e+06,1.211190000000000033e+01,-1.226360000000000028e+01,1.534250000000000000e+03,1.510237000000000116e+05
2.642899000000000000e+06,5.129719999999999658e+01,1.231282999999999959e+02,1.525420000000000073e+03,1.505885000000000000e+05
2.662385000000000000e+06,-2.340109999999999957e+01,1.323956000000000017e+02,1.518299999999999955e+03,1.502367000000000116e+05
2.663744000000000000e+06,4.681439999999999912e+01,1.517874999999999943e+02,1.517789999999999964e+03,1.502113999999999942e+05
2.675319000000000000e+06,1.257499999999999929e+01,5.402219999999999800e+01,1.513740000000000009e+03,1.500108999999999942e+05
2.687769000000000000e+06,2.327890000000000015e+01,4.459300000000000352e+01,1.509160000000000082e+03,1.497837999999999884e+05
2.691559000000000000e+06,-2.026670000000000016e+01,-4.643439999999999657e+01,1.507809999999999945e+03,1.497167999999999884e+05
2.764346000000000000e+06,3.870040000000000191e+01,-7.953249999999999886e+01,1.482549999999999955e+03,1.484573999999999942e+05
2.779086000000000000e+06,7.643859999999999388e+01,-6.225919999999999987e+01,1.477619999999999891e+03,1.482103999999999942e+05
2.779538000000000000e+06,5.088439999999999941e+01,1.181774999999999949e+02,1.477460000000000036e+03,1.482022999999999884e+05
2.795263000000000000e+06,1.088809999999999967e+01,1.378059999999999974e+01,1.472059999999999945e+03,1.479312999999999884e+05
2.822425000000000000e+06,6.291440000000000055e+01,1.765149999999999864e+02,1.462950000000000045e+03,1.474727999999999884e+05
2.829890000000000000e+06,1.604469999999999885e+01,-6.166389999999999816e+01,1.460400000000000091e+03,1.473442000000000116e+05
2.836375000000000000e+06,1.198279999999999923e+01,3.107029999999999959e+01,1.458220000000000027e+03,1.472342000000000116e+05
2.905469000000000000e+06,-2.631830000000000069e+01,1.317442000000000064e+02,1.435789999999999964e+03,1.460973999999999942e+05
2.955262000000000000e+06,1.670499999999999829e+01,5.253000000000000114e+01,1.420130000000000109e+03,1.452985000000000000e+05
2.999363000000000000e+06,6.499219999999999686e+01,-1.653293999999999926e+02,1.406440000000000055e+03,1.445965000000000000e+05
3.012544000000000000e+06,2.472719999999999985e+01,4.267390000000000327e+01,1.402470000000000027e+03,1.443922999999999884e+05
3.039035000000000000e+06,-3.334420000000000073e+01,1.489822000000000060e+02,1.394289999999999964e+03,1.439706000000000058e+05
3.055672000000000000e+06,-6.672889999999999588e+01,1.128332999999999942e+02,1.389259999999999991e+03,1.437106000000000058e+05
3.061983000000000000e+06,-1.877220000000000155e+01,2.175329999999999941e+01,1.387299999999999955e+03,1.436092000000000116e+05
3.084303000000000000e+06,2.936670000000000158e+01,3.723969999999999914e+01,1.380660000000000082e+03,1.432651000000000058e+05
3.099097000000000000e+06,7.692000000000000171e+01,1.614000000000000057e+01,1.376220000000000027e+03,1.430346000000000058e+05
3.118340000000000000e+06,9.136900000000000688e+00,2.314610000000000056e+01,1.370460000000000036e+03,1.427350000000000000e+05
3.122460000000000000e+06,-3.376250000000000284e+01,-8.081279999999999575e+01,1.369299999999999955e+03,1.426745000000000000e+05
3.154108000000000000e+06,1.714580000000000126e+01,2.249670000000000059e+01,1.359900000000000091e+03,1.421840000000000000e+05
3.214192000000000000e+06,5.679670000000000130e+01,-5.003599999999999604e+00,1.342640000000000100e+03,1.412787999999999884e+05
3.262597000000000000e+06,1.817220000000000013e+01,-6.659189999999999543e+01,1.328759999999999991e+03,1.405466000000000058e+05
3.273532000000000000e+06,2.241529999999999845e+01,7.840919999999999845e+01,1.325630000000000109e+03,1.403810000000000000e+05
3.273952000000000000e+06,1.434329999999999927e+01,2.165810000000000102e+01,1.325519999999999982e+03,1.403752000000000116e+05
3.281996000000000000e+06,-1.761469999999999914e+01,1.780183000000000106e+02,1.323269999999999982e+03,1.402560000000000000e+05
3.346593000000000000e+06,-1.812059999999999960e+01,-6.001670000000000016e+01,1.305289999999999964e+03,1.392998999999999942e+05
3.401872000000000000e+06,2.909560000000000102e+01,-1.183110999999999962e+02,1.289960000000000036e+03,1.384793999999999942e+05
3.435848000000000000e+06,-6.058109999999999928e+01,-4.547829999999999728e+01,1.280970000000000027e+03,1.379960000000000000e+05
3.458295000000000000e+06,4.898749999999999716e+01,-6.594859999999999900e+01,1.274930000000000064e+03,1.376702999999999884e+05
3.461581000000000000e+06,4.199909999999999854e+01,-7.438599999999999568e+01,1.274059999999999945e+03,1.376232999999999884e+05
3.488816000000000000e+06,-2.101529999999999987e+01,1.486014000000000124e+02,1.266759999999999991e+03,1.372285000000000000e+05
3.491422000000000000e+06,8.149360000000000070e+01,-5.262919999999999732e+01,1.266039999999999964e+03,1.371895000000000000e+05
3.517602000000000000e+06,-2.495279999999999987e+01,1.481250000000000000e+02,1.259170000000000073e+03,1.368167999999999884e+05
3.535874000000000000e+06,3.682500000000000107e+00,-5.653560000000000230e+01,1.254339999999999918e+03,1.365541000000000058e+05
3.537428000000000000e+06,-9.808600000000000207e+00,-1.390718999999999994e+02,1.253910000000000082e+03,1.365307000000000116e+05
3.563410000000000000e+06,-2.298059999999999903e+01,1.185878000000000014e+02,1.247150000000000091e+03,1.361622000000000116e+05
3.589713000000000000e+06,-4.690390000000000015e+01,3.770969999999999800e+01,1.240210000000000036e+03,1.357827999999999884e+05
3.598765000000000000e+06,-3.815829999999999700e+01,-6.195170000000000243e+01,1.237859999999999900e+03,1.356541000000000058e+05
3.615102000000000000e+06,2.348890000000000100e+01,8.361169999999999902e+01,1.233779999999999973e+03,1.354303999999999942e+05
3.679131000000000000e+06,2.052609999999999957e+01,3.152830000000000155e+01,1.217319999999999936e+03,1.345238999999999942e+05
3.726673000000000000e+06,-2.310140000000000171e+01,1.349036000000000115e+02,1.205359999999999900e+03,1.338615000000000000e+05
3.746632000000000000e+06,-8.160000000000000142e+00,-3.639220000000000255e+01,1.200390000000000100e+03,1.335852000000000116e+05
3.746772000000000000e+06,6.772499999999999432e+01,3.347500000000000142e+01,1.200359999999999900e+03,1.335835000000000000e+05
3.771881000000000000e+06,5.364609999999999701e+01,-5.855420000000000158e+01,1.194119999999999891e+03,1.332358999999999942e+05
3.795602000000000000e+06,6.485580000000000211e+01,-1.734338999999999942e+02,1.188160000000000082e+03,1.329030000000000000e+05
3.803219000000000000e+06,2.164829999999999899e+01,8.635890000000000555e+01,1.186319999999999936e+03,1.328000000000000000e+05
3.817254000000000000e+06,2.299360000000000070e+01,8.165439999999999543e+01,1.182890000000000100e+03,1.326078999999999942e+05
3.894716000000000000e+06,-3.729310000000000258e+01,1.426014000000000124e+02,1.163920000000000073e+03,1.315402999999999884e+05
3.909847000000000000e+06,1.528299999999999992e+00,-5.923940000000000339e+01,1.160329999999999927e+03,1.313372999999999884e+05
3.916839000000000000e+06,-3.150390000000000157e+01,1.385518999999999892e+02,1.158640000000000100e+03,1.312416000000000058e+05
3.940300000000000000e+06,-5.904030000000000200e+01,-2.653249999999999886e+01,1.153009999999999991e+03,1.309223000000000029e+05
3.948317000000000000e+06,7.589749999999999375e+01,1.077074999999999960e+02,1.151130000000000109e+03,1.308155000000000000e+05
3.954389000000000000e+06,1.526060000000000016e+01,-1.664400000000000102e+00,1.149700000000000045e+03,1.307343000000000029e+05
3.963369000000000000e+06,5.232189999999999941e+01,-7.044580000000000553e+01,1.147609999999999900e+03,1.306153999999999942e+05
3.972146000000000000e+06,-7.762439999999999429e+01,-1.536858000000000004e+02,1.145569999999999936e+03,1.304991999999999971e+05
3.989331000000000000e+06,-4.766399999999999970e+00,-4.013139999999999930e+01,1.141480000000000018e+03,1.302661000000000058e+05
4.037236000000000000e+06,1.506000000000000050e+01,3.041529999999999845e+01,1.130279999999999973e+03,1.296253999999999942e+05
4.037279000000000000e+06,2.198969999999999914e+01,-8.014749999999999375e+01,1.130269999999999982e+03,1.296248999999999942e+05
4.045126000000000000e+06,2.820029999999999859e+01,1.397029999999999994e+01,1.128450000000000045e+03,1.295203999999999942e+05
4.053766000000000000e+06,5.982469999999999999e+01,9.285389999999999588e+01,1.126500000000000000e+03,1.294085000000000000e+05
4.063964000000000000e+06,4.864439999999999742e+01,6.694530000000000314e+01,1.124180000000000064e+03,1.292751999999999971e+05
4.091276000000000000e+06,3.122500000000000142e+01,3.853220000000000312e+01,1.117940000000000055e+03,1.289158999999999942e+05
4.103190000000000000e+06,-1.083189999999999920e+01,-6.357750000000000057e+01,1.115240000000000009e+03,1.287601000000000058e+05
4.112139000000000000e+06,-1.963999999999999913e-01,1.045502999999999929e+02,1.113240000000000009e+03,1.286446000000000058e+05
4.120503000000000000e+06,-4.208300000000000374e+00,-3.897469999999999857e+01,1.111400000000000091e+03,1.285381999999999971e+05
4.127836000000000000e+06,3.617530000000000001e+01,1.206260999999999939e+02,1.109730000000000018e+03,1.284416000000000058e+05
4.156323000000000000e+06,5.153110000000000213e+01,-6.807689999999999486e+01,1.103329999999999927e+03,1.280706999999999971e+05
4.234810000000000000e+06,2.732329999999999970e+01,1.721359999999999957e+01,1.085980000000000018e+03,1.270598000000000029e+05
4.249692000000000000e+06,-1.957669999999999888e+01,1.693882999999999868e+02,1.082660000000000082e+03,1.268653999999999942e+05
4.275544000000000000e+06,-1.960330000000000084e+01,1.440552999999999884e+02,1.077130000000000109e+03,1.265410000000000000e+05
4.287828000000000000e+06,5.306860000000000355e+01,-4.076100000000000279e+00,1.074500000000000000e+03,1.263863999999999942e+05
4.300306000000000000e+06,9.553000000000000380e-01,1.368580000000000041e+01,1.071799999999999955e+03,1.262275000000000000e+05
4.329925000000000000e+06,-4.641779999999999973e+01,5.224719999999999942e+01,1.065500000000000000e+03,1.258560000000000000e+05
4.349376000000000000e+06,-3.437610000000000099e+01,1.182553000000000054e+02,1.061430000000000064e+03,1.256153999999999942e+05
4.350930000000000000e+06,2.152779999999999916e+01,7.052920000000000300e+01,1.061109999999999900e+03,1.255965000000000000e+05
4.360373000000000000e+06,-1.920139999999999958e+01,-5.759250000000000114e+01,1.059089999999999918e+03,1.254768000000000029e+05
4.411021000000000000e+06,2.765830000000000055e+01,7.539220000000000255e+01,1.048509999999999991e+03,1.248485000000000000e+05
4.435777000000000000e+06,-1.778440000000000154e+01,-4.868670000000000186e+01,1.043400000000000091e+03,1.245438999999999942e+05
4.440033000000000000e+06,-1.723720000000000141e+01,-5.177609999999999957e+01,1.042559999999999945e+03,1.244938000000000029e+05
4.441096000000000000e+06,5.097939999999999827e+01,-6.548919999999999675e+01,1.042339999999999918e+03,1.244806999999999971e+05
4.442611000000000000e+06,1.879060000000000130e+01,-1.109758000000000067e+02,1.042009999999999991e+03,1.244610000000000000e+05
4.459508000000000000e+06,-1.616400000000000059e+00,1.176500000000000057e+01,1.038579999999999927e+03,1.242558999999999942e+05
4.487431000000000000e+06,5.199920000000000186e+01,-9.742800000000000793e+00,1.032900000000000091e+03,1.239156999999999971e+05
4.498467000000000000e+06,-1.966809999999999903e+01,-1.750160999999999945e+02,1.030619999999999891e+03,1.237788999999999942e+05
4.647277000000000000e+06,3.976100000000000190e+00,1.083361000000000018e+02,1.000990000000000009e+03,1.219866000000000058e+05
4.647681000000000000e+06,5.919060000000000343e+01,-1.155994000000000028e+02,1.000919999999999959e+03,1.219823000000000029e+05
4.669851000000000000e+06,7.085799999999999876e+00,6.624999999999999778e-01,9.965099999999999909e+02,1.217133000000000029e+05
4.699906000000000000e+06,7.634610000000000696e+01,6.500329999999999586e+01,9.907200000000000273e+02,1.213591999999999971e+05
4.741004000000000000e+06,5.598169999999999646e+01,1.009783000000000044e+02,9.826399999999999864e+02,1.208633000000000029e+05
4.741557000000000000e+06,-1.743609999999999971e+01,1.272364000000000033e+02,9.825199999999999818e+02,1.208558999999999942e+05
4.746239000000000000e+06,-7.480190000000000339e+01,-9.923579999999999757e+01,9.816299999999999955e+02,1.208011999999999971e+05
4.823512000000000000e+06,5.289330000000000354e+01,1.729807999999999879e+02,9.668200000000000500e+02,1.198863999999999942e+05
4.829346000000000000e+06,-2.435640000000000072e+01,1.509395000000000095e+02,9.657300000000000182e+02,1.198188000000000029e+05
4.832397000000000000e+06,3.197500000000000142e+01,1.331969999999999921e+01,9.651799999999999500e+02,1.197846999999999971e+05
4.864033000000000000e+06,1.876829999999999998e+01,1.456750000000000114e+02,9.591100000000000136e+02,1.194073999999999942e+05
4.879257000000000000e+06,7.959029999999999916e+01,9.914919999999999334e+01,9.562300000000000182e+02,1.192280000000000000e+05
4.882375000000000000e+06,1.833640000000000114e+01,3.274029999999999774e+01,9.556399999999999864e+02,1.191911999999999971e+05
4.946865000000000000e+06,-1.587190000000000012e+01,-5.721750000000000114e+01,9.436499999999999773e+02,1.184411999999999971e+05
4.953228000000000000e+06,6.673109999999999786e+01,1.093900000000000006e+02,9.424600000000000364e+02,1.183665000000000000e+05
4.975028000000000000e+06,-1.732110000000000127e+01,1.255608000000000004e+02,9.383700000000000045e+02,1.181093000000000029e+05
4.980148000000000000e+06,-1.587310000000000088e+01,-4.623440000000000083e+01,9.373899999999999864e+02,1.180476000000000058e+05
5.001844000000000000e+06,5.307999999999999829e+01,7.018890000000000384e+01,9.333200000000000500e+02,1.177911000000000058e+05
5.017512000000000000e+06,5.387579999999999814e+01,-6.605249999999999488e+01,9.304199999999999591e+02,1.176080000000000000e+05
5.044150000000000000e+06,-3.314400000000000013e+00,1.115279999999999916e+01,9.254800000000000182e+02,1.172953000000000029e+05
5.091059000000000000e+06,5.842280000000000229e+01,1.048354999999999961e+02,9.168700000000000045e+02,1.167483999999999942e+05
5.097583000000000000e+06,-4.644999999999999574e+00,5.543919999999999959e+01,9.156799999999999500e+02,1.166726000000000058e+05
5.100903000000000000e+06,7.099400000000000155e+00,5.082499999999999574e+00,9.150499999999999545e+02,1.166325000000000000e+05
5.114480000000000000e+06,2.265109999999999957e+01,-1.257440000000000069e+01,9.124800000000000182e+02,1.164686000000000058e+05
5.135801000000000000e+06,6.996609999999999729e+01,1.096093999999999937e+02,9.085099999999999909e+02,1.162150000000000000e+05
5.137186000000000000e+06,-2.499439999999999884e+01,1.204911000000000030e+02,9.082500000000000000e+02,1.161983000000000029e+05
5.156087000000000000e+06,-4.030219999999999914e+01,-9.963300000000000267e+00,9.048099999999999454e+02,1.159781000000000058e+05
5.162436000000000000e+06,-6.402499999999999858e+00,-5.033250000000000313e+01,9.036699999999999591e+02,1.159050000000000000e+05
5.177711000000000000e+06,6.312749999999999773e+01,9.778889999999999816e+01,9.008300000000000409e+02,1.157226999999999971e+05
5.190203000000000000e+06,6.329390000000000072e+01,1.009128000000000043e+02,8.985599999999999454e+02,1.155768000000000029e+05
5.206562000000000000e+06,5.533389999999999986e+01,-6.770440000000000680e+01,8.955700000000000500e+02,1.153843999999999942e+05
5.219918000000000000e+06,-7.956610000000000582e+01,-4.561330000000000240e+01,8.931499999999999773e+02,1.152283999999999942e+05
5.270138000000000000e+06,-4.414399999999999658e+00,1.276420000000000066e+01,8.840800000000000409e+02,1.146418000000000029e+05
5.271150000000000000e+06,6.401309999999999434e+01,9.699389999999999645e+01,8.838999999999999773e+02,1.146301000000000058e+05
5.287714000000000000e+06,6.372249999999999659e+01,1.045411000000000001e+02,8.808899999999999864e+02,1.144348000000000029e+05
5.291873000000000000e+06,3.263889999999999958e+01,2.183999999999999986e+01,8.801299999999999955e+02,1.143853999999999942e+05
5.291968000000000000e+06,5.391440000000000055e+01,-6.200419999999999732e+01,8.801200000000000045e+02,1.143846999999999971e+05
5.319172000000000000e+06,5.742110000000000269e+01,-1.136067000000000036e+02,8.751799999999999500e+02,1.140633000000000029e+05
5.320101000000000000e+06,6.229670000000000130e+01,-7.012800000000000367e+00,8.750199999999999818e+02,1.140528999999999942e+05
5.329484000000000000e+06,8.633900000000000574e+00,2.008109999999999928e+01,8.733500000000000227e+02,1.139440000000000000e+05
5.336706000000000000e+06,5.022560000000000002e+01,1.265096999999999952e+02,8.720700000000000500e+02,1.138603999999999942e+05
5.348882000000000000e+06,-3.784890000000000043e+01,7.754829999999999757e+01,8.698999999999999773e+02,1.137186999999999971e+05
5.355678000000000000e+06,6.924219999999999686e+01,-1.215383000000000067e+02,8.687200000000000273e+02,1.136415000000000000e+05
5.470383000000000000e+06,-7.951699999999999768e+00,-1.434309999999999974e+01,8.484800000000000182e+02,1.123098999999999942e+05
5.483445000000000000e+06,6.250300000000000189e+00,-5.757999999999999785e-01,8.462000000000000455e+02,1.121588999999999942e+05
5.497804000000000000e+06,-1.035300000000000109e+00,-5.390079999999999671e+01,8.437500000000000000e+02,1.119963999999999942e+05
5.507907000000000000e+06,5.341689999999999827e+01,-1.023058000000000050e+02,8.420399999999999636e+02,1.118828999999999942e+05
5.522516000000000000e+06,5.146920000000000073e+01,-1.007207999999999970e+02,8.394800000000000182e+02,1.117126000000000058e+05
5.523483000000000000e+06,6.193809999999999860e+01,9.642279999999999518e+01,8.393099999999999454e+02,1.117013000000000029e+05
5.524595000000000000e+06,3.516709999999999781e+01,-9.364470000000000027e+01,8.391100000000000136e+02,1.116880000000000000e+05
5.527084000000000000e+06,1.893939999999999912e+01,1.028599999999999959e+00,8.386799999999999500e+02,1.116593999999999942e+05
5.566484000000000000e+06,3.543600000000000083e+00,-5.357419999999999760e+01,8.319199999999999591e+02,1.112085000000000000e+05
5.581609000000000000e+06,6.953249999999999886e+01,1.057738999999999976e+02,8.292999999999999545e+02,1.110331999999999971e+05
5.582170000000000000e+06,-2.590279999999999916e+01,-5.615939999999999799e+01,8.292000000000000455e+02,1.110265000000000000e+05
5.624381000000000000e+06,-1.164579999999999949e+01,1.668864000000000090e+02,8.219700000000000273e+02,1.105413999999999942e+05
5.657443000000000000e+06,-1.377330000000000076e+01,1.433216999999999928e+02,8.163899999999999864e+02,1.101656000000000058e+05
5.677136000000000000e+06,-1.461250000000000071e+01,-5.877969999999999828e+01,8.130499999999999545e+02,1.099400000000000000e+05
5.680486000000000000e+06,-1.597250000000000014e+01,-5.700300000000000367e+00,8.124900000000000091e+02,1.099021000000000058e+05
5.685057000000000000e+06,6.010170000000000101e+01,9.572280000000000655e+01,8.117200000000000273e+02,1.098501000000000058e+05
5.697441000000000000e+06,-1.038610000000000078e+01,1.658042000000000087e+02,8.096200000000000045e+02,1.097078999999999942e+05
5.700576000000000000e+06,4.883279999999999887e+01,-5.848440000000000083e+01,8.091100000000000136e+02,1.096733000000000029e+05
5.737722000000000000e+06,2.057110000000000127e+01,-1.280889999999999951e+01,8.028899999999999864e+02,1.092508999999999942e+05
5.740393000000000000e+06,4.959420000000000073e+01,-5.778419999999999845e+01,8.024500000000000455e+02,1.092210000000000000e+05
5.765671000000000000e+06,1.223390000000000022e+01,-8.755300000000000082e+00,7.982500000000000000e+02,1.089348000000000029e+05
5.828244000000000000e+06,4.131949999999999790e+01,-7.655459999999999354e+01,7.879099999999999682e+02,1.082270000000000000e+05
5.832008000000000000e+06,4.190559999999999974e+01,-7.770279999999999632e+01,7.872999999999999545e+02,1.081851000000000058e+05
5.836353000000000000e+06,1.635500000000000043e+01,1.456563999999999908e+02,7.866100000000000136e+02,1.081376000000000058e+05
5.849097000000000000e+06,-3.552530000000000143e+01,1.735107999999999890e+02,7.845199999999999818e+02,1.079938999999999942e+05
5.855412000000000000e+06,8.058060000000000400e+01,9.489310000000000400e+01,7.834800000000000182e+02,1.079223000000000029e+05
5.860277000000000000e+06,-8.701100000000000279e+00,-5.081029999999999802e+01,7.827200000000000273e+02,1.078698999999999942e+05
5.875658000000000000e+06,6.863599999999999923e+00,1.582358000000000118e+02,7.802200000000000273e+02,1.076975000000000000e+05
5.888528000000000000e+06,-9.736700000000000799e+00,-4.661280000000000001e+01,7.780700000000000500e+02,1.075490000000000000e+05
5.920463000000000000e+06,5.854310000000000258e+01,1.001299999999999955e+02,7.728999999999999773e+02,1.071911000000000058e+05
5.965619000000000000e+06,-2.277670000000000172e+01,-5.619939999999999714e+01,7.656699999999999591e+02,1.066886000000000058e+05
5.965710000000000000e+06,7.540890000000000271e+01,-1.146491999999999933e+02,7.656599999999999682e+02,1.066878999999999942e+05
5.979490000000000000e+06,-8.463100000000000733e+00,-5.560190000000000055e+01,7.634900000000000091e+02,1.065366000000000058e+05
5.984954000000000000e+06,6.423000000000000398e+01,1.079672000000000054e+02,7.626200000000000045e+02,1.064758999999999942e+05
6.017662000000000000e+06,1.076169999999999938e+01,-5.418300000000000338e+00,7.575700000000000500e+02,1.061228000000000029e+05
6.044705000000000000e+06,6.692189999999999372e+01,-1.161360999999999990e+02,7.532699999999999818e+02,1.058211999999999971e+05
6.080511000000000000e+06,-5.440780000000000172e+01,3.350800000000000001e+00,7.477500000000000000e+02,1.054326999999999971e+05
6.101991000000000000e+06,5.259720000000000084e+01,6.810970000000000368e+01,7.444700000000000273e+02,1.052011999999999971e+05
6.125809000000000000e+06,5.488940000000000197e+01,1.663317000000000121e+02,7.407400000000000091e+02,1.049373000000000029e+05
6.145663000000000000e+06,1.315889999999999915e+01,9.300560000000000116e+01,7.377200000000000273e+02,1.047231999999999971e+05
6.148356000000000000e+06,4.880420000000000158e+01,-7.359000000000000341e+01,7.372999999999999545e+02,1.046933999999999942e+05
6.207623000000000000e+06,-8.582800000000000651e+00,-4.865670000000000073e+01,7.283899999999999864e+02,1.040588999999999942e+05
6.242134000000000000e+06,7.113609999999999900e+01,-1.229542000000000002e+02,7.232599999999999909e+02,1.036918000000000029e+05
6.293062000000000000e+06,2.256439999999999912e+01,-1.428170000000000073e+01,7.156599999999999682e+02,1.031456000000000058e+05
6.303220000000000000e+06,2.542719999999999914e+01,1.412807999999999993e+02,7.141699999999999591e+02,1.030381000000000058e+05
6.310299000000000000e+06,-3.497420000000000329e+01,1.387092000000000098e+02,7.131299999999999955e+02,1.029631000000000058e+05
6.316903000000000000e+06,2.668499999999999872e+01,-4.859399999999999942e+00,7.121499999999999773e+02,1.028923000000000029e+05
6.348546000000000000e+06,-2.143100000000000005e+00,1.469405999999999892e+02,7.075499999999999545e+02,1.025595000000000000e+05
6.378182000000000000e+06,-5.169169999999999732e+01,-5.883440000000000225e+01,7.031799999999999500e+02,1.022423000000000029e+05
6.386655000000000000e+06,4.789750000000000085e+01,-9.056059999999999377e+01,7.019500000000000455e+02,1.021528000000000029e+05
6.409291000000000000e+06,-1.864400000000000057e+00,1.058489000000000004e+02,6.986599999999999682e+02,1.019131000000000058e+05
6.462035000000000000e+06,4.731750000000000256e+01,-8.075249999999999773e+01,6.909600000000000364e+02,1.013500000000000000e+05
6.475457000000000000e+06,8.580000000000000127e-02,-7.086220000000000141e+01,6.889900000000000091e+02,1.012053999999999942e+05
6.482080000000000000e+06,-6.540300000000000225e+00,-4.625610000000000355e+01,6.880399999999999636e+02,1.011356000000000058e+05
6.486417000000000000e+06,-1.919079999999999941e+01,1.288355999999999995e+02,6.874299999999999500e+02,1.010906999999999971e+05
6.536931000000000000e+06,6.163609999999999900e+01,-7.273560000000000514e+01,6.802599999999999909e+02,1.005621999999999971e+05
6.545533000000000000e+06,-2.946640000000000015e+01,1.172989000000000033e+02,6.790499999999999545e+02,1.004726999999999971e+05
6.550674000000000000e+06,2.270250000000000057e+01,-8.330970000000000653e+01,6.783200000000000500e+02,1.004186999999999971e+05
6.599543000000000000e+06,8.124399999999999622e+00,-4.663899999999999935e+00,6.714900000000000091e+02,9.991180000000000291e+04
6.603648000000000000e+06,7.402719999999999345e+01,9.623250000000000171e+01,6.709199999999999591e+02,9.986939999999999418e+04
6.618734000000000000e+06,6.593529999999999802e+01,-1.097411000000000030e+02,6.688200000000000500e+02,9.971300000000000000e+04
6.628780000000000000e+06,-8.165439999999999543e+01,-1.490028000000000077e+02,6.674099999999999682e+02,9.960780000000000291e+04
6.684028000000000000e+06,-5.089639999999999986e+01,1.660213999999999999e+02,6.598700000000000045e+02,9.904360000000000582e+04
6.709353000000000000e+06,8.571999999999999620e-01,-5.366969999999999885e+01,6.563600000000000136e+02,9.877980000000000291e+04
6.723157000000000000e+06,4.846970000000000312e+01,5.848830000000000240e+01,6.544800000000000182e+02,9.863830000000000291e+04
6.731732000000000000e+06,6.659399999999999764e+00,-5.536699999999999733e+00,6.532999999999999545e+02,9.854930000000000291e+04
6.752514000000000000e+06,7.151099999999999568e+00,9.382580000000000098e+01,6.505000000000000000e+02,9.833789999999999418e+04
6.781290000000000000e+06,7.183780000000000143e+01,-1.126825000000000045e+02,6.466399999999999864e+02,9.804569999999999709e+04
6.789705000000000000e+06,7.011109999999999332e+01,-8.431000000000000227e+01,6.455099999999999909e+02,9.796000000000000000e+04
6.799813000000000000e+06,4.827360000000000184e+01,-8.600360000000000582e+01,6.441200000000000045e+02,9.785439999999999418e+04
6.813676000000000000e+06,1.714140000000000086e+01,-1.156969999999999921e+01,6.422400000000000091e+02,9.771150000000000000e+04
6.903117000000000000e+06,6.609890000000000043e+01,-9.040279999999999916e+01,6.303400000000000318e+02,9.680210000000000582e+04
6.967186000000000000e+06,8.079810000000000514e+01,5.849860000000000326e+01,6.218999999999999773e+02,9.615180000000000291e+04
7.023170000000000000e+06,2.127499999999999947e+00,-7.117279999999999518e+01,6.145700000000000500e+02,9.558350000000000000e+04
7.038445000000000000e+06,-2.088719999999999999e+01,1.398872000000000071e+02,6.126000000000000227e+02,9.543019999999999709e+04
7.063222000000000000e+06,6.483060000000000400e+01,-8.360219999999999629e+01,6.093899999999999864e+02,9.517980000000000291e+04
7.076579000000000000e+06,7.069389999999999930e+01,-9.373829999999999529e+01,6.076299999999999955e+02,9.504230000000000291e+04
7.093103000000000000e+06,-3.288250000000000028e+01,1.211633000000000067e+02,6.054600000000000364e+02,9.487239999999999418e+04
7.149035000000000000e+06,2.379970000000000141e+01,-1.064000000000000057e+01,5.983200000000000500e+02,9.431130000000000291e+04
7.195263000000000000e+06,-3.296580000000000155e+01,1.164493999999999971e+02,5.923999999999999773e+02,9.384360000000000582e+04
7.228642000000000000e+06,5.311099999999999710e+00,1.629917000000000087e+02,5.881900000000000546e+02,9.350960000000000582e+04
7.234337000000000000e+06,-3.344440000000000168e+01,1.234756000000000000e+02,5.874700000000000273e+02,9.345230000000000291e+04
7.237874000000000000e+06,-2.051170000000000115e+01,-2.932469999999999999e+01,5.870199999999999818e+02,9.341650000000000000e+04
7.239356000000000000e+06,-3.800939999999999941e+01,-6.560420000000000584e+01,5.868300000000000409e+02,9.340139999999999418e+04
7.272207000000000000e+06,4.564889999999999759e+01,-7.825690000000000168e+01,5.826699999999999591e+02,9.306969999999999709e+04
7.296637000000000000e+06,5.524399999999999977e+00,-8.707999999999999829e+01,5.796200000000000045e+02,9.282580000000000291e+04
7.307561000000000000e+06,7.092829999999999302e+01,-1.164325000000000045e+02,5.782400000000000091e+02,9.271530000000000291e+04
7.320939000000000000e+06,-1.113499999999999979e+01,-6.157469999999999999e+01,5.765800000000000409e+02,9.258210000000000582e+04
7.340637000000000000e+06,8.666900000000000048e+00,1.065794000000000068e+02,5.741499999999999773e+02,9.238680000000000291e+04
7.407070000000000000e+06,-1.585360000000000014e+01,-1.737478000000000122e+02,5.658799999999999955e+02,9.171900000000000000e+04
7.412248000000000000e+06,2.998899999999999899e+00,4.429809999999999803e+01,5.652500000000000000e+02,9.166789999999999418e+04
7.430172000000000000e+06,-1.298920000000000030e+01,1.331177999999999884e+02,5.630700000000000500e+02,9.149100000000000000e+04
7.439872000000000000e+06,-7.935670000000000357e+01,-1.617433000000000050e+02,5.618799999999999955e+02,9.139430000000000291e+04
7.449993000000000000e+06,3.165299999999999780e+00,1.062189000000000050e+02,5.606100000000000136e+02,9.129089999999999418e+04
7.476060000000000000e+06,-5.257079999999999842e+01,1.691657999999999902e+02,5.573600000000000136e+02,9.102589999999999418e+04
7.531917000000000000e+06,4.407169999999999987e+01,5.256170000000000186e+01,5.505499999999999545e+02,9.046810000000000582e+04
7.594244000000000000e+06,6.829890000000000327e+01,-8.527830000000000155e+01,5.429800000000000182e+02,8.984400000000000000e+04
7.633709000000000000e+06,4.611110000000000042e+01,-8.128940000000000055e+01,5.382799999999999727e+02,8.945430000000000291e+04
7.662576000000000000e+06,7.269939999999999714e+01,1.232142000000000053e+02,5.348300000000000409e+02,8.916719999999999709e+04
7.676028000000000000e+06,7.210970000000000368e+01,1.408650000000000091e+02,5.332200000000000273e+02,8.903289999999999418e+04
7.693236000000000000e+06,4.659830000000000183e+01,-6.076080000000000325e+01,5.312100000000000364e+02,8.886489999999999418e+04
7.706680000000000000e+06,7.441330000000000666e+01,1.918329999999999913e+01,5.296100000000000136e+02,8.873100000000000000e+04
7.730302000000000000e+06,6.067219999999999658e+01,-1.730911000000000115e+02,5.268099999999999454e+02,8.849610000000000582e+04
7.783259000000000000e+06,4.436619999999999919e+01,-8.567940000000000111e+01,5.206000000000000227e+02,8.797300000000000000e+04
7.784798000000000000e+06,-2.759530000000000172e+01,-1.443696999999999946e+02,5.204299999999999500e+02,8.795860000000000582e+04
7.798803000000000000e+06,-3.759689999999999799e+01,-5.929469999999999885e+01,5.187899999999999636e+02,8.781989999999999418e+04
7.818515000000000000e+06,-6.554559999999999320e+01,1.007911000000000001e+02,5.165199999999999818e+02,8.762760000000000582e+04
7.821799000000000000e+06,6.955559999999999832e+01,-1.126688999999999936e+02,5.161399999999999864e+02,8.759530000000000291e+04
7.823284000000000000e+06,-1.427079999999999949e+01,-1.781391999999999882e+02,5.159700000000000273e+02,8.758089999999999418e+04
7.824559000000000000e+06,-2.926810000000000045e+01,-1.779080999999999904e+02,5.158200000000000500e+02,8.756819999999999709e+04
7.859714000000000000e+06,-3.438280000000000314e+01,-5.467419999999999902e+01,5.118500000000000227e+02,8.723050000000000000e+04
7.893593000000000000e+06,-2.708530000000000015e+01,-1.093803000000000054e+02,5.079599999999999795e+02,8.689839999999999418e+04
7.907903000000000000e+06,6.002810000000000201e+01,-1.662622000000000071e+02,5.063500000000000227e+02,8.676060000000000582e+04
7.925938000000000000e+06,-2.123999999999999844e+01,-1.597744000000000142e+02,5.043299999999999841e+02,8.658739999999999418e+04
7.957575000000000000e+06,-9.526899999999999480e+00,-5.998219999999999885e+01,5.007799999999999727e+02,8.628210000000000582e+04
8.000614000000000000e+06,1.414470000000000027e+01,1.451878000000000100e+02,4.959100000000000250e+02,8.586150000000000000e+04
8.007076000000000000e+06,-3.059390000000000143e+01,1.456867000000000019e+02,4.951899999999999977e+02,8.579919999999999709e+04
8.032679000000000000e+06,7.092109999999999559e+01,1.236067000000000036e+02,4.923100000000000023e+02,8.554930000000000291e+04
8.054693000000000000e+06,-6.615330000000000155e+01,9.670440000000000680e+01,4.898700000000000045e+02,8.533700000000000000e+04
8.076742000000000000e+06,7.325109999999999388e+01,-9.462080000000000268e+01,4.874700000000000273e+02,8.512769999999999709e+04
8.088788000000000000e+06,-3.328280000000000172e+01,1.361821999999999946e+02,4.861200000000000045e+02,8.500980000000000291e+04
8.211173000000000000e+06,4.214030000000000342e+01,6.042170000000000130e+01,4.726499999999999773e+02,8.382369999999999709e+04
8.211785000000000000e+06,6.460309999999999775e+01,5.034499999999999886e+01,4.725799999999999841e+02,8.381750000000000000e+04
8.271668000000000000e+06,7.370720000000000027e+01,-1.189217000000000013e+02,4.660699999999999932e+02,8.323819999999999709e+04
8.310539000000000000e+06,-3.156330000000000169e+01,1.590892000000000053e+02,4.618700000000000045e+02,8.286230000000000291e+04
8.330423000000000000e+06,7.227500000000000568e+01,-9.451330000000000098e+01,4.597099999999999795e+02,8.266830000000000291e+04
8.407708000000000000e+06,2.393609999999999971e+01,6.982359999999999900e+01,4.515000000000000000e+02,8.192680000000000291e+04
8.435653000000000000e+06,6.053390000000000271e+01,-1.446099999999999941e+00,4.485099999999999909e+02,8.165510000000000582e+04
8.445273000000000000e+06,7.340799999999999770e+00,1.516229999999999905e+02,4.474700000000000273e+02,8.156039999999999418e+04
8.460609000000000000e+06,-2.634639999999999915e+01,-7.989440000000000452e+01,4.458799999999999955e+02,8.141530000000000291e+04
8.518494000000000000e+06,4.852190000000000225e+01,2.750000000000000014e-02,4.397799999999999727e+02,8.085650000000000000e+04
8.657856000000000000e+06,4.568889999999999674e+01,-6.525830000000000553e+01,4.251299999999999955e+02,7.949830000000000291e+04
8.659178000000000000e+06,7.588530000000000086e+01,-1.063850000000000051e+02,4.249900000000000091e+02,7.948519999999999709e+04
8.671166000000000000e+06,6.942669999999999675e+01,6.220779999999999887e+01,4.237400000000000091e+02,7.936830000000000291e+04
8.686683000000000000e+06,7.665439999999999543e+01,1.485900000000000034e+02,4.221200000000000045e+02,7.921639999999999418e+04
8.723388000000000000e+06,-2.848829999999999885e+01,1.360238999999999976e+02,4.182599999999999909e+02,7.885339999999999418e+04
8.751026000000000000e+06,-5.470859999999999701e+01,1.588274999999999864e+02,4.154300000000000068e+02,7.858619999999999709e+04
8.806866000000000000e+06,7.290829999999999700e+01,8.241580000000000439e+01,4.096399999999999864e+02,7.803660000000000582e+04
8.832017000000000000e+06,-2.336830000000000140e+01,-1.494682999999999993e+02,4.070500000000000114e+02,7.778950000000000000e+04
8.858503000000000000e+06,8.020640000000000214e+01,3.267779999999999774e+01,4.043500000000000227e+02,7.753110000000000582e+04
8.861347000000000000e+06,-2.312750000000000128e+01,-1.349858000000000118e+02,4.040899999999999750e+02,7.750619999999999709e+04
8.880759000000000000e+06,7.638670000000000471e+01,-1.016517000000000053e+02,4.021000000000000227e+02,7.731510000000000582e+04
8.957441000000000000e+06,-1.970670000000000144e+01,6.344639999999999702e+01,3.943100000000000023e+02,7.656250000000000000e+04
8.999602000000000000e+06,5.343169999999999931e+01,4.983250000000000313e+01,3.900799999999999841e+02,7.615069999999999709e+04
9.022457000000000000e+06,-2.385750000000000171e+01,-1.476485999999999876e+02,3.877200000000000273e+02,7.592000000000000000e+04
9.075870000000000000e+06,4.837250000000000227e+01,-3.952999999999999847e+00,3.823799999999999955e+02,7.539539999999999418e+04
9.081400000000000000e+06,3.048440000000000083e+01,1.403086000000000126e+02,3.818100000000000023e+02,7.533919999999999709e+04
9.086624000000000000e+06,2.303000000000000114e+01,-8.169190000000000396e+01,3.812900000000000205e+02,7.528780000000000291e+04
9.104423000000000000e+06,-7.235000000000000320e+00,1.313761000000000081e+02,3.795199999999999818e+02,7.511289999999999418e+04
9.125034000000000000e+06,-2.246310000000000073e+01,-1.513610999999999933e+02,3.774599999999999795e+02,7.490880000000000291e+04
9.173266000000000000e+06,-1.048329999999999984e+01,1.055806000000000040e+02,3.725899999999999750e+02,7.442400000000000000e+04
9.185918000000000000e+06,-1.228919999999999924e+01,1.688360999999999876e+02,3.713100000000000023e+02,7.429600000000000000e+04
9.194926000000000000e+06,-1.014719999999999978e+01,1.423214000000000112e+02,3.703999999999999773e+02,7.420489999999999418e+04
9.270190000000000000e+06,-4.968439999999999657e+01,1.787811000000000092e+02,3.628100000000000023e+02,7.344069999999999709e+04
9.277579000000000000e+06,7.510939999999999372e+01,-9.829000000000000625e+01,3.620799999999999841e+02,7.336680000000000291e+04
9.288782000000000000e+06,7.487309999999999377e+01,1.387599999999999909e+02,3.609200000000000159e+02,7.324919999999999709e+04
9.384299000000000000e+06,1.334939999999999927e+01,-8.136809999999999832e+01,3.512599999999999909e+02,7.226230000000000291e+04
9.455715000000000000e+06,7.679059999999999775e+01,1.580991999999999962e+02,3.440099999999999909e+02,7.151260000000000582e+04
9.544306000000000000e+06,5.982560000000000144e+01,-8.001330000000000098e+01,3.349700000000000273e+02,7.056680000000000291e+04
9.573992000000000000e+06,-6.575610000000000355e+01,9.244060000000000343e+01,3.319200000000000159e+02,7.024480000000000291e+04
9.583287000000000000e+06,-2.506859999999999999e+01,-1.301131000000000029e+02,3.310000000000000000e+02,7.014730000000000291e+04
9.588901000000000000e+06,-3.578029999999999688e+01,1.368719000000000108e+02,3.304200000000000159e+02,7.008580000000000291e+04
9.706070000000000000e+06,-2.901139999999999830e+01,1.679399999999999977e+02,3.185099999999999909e+02,6.881110000000000582e+04
9.775695000000000000e+06,8.082999999999999829e+01,7.955280000000000484e+01,3.113600000000000136e+02,6.803439999999999418e+04
9.775713000000000000e+06,7.358559999999999945e+01,-1.051882999999999981e+02,3.113500000000000227e+02,6.803330000000000291e+04
9.776448000000000000e+06,8.427199999999999136e+00,1.048277999999999963e+02,3.112799999999999727e+02,6.802569999999999709e+04
9.864264000000000000e+06,5.660329999999999728e+01,-1.696767000000000110e+02,3.022699999999999818e+02,6.703389999999999418e+04
9.871603000000000000e+06,1.836250000000000071e+01,-1.146983000000000033e+02,3.015299999999999727e+02,6.695180000000000291e+04
