id,latitude,longitude,elevation,isolation
2,35.8817,76.5125,8613.95,1315607.9
12,28.6975,83.4925,8167.12,317503.9
39,30.3758,79.9708,7815.99,387979.4
45,29.6325,95.0542,7781.85,706845.1
61,36.255,71.84,7708.09,238571.4
75,38.5933,75.3125,7648.96,239771.6
84,28.0467,90.4558,7570.01,227892.2
85,29.5967,101.8783,7555.99,660561.6
104,38.9442,72.015,7495.03,278701.5
125,42.035,80.1283,7438.95,558015.2
246,35.3158,80.915,7167.07,288395.0
391,36.4125,87.385,6972.91,596419.7
396,-32.6533,-70.0125,6961.94,16517582.0
438,33.9233,89.2108,6929.02,322365.3
468,-27.11,-68.5425,6893.05,630511.0
512,36.0242,90.8658,6860.13,277766.7
566,31.6967,85.0633,6822.03,210745.8
643,-9.1208,-77.605,6768.08,2207643.1
684,36.7242,84.6017,6747.97,232032.7
697,28.4383,98.685,6740.04,207708.1
701,-24.72,-68.5367,6739.13,264411.7
1249,-18.1083,-68.8833,6548.93,732567.9
1512,34.3942,85.8492,6495.9,260271.5
2056,-15.5458,-72.6608,6405.07,442942.5
2336,-13.7883,-71.2292,6372.15,245670.0
3267,34.7917,99.4675,6281.93,553172.9
3489,-1.4675,-78.8175,6266.99,845643.0
4138,35.6583,94.2617,6224.02,296970.6
4748,63.0692,-151.0067,6190.49,7450213.9
5009,-21.2208,-68.4683,6175.86,331697.1
5166,31.7867,99.0733,6167.93,225262.5
10879,41.0683,77.6817,5982.0,202327.8
11858,60.5675,-140.4058,5956.1,622726.0
14329,-12.2592,-75.9592,5896.97,238138.3
14419,-3.0767,37.3542,5895.14,5509693.8
17593,39.2508,93.6967,5829.91,373481.4
18693,38.5,97.725,5807.96,359265.6
23152,10.8392,-73.6867,5729.94,1287041.7
29291,43.3542,42.4358,5641.85,2469398.9
29765,19.0308,-97.27,5636.06,2690265.4
31798,35.9558,52.11,5610.15,1164998.4
47782,43.8017,88.3333,5444.95,609405.2
51815,6.495,-72.2967,5409.9,499145.2
54226,2.9233,-76.0283,5390.08,386379.8
56785,33.29,101.105,5369.05,211054.1
64280,4.8917,-75.3183,5311.14,231292.2
72005,37.6933,101.505,5254.14,251269.9
80468,-0.1525,37.3092,5198.97,319857.2
90185,39.7033,44.2992,5137.1,379313.5
95124,0.3858,29.8733,5109.06,829793.6
111234,-78.535,-85.5708,5018.84,4928843.3
118448,8.5408,-71.0467,4981.04,261720.3
134660,42.52,74.5558,4895.09,233567.2
136227,43.0733,94.3467,4885.94,420231.1
136584,-4.0783,137.1583,4884.12,5235054.7
149116,38.2667,47.8367,4810.96,344479.3
149290,45.8325,6.865,4810.05,2812004.6
157878,-4.7083,140.2892,4757.01,350917.5
158528,56.0558,160.6417,4752.75,2750302.5
171728,58.9067,-137.5267,4671.06,200314.2
179159,45.0417,80.2575,4621.99,294751.4
179160,45.1658,80.9433,4621.99,253455.1
190144,13.2367,38.3683,4550.05,1482220.9
190456,32.3675,50.0867,4547.92,437844.3
193319,-84.3325,166.4308,4528.11,1584986.0
194478,-1.5058,29.45,4518.96,206147.7
195804,-5.78,145.03,4508.91,537702.1
196225,49.805,86.5908,4505.86,668324.0
197047,29.5117,57.2717,4500.07,755873.2
199522,42.3083,71.025,4482.08,279981.7
201696,41.2208,47.8583,4465.93,259092.6
207605,36.5783,-118.2925,4418.99,2649440.4
208051,30.9508,51.4358,4414.72,202596.7
209846,6.8258,39.8175,4400.09,723737.3
210045,39.1175,-106.445,4399.18,1079246.3
210883,46.8525,-121.76,4392.47,1176718.6
218023,26.1492,102.9133,4329.99,237861.0
219092,1.1183,34.5267,4321.15,336675.4
219695,41.4092,-122.195,4316.58,538746.9
223191,-77.04,-126.0517,4284.88,943906.0
224860,10.9508,39.1042,4269.94,259784.7
225961,19.5633,-103.6083,4259.88,405122.6
229204,46.89,91.4733,4230.93,369521.8
230351,15.0433,-91.9033,4219.96,719009.3
230787,63.62,-146.7175,4215.99,201880.7
231728,43.1842,-109.6542,4207.46,467336.5
231966,19.8208,-155.4683,4205.02,3947010.7
233330,48.6817,90.725,4193.13,206949.5
235609,33.1067,64.2008,4170.88,258102.9
236030,31.06,-7.915,4166.92,2078195.6
236137,-71.7892,168.7492,4166.01,1244785.8
239329,37.485,44.005,4136.14,245835.8
240687,40.7767,-110.3725,4123.33,268060.1
243542,6.075,116.5583,4094.99,2509547.1
243757,-80.37,77.2542,4092.85,1236737.9
247638,-46.595,-73.3458,4058.11,1130059.2
248511,31.6058,54.0683,4049.88,246810.3
249580,4.2183,9.1733,4040.12,2335707.8
249787,-8.8925,147.5333,4037.99,287870.4
251182,-78.0608,162.685,4024.88,534133.1
251813,51.3733,-125.2633,4019.09,561739.7
252117,61.4375,-147.7525,4016.04,203742.8
252427,44.3817,-107.1742,4013.3,233317.6
253846,47.6083,97.5525,3999.89,317874.0
255841,38.9858,-114.3142,3981.6,373075.9
258558,53.1108,-119.1567,3959.05,459530.4
258746,44.995,100.2308,3956.91,356194.3
259287,23.4708,120.9583,3952.04,1814633.5
260423,28.6,61.1325,3941.06,381969.8
260536,-85.7092,-128.6292,3940.15,332674.3
261412,40.8275,41.1467,3931.01,254377.8
262919,38.5317,35.4508,3916.98,550982.1
266192,36.5792,54.7642,3889.86,206534.0
269834,44.1375,-113.7808,3859.38,242656.5
270878,35.3467,-111.6783,3850.54,395718.9
272117,47.0492,85.5667,3839.87,269191.2
274265,25.74,95.0375,3825.85,263682.1
275612,9.4842,-83.4892,3819.14,877431.9
276510,-77.2575,39.155,3810.0,558157.0
277031,-1.6967,101.2642,3805.12,1903899.5
280322,35.3608,138.7275,3775.86,2076730.5
284313,33.955,107.7633,3749.95,302260.6
284745,-39.6375,-71.5025,3746.91,303353.0
288695,-8.41,116.4575,3725.88,1600674.9
289250,-43.595,170.1425,3724.05,3138805.2
290343,25.3633,-100.5575,3720.08,627178.8
290344,24.8717,-100.2325,3720.08,569448.5
290345,-73.9667,162.6333,3720.08,308133.3
290842,28.2725,-16.6425,3717.95,893104.9
290843,16.2108,-96.1975,3717.95,326773.1
296600,68.9183,-29.8992,3693.57,3254825.9
299453,-76.8,-117.7,3677.11,211190.5
299720,-8.1075,112.9225,3675.89,390892.6
303409,15.28,43.9783,3666.13,552072.9
312874,33.3742,-105.8092,3649.37,266734.5
314643,36.2717,-115.6958,3632.0,217521.1
320292,30.2617,67.3025,3578.05,264325.3
321367,6.1933,37.3942,3567.99,202142.4
324174,38.8333,105.95,3539.95,298785.4
324306,47.1725,100.3767,3538.73,217212.6
324307,47.1717,100.3758,3538.73,217179.5
327972,34.0992,-116.825,3504.9,261508.0
328723,-76.0558,-135.8242,3497.88,274132.3
329448,51.7192,100.5967,3490.87,465767.5
329555,-80.2167,157.4333,3489.96,238751.7
330401,-29.4683,29.2692,3482.04,3003216.8
330742,37.0533,-3.3117,3478.99,526297.0
330884,-3.385,120.0242,3478.07,681296.1
331332,33.9058,-109.5625,3475.63,247910.8
334249,3.7975,97.2192,3465.88,755232.4
336685,19.7925,18.5467,3444.85,1998771.6
339419,-7.2392,109.22,3428.09,419066.4
339795,-72.1267,26.0783,3425.04,254739.9
342293,9.2567,41.7292,3404.92,220711.9
342407,42.6308,0.6567,3404.01,507506.9
343726,66.935,-36.7875,3390.9,356783.7
347555,-73.4558,61.4642,3354.93,391327.2
347864,23.2058,-104.9442,3351.89,423100.8
351473,37.75,14.995,3322.93,996788.5
352404,21.0408,16.4733,3315.0,218823.4
352526,36.2808,59.0492,3314.09,378148.5
353718,25.9558,-107.0475,3303.12,371621.8
355637,48.7767,-121.8142,3286.05,211455.2
357967,-75.0142,123.5675,3265.93,249947.7
357968,-75.13,123.2042,3265.93,233608.9
360651,8.8742,34.8167,3243.99,254203.6
361489,72.5275,-37.4533,3237.89,485060.6
368357,3.9467,32.91,3186.99,346694.9
368758,-71.3583,-63.4483,3183.94,979681.5
370255,-4.0158,103.1283,3172.97,328477.3
374897,22.3033,103.775,3141.88,328293.7
379817,-73.25,-126.1,3109.87,358625.3
380707,31.4483,110.3042,3105.0,363349.0
382152,19.0233,-70.9975,3097.99,921364.6
382777,30.9925,-115.375,3094.94,334321.1
383790,57.3933,-132.3033,3090.06,310889.5
384198,34.3008,36.1158,3087.93,362974.9
385571,28.2525,-107.595,3080.92,240701.4
386339,-69.7758,-69.7875,3076.96,294082.2
387246,56.8642,117.575,3072.08,1150913.7
387426,-21.0992,55.48,3070.86,2766299.3
387613,36.5933,30.15,3069.95,367268.9
388142,55.9742,114.4392,3066.9,217399.5
389253,21.2342,93.9017,3060.8,479906.1
389634,39.08,113.5675,3058.97,651562.6
389635,39.0808,113.5667,3058.97,651489.1
392935,12.9342,24.23,3041.9,969254.6
395282,0.5775,120.205,3030.02,371961.2
395819,-3.1733,129.455,3026.97,682420.3
396417,57.3467,-124.0925,3023.92,435721.8
396782,-82.4667,-103.9,3022.09,437963.3
397096,27.0342,-102.3925,3019.96,217977.1
397403,23.2383,57.2633,3018.13,522454.2
398593,6.2,10.5192,3011.12,259905.7
399952,65.1858,146.04,3002.89,1233612.9
400141,-15.9492,35.5925,3001.98,1271583.4
400513,18.2667,42.3675,3000.15,324305.5
400975,45.245,-117.2925,2998.62,201995.4
401743,0.805,-66.0067,2994.05,899104.4
404081,-9.0783,34.0208,2980.03,533159.1
406333,42.6367,-118.5767,2966.62,200803.5
406874,-8.9075,125.4942,2962.96,770539.0
407602,62.58,140.8975,2959.0,382980.9
408267,-1.1567,133.98,2955.04,350920.3
408467,6.9875,125.2708,2954.12,904825.6
409039,63.4317,-130.3242,2951.99,527740.8
412646,-54.45,-36.5242,2931.87,2205730.2
413931,42.18,23.585,2924.86,810088.6
414453,16.5975,120.8992,2922.12,666675.2
414983,0.0792,99.9842,2919.07,240582.5
415338,40.0858,22.3583,2916.94,254351.3
416265,42.4692,13.5658,2912.06,445348.1
417009,23.2892,5.5333,2908.1,1162390.6
417194,-71.5667,159.8133,2906.88,211697.7
419127,-20.4358,-41.7975,2897.12,2342549.8
419323,-72.05,-70.7375,2895.9,252130.5
421461,-41.9958,173.6625,2884.93,318764.6
423216,-14.0225,48.9675,2876.09,1041608.5
423224,63.1392,-44.8367,2875.79,560077.9
423225,63.1483,-44.8167,2875.79,558651.3
423621,-5.3475,119.9325,2873.96,201430.8
424622,54.755,-163.9708,2869.39,877038.4
430863,54.6217,110.4558,2840.13,294048.6
432690,3.66,-65.4067,2831.9,322339.8
433148,18.9808,103.1517,2830.07,295392.9
433399,14.95,-24.3425,2828.85,1672471.6
434332,43.6358,103.7708,2824.89,204356.9
437840,5.1408,-60.7633,2809.95,538635.0
437841,-85.0442,-90.8458,2809.95,222526.0
437842,37.8983,111.4917,2809.95,217904.4
440921,-22.4283,-44.8425,2798.06,384421.1
441161,-39.2892,175.5625,2797.15,340702.3
443511,48.4658,107.4125,2787.7,439874.6
445621,17.5625,38.0058,2780.08,304419.1
447518,61.875,-127.6808,2773.07,219848.6
448278,-31.9875,-64.9367,2770.02,256655.0
449642,10.5433,-66.7825,2765.15,368873.2
449906,41.7908,20.5458,2763.93,235288.0
450736,-64.6217,-63.4575,2760.88,574019.5
451365,54.4183,-127.7442,2759.05,254096.7
456592,-53.105,73.5133,2745.03,2026058.6
456955,41.9933,128.0775,2744.11,1014626.2
456967,69.2775,-144.91,2743.81,629550.2
466744,29.0133,-102.6175,2716.99,207886.9
467644,-5.905,154.995,2714.85,752255.6
471161,42.38,8.9458,2706.01,223268.0
473902,-3.3008,126.22,2699.92,358339.0
476864,10.1708,77.0633,2695.04,2090264.4
492212,-80.61,-96.7675,2674.92,237790.5
496779,-22.195,46.885,2657.86,889849.7
496780,-73.8117,-64.2658,2657.86,275126.5
497982,49.1642,20.1342,2653.89,510071.6
498284,-7.0925,37.6183,2652.98,380268.9
499945,43.1975,-4.8525,2648.1,346486.4
500270,20.7792,40.7983,2646.88,211459.5
501535,-19.3492,47.2433,2642.92,317274.7
505822,28.51,33.955,2628.9,572249.6
507546,18.81,97.0375,2623.11,413323.3
508543,-12.4625,15.1742,2620.06,1728049.1
509738,81.915,-75.0092,2616.1,751545.5
515613,15.0692,107.975,2598.12,609259.0
516246,10.0842,-63.9583,2595.98,313163.3
517546,-18.3,32.8417,2592.02,389462.3
517855,40.2458,-5.2975,2591.1,326916.1
519115,41.1008,33.8633,2587.14,310004.4
519782,13.2625,120.995,2585.01,366201.3
521315,-54.6592,-69.5967,2580.13,468580.9
523604,-21.1492,14.5775,2573.12,963148.4
524529,27.8817,108.6817,2570.07,398210.0
527177,61.8933,171.1858,2562.15,734462.5
533551,45.6008,24.7358,2543.86,387068.6
533888,40.075,29.2167,2542.95,237091.9
540193,7.0,80.7742,2524.05,519271.8
540194,7.0008,80.7742,2524.05,519209.7
540971,67.4125,-154.9658,2522.52,453341.7
542030,20.6858,97.3417,2518.87,209619.9
546294,56.2192,-159.2975,2506.98,336712.8
547712,-31.7592,24.54,2503.02,282118.4
552905,-13.7858,13.1758,2489.0,216525.8
556454,-22.65,17.1792,2478.94,316216.1
556812,-7.5042,29.9867,2477.72,276389.3
560042,61.6367,8.3125,2468.88,1568364.4
562623,13.2558,123.6858,2461.87,291156.9
563364,10.735,47.245,2460.04,406941.4
563365,7.2925,12.2292,2460.04,219777.0
564845,35.2275,24.7708,2456.08,439917.1
570234,5.7192,-65.8917,2441.14,212507.3
574463,10.41,123.13,2429.87,294585.1
577063,3.905,115.4892,2422.86,213788.4
578225,12.4058,108.4242,2420.11,297779.4
582577,67.5817,128.14,2409.14,523996.5
594493,55.8967,130.4533,2379.88,669226.4
594494,-67.01,-65.9183,2379.88,286475.1
598532,53.6067,134.575,2370.12,367871.9
599785,-8.6517,120.4483,2367.08,270645.2
602315,-11.7575,43.3658,2360.98,652790.8
606506,38.4683,-28.3992,2350.92,1451172.1
607758,23.9767,39.2825,2347.87,323312.7
608169,64.4708,-138.555,2346.96,222059.5
608170,18.3825,-74.0242,2346.96,212346.5
609878,41.1767,106.8217,2343.0,215194.5
611230,-4.405,152.9317,2339.95,279747.6
611671,50.8558,155.5658,2339.04,223975.7
613435,-9.7033,160.0617,2335.07,694597.9
613862,58.3533,-155.0933,2333.85,216992.4
614773,40.9758,110.6192,2331.72,255138.9
615175,-25.2092,30.15,2331.11,350523.3
616586,35.3183,6.6367,2328.06,779091.2
617911,-33.3983,21.3675,2325.01,348852.1
625867,36.4475,4.2283,2307.95,223225.5
630111,47.5975,24.6333,2303.07,220181.0
631502,-0.6592,112.6883,2300.02,576639.3
631503,-61.285,-54.1458,2300.02,474350.4
636052,43.6633,142.8542,2290.88,803890.4
638328,61.9733,149.3908,2286.0,205319.1
642591,71.08,-8.1792,2276.86,596478.8
647267,39.8942,16.2158,2267.1,255004.9
652506,18.0467,-76.5792,2256.13,271863.5
655531,1.82,115.2725,2250.03,231511.6
660149,-17.6233,-149.4767,2240.89,4128150.9
662690,39.0992,140.0492,2236.01,246904.6
662696,50.5742,134.5942,2235.71,213120.8
663664,55.9225,134.6617,2233.88,212137.6
666712,-36.4558,148.2633,2228.09,1894255.5
668224,32.9117,-0.4675,2224.74,303031.8
679456,43.8658,-103.5308,2204.01,224537.2
680521,-27.1808,18.7292,2201.88,490012.2
682994,-14.3392,34.3325,2197.91,214408.0
686476,66.0383,-52.255,2191.82,251163.2
687509,4.6325,102.235,2189.99,416965.4
694867,20.7458,36.8392,2175.97,350298.4
694868,43.8183,68.6333,2175.97,218538.8
698050,27.8608,117.7842,2169.87,491763.9
704814,64.1592,133.6225,2157.98,264450.9
705427,14.4925,48.6592,2156.76,229494.1
709402,-82.6233,-52.8125,2150.06,422916.2
709979,53.1258,-168.6942,2149.14,358105.6
713327,66.5467,-65.4292,2143.05,592065.1
713857,25.8658,110.4133,2142.13,228427.1
715030,26.3133,114.0367,2140.0,365846.7
718053,-24.4708,27.5925,2134.82,264985.4
727114,11.3258,49.7483,2119.88,251083.6
727115,17.7308,101.0075,2119.88,231532.3
731434,16.1708,99.0367,2112.87,269962.2
732579,-0.7367,127.5242,2111.04,309829.3
733222,64.0142,-16.6775,2110.13,714878.1
735714,67.9008,18.5167,2105.86,756671.3
740888,79.9258,-92.3067,2097.94,286865.9
745805,48.8967,138.0533,2090.01,291968.0
748884,8.8133,117.675,2085.14,307587.2
752179,23.5392,-109.9542,2079.96,338971.7
757553,13.4667,98.805,2072.03,299538.5
759482,-17.2008,13.0208,2068.98,216934.6
765506,-37.1117,-12.2892,2060.14,2662020.0
781082,35.765,-82.265,2037.28,1913486.1
783893,-13.2967,-41.9075,2033.02,585234.6
790100,0.2692,6.5417,2023.87,405942.6
791487,17.8383,8.72,2022.04,640851.0
800363,15.3083,26.5492,2009.85,287313.7
804070,61.4867,155.3142,2004.97,228351.8
804813,47.1158,136.5683,2004.06,226317.6
804824,56.6008,123.6183,2003.76,201736.3
812126,1.4533,125.0317,1994.92,287650.9
819280,35.8742,1.6325,1984.86,222467.2
821349,33.7675,133.1158,1982.11,420132.0
821350,17.0375,-25.2917,1982.11,246651.4
822819,1.7467,-61.7925,1979.98,226125.5
827305,19.99,-76.8358,1973.88,211914.2
833555,-24.6158,46.705,1964.74,251211.7
836494,24.2042,35.0058,1960.78,300344.2
843793,27.47,-112.5917,1951.02,339166.2
844620,33.3617,126.5292,1950.11,613142.2
848287,9.2283,-11.1142,1944.93,1571973.3
849008,73.23,-78.6233,1944.01,576539.2
854763,30.3358,130.5042,1936.09,453426.7
856163,21.9158,25.0,1933.96,590870.4
857602,75.345,-82.1408,1931.82,258811.6
870102,44.2708,-71.3033,1916.58,1318979.9
870926,35.3367,127.7308,1915.06,245119.3
874742,-8.8608,27.0642,1909.88,287102.1
874743,-8.8625,27.0675,1909.88,286893.3
874744,-8.86,27.0667,1909.88,286820.8
874745,-8.8617,27.0683,1909.88,286766.2
874746,83.3742,-35.2717,1909.88,264760.3
877780,53.7275,117.5583,1905.91,225843.4
878496,70.7992,-71.65,1905.0,361931.5
884906,57.0633,137.3275,1896.77,201790.7
886489,65.035,60.1142,1894.94,1835420.2
888870,-2.7133,115.6258,1891.89,386871.2
892148,67.8175,178.2942,1887.93,723661.9
894533,45.5283,2.8142,1884.88,221595.7
898709,39.6733,54.5433,1880.01,244913.3
899790,-15.3625,166.755,1879.09,917153.5
901392,-25.2508,-48.8,1876.96,381578.0
902932,-80.6558,-24.6733,1875.13,214313.7
902944,-13.345,29.6117,1874.82,481001.3
905945,-11.5233,31.5917,1870.86,207863.7
911541,30.125,118.1667,1863.85,234756.2
913112,32.7592,-16.9433,1862.02,449831.9
913124,-27.8875,23.5608,1861.72,356974.9
916484,-13.6183,-172.4867,1858.06,2245197.3
922870,-49.595,69.4967,1850.14,477046.9
922882,43.6958,134.1992,1849.83,420946.9
923694,25.6825,118.1858,1848.92,227142.8
931529,18.8983,109.7042,1840.08,403600.2
936786,39.9875,9.325,1833.98,204685.3
942770,-28.125,-49.475,1826.97,325036.6
951325,66.025,163.2367,1816.91,448044.8
954753,12.0325,104.1708,1812.95,420307.1
960846,51.8842,-178.1425,1805.94,655296.1
968977,-15.2383,-42.8208,1797.71,210074.8
979203,36.1458,-121.4192,1786.74,212172.7
984561,67.5392,168.1383,1780.95,270920.7
985510,8.4942,99.7292,1780.03,357987.8
992685,44.3533,146.2533,1772.11,255572.3
996413,-7.9625,157.0617,1768.14,226161.3
999299,45.4725,114.5892,1764.79,286856.6
1004405,17.1625,54.8533,1759.92,567189.7
1004406,31.0617,116.1875,1759.92,215455.7
1012461,9.9342,9.0342,1751.99,374231.0
1012462,7.6225,-8.4083,1751.99,346521.2
1012463,-37.9192,178.0608,1751.99,247569.2
1019981,80.4325,-19.6858,1744.07,232815.6
1022880,47.0575,120.5217,1740.71,295792.3
1042184,24.6492,72.775,1722.12,615119.7
1043301,45.1783,141.2417,1720.9,207046.9
1052258,79.0108,17.4908,1712.98,743704.3
1057780,38.1192,128.465,1708.1,225478.7
1058960,0.0425,-91.3342,1706.88,1319237.7
1062218,22.2908,111.215,1704.14,212179.6
1065489,69.13,94.9375,1701.09,1300561.4
1065490,0.9892,109.9233,1701.09,218418.2
1065495,67.9933,-136.585,1700.78,220188.9
1073266,44.1042,128.0425,1693.77,224141.1
1073267,44.1025,128.0392,1693.77,223954.3
1073268,44.1017,128.0375,1693.77,223860.6
1076664,-13.9925,-47.4875,1691.03,520289.6
1089271,18.2275,82.725,1680.06,907300.2
1089272,-3.915,133.0108,1680.06,212009.4
1096265,-30.4358,18.0942,1673.96,219703.9
1096266,-30.4367,18.095,1673.96,219586.6
1100720,-18.5067,-41.1708,1670.0,210415.5
1120463,58.8875,-63.71,1652.02,791472.2
1122693,-33.7808,-80.815,1649.88,898096.0
1127447,19.6,73.7108,1645.92,567282.3
1135087,-68.835,-90.6175,1640.13,747990.2
1137992,54.255,58.105,1638.0,1150764.3
1137993,-12.0267,23.5667,1638.0,283677.4
1148274,44.1125,-73.9242,1628.85,208683.8
1149459,-20.5883,164.77,1627.94,605940.6
1156451,-17.3992,145.8183,1622.15,882445.5
1161582,-21.8867,166.415,1617.88,223204.3
1162752,-41.8708,146.0333,1616.96,488829.5
1171776,-20.6333,30.315,1609.95,242921.0
1173141,50.8517,143.1417,1609.04,282527.0
1178326,45.9042,-68.9217,1605.69,254883.1
1181102,50.7358,15.7392,1602.94,290336.1
1182490,-73.575,-94.0592,1601.72,469603.5
1183920,11.9033,18.1908,1600.81,633999.2
1185423,60.1158,-159.3242,1600.2,301086.2
1188615,22.0583,-159.4975,1598.07,327435.7
1190013,-32.0025,151.4475,1596.85,450481.7
1224906,59.6317,59.135,1570.02,477627.1
1254209,75.1667,57.8167,1548.99,1065135.7
1254210,48.4242,75.4708,1548.99,429326.2
1259639,44.6133,34.2433,1545.03,306731.4
1263835,-14.7242,26.85,1541.98,275155.5
1265241,-16.2825,28.1233,1540.76,219938.2
1268133,46.8108,151.79,1538.94,339336.5
1276566,36.2575,117.1017,1533.14,299594.8
1279427,-23.4008,132.395,1531.01,1549281.4
1279437,12.1125,-12.2633,1530.71,342452.9
1290555,-67.3083,164.6317,1524.0,366401.5
1290556,-67.4392,164.7683,1524.0,357109.6
1305899,51.2975,123.1283,1514.86,352870.3
1323916,12.575,54.0225,1502.97,469276.8
1323917,12.5617,54.0175,1502.97,468167.4
1323918,22.8025,44.9167,1502.97,327651.1
1360149,38.7,-79.5333,1481.63,282318.4
1377774,66.7208,64.3917,1470.96,213902.5
1382668,62.9142,176.5158,1467.92,247868.0
1384388,16.045,-61.6642,1467.0,672649.8
1393356,10.8875,13.7808,1461.82,267316.5
1415611,11.9833,31.0708,1449.93,401865.2
1440317,64.9925,-165.3292,1436.83,453479.0
1442152,39.8083,2.7942,1435.91,219258.5
1443984,-26.3192,131.7442,1435.0,329791.5
1458082,46.6325,128.465,1426.77,231549.0
1483692,-12.0775,37.63,1412.75,201369.6
1510001,76.9192,16.1408,1399.95,224843.6
1517145,-33.3442,148.9825,1396.9,218270.9
1531241,24.7275,42.6742,1389.89,204047.2
1562510,-58.4408,-26.3292,1374.95,719481.3
1562511,-18.7717,21.7533,1374.95,351917.9
1568915,-74.5358,-86.89,1371.9,230337.7
1579752,9.135,23.145,1366.72,366372.6
1579753,9.1367,23.1458,1366.72,366175.4
1581932,23.9633,86.1292,1366.11,334694.4
1610117,17.1458,22.4967,1353.92,357110.6
1619105,22.4492,78.3717,1349.96,489667.4
1632935,56.7967,-5.0033,1343.86,738610.6
1635317,-22.6325,44.1675,1342.95,200118.1
1647172,18.1725,-66.5917,1338.07,393590.2
1680088,-17.615,178.0183,1324.05,1037028.8
1690702,-18.12,-60.02,1320.09,367474.4
1714142,14.3442,21.6583,1310.94,248921.4
1742183,29.1017,-118.3133,1299.97,316003.6
1755625,-60.5808,-45.4783,1294.79,473351.4
1816129,-9.81,-139.0692,1275.89,1408103.8
1821788,41.9992,-74.3858,1274.06,219603.9
1833201,-21.015,148.6008,1270.1,494390.4
1839073,48.9875,-65.9483,1267.97,405901.9
1856552,-5.9233,132.895,1261.87,211252.6
1897455,-22.9808,118.5875,1249.07,1213236.3
1897465,-24.9517,148.1192,1248.77,438749.1
1924153,-16.8992,179.9892,1241.15,223648.4
1932125,-38.1583,-61.9517,1239.01,540666.0
1945774,-19.495,146.97,1235.05,239410.4
1949433,23.4892,83.6117,1233.83,261411.6
1963883,-46.9042,37.7083,1229.87,1804868.5
1963884,3.6825,-56.5358,1229.87,373018.1
1970985,64.4533,-159.415,1228.34,207679.2
2013269,1.6292,10.285,1216.76,258536.9
2081049,67.7258,33.4733,1200.91,509671.8
2081050,67.7267,33.4717,1200.91,509565.2
2091128,-8.16,-36.3925,1198.78,564585.3
2091129,20.5258,31.5283,1198.78,407051.1
2133490,28.1942,13.9767,1189.02,442654.1
2133500,64.855,-173.4367,1188.72,284797.2
2133501,63.9842,-65.8375,1188.72,213676.3
2146969,53.6467,-58.5525,1185.98,518981.3
2170331,21.6483,86.3592,1180.8,256616.3
2200597,47.31,-70.8308,1175.0,205989.4
2211661,22.9917,81.655,1172.87,206091.6
2222538,66.4233,153.6983,1170.74,229206.0
2222539,66.4225,153.6992,1170.74,229204.0
2240578,-31.5033,138.5508,1167.99,860574.3
2246638,-37.3417,142.5767,1167.08,276461.0
2246639,-37.2933,142.6008,1167.08,275285.2
2258204,-0.1958,104.55,1164.95,343732.4
2313773,15.2567,-1.6683,1154.89,1007987.6
2313774,-16.0633,-59.465,1154.89,203328.7
2313775,-16.0683,-59.4658,1154.89,202797.4
2319062,-4.7825,-40.1325,1153.97,405689.7
2360529,75.5633,111.0692,1146.05,779792.1
2366052,21.5275,70.5275,1145.13,350512.0
2366059,51.8,10.615,1144.83,223162.8
2392724,52.3217,-70.4458,1139.95,467053.6
2392725,21.985,-80.1325,1139.95,393908.4
2403645,1.5283,-59.2392,1137.82,252441.7
2430082,36.175,120.6267,1132.94,315797.0
2462977,15.06,30.415,1126.85,283965.5
2469039,-10.8325,-63.5775,1125.93,597651.3
2481208,59.825,92.8542,1123.8,534562.3
2529717,48.6442,66.9458,1116.79,364031.3
2581055,-19.6683,-175.0158,1108.86,609590.5
2620112,37.81,-25.2108,1103.07,286152.8
2652505,-77.6308,-153.6808,1097.89,247359.9
2671256,-34.375,118.2558,1095.15,1226230.6
2671265,71.0958,-179.3558,1094.84,256119.3
2702348,-46.4208,52.2275,1089.96,1109088.0
2733537,53.0683,-4.0758,1085.09,368725.2
2739813,-19.6092,169.4017,1083.87,360530.1
2765069,27.3225,17.2133,1079.91,328003.6
2806061,-19.6042,144.055,1072.9,241983.0
2806062,-19.5992,144.0725,1072.9,240176.1
2806063,-19.6008,144.075,1072.9,240075.4
2806064,-19.5967,144.0725,1072.9,240011.6
2806065,-19.5775,144.0767,1072.9,238403.7
2822609,0.9558,13.6858,1069.85,362581.8
2850295,-19.2017,-57.5933,1064.97,202340.5
2939398,18.7925,-110.9733,1050.04,490961.7
2951973,-17.2367,-51.7767,1047.9,212344.1
2999278,27.6583,75.3925,1040.89,321121.2
3013685,51.9992,-9.7425,1039.06,402278.9
3057414,-1.6167,11.765,1031.75,353672.5
3223700,59.1925,-115.5917,1006.14,275618.7
3321367,7.3292,0.7092,989.99,878695.4
3355440,3.9758,108.3358,983.89,283224.0
3367804,-17.4358,127.2367,982.07,740729.9
3407515,-79.59,-45.815,975.06,268000.7
3412885,1.9583,-68.1283,973.84,240392.1
3433172,18.7675,145.6675,969.87,1897632.3
3455098,-14.2333,-169.4542,965.91,240508.2
3460626,79.5892,99.15,965.0,450493.3
3460627,79.5383,98.7467,965.0,450060.6
3492104,-24.3567,150.9392,960.12,278769.6
3492105,-2.5642,150.1617,960.12,207810.7
3492139,31.9758,13.32,959.82,387564.1
3591465,66.7317,109.3892,944.88,331767.4
3617565,-15.8717,-57.2175,940.92,221696.4
3647041,18.3367,32.7408,935.74,271344.8
3652117,52.8933,172.98,934.82,325230.0
3719035,-11.6533,166.8742,922.93,253841.4
3758626,53.08,70.1883,915.92,449040.0
3764093,22.6508,-12.5742,915.01,648727.7
3769811,39.4633,-31.22,914.1,236571.5
3769812,-24.9933,120.49,914.1,212458.1
3780378,58.4225,104.835,911.96,248536.9
3790272,-40.3092,-9.9467,910.13,406451.9
3799507,69.965,109.6158,908.0,337834.0
3813089,-4.645,55.4392,904.95,1107810.9
3813090,63.1267,97.79,904.95,208653.2
3830797,7.1,5.0825,900.99,320415.8
3835151,-6.4033,-50.3325,899.77,641825.0
3916188,62.2967,-7.0133,882.09,446574.0
3920921,-37.8492,77.5483,880.87,1408888.9
3925783,-4.4142,12.7642,879.96,209840.9
3925784,53.9158,-62.0017,879.96,201087.3
3931159,32.6392,21.84,878.74,337637.4
3948737,-31.58,159.0825,875.08,602221.3
3961365,8.6342,20.0825,871.73,236338.0
3969839,69.2425,-121.54,869.9,484568.4
4013321,-0.7342,-73.0875,860.15,271068.7
4018441,-7.9517,-14.3425,858.93,1798164.3
4027160,-7.1217,128.6733,856.79,222093.6
4054185,3.5775,-53.5192,851.0,277721.1
4091364,-1.0358,-53.9017,842.77,451327.0
4096443,57.6683,-105.275,841.86,394219.8
4096444,57.6667,-105.2775,841.86,394086.0
4096445,57.6658,-105.28,841.86,393944.5
4096446,-25.9017,-56.16,841.86,258918.9
4112476,35.1675,-93.645,839.11,601471.1
4130572,24.2342,141.4633,834.85,647004.6
4143907,51.47,-100.7208,831.8,356193.4
4156902,53.15,-107.4742,830.58,219049.0
4166194,53.4142,-102.3058,828.14,241660.6
4184626,-13.7742,143.3217,823.87,301355.8
4189368,-15.9617,-5.7033,822.96,1291848.8
4243147,48.8333,-58.4842,811.99,447140.3
4342432,20.5708,-12.8092,794.92,229857.2
4375036,6.8733,158.2283,790.96,1317638.3
4430687,-54.405,3.3475,779.98,1851159.4
4441731,16.355,145.6567,777.85,266367.4
4462921,-35.525,173.5108,773.89,201163.1
4512175,-72.1742,-99.2983,764.74,207894.6
4518081,-8.4633,-55.6025,763.83,452146.1
4518082,58.5433,100.1292,763.83,201904.4
4518083,58.5425,100.13,763.83,201799.7
4523950,28.6675,11.6567,762.91,210883.8
4530081,75.3692,-115.0825,762.0,652058.7
4586907,14.98,6.2142,751.94,322560.7
4614381,3.8025,43.825,746.76,238216.6
4614382,3.8008,43.8217,746.76,237803.2
4703324,13.1583,93.0058,732.13,555630.9
4710198,54.9442,166.34,730.91,238881.9
4723628,-8.5825,-48.6567,728.78,231874.9
4756132,71.1358,-122.9533,723.9,202780.5
4802153,-2.14,146.94,718.11,291570.1
4908779,-51.6917,-58.8342,705.0,507908.1
4908780,-50.8958,166.0217,705.0,442982.0
4928975,26.685,-4.8592,701.95,262763.6
4936202,47.8975,-90.5608,701.34,703439.6
4958113,-29.4658,117.2983,697.99,286643.4
4983790,22.7875,-83.3683,693.72,333329.1
4983791,16.0667,11.385,693.72,248873.1
4990518,47.3167,-80.7492,693.12,397732.9
4997319,-30.36,119.6725,691.9,249773.8
5010683,-20.5075,-29.325,690.07,1147226.2
5024808,-19.1908,128.835,687.93,216751.4
5039063,-6.54,-46.2567,685.8,313021.4
5039064,-6.5392,-46.2575,685.8,312993.0
5039065,0.0867,-70.8625,685.8,263785.6
5039066,61.6367,-72.7417,685.8,245893.8
5039067,61.6367,-72.7392,685.8,245790.9
5141158,74.0275,96.2383,671.78,316873.6
5171996,-81.6533,-148.8392,667.82,246329.6
5179070,-1.8575,105.84,666.9,230257.8
5185903,18.0767,-11.3892,665.99,274935.9
5193204,46.9917,-83.9842,665.07,246634.9
5261391,-15.855,-173.7125,655.93,269568.5
5284634,-21.2342,-159.7633,652.88,994847.5
5284635,65.935,-109.7408,652.88,297880.1
5284636,13.8208,9.3917,652.88,263153.6
5299904,71.8583,-112.5892,650.75,374394.3
5299905,71.8583,-112.5975,650.75,374106.8
5299906,71.8567,-112.6025,650.75,373910.6
5307552,48.47,58.4883,649.83,422719.0
5452841,-27.5992,-144.3758,633.07,1185267.6
5452856,70.1117,-84.36,632.76,231917.7
5461642,-32.8825,121.1625,631.85,308810.0
5489356,5.3108,162.9933,629.11,552322.8
5516871,66.0992,-90.4042,625.75,512805.2
5535586,7.1517,93.8258,623.93,211585.7
5544557,-10.3917,-57.9708,622.71,293758.9
5562381,80.8008,58.495,620.88,494117.4
5651883,64.83,-83.6025,611.12,343430.2
5651884,47.2317,-95.5033,611.12,213883.7
5672298,-20.8875,139.8842,608.99,389584.7
5709507,0.1542,23.2775,604.72,209111.3
5728690,70.6942,-93.7425,602.89,317194.9
5780766,25.3925,29.6617,597.71,258056.4
5819717,-33.4458,123.4758,594.06,224643.5
5986318,45.6492,-78.2575,577.9,216732.2
6016436,5.525,-87.0808,574.85,515422.1
6016437,-38.0092,-65.605,574.85,212811.4
6026623,-1.44,5.6325,573.94,201204.1
6127285,8.6675,106.5783,564.79,252980.0
6211445,-52.5708,169.1658,558.09,282153.9
6276856,-13.0425,133.0808,551.99,598132.4
6276857,-13.0417,133.08,551.99,598114.3
6338787,16.8608,-3.6967,546.81,203548.6
6372142,3.1658,106.2192,543.76,225336.2
6407862,68.2983,-85.2783,540.72,202128.9
6420887,37.5717,-90.7292,540.11,238431.8
6469681,74.4275,19.2033,536.14,252817.8
6469693,44.0725,52.5608,535.84,416704.2
6506108,72.1092,140.8633,532.79,230769.4
6592145,24.4275,124.1833,526.08,235395.7
6616519,-14.2708,-178.1392,523.95,322113.7
6616520,43.0283,-89.8525,523.95,210387.7
6655612,44.3658,-85.6783,520.9,259618.8
6724801,-29.2675,-177.9075,516.03,981752.3
6748504,-34.3808,-54.6733,513.89,484085.0
6841642,60.665,-173.0883,507.49,310383.7
6841654,-27.0858,-109.38,506.88,2831322.0
7014725,14.145,145.1875,495.0,248956.5
7072845,-23.1292,-134.9717,491.03,1066684.6
7108793,73.2375,-94.6817,488.9,230336.4
7279708,-26.36,-79.8983,479.15,810137.8
7394903,40.37,-83.72,472.14,272597.7
7414191,64.6017,50.3467,470.92,387655.5
7519044,57.345,-76.475,464.82,267925.4
7655310,42.14,60.4217,457.81,221335.4
7764387,5.2242,48.1817,451.71,228462.7
7806261,60.5342,-1.4458,449.88,210650.7
7903781,23.9358,69.8233,444.7,208679.4
7945703,7.3408,151.6233,442.87,725749.6
8086569,-23.8575,-147.6483,437.08,528260.4
8150676,-18.6208,137.5025,433.73,246746.0
8172995,-54.7058,158.82,433.12,641513.7
8173011,48.5208,0.0275,432.82,237944.9
8399921,16.5767,-7.2358,423.98,266866.0
8544118,-28.4883,136.0225,418.8,277171.8
8596851,63.0733,32.6242,416.97,332169.2
8622796,73.1067,82.79,415.75,246602.4
8649592,76.6525,148.5883,414.83,481198.8
9241992,-19.6983,63.4458,395.94,599180.7
9241993,-22.75,143.29,395.94,205041.1
9402031,-22.4583,-151.3467,390.14,217368.9
9470608,48.4167,-3.88,387.1,224480.1
9664786,57.5075,14.5,378.87,249507.5
9708085,53.4317,49.8317,376.73,209814.3
9772032,-10.1467,142.3208,373.99,275534.4
9772033,75.1367,140.0258,373.99,254841.9
9899870,30.4833,140.3033,368.81,225006.3
9970620,-49.6842,178.7808,366.06,738493.0
10017874,48.2283,38.9158,363.93,374139.6
10064916,-10.4833,105.5808,361.8,372792.1
10218692,57.2883,33.9517,355.7,646863.5
10218693,76.785,158.1025,355.7,232944.6
10267832,53.8525,27.0625,353.87,396312.9
10267833,53.8517,27.0608,353.87,396198.7
10267834,53.8508,27.0642,353.87,396155.6
10267835,50.5683,45.14,353.87,279372.4
10461435,-25.0708,-130.11,346.86,538999.8
10514023,13.345,-81.3658,344.73,293837.2
10540724,63.4117,37.0108,343.81,221931.2
10771863,56.8508,29.3833,335.89,241520.9
10939004,54.2233,18.1242,329.79,344958.4
11246854,-29.0117,167.9425,319.13,744305.4
11655280,59.8358,44.61,303.89,470321.2
11712094,4.0017,-81.6075,302.06,361372.7
11712102,67.0983,48.9458,301.75,203048.9
11931081,-44.1242,-176.5833,294.74,693587.8
12123206,56.6033,-169.6783,288.95,340886.0
12179228,18.3625,-114.6983,286.82,390820.7
12353062,51.1192,37.2667,280.72,202103.7
12448361,63.3133,82.3092,277.98,300744.8
12527749,23.0625,-161.9275,275.23,224648.6
12778004,63.4058,45.565,265.79,238594.3
13069249,-12.4975,177.0675,255.12,485434.4
13069266,44.735,58.2075,254.81,213621.5
13140561,29.8958,-89.9983,251.76,463986.4
13195603,54.3025,-84.4867,249.94,252004.9
13195604,54.3008,-84.4883,249.94,251822.1
13195605,54.3017,-84.4892,249.94,251817.7
13412713,7.59,134.5883,242.01,865610.3
13620684,-23.7617,34.9833,234.7,289907.8
13765648,-22.3942,172.0858,229.82,331605.3
13974251,-3.86,-32.4217,223.11,404275.2
14327699,-15.5825,-175.6258,211.84,203024.2
15638697,-21.9283,-157.9292,175.87,201866.0
15710375,9.535,138.105,174.04,439245.1
16265064,56.665,74.9575,159.72,293200.7
16649629,-13.275,-176.2067,150.88,229050.3
17153235,14.84,-17.0,139.9,440034.5
17918947,-18.8425,-159.7867,124.05,262103.3
18805356,-15.81,-148.2683,105.77,223887.8
19308201,56.405,143.3858,95.71,224854.7
19357140,-19.0808,-169.9408,94.79,423353.6
19406247,28.5983,-81.7292,94.49,342599.4
19406248,28.6492,-81.7333,94.49,337592.3
19884724,23.575,-164.7,84.12,289190.4
20029206,-0.8617,169.5408,81.08,994392.5
20029222,-19.9925,-158.1175,80.77,213156.5
20029223,-19.9958,-158.1167,80.77,212780.9
20234119,32.3175,-64.7333,76.81,1136061.8
20420372,-47.7617,179.0408,73.15,209453.0
20745257,25.9492,131.2942,66.75,290503.2
20845158,-0.5292,166.9125,64.92,293370.4
20895884,24.2392,-75.3742,63.7,338404.4
21573177,19.7458,-79.7342,50.9,213259.9
21573178,19.7467,-79.7317,50.9,212992.4
21814365,0.5342,72.9975,45.72,966769.1
22196014,6.68,149.2975,37.8,261056.2
22280032,-5.7733,53.3125,35.97,253925.9
22323318,-5.2908,71.7408,34.75,659051.1
22517331,4.6842,-160.3625,30.78,1655250.2
22517332,-9.745,46.5142,30.78,340650.3
22582303,-26.5117,-105.285,29.87,397511.2
22643611,-11.4233,-151.8258,28.96,556579.5
22643612,5.3317,132.225,28.96,273780.7
22643613,3.01,131.1233,28.96,266671.1
22692248,9.7675,140.525,27.74,256670.8
22743182,-8.0642,178.375,26.82,509153.3
22743183,-20.78,-138.5483,26.82,446040.2
22743184,6.4117,-162.3533,26.82,289391.6
22743185,5.8758,-162.0817,26.82,229105.6
22795043,-10.395,-161.025,25.91,943284.6
22846076,28.2108,-177.3858,24.99,1217084.5
22846077,8.7267,167.74,24.99,641443.6
22846078,8.7258,167.7392,24.99,641314.4
22846079,4.6783,168.6825,24.99,605014.6
22898151,-12.1725,96.8333,23.77,948597.9
22898152,-11.8242,96.8225,23.77,919958.1
22898153,-4.6775,-174.5358,23.77,869039.4
22898154,-7.1317,56.285,23.77,270392.2
22898155,6.22,160.6925,23.77,266060.2
22898156,3.8533,154.9708,23.77,245711.8
22898157,-9.9975,-150.2308,23.77,234608.1
22955722,-0.3767,-160.0167,22.86,559360.5
22955723,0.9325,173.035,22.86,435956.8
22955724,0.845,172.9775,22.86,425915.4
22955725,-18.0575,-163.19,22.86,369244.7
22955726,-9.0258,-157.8842,22.86,367647.5
22955727,-9.0275,-158.005,22.86,354925.8
22955728,-11.05,-171.0708,22.86,298913.3
22955729,-11.0508,-171.07,22.86,298870.9
22955730,-11.0533,-171.0675,22.86,298746.1
22955731,-11.05,-171.0775,22.86,298588.3
22955732,9.2625,169.9492,22.86,250042.5
22955733,-5.46,159.4408,22.86,238994.4
23014717,-15.7358,-142.1292,21.95,652516.5
23014718,-14.1917,-141.1825,21.95,487282.0
23014719,-14.1908,-141.1833,21.95,487257.2
23014720,-14.1892,-141.1817,21.95,487004.2
23014721,-20.7058,-143.0442,21.95,468286.6
23014722,-20.7075,-143.0433,21.95,468194.0
23014723,-5.6467,176.065,21.95,352231.0
23014724,-5.6458,176.0658,21.95,352208.5
23014725,-4.7783,157.0275,21.95,209338.1
23014726,-4.7792,157.0267,21.95,209224.1
23077123,10.2833,-109.2083,21.03,952960.0
23077127,6.9608,73.2092,20.73,429544.8
23077128,-13.2733,-163.1992,20.73,392621.5
23077129,-16.7192,59.5667,20.73,390083.0
23077130,-9.2308,51.0342,20.73,357783.9
23077131,3.4733,72.8392,20.73,325305.4
23077132,3.4725,72.8342,20.73,325244.4
23077133,-10.1225,51.1608,20.73,289305.5
23077134,-14.4383,-146.2233,20.73,265005.8
23077135,6.2408,171.9342,20.73,254782.5
23077136,10.8058,73.6683,20.73,213648.1
23077137,10.8175,73.665,20.73,213131.7
23077138,10.8167,73.6783,20.73,212046.2
23077139,10.815,73.6825,20.73,211805.0
23077140,10.8167,73.6933,20.73,210765.4
23149737,16.7358,-169.5233,19.81,849898.3
23149738,-1.335,176.4375,19.81,454272.2
23149739,-1.3308,176.4342,19.81,453713.4
23149740,-10.8925,-165.8733,19.81,392567.1
23149741,-2.6208,176.8067,19.81,344464.5
23149742,-2.625,176.8133,19.81,344194.8
23149743,-2.665,176.845,19.81,340778.8
23149744,-2.6667,176.845,19.81,340600.5
23149745,-11.5642,-165.4133,19.81,306110.7
23149746,-11.5617,-165.4108,19.81,306069.0
23149747,57.5958,-13.6875,19.81,301513.8
23149748,7.6208,155.1592,19.81,275966.3
23149749,7.3817,147.0367,19.81,235993.7
23216783,-10.3967,56.6192,18.9,362020.9
23216784,7.3733,143.8333,18.9,353661.3
23216785,7.2583,144.45,18.9,285941.1
23216786,7.2483,144.455,18.9,285446.3
23216787,7.2458,144.4558,18.9,285371.2
23216788,11.1433,166.29,18.9,225790.2
23216789,11.1417,166.2908,18.9,225584.6
23216790,11.3808,167.5133,18.9,219009.0
23216791,11.2967,167.4683,18.9,216648.4
23216792,-21.8117,-154.7083,18.9,215399.9
23287129,-17.3292,-138.3442,17.98,382329.3
23287130,-17.3433,-138.3533,17.98,380709.7
23287131,16.9483,112.3342,17.98,272362.9
23342162,9.8442,160.8,16.76,366473.8
23342163,-4.4617,-171.2575,16.76,362292.3
23342164,-4.455,-171.2608,16.76,361976.7
23342165,1.0333,154.7958,16.76,309499.2
23342166,1.035,154.7983,16.76,309299.0
23342167,1.0358,154.8,16.76,309196.3
23342168,1.0375,154.8017,16.76,309001.8
23342169,1.0433,154.8058,16.76,308331.9
23342170,1.0458,154.8067,16.76,308050.7
23342171,1.0842,154.8058,16.76,303823.8
23342172,-18.145,-142.2242,16.76,265868.9
23342173,-4.5158,-172.2208,16.76,255226.5
23342174,-4.5175,-172.2225,16.76,255028.5
23342175,-10.7908,179.4725,16.76,241858.4
23342176,-17.4767,-143.4375,16.76,236847.8
23398577,2.0067,-157.3967,15.85,288658.7
23398578,-14.8275,-138.7942,15.85,266655.3
23398579,-18.5708,-136.2975,15.85,256567.6
23398580,-18.5692,-136.2967,15.85,256545.6
23398581,11.4567,162.0892,15.85,227391.3
23398582,-21.3292,-136.53,15.85,215519.6
23398583,-21.3317,-136.5358,15.85,215012.8
23398584,-21.335,-136.5542,15.85,213282.0
23398585,-21.3425,-136.5567,15.85,213262.3
23398586,-23.1325,-137.1242,15.85,211329.1
23459637,25.7775,-171.7275,15.24,595947.3
23459668,-16.9442,149.2,14.94,320325.8
23459669,-16.5117,-154.645,14.94,253316.3
23459670,-16.51,-154.6442,14.94,253223.8
23459671,-15.825,-154.5167,14.94,249765.1
23525017,19.2983,166.6467,13.72,856326.7
23525018,10.3767,114.3675,13.72,372540.3
23660147,-5.6267,-155.9,11.89,429677.4
23660148,-5.6592,-155.8742,11.89,428114.3
23660149,-5.64,-155.9117,11.89,427746.3
23660150,-5.6317,-155.9275,11.89,427628.0
23660151,-5.655,-155.8917,11.89,427486.4
23660152,14.7192,168.9183,11.89,307937.1
23660153,26.06,-173.9608,11.89,225925.2
23735923,24.285,153.9758,10.97,1017528.1
23735924,0.1933,-176.4858,10.97,578262.6
23735925,-3.9883,-154.8983,10.97,214133.8
23917133,20.4192,136.11,8.84,675849.3
23917134,20.4258,136.1083,8.84,675223.1
23917135,-17.4033,155.8708,8.84,595639.2
23917136,-19.8667,158.3075,8.84,511619.6
23917137,-15.89,54.525,8.84,437463.4
23917138,-15.8883,54.5217,8.84,437089.2
23917139,-15.8875,54.5192,8.84,436813.1
23917140,-23.25,155.5417,8.84,281939.4
23917141,7.3733,113.845,8.84,232093.0
23917142,7.3742,113.8467,8.84,231991.5
24007429,-24.6808,-124.7725,7.92,357718.6
24007430,-24.675,-124.7758,7.92,357338.3
24007431,-24.6742,-124.7783,7.92,357079.7
24007432,-24.6742,-124.7883,7.92,356069.9
24007433,-24.675,-124.7925,7.92,355655.3
24007434,-20.93,154.4042,7.92,282440.7
24007435,-21.6592,153.77,7.92,253542.2
24102811,20.6992,116.73,6.71,245255.6
24102812,20.7,116.725,6.71,244970.4
24274508,-17.2742,119.36,4.88,257244.9
24274509,8.6458,111.9192,4.88,254276.1
24274510,8.6433,111.92,4.88,254046.8
24274511,8.6458,111.9217,4.88,254046.3
24341692,24.9575,-115.7675,3.96,279136.3
24341693,24.9583,-115.765,3.96,278931.8
24341694,24.9608,-115.765,3.96,278690.7
24341695,24.9625,-115.7642,3.96,278488.7
