latitude,longitude,elevation_m,prominence_m
27.9892,86.9256,8737.8,8737.8
35.8808,76.5125,8570.6,3973.9
29.595,101.8792,7437.5,3526.8
42.0356,80.1245,7419.5,4127.0
29.6392,95.0653,7354.9,3665.9
36.4128,87.3831,6981.6,1957.5
-32.6533,-70.0117,6915.5,6915.5
-27.1097,-68.5414,6886.6,3677.8
36.0242,90.8661,6834.6,1823.8
-9.1208,-77.605,6736.8,2770.4
-18.1083,-68.8828,6544.1,2430.2
-15.5461,-72.6603,6418.0,2232.9
34.7975,99.4625,6309.2,1984.7
-1.4689,-78.8178,6262.5,4117.3
63.0694,-151.0061,6179.9,6179.9
35.6525,94.2505,6179.6,1633.9
-21.2208,-68.4683,6176.2,2171.3
60.5678,-140.405,5930.7,5224.1
-3.0764,37.3536,5886.8,5886.8
39.2514,93.6964,5826.4,2525.7
38.5006,97.7245,5819.0,2241.9
10.8389,-73.6861,5697.9,5506.1
43.3525,42.438,5632.4,4735.6
35.9544,52.1105,5598.8,4660.8
19.0303,-97.2703,5591.6,5591.6
2.9239,-76.0269,5377.6,2639.3
43.7897,88.4111,5337.8,4014.3
6.4944,-72.2975,5336.4,3573.2
0.3856,29.8725,5024.4,3844.0
-78.4092,-85.8658,4918.8,4918.8
43.0742,94.3472,4881.3,3238.8
56.0578,160.6439,4845.6,4741.0
45.8328,6.8647,4810.7,4696.1
-4.0833,137.185,4804.0,4804.0
13.2361,38.3683,4523.8,3972.2
-84.3278,166.45,4511.0,2586.7
29.5117,57.2711,4489.6,2729.3
-5.7858,145.0325,4474.7,2936.3
49.8075,86.59,4449.3,3285.5
36.5785,-118.2924,4419.0,4419.0
30.9519,51.4361,4402.3,2589.6
39.1178,-106.4453,4399.2,2767.3
46.8529,-121.7604,4392.5,4113.0
6.8267,39.8189,4388.2,2521.9
41.409,-122.1949,4316.6,2977.3
-77.0403,-126.0958,4268.0,2501.2
19.5628,-103.6083,4244.6,2685.4
43.1843,-109.6543,4212.9,2161.0
15.0433,-91.9036,4212.1,3976.1
46.6175,93.5945,4206.6,1830.0
19.8207,-155.468,4205.0,4205.0
31.06,-7.915,4158.4,3749.8
-71.7867,168.7508,4153.5,2638.9
-80.3667,77.3542,4086.3,1344.1
6.0725,116.5775,4057.3,4057.3
4.2181,9.1733,4029.2,3903.8
-46.5958,-73.3444,4022.6,3661.5
-78.0603,162.6883,4001.3,2169.8
38.9858,-114.3139,3981.6,2305.5
44.9947,100.2308,3952.4,1974.5
51.3756,-125.2667,3940.6,3226.2
23.47,120.9572,3936.6,3936.6
28.6078,61.1247,3926.8,2890.1
53.1108,-119.1569,3915.6,3195.2
38.5317,35.4469,3890.7,2393.9
-85.7089,-128.5778,3885.2,1456.3
35.3464,-111.678,3850.5,1839.5
9.4842,-83.4886,3812.3,3760.6
-77.3167,39.7008,3788.4,94.2
-1.6975,101.2644,3775.4,3775.4
35.3606,138.7272,3768.4,3768.4
33.955,107.765,3761.4,2249.7
24.8714,-100.2328,3720.6,1876.4
28.2728,-16.6425,3706.0,3706.0
-8.4117,116.4581,3704.7,3704.7
68.8397,-29.9211,3691.6,3691.6
15.28,43.9778,3664.4,3309.1
-43.5953,170.1419,3658.1,3658.1
33.3743,-105.8088,3649.4,1691.0
30.2625,67.3014,3569.5,1581.8
38.8342,105.9494,3543.2,2106.0
51.7189,100.5972,3482.0,1569.0
-29.4683,29.2692,3480.0,2389.5
37.0533,-3.3117,3472.3,3280.0
3.7975,97.2189,3460.0,2934.1
19.7939,18.5522,3447.0,2935.9
-3.385,120.0242,3432.8,3432.7
42.6311,0.6564,3364.9,2773.3
23.2061,-104.9442,3334.8,1359.1
37.755,14.9953,3323.8,3323.8
36.2808,59.0494,3314.0,1869.6
25.9561,-107.0478,3299.9,862.0
-75.1,123.3325,3275.9,40.6
72.5531,-37.58,3230.7,536.0
-69.7981,-64.4544,3212.0,2168.7
-73.4622,61.8783,3211.2,1168.2
-73.4425,-126.7508,3195.1,3124.3
-73.5997,38.9158,3180.2,31.6
-77.7644,77.0542,3180.1,37.4
3.9461,32.9103,3179.1,2114.3
-88.1533,-172.3778,3175.8,112.1
-71.8764,6.67,3143.5,731.0
22.3036,103.7755,3113.5,1572.7
31.4403,110.3072,3103.1,2276.2
19.0319,-71.0053,3094.0,3094.0
34.3011,36.1156,3085.7,2391.9
-74.4161,-6.0317,3085.4,234.8
28.2528,-107.5944,3080.7,827.0
21.2336,93.903,3077.3,2156.8
36.6053,30.1206,3062.9,1966.7
39.0806,113.567,3061.8,1786.7
-21.0989,55.48,3045.5,3045.5
-3.1733,129.4556,3031.8,3031.8
12.9436,24.2344,3010.9,2476.8
-72.15,23.2608,3010.2,715.6
-82.4606,-103.8889,2994.9,876.6
-15.9494,35.5931,2992.4,2312.9
23.2375,57.2642,2988.9,2865.7
56.8775,117.5047,2980.0,2133.8
57.3464,-124.0928,2977.1,2254.7
65.1772,146.0117,2976.5,2416.1
-9.0775,34.0225,2960.6,1670.3
63.4314,-130.3244,2953.4,2153.4
-8.9064,125.4933,2951.9,2951.9
62.6044,140.9411,2948.6,1913.6
-1.1558,133.9794,2946.8,2775.1
6.9875,125.2708,2946.2,2946.2
-54.4497,-36.5236,2925.5,2925.5
-89.6581,126.3556,2923.6,56.0
73.0908,-28.6183,2922.7,1167.6
16.5978,120.8989,2922.6,2922.6
42.1792,23.5853,2921.4,2470.5
-74.1353,-3.6108,2916.9,31.5
-88.45,46.4722,2906.9,30.9
-77.2783,71.1975,2899.4,34.8
-72.5492,0.6542,2899.3,475.8
-71.4619,159.7942,2897.4,680.1
-72.5825,44.8392,2897.4,30.8
23.2886,5.5339,2882.2,2305.8
42.4697,13.5644,2878.2,2436.5
63.1606,-44.7867,2877.2,394.6
-20.4342,-41.7964,2877.2,2627.6
-14.0222,48.9669,2876.1,2876.1
54.7553,-163.9708,2850.9,2850.9
3.6633,-65.4083,2821.4,2711.4
48.4656,107.4128,2800.8,1437.1
-72.5683,41.7058,2795.3,33.4
-22.4281,-44.8428,2793.4,2066.4
-82.5269,131.4611,2788.2,31.3
-64.6242,-63.4383,2787.4,2787.4
14.95,-24.3425,2781.5,2781.5
-86.1519,158.7056,2769.6,34.1
17.5622,38.0056,2762.0,1423.4
-53.1036,73.5175,2750.4,2750.4
10.5428,-66.7825,2749.9,2444.2
-74.6583,-10.9283,2745.0,224.7
41.9933,128.0778,2737.8,2585.4
-85.0464,-90.9639,2733.4,457.6
69.2025,-143.8011,2720.8,2403.9
-5.905,154.9953,2713.9,2713.9
61.8192,-44.6811,2708.1,225.1
5.4439,-61.0228,2695.5,2228.3
10.1697,77.0614,2680.2,2463.0
-70.7439,109.7675,2680.0,31.6
20.7794,40.798,2659.2,1004.4
-70.3139,109.4267,2649.2,37.0
-22.1947,46.8853,2648.6,1868.8
-7.0908,37.6208,2645.7,2117.3
-85.7981,-102.9472,2645.0,51.1
-19.3494,47.2433,2639.3,1660.5
-80.5494,-96.6653,2632.6,385.8
28.5094,33.9556,2628.3,2423.3
-54.6631,-69.5925,2623.5,2623.5
18.8097,97.0375,2621.1,1726.3
-12.4628,15.1736,2618.3,1511.0
-82.765,15.2458,2605.2,55.7
49.1639,20.1339,2603.9,2302.6
15.0692,107.9753,2593.8,2206.1
-83.7803,144.4389,2588.0,38.3
-88.1394,-31.3306,2587.3,32.7
43.1739,-4.8572,2586.8,1871.0
-71.9892,42.7767,2584.1,37.7
81.915,-75.0097,2584.0,2584.0
41.1,33.8633,2582.8,1542.3
-18.3006,32.8419,2582.0,1510.0
27.8817,108.6814,2566.6,1761.9
-21.1497,14.5775,2564.3,1761.7
-82.5489,11.8611,2542.4,33.7
40.2483,-5.2997,2536.9,1633.3
45.5853,24.5581,2526.5,2027.7
7.0008,80.7736,2523.1,2523.1
-75.5506,60.6383,2520.0,55.8
-83.7881,7.6361,2519.4,33.6
-83.4417,5.7028,2486.4,38.0
-81.9417,-89.8042,2483.5,592.1
-22.6497,17.1831,2477.8,1337.9
67.4128,-154.965,2473.8,1827.9
76.4694,-25.6433,2460.8,566.6
61.6361,8.3128,2459.0,2359.4
35.2264,24.7708,2452.7,2452.6
-31.7586,24.5397,2452.0,961.7
10.7364,47.2442,2445.5,1470.7
-82.8625,145.8917,2436.2,38.8
61.8886,171.17,2429.3,2311.6
-83.4197,1.6792,2419.8,32.7
-80.2086,139.5514,2417.6,31.9
-87.1506,-28.95,2409.4,31.6
-68.3811,136.6694,2395.0,42.9
23.9767,39.2825,2378.7,1457.0
-68.6239,137.6011,2373.8,34.5
67.5822,128.1439,2370.9,1661.7
55.8975,130.4539,2370.8,1678.7
-71.7111,35.8425,2364.0,220.6
-83.0503,0.4695,2359.9,38.9
53.6075,134.5764,2356.5,1899.0
-11.7589,43.3669,2356.4,2356.4
-5.0508,151.3311,2351.5,2351.5
40.9761,110.6189,2345.6,924.6
-72.875,75.0667,2339.0,293.5
38.4689,-28.3992,2334.8,2334.8
76.5728,-32.2425,2333.7,33.9
-74.1519,-66.4733,2328.2,689.9
-25.2094,30.1497,2328.0,679.8
-9.7036,160.0622,2326.3,2326.3
35.3183,6.6369,2322.6,1602.4
-33.3981,21.3681,2313.2,1533.2
-0.6597,112.6886,2310.9,2031.5
71.4011,-51.8358,2299.6,2127.4
-68.5583,52.1233,2295.2,78.9
43.6636,142.8542,2287.9,2287.9
-71.2836,42.8192,2287.0,40.6
-79.5842,147.5517,2286.2,31.3
-75.2756,63.6192,2283.0,167.3
-82.8233,-3.8208,2272.3,44.9
-83.7192,-8.0681,2271.8,41.1
71.0819,-8.1767,2262.2,2262.2
32.9117,-0.4675,2236.4,975.1
-36.4561,148.2636,2226.5,2226.5
66.7706,-65.1583,2216.9,2216.9
43.8661,-103.5312,2208.6,891.5
-70.1944,64.8,2208.2,439.4
-75.5972,153.675,2206.8,31.8
-87.0897,-82.3111,2201.6,30.5
-81.6869,146.0097,2199.0,41.3
-27.18,18.7286,2196.2,1218.9
4.6328,102.2344,2182.2,2127.2
20.7456,36.8392,2180.8,1758.9
64.2175,133.5594,2179.4,1323.1
66.0394,-52.2544,2175.0,1476.0
-67.3731,164.7556,2171.7,2171.7
-80.2167,148.1917,2171.0,55.2
-67.8997,53.5378,2164.6,225.2
27.8603,117.7833,2156.7,1952.9
14.6731,48.7808,2145.0,883.5
-19.6153,17.6203,2142.6,654.2
77.0503,-30.595,2128.3,34.3
-84.8553,-65.0333,2126.9,578.2
26.3133,114.04,2116.4,1895.2
-75.5225,67.1508,2115.7,35.2
11.3264,49.7486,2107.1,1584.8
64.0139,-16.6783,2091.5,2091.5
48.9,138.0622,2089.5,1986.9
67.9008,18.5172,2088.3,1723.2
-24.4706,27.5892,2084.1,1012.9
53.1264,-168.6953,2080.5,2080.5
23.5392,-109.9544,2078.1,1901.2
-17.1997,13.0208,2068.1,816.7
-25.2706,15.7547,2059.2,1003.5
13.4667,98.805,2050.7,1833.9
-82.0275,-7.6486,2050.1,41.1
-86.2956,-45.9389,2045.7,50.6
-80.7181,148.0958,2042.5,41.4
-67.6572,98.3578,2040.2,101.8
-37.1117,-12.2889,2040.1,2040.1
35.7649,-82.2651,2037.3,1860.5
-83.3819,-51.3833,2036.0,773.6
-13.2967,-41.9075,2030.4,1394.3
-68.4619,99.3017,2022.8,33.9
-75.1303,155.1142,2017.8,33.8
-79.0419,-8.8008,2017.5,31.6
15.3086,26.5497,2008.6,1105.9
17.8392,8.7206,2001.4,1305.9
9.9658,45.0283,2001.2,834.4
-68.5697,86.095,1996.7,90.0
1.4531,125.0311,1990.4,1853.8
-68.2053,58.38,1983.1,199.2
-83.7097,-89.4375,1980.6,211.8
0.2692,6.5417,1976.4,1976.4
24.2044,35.0058,1969.5,1475.8
33.8544,134.0947,1951.6,1951.6
27.47,-112.5919,1946.8,1624.3
83.3183,-33.2,1945.8,1804.8
73.23,-78.6233,1938.9,1938.9
9.2275,-11.115,1931.6,1652.3
64.8778,-41.7506,1930.4,120.2
30.3361,130.5042,1927.0,1927.0
33.3617,126.5358,1924.5,1924.5
44.2705,-71.3034,1916.6,1877.0
-26.5111,28.2297,1913.1,324.7
53.7269,117.5575,1909.3,848.3
-8.8611,27.0653,1908.5,769.9
-83.2178,-14.6306,1896.1,30.5
-80.6578,-24.6667,1894.4,471.3
21.9158,24.9997,1891.5,1262.5
-13.3439,29.6103,1891.0,620.1
65.035,60.1139,1889.3,1764.5
-83.8908,-25.0986,1885.9,34.2
-81.3922,-10.2458,1885.2,38.5
-74.5519,-71.6292,1882.2,119.7
-15.3631,166.7545,1879.7,1879.7
-11.5231,31.5922,1879.0,443.2
67.8169,178.2939,1878.7,1482.4
39.6736,54.5436,1877.4,1747.5
-2.7106,115.6258,1865.1,1765.3
-13.6186,-172.4869,1862.8,1862.8
70.7994,-71.6508,1858.1,1577.3
-27.8858,23.5631,1854.8,543.5
43.695,134.1994,1853.7,1432.1
-25.2411,-48.8297,1852.9,1108.5
32.7589,-16.9428,1851.2,1851.1
17.1625,54.8542,1849.0,1041.6
-17.6097,-149.4953,1836.5,1836.5
-68.27,129.5411,1833.1,32.4
-27.9097,-49.3219,1822.6,1016.9
18.8994,109.7044,1817.1,1817.1
-70.8617,152.9217,1814.6,31.4
66.0247,163.2383,1812.0,1304.9
12.0328,104.1711,1808.2,1741.7
-79.7192,-10.8483,1804.1,33.3
51.8831,-178.1442,1797.2,1797.2
63.645,-50.3989,1786.5,772.9
-61.0906,-54.7272,1786.4,1786.4
8.4942,99.7294,1784.7,1720.2
67.5389,168.1383,1779.6,1253.0
-68.0142,99.5533,1777.2,37.2
45.4725,114.5892,1777.2,688.7
-81.2936,-15.3667,1771.8,32.8
-76.9892,-22.635,1771.3,103.4
9.9342,9.0344,1766.5,1314.7
7.6219,-8.4083,1755.3,1297.2
-78.3717,-15.145,1754.8,35.0
-69.0228,47.7833,1750.9,36.0
-17.195,30.6883,1747.8,316.5
47.0578,120.5219,1747.5,804.3
-11.1133,26.3914,1738.1,462.3
80.4328,-19.6903,1724.4,1668.4
-79.2844,-12.3625,1719.9,31.5
-82.1247,-24.7625,1717.9,38.0
24.65,72.7769,1715.0,1388.5
79.0106,17.4917,1704.8,1704.8
0.0425,-91.335,1704.6,1704.6
38.1192,128.4653,1703.6,1199.6
-30.4361,18.0942,1693.5,799.4
-73.6525,-94.095,1681.6,515.5
-67.7633,50.7122,1679.9,200.4
69.1264,95.3117,1679.1,1389.2
18.2281,82.7228,1679.1,1304.2
-13.4803,17.9853,1678.2,186.7
-14.5608,16.9272,1677.7,173.5
-9.7903,30.3458,1672.8,228.6
-13.9522,-47.5208,1672.2,906.6
-49.5942,69.4939,1664.5,1664.5
-13.5994,17.0019,1663.4,69.2
-12.0369,23.5769,1647.3,256.0
-76.4172,-141.6933,1645.5,30.7
-26.6867,26.2792,1640.4,134.0
-68.8275,-90.6317,1639.1,1639.1
54.255,58.1042,1638.0,1332.5
-20.5886,164.7708,1627.7,1627.7
-20.6217,29.9033,1627.1,546.1
-17.3994,145.8181,1613.8,1322.1
-41.8711,146.0333,1609.8,1609.8
50.8517,143.1422,1605.3,1605.3
11.9033,18.1908,1603.6,1145.0
50.7361,15.7397,1603.3,1197.7
-32.0031,151.4469,1599.2,1115.0
19.6014,73.7089,1599.2,1032.3
22.0586,-159.4975,1598.7,1598.7
-78.6231,-17.2158,1595.0,35.3
58.9444,-63.79,1593.4,1355.4
68.5867,-47.83,1586.2,30.5
69.0681,-47.5811,1579.4,33.9
59.6319,59.1347,1563.8,1170.7
48.4236,75.4714,1561.6,855.0
60.0667,-159.3617,1559.1,1325.3
-16.2828,28.1236,1550.7,483.8
-14.7339,26.8431,1548.3,399.9
-79.0028,-16.1758,1547.4,31.9
44.6128,34.2428,1544.5,1535.5
-67.4264,100.3705,1540.2,53.2
27.5097,41.5486,1539.4,472.4
75.1758,57.825,1539.1,1539.1
12.1119,-12.2636,1534.2,1045.1
36.2561,117.1056,1531.9,1489.4
-8.7542,15.4947,1529.7,410.0
-11.3253,24.165,1528.0,128.7
-13.0667,26.1764,1527.6,219.5
51.2972,123.1283,1525.4,666.0
-12.2156,27.8106,1524.0,224.0
-23.4011,132.3956,1518.3,1312.2
46.8144,151.7875,1517.8,1517.8
12.575,54.0222,1513.7,1513.7
23.2789,44.593,1509.2,612.5
38.7004,-79.5325,1482.5,855.9
78.3661,-28.8408,1480.6,43.9
-10.3439,17.9392,1478.6,254.5
76.4386,-62.2592,1477.6,584.6
-27.0644,24.1789,1476.6,36.5
10.8881,13.7806,1472.1,1096.6
-81.6631,-21.8819,1471.1,32.6
-69.5936,146.9355,1466.8,34.5
62.9144,176.515,1463.0,1237.4
-68.0956,62.3745,1461.9,191.3
16.0447,-61.6639,1460.4,1460.4
11.9828,31.0703,1458.2,873.1
44.4156,112.5058,1448.2,228.5
-83.4086,-40.3458,1445.8,51.4
40.2491,-103.3086,1443.2,41.4
43.0836,110.0144,1436.4,332.4
-12.0775,37.63,1436.3,978.4
-26.3183,131.7442,1435.8,950.1
46.6325,128.4639,1432.8,1055.5
44.4042,108.1403,1430.1,247.6
16.705,52.53,1420.1,495.0
-27.1239,25.2572,1417.2,53.3
-26.4578,25.2539,1417.1,49.6
64.9922,-165.3294,1406.4,1302.7
24.7272,42.6739,1402.5,403.1
38.8234,-102.543,1400.2,49.1
-33.3442,148.9822,1394.3,673.5
-16.7933,26.8653,1394.0,267.6
-66.7289,112.8333,1389.3,567.1
-18.7722,21.7533,1387.3,358.0
23.9639,86.1286,1380.9,1035.4
-74.5617,-86.9158,1377.6,111.4
-70.3947,37.9392,1375.7,121.8
9.1369,23.1461,1370.5,699.0
-33.7625,-80.8128,1369.3,1369.3
-78.8569,-24.32,1360.5,31.6
17.1458,22.4967,1359.9,494.4
-23.3911,18.99,1356.2,38.6
-22.6322,44.1675,1348.8,781.7
56.7967,-5.0036,1342.6,1342.6
18.1722,-66.5919,1328.8,1328.8
75.1375,-55.265,1327.2,40.1
22.4153,78.4092,1325.6,948.4
14.3433,21.6581,1325.5,455.2
-17.6147,178.0183,1323.3,1323.3
-16.1717,15.8422,1315.4,104.9
-75.8672,-87.035,1315.2,36.6
-74.3483,-76.08,1313.2,96.7
42.2666,-102.2335,1311.5,126.2
-13.9472,20.9167,1305.3,34.8
-18.1206,-60.0167,1305.3,963.5
-76.8622,-143.4917,1303.5,95.5
-77.0542,-104.3942,1298.8,30.8
-15.5764,19.6814,1297.2,52.2
78.1044,-70.885,1294.5,141.2
-12.7986,20.6367,1293.0,42.9
-23.2717,19.6325,1292.3,30.7
29.0956,-118.3111,1290.0,1290.0
-11.3028,20.1272,1289.1,34.0
-60.5811,-45.4783,1281.0,1281.0
-27.7,24.8183,1280.7,32.2
48.9875,-65.9486,1274.9,1094.1
-23.4558,20.3867,1274.5,34.2
44.0967,110.9878,1271.8,183.9
-67.6897,128.5861,1271.5,32.4
-19.7875,21.0117,1267.1,111.0
-21.0153,148.6014,1266.8,1006.0
-8.8167,18.9783,1266.5,122.9
38.4753,84.7883,1264.4,67.5
-24.9528,148.125,1259.2,913.0
-16.7544,-47.6061,1256.0,321.7
3.6825,-56.5356,1254.3,1169.4
-9.8086,-139.0719,1253.9,1253.9
-14.4478,25.5297,1252.5,90.8
-69.5744,150.1994,1249.1,31.6
-22.9806,118.5878,1247.2,837.2
-14.3717,24.8989,1245.0,58.2
-25.8508,23.5903,1244.6,108.1
-19.5197,19.7314,1243.8,31.1
-23.4897,21.2231,1242.7,40.2
-46.9039,37.7097,1240.2,1240.2
-20.9306,22.5008,1238.8,167.5
-38.1583,-61.9517,1237.9,1075.9
-12.2392,29.2772,1237.1,63.9
23.4889,83.6117,1233.8,742.5
38.2681,-102.7191,1232.9,32.9
-15.6928,25.5561,1232.8,45.1
69.4153,-48.785,1231.2,39.1
-16.7461,18.9617,1229.1,38.3
-19.4881,146.9669,1228.2,1181.2
-24.0114,19.6931,1226.8,33.2
20.5261,31.5283,1217.3,863.7
-24.0125,20.3164,1214.2,36.5
-10.8336,23.1761,1211.2,39.1
-74.3506,-79.04,1209.6,86.8
-10.2472,20.0764,1206.1,40.0
-23.1014,134.9036,1205.4,490.6
-29.0267,19.2097,1204.8,271.8
-78.1072,-33.1642,1204.2,142.2
-8.16,-36.3922,1200.4,735.9
67.725,33.475,1200.4,1050.6
-17.0861,17.1903,1195.5,31.6
53.6461,-58.5542,1194.1,848.2
-17.4475,18.9817,1193.4,35.5
-14.6303,-40.1906,1192.7,377.7
-11.2072,22.8642,1191.2,30.8
64.8558,-173.4339,1188.2,1066.7
-24.0322,20.7503,1186.6,35.4
21.6483,86.3589,1186.3,846.4
-21.1261,20.6797,1185.9,34.0
22.9936,81.6544,1182.9,661.9
66.4228,153.7006,1174.6,747.2
-78.1461,-144.8167,1173.0,120.2
-15.9078,24.4442,1169.8,31.8
-15.9797,21.0017,1169.3,33.7
-16.4358,25.1483,1168.8,45.9
-10.9939,20.9828,1166.2,48.3
-16.3336,20.5728,1164.2,33.0
-37.2931,142.6014,1163.9,894.1
1.5283,-59.2394,1160.3,912.9
-31.5039,138.5519,1158.6,1016.9
-78.2567,-148.8092,1156.5,135.3
-23.9942,22.6408,1153.6,37.6
75.8975,107.7075,1151.1,1119.5
15.2606,-1.6644,1149.7,859.3
-73.36,-14.1175,1147.7,416.7
52.3219,-70.4458,1147.6,696.6
-77.6244,-153.6858,1145.6,317.6
-8.9575,24.5189,1144.4,131.4
-8.6736,23.6675,1143.8,135.5
51.7997,10.615,1141.8,856.3
-4.7664,-40.1314,1141.5,719.3
-17.4458,20.0511,1139.9,36.3
43.1597,112.7164,1139.8,44.3
-25.1881,19.045,1138.9,36.4
-67.5028,143.2578,1138.3,40.7
-15.6375,23.8575,1133.2,51.8
47.1608,72.675,1132.3,403.9
15.06,30.4153,1130.3,639.4
21.9897,-80.1475,1130.3,1099.1
28.2003,13.9703,1128.5,604.0
59.8247,92.8539,1126.5,800.2
-18.5031,16.295,1126.5,38.1
48.6444,66.9453,1124.2,663.6
-15.3528,23.285,1122.8,48.4
-9.3997,22.1311,1120.1,104.3
31.225,38.5322,1117.9,379.3
-10.8319,-63.5775,1115.2,842.3
-0.1964,104.5503,1113.2,1113.2
-16.525,24.1356,1112.9,38.4
2.1044,27.5181,1110.6,349.9
36.1753,120.6261,1109.7,1098.7
-18.4242,24.2314,1104.9,143.9
51.5311,-68.0769,1103.3,574.5
17.1217,51.0458,1102.7,175.6
-25.0864,19.6236,1101.6,37.0
-10.5022,22.1408,1099.2,31.3
47.0532,-105.7296,1098.5,182.3
-21.5272,25.6822,1096.0,76.6
51.5283,-112.3575,1095.7,300.6
-15.3606,22.5289,1092.1,41.4
71.0975,-179.3542,1090.6,1090.6
27.3233,17.2136,1086.0,564.7
-10.165,21.5831,1084.2,31.6
-19.5767,169.3883,1082.7,1082.7
-19.6033,144.0553,1077.1,537.3
8.9894,47.7803,1075.5,313.9
53.0686,-4.0761,1074.5,1026.5
-15.9014,22.565,1074.2,37.7
-16.2928,23.6192,1072.0,30.9
0.9553,13.6858,1071.8,548.5
-24.3261,116.8431,1070.8,668.9
-16.1031,23.0494,1068.6,40.5
-46.4178,52.2472,1065.5,1065.5
-9.0997,20.8517,1064.3,37.3
-34.3761,118.2553,1061.4,820.2
21.5278,70.5292,1061.1,1041.6
-19.2014,-57.5925,1059.1,963.2
-25.7358,22.6144,1054.8,44.7
27.6583,75.3922,1048.5,648.8
-17.0392,23.9611,1047.8,34.7
-17.7844,-48.6867,1043.4,304.8
-17.2372,-51.7761,1042.6,422.4
18.7906,-110.9758,1042.0,1042.0
-9.1086,20.4478,1039.9,35.4
-1.6164,11.765,1038.6,571.4
31.9909,-102.8615,1037.5,34.1
43.4025,112.2722,1036.5,31.2
-18.7858,24.8142,1035.4,45.5
51.9992,-9.7428,1032.9,1032.9
-29.6539,20.2489,1031.2,58.7
-19.6681,-175.0161,1030.6,1030.6
-76.2742,-94.855,1027.6,32.3
-17.6181,23.3467,1020.0,33.0
-11.5519,39.3858,1015.3,597.5
48.8375,116.1781,1011.3,277.0
-16.7017,23.6497,1009.3,36.7
-7.1703,19.2803,1001.3,35.5
3.9761,108.3361,1001.0,1001.0
59.1906,-115.5994,1000.9,671.1
7.0858,0.6625,996.5,729.8
76.3461,65.0033,990.7,392.5
-7.4939,19.8033,990.2,39.0
55.9817,100.9783,982.6,462.7
-17.4361,127.2364,982.5,617.0
3.7144,13.7447,982.2,292.0
-74.8019,-99.2358,981.6,421.1
38.7878,-101.2087,980.9,31.7
-14.2328,-169.4544,969.9,969.9
52.8933,172.9808,966.8,966.8
-24.3564,150.9395,965.7,616.0
31.975,13.3197,965.2,395.0
3.6917,26.9458,964.4,293.7
-82.4542,-41.4597,960.8,39.9
18.7683,145.675,959.1,959.1
-26.0189,20.8822,956.9,30.6
79.5903,99.1492,956.2,956.2
18.3364,32.7403,955.6,525.6
20.8953,3.7628,955.1,296.9
33.8805,-101.3309,950.7,37.2
-11.4442,-47.3889,949.3,468.8
-15.8719,-57.2175,943.6,659.2
66.7311,109.39,942.5,519.0
-6.0661,24.4397,938.8,119.6
-17.3211,125.5608,938.4,609.3
46.2489,-74.5594,937.0,538.4
7.0094,24.1469,935.2,233.8
35.9915,-101.1214,934.5,35.4
53.08,70.1889,933.3,576.8
-27.3736,21.1186,932.0,32.8
53.8758,-66.0525,930.4,427.8
33.4555,-101.5785,929.0,33.2
20.0258,2.4308,928.7,276.6
-3.3144,11.1528,925.5,761.5
22.2714,13.4011,924.9,49.5
52.1558,-111.1344,923.1,146.5
58.4228,104.8355,916.9,471.3
-4.645,55.4392,915.7,915.7
7.0994,5.0825,915.0,596.1
-15.8892,-55.4464,912.8,414.6
22.6511,-12.5744,912.5,599.0
29.9328,-3.0631,910.3,259.6
36.3951,-101.1341,909.2,32.3
69.9661,109.6094,908.5,678.5
-24.9944,120.4911,908.2,313.1
-40.3022,-9.9633,904.8,904.8
-6.4025,-50.3325,903.7,629.7
13.9353,27.7828,902.9,216.0
63.1275,97.7889,900.8,510.9
37.3158,-8.5964,899.7,740.2
15.9547,23.9542,898.6,65.2
51.2164,73.2875,896.1,366.4
55.3339,-67.7044,895.6,359.8
-79.5661,-45.6133,893.1,787.4
-16.2439,-62.6228,888.9,573.3
32.8081,-101.5255,888.2,38.7
-18.6706,-52.8975,884.9,89.2
-4.4144,12.7642,884.1,573.0
-68.7836,147.5244,881.8,33.3
63.7225,104.5411,880.9,506.3
-2.4083,14.3814,880.9,297.5
32.6389,21.84,880.1,770.0
53.9144,-62.0042,880.1,411.4
-18.27,-50.78,879.6,79.9
6.1711,26.5878,878.3,202.6
-68.0447,66.09,878.2,40.9
29.0775,-3.8947,878.1,336.5
57.4211,-113.6067,875.2,371.7
62.2967,-7.0128,875.0,875.0
-73.7353,-80.4242,874.5,121.3
8.6339,20.0811,873.4,382.8
50.2256,126.5097,872.1,466.3
-37.8489,77.5483,869.9,869.9
-7.3133,-40.2208,869.6,44.2
69.2422,-121.5383,868.7,579.5
-7.1219,128.6733,868.4,868.4
3.9494,25.7875,856.3,230.6
-84.0344,-129.7514,854.2,42.0
-67.7464,114.2422,851.3,37.0
11.6931,6.7792,848.8,202.7
-7.9517,-14.3431,848.5,848.5
5.4603,27.4592,848.1,165.2
49.7739,-102.4308,847.7,270.5
-1.0353,-53.9008,843.8,506.7
25.8033,16.6683,842.8,303.1
53.4169,-102.3058,842.0,351.4
3.6153,15.2792,841.8,214.8
51.4692,-100.7208,839.5,394.7
35.1671,-93.6447,839.1,651.1
31.2562,-101.1264,838.8,34.1
18.9394,1.0286,838.7,315.8
3.5436,-53.5742,831.9,648.3
-25.9028,-56.1594,829.2,564.9
17.9603,27.2247,828.4,246.7
53.1503,-107.475,826.2,200.1
36.8922,-100.4498,824.5,60.3
33.0744,38.4672,822.7,43.9
-11.6458,166.8864,822.0,822.0
-10.4539,-45.3944,822.0,207.9
-72.2389,-99.0633,819.6,785.8
-13.7733,143.3217,816.4,678.7
25.0133,15.5606,815.9,274.0
6.7017,21.4258,814.9,182.2
-75.8711,-95.0017,813.3,32.8
-15.9725,-5.7003,812.5,812.5
32.4853,40.1069,811.9,30.8
48.8328,-58.4844,809.1,809.1
7.6264,22.5992,809.0,47.1
-11.3594,-45.0153,807.4,116.0
5.1786,28.2814,806.8,135.3
67.9914,-119.7828,805.8,209.7
-67.0872,109.1567,805.4,36.9
-67.5456,119.9955,805.1,43.2
7.1328,-1.8861,804.8,491.0
32.9872,3.3822,804.2,61.2
5.7242,25.5217,803.9,150.8
4.6736,26.3289,803.2,136.1
20.5711,-12.8089,802.9,486.1
6.3047,20.5767,799.6,220.9
32.3285,-100.4919,795.2,67.7
-13.795,-45.4664,793.2,46.2
51.6817,-108.5142,788.4,99.4
38.8571,-100.1702,788.2,36.6
16.355,145.6564,786.6,786.6
33.4889,38.3292,785.5,32.1
-35.5253,173.5108,784.5,772.4
48.9989,-100.4368,783.6,32.3
56.3842,-111.2486,782.9,122.3
16.9881,27.0089,780.6,79.0
54.7794,-108.7325,780.5,147.8
6.8636,158.2358,780.2,780.2
-13.5136,-44.9886,778.5,47.2
5.5983,22.6331,776.3,115.8
19.0933,27.1075,773.9,151.1
33.0994,40.0425,773.6,32.2
58.5431,100.13,772.9,468.5
-13.1503,-44.8042,769.0,30.8
5.0383,22.1131,768.5,148.3
-19.5614,-54.4872,766.5,254.1
-22.7767,-56.1994,765.7,392.0
75.4089,-114.6492,765.7,765.7
54.7472,-104.33,763.8,263.8
51.2469,-104.2411,763.5,240.8
-8.4631,-55.6019,763.5,405.4
31.1963,-100.2297,759.9,41.4
28.6608,11.6575,758.4,159.0
30.546,-100.2103,758.0,35.4
10.7617,-5.4183,757.6,404.5
69.4736,149.0767,757.2,694.5
34.8397,-98.8035,756.2,288.9
53.8406,-106.3886,754.5,233.3
66.9219,-116.1361,753.3,394.1
-2.0731,24.7219,752.5,247.9
14.98,6.2158,750.7,292.2
2.1619,25.7797,749.9,176.9
4.8275,17.6311,749.1,74.2
3.7994,43.8208,748.0,289.2
-54.4078,3.3508,747.8,747.7
63.8064,-118.7861,746.6,418.5
37.2787,-99.8963,745.2,31.4
8.1481,-2.8303,741.3,412.1
54.8894,166.3317,740.7,740.7
45.0218,-100.8924,739.1,33.2
29.9231,-99.6863,738.2,43.9
13.1589,93.0056,737.7,737.7
48.8042,-73.59,737.3,327.6
-66.6692,137.9283,737.0,40.1
-26.8972,117.7161,735.6,259.1
-9.2219,-43.4528,735.3,257.6
28.5153,9.8236,734.9,81.9
4.1711,16.9444,733.7,120.7
33.4856,-85.8087,733.6,447.1
18.5347,76.78,733.4,113.9
29.9293,-100.5166,732.7,42.1
-8.5828,-48.6567,728.4,455.6
-81.9189,-130.8542,727.6,31.1
14.7133,34.7464,725.8,192.8
30.8094,40.4722,725.5,31.3
27.47,43.562,725.4,56.1
50.3561,-103.4558,724.7,54.9
-67.2642,129.5161,724.3,34.8
17.2325,77.9039,724.1,123.7
-66.5639,134.9133,723.4,40.1
71.1361,-122.9542,723.3,723.3
7.9528,26.9864,720.2,110.6
31.8128,11.1689,718.8,102.0
22.5644,-14.2817,715.7,423.4
25.4272,141.2808,714.2,714.2
36.6982,-99.7151,713.8,58.5
-34.9742,138.7092,713.1,334.9
26.685,-4.8594,712.1,324.8
4.8717,20.9097,710.6,160.3
-9.1017,-54.6033,709.6,184.0
47.313,-99.8816,707.8,119.8
-2.1431,146.9406,707.5,707.5
-51.6917,-58.8344,703.2,703.2
47.8975,-90.5606,702.0,402.3
31.8803,3.0011,701.8,142.4
-30.3603,119.6722,701.7,243.6
-3.8486,22.8506,701.5,154.5
51.6075,-106.0328,701.4,142.1
47.814,-100.7621,700.4,82.0
-1.8644,105.8489,698.7,698.7
-71.1761,-6.7575,697.6,180.8
16.0661,11.385,697.3,276.8
23.7203,21.5981,695.0,169.9
9.1225,17.8269,693.2,312.1
46.2563,-99.7378,692.8,136.9
47.3175,-80.7525,691.0,388.4
0.0858,-70.8622,689.0,471.3
17.9206,77.5156,688.1,69.1
-6.5403,-46.2561,688.0,351.0
25.6928,23.5769,687.6,265.1
-19.1908,128.8356,687.4,306.9
4.4883,19.5219,686.0,293.1
66.7961,-122.3844,685.9,299.7
18.4928,78.0258,684.1,121.6
-26.5111,119.0664,683.1,122.8
38.5599,-99.4221,681.2,31.1
52.3436,-103.3808,680.7,146.7
61.6361,-72.7356,680.3,535.7
-29.4664,117.2989,679.0,335.6
30.9278,12.1281,678.7,30.9
22.7025,-83.3097,678.3,652.2
31.9111,1.0042,675.3,31.4
24.2689,22.7519,675.3,163.6
31.1358,0.34,675.3,67.2
-25.9817,119.8028,673.5,78.7
26.5947,45.9542,673.4,119.1
8.1244,-4.6639,671.5,374.6
74.0272,96.2325,670.9,647.8
30.9902,-99.6515,670.3,31.4
7.8008,46.7717,670.2,53.5
46.9922,-83.9842,669.7,287.0
18.0767,-11.3889,669.4,289.6
65.9353,-109.7411,668.8,303.2
21.7997,22.3908,668.6,99.4
-81.6544,-149.0028,667.4,315.8
60.12,126.045,666.3,127.0
-13.6136,-62.0067,664.3,456.2
32.3939,2.0686,662.2,42.7
-27.1428,119.4989,661.3,93.1
-8.2706,-46.0981,661.0,171.8
-26.37,120.2014,660.5,39.1
-50.8964,166.0214,659.9,659.9
-3.165,24.3861,659.5,149.3
14.3564,31.6547,657.2,242.0
0.8572,-53.6697,656.4,349.7
-23.4306,120.9533,656.2,78.3
13.8206,9.3919,655.4,208.1
48.4697,58.4883,654.5,342.8
6.6594,-5.5367,653.3,433.4
-67.6158,115.3572,652.2,32.9
66.3453,-113.1033,651.2,239.2
45.4707,-97.1053,650.8,254.8
7.1511,93.8258,650.5,650.5
57.7389,-107.5775,648.5,126.9
71.8378,-112.6825,646.6,646.6
-75.5253,-103.8942,645.8,36.6
52.4556,-105.3833,645.7,90.7
70.1111,-84.31,645.5,603.7
-8.6183,-44.3806,645.4,68.0
57.8194,-105.2061,645.2,158.6
48.2736,-86.0036,644.1,306.1
-22.7828,-52.6503,640.7,186.4
-27.8344,117.1061,640.2,217.8
56.4058,-105.9517,639.4,124.6
-12.7903,-60.0719,637.4,99.5
39.0571,-99.1484,635.2,33.8
-20.6942,134.7086,634.0,224.4
-2.9933,22.1114,633.7,112.0
29.1469,4.3822,632.0,254.3
-68.7106,154.2967,631.1,49.4
14.6272,8.4703,630.6,150.4
66.0989,-90.4028,630.3,500.2
-27.2258,120.5283,630.3,85.3
21.4744,-11.6092,630.2,103.5
39.5212,-99.2663,629.1,31.1
6.9467,-4.0728,626.7,396.9
30.7358,11.6622,626.2,32.8
-27.1364,121.5481,625.5,105.4
50.6256,-74.9694,625.0,237.3
28.6044,43.5897,623.9,31.5
80.7981,58.4986,621.9,621.9
20.1728,27.3033,621.6,31.0
-10.3919,-57.9711,619.2,284.4
31.0303,11.0622,617.7,32.3
26.2333,-10.8172,617.4,143.9
7.1097,27.8192,616.2,71.9
-20.7106,-49.6006,615.5,94.8
2.1275,-71.1728,614.6,375.7
-27.9175,119.9689,614.5,102.2
27.4753,1.7956,612.8,89.2
-20.8872,139.8872,612.6,377.2
47.2321,-95.5031,611.7,208.8
23.3267,74.8764,610.9,159.0
12.6753,8.41,610.8,152.2
-82.9461,-139.9611,610.0,98.4
64.8306,-83.6022,609.4,609.4
0.0383,23.3744,609.3,180.8
70.6939,-93.7383,607.6,588.5
23.6114,17.4531,607.2,80.3
16.9578,32.4883,607.1,176.0
-32.8825,121.1633,605.5,321.7
-27.8525,118.9881,602.0,62.9
60.9106,101.4661,601.7,215.7
25.3933,29.6625,600.5,274.3
60.94,105.4411,600.4,205.0
3.1297,23.5525,599.1,76.3
25.1686,-11.4444,599.1,233.1
59.21,102.565,598.9,233.0
23.7997,-10.64,598.3,357.2
62.8017,108.5756,598.2,244.9
-27.7692,122.8181,598.0,57.2
-21.8761,119.8425,597.8,151.5
-28.7417,119.9461,597.5,136.8
-68.9247,33.2495,597.4,124.4
46.7475,-89.7717,596.2,190.2
8.7681,3.6011,595.9,213.5
20.1286,27.9228,595.5,86.2
52.5314,-104.3294,595.5,32.0
-8.2425,-45.2583,595.4,112.6
30.1219,38.7003,595.4,32.1
45.4479,-90.1792,595.0,131.7
15.8797,33.5656,594.8,129.1
-32.9658,116.4494,592.4,303.1
29.4986,10.1967,591.1,65.0
45.5578,-88.8141,591.0,109.1
-27.75,121.9917,590.5,47.4
3.3639,22.3403,590.4,80.1
48.9803,-87.31,589.0,267.2
5.3111,162.9917,588.2,588.2
27.6864,-3.5208,587.9,214.8
-33.4444,123.4756,587.5,441.4
42.5812,-97.5365,587.4,64.6
-20.5117,-29.3247,587.0,587.0
-38.0094,-65.6042,586.8,320.4
0.9681,24.9025,585.2,115.2
10.2367,-3.0561,583.8,270.5
45.6489,-78.2569,582.7,386.5
49.3381,-90.5503,582.4,118.6
-67.2467,128.3233,581.7,34.7
44.6056,-97.422,581.2,38.1
16.1792,8.2069,580.9,73.6
5.5244,-87.08,579.6,579.6
29.7044,1.9075,579.5,145.0
16.8886,6.7697,579.3,79.7
63.94,112.585,579.3,150.2
18.1953,11.6333,578.4,140.7
70.9283,-116.4325,578.2,342.4
-21.3322,131.3539,576.7,90.5
-11.135,-61.5747,576.6,330.4
26.0733,-9.0931,575.6,154.3
11.9717,-3.3639,575.0,254.1
24.5947,77.2811,574.7,90.5
6.9297,45.8081,574.7,65.9
18.2444,13.0769,574.6,122.7
30.1908,11.1775,574.5,36.8
8.6669,106.5794,574.1,574.1
-32.4922,146.8369,573.1,290.8
48.1975,-99.5005,572.7,81.7
-28.2906,123.1442,572.5,64.4
20.2672,46.4281,572.4,31.3
44.0531,-97.2497,572.1,51.5
-32.03,122.8092,570.5,279.1
48.4867,-78.7725,570.5,273.1
60.1386,-107.3994,570.2,178.9
25.0644,-8.2969,568.6,188.6
16.0814,7.1619,568.5,60.2
-27.0744,122.5881,567.5,46.6
24.0044,47.5822,566.1,33.4
-15.8536,-173.7478,565.9,565.9
-0.1944,24.7428,565.8,107.6
-27.1792,123.8456,564.3,66.3
-12.9892,133.1178,563.1,388.0
6.4058,45.5125,562.7,60.1
-28.4139,121.5447,562.4,75.1
19.3239,-0.2647,562.2,141.0
-79.3567,-161.7433,561.9,496.5
-28.5319,122.5233,561.6,54.7
38.6764,-83.4407,561.4,330.1
55.5031,-72.6433,561.3,157.9
3.1653,106.2189,560.6,560.6
-8.0164,-44.3636,559.8,36.7
9.1278,16.6681,559.7,166.9
-52.5708,169.1658,557.4,557.4
16.9992,2.7228,556.4,186.6
22.355,47.2114,556.3,49.4
6.69,28.8617,555.5,31.3
49.2578,-89.4556,555.3,78.7
-30.8353,121.0964,553.4,151.2
10.2392,2.6628,553.1,184.0
16.8606,-3.6967,552.2,278.8
-25.0417,125.0664,551.9,98.5
60.2144,-103.8244,550.8,154.6
44.3714,-80.2481,550.8,289.3
44.0717,52.5617,550.5,447.3
17.5492,7.0031,549.8,160.8
45.6883,-91.3969,548.9,153.0
17.8631,28.9717,548.0,102.6
-66.9908,87.7789,546.8,30.5
-30.1819,120.5531,546.7,62.3
-22.3547,121.9106,546.6,142.9
15.6978,6.8847,546.6,41.4
9.0356,49.7564,546.6,55.4
8.2242,17.0344,546.3,76.2
-28.9064,-54.0639,545.9,119.4
12.6569,16.5911,545.4,252.5
-11.2575,-59.83,544.7,167.3
14.0122,-10.21,544.6,274.7
19.0808,12.3283,544.5,114.4
-21.3339,128.1125,544.4,150.6
24.3322,29.2392,543.7,195.7
12.7581,-2.3006,543.2,273.6
68.2989,-85.2783,543.0,478.7
-25.9142,124.0894,541.7,74.8
49.4994,-98.8675,541.2,128.8
-25.0989,126.6375,540.8,34.0
37.5713,-90.7291,540.1,157.6
39.8568,-97.9938,540.1,47.9
2.7031,21.4653,540.0,105.1
21.0417,26.9556,539.1,41.6
6.4122,29.3964,539.0,32.4
-22.8519,127.5556,538.7,100.9
-24.8283,125.9017,536.3,98.8
47.1226,-93.6762,534.9,135.3
72.6994,123.2142,534.8,388.8
59.7667,-101.95,534.3,117.2
15.5297,7.6917,533.9,47.1
72.1097,140.865,533.2,521.9
5.3497,45.2178,533.1,75.1
50.0781,-89.8794,532.6,80.7
-23.0047,122.4508,532.3,136.6
20.8367,0.355,532.0,120.4
37.1013,-92.6379,531.9,143.6
48.5895,-98.3567,531.6,63.7
46.5983,-60.7608,531.2,528.6
-25.7206,126.1811,531.1,47.0
31.1636,41.1039,530.3,32.2
10.6769,-0.0944,529.8,289.9
33.1258,-99.3749,529.7,75.9
74.4133,19.1833,529.6,529.6
49.6211,-76.95,529.1,212.7
16.8875,13.3006,528.4,86.7
-13.4094,-58.1997,527.9,30.9
-30.32,118.3692,527.8,87.1
-26.1019,125.7992,527.8,53.6
60.6722,-173.0911,526.8,526.8
41.2604,-97.0366,526.4,36.0
19.2803,3.6953,525.8,50.9
-23.7764,122.4822,525.4,89.7
-10.9736,-55.1094,524.3,155.1
50.5056,-90.6961,524.1,112.1
-78.7472,-154.1808,524.1,75.4
43.0282,-89.8526,524.0,285.0
63.6122,-112.51,523.4,99.2
24.4272,124.1833,523.2,523.2
27.5767,15.7106,522.4,32.5
18.3889,14.1786,521.8,44.4
-79.5903,-138.6317,521.6,46.6
-13.9042,-51.3078,520.9,283.3
44.3662,-85.6794,520.6,319.7
-27.5953,-144.3697,520.4,520.4
13.4692,8.2769,520.0,58.6
13.9733,-8.1028,519.7,113.2
-21.7769,146.1214,519.0,190.7
-37.5969,-59.2947,518.8,314.7
-21.0889,-51.1608,518.7,85.8
39.4028,-97.5162,518.2,51.5
-13.7106,-57.2992,518.1,33.0
-65.5456,100.7911,516.5,490.1
69.5556,-112.6689,516.1,419.5
-20.2606,128.7208,516.0,112.1
-14.2708,-178.1392,516.0,516.0
-29.2681,-177.9081,515.8,515.8
6.5147,30.8747,515.2,80.8
-24.6114,124.2628,515.1,84.0
20.5047,10.9203,514.9,66.9
16.9603,1.7553,514.6,125.4
17.3117,29.9358,514.1,31.1
50.1319,-100.8778,513.9,33.5
37.5924,-96.538,512.4,73.8
10.4103,4.1239,511.9,230.2
-34.3828,-54.6742,511.9,379.3
27.2622,15.0639,511.7,46.7
64.5597,-112.3839,508.9,69.7
29.8414,8.0925,508.9,227.7
-27.0853,-109.3803,508.0,508.0
38.0939,-96.3489,507.5,46.3
60.0281,-166.2622,506.4,506.3
69.2361,113.6378,505.8,167.2
-29.3158,121.325,505.2,44.2
26.6961,-7.3503,504.9,99.7
15.0278,9.6697,504.5,33.1
-21.24,-159.7744,504.3,504.3
-29.7086,122.8042,504.2,93.3
15.2833,32.1628,503.9,65.3
-6.4539,-43.7975,502.8,220.8
-31.7219,120.5147,502.2,80.7
-69.26,39.8078,501.6,132.3
-32.6789,119.7767,501.5,94.2
-9.5269,-59.9822,500.8,316.7
-21.4031,129.9528,499.7,37.3
-17.6839,129.585,498.8,90.5
49.7608,-93.8569,498.8,113.1
51.1886,-93.5,498.0,121.7
-29.2469,122.1311,496.2,56.4
14.1447,145.1878,495.9,495.9
-30.5939,145.6867,495.2,320.6
6.7244,33.0011,494.2,77.6
-22.6147,-54.6928,493.4,33.2
50.7269,-92.3053,493.1,85.6
-26.7292,125.0853,492.6,48.0
46.8341,-92.715,491.9,107.6
9.8442,-1.6725,491.9,224.0
-21.6383,129.3931,491.2,61.0
-31.7931,119.2239,490.4,70.9
-21.5319,126.9967,490.0,68.0
-66.1533,96.7044,489.9,434.7
2.7892,19.0711,489.9,102.2
38.8198,-96.2253,488.6,51.2
-27.7806,124.3117,488.6,42.0
-29.1103,124.0331,488.2,83.1
73.2511,-94.6208,487.5,487.5
67.0206,-131.1667,487.2,371.8
-11.1814,-56.0811,486.5,114.7
-33.2828,136.1822,486.1,350.3
25.1086,28.1147,485.7,100.2
-26.005,124.8161,485.1,36.2
43.3694,-95.079,484.9,52.7
63.0078,-110.5328,483.9,98.8
-27.4147,125.1392,483.5,42.0
-27.9742,127.3467,482.2,33.7
-21.8081,-53.1264,481.1,118.7
-30.5175,122.6533,480.8,87.2
61.8578,111.8989,480.4,87.5
-22.0331,128.7028,480.2,102.3
24.3178,18.2556,479.9,35.9
14.4003,7.6581,479.1,41.2
-81.7261,-70.3208,478.6,51.8
51.6097,-90.1625,478.5,101.7
60.5703,132.8433,478.4,162.2
28.29,-6.3778,478.1,31.4
-25.2375,145.3733,477.7,89.5
-3.1944,17.8911,477.6,118.9
39.5062,-96.3879,476.7,84.1
-22.3253,127.1444,476.6,49.7
45.1713,-84.7518,476.1,127.1
51.8117,-91.3275,476.0,61.0
10.9931,32.6714,473.6,87.1
57.3464,-76.4803,472.7,298.8
42.1403,60.4217,472.6,382.0
64.6031,50.345,472.6,333.9
42.8406,-95.3364,472.1,50.3
40.3703,-83.7201,472.1,195.7
40.2352,-96.4998,471.8,41.4
51.4736,-89.0453,471.8,137.6
21.6917,-10.535,471.1,51.6
61.1983,-104.2756,470.8,94.9
17.3847,-2.7944,470.8,199.4
31.0892,41.6361,470.3,32.3
17.3817,10.7206,469.2,35.8
-24.6825,144.6281,469.1,133.3
-20.9403,127.2142,469.1,90.7
-24.0461,124.4667,468.9,68.7
-71.4889,-11.8825,468.6,266.7
50.4286,-88.1208,468.0,142.6
-23.9975,125.7231,467.6,38.2
62.9672,-107.1006,467.5,100.6
13.7728,-0.1439,467.1,167.2
15.2664,-10.4428,466.8,195.5
57.3922,56.2306,466.2,235.0
73.7072,-118.9217,466.1,369.3
40.5312,-96.8645,464.8,33.2
33.217,-98.425,464.5,102.4
-11.9386,-51.48,463.8,146.8
46.9278,69.2092,463.4,111.2
-1.6419,17.2,463.2,108.7
-31.5633,159.0892,461.9,461.9
-13.1039,-54.9978,460.6,39.9
40.7273,-82.6176,460.2,181.4
16.7753,-10.3208,459.8,221.6
62.8564,-103.6078,459.4,153.3
29.815,43.8167,459.1,53.4
63.5967,-108.08,458.9,67.1
20.5203,28.7819,458.4,38.6
-29.2317,-54.8367,458.3,117.8
56.6131,-101.3392,457.0,95.4
-28.3208,124.5844,456.9,43.7
18.6567,31.0381,456.9,169.0
-20.6097,130.9617,456.0,49.0
27.0911,-7.9333,452.5,43.0
23.9361,69.8236,451.5,447.6
-13.1753,-55.9053,451.3,40.2
16.0997,4.7458,451.3,69.7
56.1086,-76.5436,450.9,363.2
18.5444,4.8039,450.3,83.1
-29.4161,124.6808,450.2,71.6
60.5339,-1.4461,448.5,448.5
-27.9844,125.625,447.6,48.1
7.3408,151.623,447.5,447.5
-26.3464,-79.8944,445.9,445.9
24.0806,-5.5356,445.5,136.0
21.6283,1.1475,444.7,43.1
-9.2667,-65.2797,444.1,289.8
-80.8439,-139.0792,443.4,38.4
43.2526,-93.5529,442.9,98.4
26.5906,-8.4628,442.6,30.8
57.3606,-101.6403,442.3,69.9
62.7986,-105.7644,442.1,82.7
43.8842,-90.5434,442.0,93.3
-20.4117,132.2767,441.6,34.9
-13.0278,-51.9817,440.9,53.8
62.2708,121.0578,440.4,108.2
48.5219,0.0275,439.8,315.3
5.2136,48.17,439.7,270.0
57.8197,-100.4383,439.3,49.5
43.6222,-92.6293,438.9,66.8
-30.8889,142.6183,438.3,293.8
37.7626,-97.3947,436.8,30.8
19.4367,-10.2294,436.4,34.7
-22.5656,126.2867,435.6,44.5
17.7114,2.3403,434.6,38.1
29.9789,43.2419,434.3,36.9
27.6622,-8.1283,433.7,32.9
-18.6208,137.5031,433.3,170.4
34.4569,-97.2543,433.1,123.4
-73.8458,-83.8983,432.7,37.1
-23.2586,124.7225,432.2,33.8
-30.8069,116.6303,431.1,110.7
-70.2381,26.3467,430.8,381.2
-70.385,18.7617,430.6,157.8
-22.9594,126.0981,429.5,32.4
61.1497,-98.5739,429.4,156.8
-19.3086,139.1333,429.0,107.3
11.0869,-1.7497,428.7,107.6
-35.06,-66.1275,428.7,33.0
-23.5594,126.2881,427.4,31.6
-67.1442,127.1194,426.1,31.7
-27.3089,149.2719,425.5,131.4
50.9736,59.9342,425.5,70.0
41.3997,-81.1039,425.5,99.1
67.9086,113.3145,425.4,48.4
21.2486,-0.3442,425.1,56.1
75.8853,-106.385,425.0,387.5
69.4267,62.2078,423.7,305.3
-34.4308,135.4922,423.5,366.5
76.6544,148.59,422.1,422.1
-31.3211,-56.1592,420.7,242.4
-78.8122,-68.8258,420.5,299.6
-0.7633,18.8772,420.3,75.7
-36.9875,-65.3794,419.9,100.7
46.6644,69.9708,418.8,37.7
27.3131,-7.1078,418.6,46.1
-28.4883,136.0239,418.3,307.2
16.5744,-7.2394,417.4,119.5
24.7431,31.0889,416.4,65.0
17.2081,5.7428,415.8,36.5
-54.7086,158.8275,415.4,415.4
-11.7594,-56.6378,415.3,53.0
71.8169,112.8733,415.2,295.9
14.6817,11.1386,414.9,31.1
36.9295,-96.4944,414.8,42.4
63.075,32.6222,414.7,214.5
-9.0558,-71.7281,414.7,79.2
23.9889,-4.3953,414.6,85.7
-16.4489,130.0264,414.4,85.9
56.0392,-100.9269,413.1,85.2
-22.08,125.9222,412.9,44.1
53.3772,-92.7467,412.9,117.7
61.6158,-99.8094,412.7,113.6
4.5022,47.5469,412.1,85.6
-12.3119,-55.0306,411.6,43.4
49.2064,27.4253,411.2,92.2
18.5953,4.28,411.2,31.5
-32.1692,117.8436,410.6,75.0
21.2478,-8.4197,410.1,36.3
15.4428,13.0975,409.9,59.0
26.3761,0.7722,409.8,171.5
72.9083,82.4158,409.6,385.8
21.29,-8.9672,409.4,31.2
0.1642,19.9172,409.4,50.8
65.5236,117.1222,409.2,95.5
43.3021,-91.4624,409.0,40.8
-21.2083,126.2303,409.0,47.7
-26.3581,145.3892,409.0,69.8
64.1792,-105.39,408.7,64.7
-12.1297,-56.38,408.6,32.6
18.1194,6.6125,408.6,31.5
69.4292,-126.1556,408.5,166.4
-68.9639,69.2011,408.3,80.1
43.2443,-88.328,407.2,136.3
-28.4942,125.2431,407.1,33.7
-23.3683,-149.4683,407.1,407.1
14.9364,15.2139,406.4,59.7
-12.6978,-55.6883,406.4,31.4
22.0664,0.9908,406.3,32.3
13.5867,11.5161,405.8,68.3
17.7206,5.4314,405.6,43.9
18.8483,5.24,405.6,44.9
49.23,-95.9422,404.9,78.1
12.8781,0.4028,404.9,115.3
15.3481,14.6061,404.8,51.6
-12.6703,-54.7133,404.6,46.0
80.2064,32.6778,404.4,404.3
-23.1275,-134.9858,404.1,404.1
18.5778,53.14,403.8,134.5
-12.1283,-57.3797,403.3,53.4
33.6757,-97.6213,402.9,85.0
3.1311,42.8892,402.9,40.9
-12.5539,-56.6092,402.9,42.3
52.0683,54.3856,402.7,145.1
48.5962,-95.2255,401.7,38.1
-0.1928,17.0744,401.5,83.3
18.8003,6.0064,401.4,35.2
21.4189,-7.8783,400.1,31.0
15.3106,4.7131,400.1,55.5
-28.1017,115.6347,400.0,118.2
-11.9594,-54.7575,400.0,30.9
42.6266,-93.272,399.3,34.4
-70.4028,-3.0275,398.8,345.9
-35.9853,-65.6008,398.7,60.4
18.4408,-9.4436,398.4,42.2
0.6367,18.7525,397.9,46.4
51.1978,68.9547,397.9,38.3
-21.9383,124.8511,397.6,40.1
28.8178,18.0519,397.4,148.8
56.2206,-97.9061,396.7,136.4
17.5108,0.3833,395.8,74.1
21.6811,-9.5208,395.5,31.5
-28.7447,126.8178,395.2,31.4
-19.7067,63.4464,394.3,394.3
12.7953,5.5506,394.0,94.2
-22.7514,143.2914,393.0,142.4
-67.5825,83.6356,392.6,47.9
-0.5478,19.8794,392.3,31.4
42.7435,-83.3696,392.3,161.5
-30.3922,115.6361,391.6,133.2
44.3419,70.6639,391.5,35.3
41.8872,-84.6203,391.4,111.9
-11.0108,-52.4772,390.8,46.0
30.6808,43.0964,390.6,33.8
40.9923,-94.8921,390.1,32.0
53.4317,49.8325,390.1,314.5
29.5244,17.7522,390.0,42.1
15.8322,-5.1939,390.0,109.1
-28.8633,128.8597,389.6,81.4
59.2981,-70.2161,388.6,203.3
52.4803,48.0142,388.3,266.6
36.2325,-97.4667,388.0,39.6
42.6957,-91.437,388.0,44.5
-17.7233,137.7378,387.8,123.7
-23.8575,-147.6486,387.7,387.7
24.5614,-3.0964,387.2,84.9
50.3058,56.4822,386.9,82.9
24.0481,-8.1406,386.9,30.7
-22.0017,139.2283,386.4,140.9
42.2786,67.7561,386.2,139.4
15.7981,2.0753,386.1,55.4
-20.7219,124.8122,385.2,85.9
16.9403,4.2258,385.1,40.2
33.1161,4.6789,385.1,30.5
-24.4633,115.1083,384.6,130.6
20.3397,48.3622,384.6,33.2
40.0003,-84.8509,383.1,92.4
-22.525,140.2797,382.4,133.6
48.3725,-3.953,382.4,311.8
-35.1186,-65.4428,382.2,44.4
-44.4031,-65.6558,382.1,66.2
22.0642,-1.9442,382.0,47.0
23.2975,29.3044,381.9,109.3
30.4844,140.3086,381.8,381.8
23.03,-81.6919,381.3,303.3
57.6133,14.5483,381.1,284.7
40.2449,-95.5251,381.0,55.8
42.1858,-93.8961,381.0,49.7
-32.8297,-54.5208,380.6,178.8
48.0589,39.8061,380.2,230.6
-0.7356,17.6581,380.0,58.4
17.76,3.7733,380.0,35.6
61.7439,54.2456,379.9,220.8
22.2444,-10.4917,379.5,37.5
-7.235,131.3761,379.5,379.5
-22.6972,124.1161,379.5,30.7
31.0578,42.5889,379.4,37.6
-22.3328,123.5003,379.3,73.5
-9.3653,-63.8294,378.8,235.1
-33.9111,115.8989,378.6,119.5
-20.8022,125.4186,378.4,43.4
19.82,-10.9622,377.9,31.8
45.6269,70.4922,377.8,50.0
22.6944,-2.5814,377.8,62.3
22.0106,-9.1733,377.6,32.8
-22.4631,-151.3611,377.5,377.5
21.4628,-0.9608,377.2,40.8
-1.9031,18.0447,376.5,59.4
34.8733,41.8344,375.8,93.8
62.5044,125.7267,375.7,93.6
44.5606,-93.3209,375.5,63.1
-19.1883,131.1181,374.5,57.4
22.3192,-5.6972,374.1,55.5
34.205,41.3414,372.9,34.3
-10.4833,105.5806,372.6,372.6
62.1906,127.5144,372.1,96.0
38.2487,-95.1646,371.9,50.9
22.1856,-8.2908,371.4,45.4
-12.2892,168.8361,371.3,371.3
-19.6056,132.1906,371.1,65.7
67.9514,-107.4711,371.0,267.1
-10.1472,142.3214,370.4,370.4
48.3514,38.0722,370.1,90.5
40.5372,-94.5687,370.0,34.8
22.7792,-7.9261,370.0,46.8
-22.3617,124.3386,369.2,33.7
57.2883,33.9517,368.9,218.0
23.0019,-2.2275,368.3,32.9
-21.4175,-174.9125,367.8,367.8
12.1289,0.2803,367.7,52.0
12.8575,14.8414,367.6,82.6
52.9889,-90.3069,367.0,65.2
-12.8811,-53.35,366.8,45.5
39.8174,-95.0475,366.4,54.2
22.2194,-10.9169,366.4,31.0
-38.9486,-67.085,366.2,43.4
63.0878,-99.0261,365.9,98.6
-1.6922,18.6156,365.5,69.9
18.7908,-6.7711,365.3,30.7
62.5072,124.3811,365.0,67.8
-30.9239,134.0056,365.0,229.0
46.5177,-85.854,364.9,125.0
22.2861,-7.7842,364.8,33.3
20.0619,-11.4289,364.6,34.7
53.9231,46.7442,364.0,85.1
-70.2981,16.2417,364.0,49.1
13.0975,11.2772,363.4,30.8
-49.6844,178.7811,362.8,362.8
53.8614,27.0706,362.2,194.5
75.1094,-98.29,362.1,338.0
50.5681,45.1408,362.0,175.9
28.1011,28.9469,361.9,126.2
-18.25,136.8145,361.7,66.2
26.8661,27.5589,361.6,134.5
11.97,-1.5103,361.6,31.3
74.8731,138.76,360.9,360.9
13.0506,11.6942,360.6,31.3
56.4878,33.2983,360.4,141.1
38.3684,-92.9813,360.3,97.5
23.3514,-5.6281,360.1,45.3
67.4911,119.5289,360.0,47.7
59.1156,53.8567,360.0,222.8
13.4139,12.0306,359.8,34.8
35.2784,-96.5229,359.7,60.7
-21.1797,124.2953,359.5,40.1
23.0994,-7.1672,358.8,31.5
21.4275,-2.0603,358.2,33.6
22.7394,-0.4578,358.1,35.2
23.1211,-3.6883,358.1,57.5
-21.8342,124.1594,357.7,34.8
42.2472,-93.2421,357.5,32.9
38.9878,64.5456,356.4,77.1
51.1494,79.5797,355.5,115.3
20.0075,49.2933,355.4,31.0
21.9644,-4.5631,355.4,38.7
-26.5689,134.6547,355.3,84.8
-13.2367,135.4456,355.2,251.0
27.6075,73.6275,354.6,43.8
-17.5289,136.6428,354.4,73.0
22.7742,-6.4919,354.3,32.4
-24.1633,142.8075,353.9,123.2
24.6492,-6.3836,353.9,32.7
51.7728,68.5206,353.6,38.1
52.3883,46.1742,353.6,104.6
38.8057,-95.186,353.6,30.8
57.3822,-96.7936,353.4,74.8
-70.3678,4.3617,352.9,299.9
27.3264,47.0464,352.8,33.6
29.6669,30.5992,352.7,175.6
38.5869,-94.619,352.4,38.4
22.4019,-9.41,352.3,31.4
22.1853,-3.9058,351.8,103.1
13.3494,-81.3681,351.3,351.3
15.1208,2.4678,350.9,52.1
41.9455,-85.8306,350.5,88.7
51.4125,68.1575,350.0,39.0
1.3036,17.9717,349.9,41.9
34.4505,-87.5465,349.9,81.4
52.1714,66.4789,349.4,55.8
23.2756,-4.3839,349.4,37.6
63.3958,37.1139,349.1,247.2
-11.8897,-52.9878,348.8,30.9
22.7325,-3.3197,348.5,32.4
42.8241,-92.334,348.4,31.1
-19.7736,131.7031,348.3,42.4
-70.5003,21.8842,348.1,111.7
-21.7264,122.8267,347.8,71.2
-17.3561,135.5892,347.4,90.8
36.2244,-96.7482,347.2,44.5
42.6191,-85.4359,346.9,81.1
15.8942,-6.3411,346.6,53.9
54.1597,-101.2525,346.5,55.0
-28.8553,130.9925,346.4,33.5
-21.4219,123.4303,346.3,37.0
1.4169,17.4606,346.0,31.4
-20.0233,132.5636,345.9,38.3
-26.3775,142.7581,345.8,185.2
-19.9308,133.1675,345.0,31.7
21.5172,-6.3778,345.0,34.7
46.8539,59.5597,344.8,152.6
45.4107,-93.4855,344.1,49.7
76.7906,158.0992,344.0,344.0
22.8142,-7.4264,343.6,30.5
56.8508,29.3831,343.5,185.3
26.2872,47.9886,343.4,32.2
52.0586,80.8108,343.3,118.8
51.3428,28.2297,342.8,151.5
63.0944,29.8089,342.0,220.2
54.2239,18.1239,342.0,287.8
43.1272,54.9247,340.8,155.5
-17.1394,130.5342,340.5,52.0
17.7386,16.5489,340.3,31.0
14.99,-5.9094,340.1,34.4
21.6569,-1.4353,339.9,40.9
-22.6978,137.8931,339.7,89.9
-20.1561,136.6147,339.5,68.7
14.8808,3.0122,338.8,52.4
-18.7531,125.0628,338.7,181.0
21.0408,48.7611,338.7,33.4
55.125,34.1533,338.1,118.8
68.3081,119.69,338.1,56.2
15.2222,-6.7353,337.7,54.1
27.1564,29.38,337.6,46.5
-18.03,124.0322,336.6,269.1
13.1828,-5.1597,335.2,46.1
59.8256,-80.0133,335.0,335.0
25.0544,49.1578,334.9,37.3
53.9619,81.8217,334.8,61.1
26.1372,48.5081,334.5,42.1
27.0769,47.4089,334.2,30.5
47.6103,60.0972,333.8,126.6
57.4647,54.0422,333.7,125.3
-28.5439,132.4014,333.6,47.5
46.5925,68.0378,333.5,59.3
21.7147,-4.9061,333.3,30.6
-3.8525,-46.4644,333.1,124.4
63.1681,-91.5889,332.6,286.5
-23.6008,114.7356,332.5,137.7
43.6903,53.9436,332.4,128.6
53.1303,53.2531,332.2,112.6
-21.3683,143.6258,332.1,31.4
-65.7561,92.4406,331.9,331.9
25.7431,123.4717,331.8,331.8
26.8397,28.8017,331.4,33.0
35.2184,-87.7105,331.0,43.6
-25.0686,-130.1131,331.0,331.0
-20.3786,123.9336,330.9,63.8
-35.7803,136.8719,330.4,330.4
55.4939,35.4758,329.8,102.7
19.8017,49.7972,329.6,32.8
39.9008,-94.1457,329.5,33.5
56.0092,36.4175,328.9,114.4
-28.9897,127.9122,328.2,37.1
-21.1906,123.0664,327.8,35.2
20.1056,-1.9267,327.7,31.4
-26.3147,143.9892,327.7,75.5
16.28,0.6794,327.6,35.8
17.5322,16.0764,327.0,31.5
28.9006,19.2842,326.9,186.7
-21.6881,144.435,326.7,32.9
61.5375,33.7378,326.7,207.9
1.2,39.5611,326.3,30.8
53.5508,19.9422,325.9,204.7
-23.4867,136.3006,325.3,31.3
27.3722,28.6336,324.9,49.9
54.2439,22.325,324.7,202.3
-29.8231,131.0225,324.6,109.5
37.5824,-88.4757,324.3,192.9
-22.1089,114.0053,324.2,290.4
62.7372,53.4894,323.9,158.5
3.845,42.7994,323.7,30.9
37.0461,61.8192,323.4,30.5
14.3606,-6.7914,323.2,32.5
39.1693,-86.2212,322.8,81.7
-20.8989,123.7622,322.4,52.2
56.8708,25.9583,322.2,216.2
-16.4236,134.1245,322.2,79.1
45.1544,69.5381,321.9,61.7
-16.4889,132.1906,321.5,82.1
42.2906,-91.8847,320.6,33.5
57.7133,27.0597,320.6,193.2
64.7011,30.6956,320.2,107.1
47.32,36.5958,320.1,132.2
50.1339,-96.1917,319.8,34.0
45.0341,-95.849,319.7,32.9
60.4294,35.7417,319.5,159.4
-29.0114,167.94,318.5,318.5
61.5042,37.24,317.4,197.4
-27.8897,134.4094,317.3,55.9
-70.1847,9.1767,317.3,108.2
-16.0858,135.7453,317.1,182.3
39.7999,-86.5719,317.0,53.6
-68.7436,151.17,316.8,31.0
53.6894,44.4372,316.5,105.8
50.8781,-97.9925,316.5,68.1
51.4589,-98.1761,316.5,39.9
-20.8053,136.265,316.1,38.8
48.4303,56.8128,316.0,59.0
38.9972,-93.9664,315.5,38.7
-29.2864,131.2581,315.4,35.9
54.1058,36.8589,315.4,134.7
52.8481,61.1633,314.9,34.8
57.2403,52.7131,313.0,92.7
56.4811,38.0139,312.2,149.9
8.6064,50.1619,312.1,34.7
-20.6156,123.2517,311.9,41.7
16.6483,0.3847,311.9,31.2
59.8536,44.6847,311.5,165.5
80.83,79.5528,311.4,311.4
73.5856,-105.1883,311.4,311.3
45.8811,68.0867,311.4,43.7
8.4272,104.8278,311.3,311.3
-80.6392,-61.4222,310.8,196.7
57.8592,49.4122,310.6,122.3
50.8722,63.4055,310.5,56.0
52.8303,-99.2592,310.3,42.4
-29.0803,141.8042,310.2,128.9
55.1794,30.8283,309.9,133.7
-28.8592,126.0753,309.8,41.1
49.9228,-81.7717,309.6,73.7
58.2483,-114.3158,309.3,30.5
-27.6953,144.8386,309.3,86.5
65.0842,-101.3106,308.8,90.9
53.89,33.2347,307.6,87.0
54.4481,-92.1278,307.2,57.3
-24.9236,142.4953,307.1,113.5
41.0997,56.6736,307.0,142.9
15.3422,-7.5228,306.9,33.8
39.2829,-91.0578,306.3,75.0
54.6342,29.7489,306.3,127.9
59.6547,37.3242,306.3,155.0
24.3736,-1.5333,305.9,31.7
53.4472,37.4672,305.5,118.8
41.7031,-89.0815,305.1,41.8
58.7917,42.2,304.7,135.4
53.4281,43.2547,304.6,83.0
54.0108,-99.3344,304.6,42.9
-28.1944,149.4986,304.3,59.0
55.2322,32.1258,304.3,101.2
39.6106,-93.5717,304.2,63.1
-29.9433,132.415,303.9,88.5
-30.1589,131.5772,303.9,52.3
52.6153,-95.9661,303.1,30.9
68.6211,117.5611,302.5,54.0
57.2239,38.49,302.3,134.5
56.6033,-169.6767,302.3,302.3
67.0969,48.9439,302.2,191.2
51.1767,-0.3753,302.2,250.7
18.3625,-114.6983,301.5,301.5
42.0217,-92.8036,301.4,35.0
-21.6922,137.5919,301.1,44.6
62.3803,88.1683,300.8,181.4
51.2269,61.7858,300.5,32.2
61.7522,40.2478,300.4,169.5
53.0597,63.1372,300.2,99.6
29.2983,29.4383,299.8,39.9
56.6083,85.6533,299.7,71.6
24.2467,-9.6467,298.8,44.6
44.8075,125.0022,298.4,92.3
53.3672,82.045,298.3,95.3
3.1061,46.1558,297.9,107.0
52.665,35.2247,297.7,70.8
63.2825,117.115,296.9,112.0
52.8642,27.5133,296.8,135.6
41.0207,-85.1955,296.6,62.8
-44.12,-176.577,295.7,295.7
54.0111,-100.3961,295.4,38.1
46.7886,-0.8422,295.3,165.6
36.9211,-87.2864,294.4,94.8
39.0436,-92.0917,293.8,34.1
39.7409,-92.5351,293.8,41.8
50.9281,62.5072,293.8,31.9
51.1194,37.2667,293.4,70.5
-8.5853,-69.3439,293.2,70.2
54.7083,33.3183,293.1,67.5
52.0889,36.5275,292.9,55.5
-21.49,136.9039,292.3,32.2
41.2409,-89.5666,291.7,96.3
-80.7208,-145.1181,291.7,33.8
-22.6711,144.8745,291.5,49.8
40.4701,-88.5645,291.4,85.0
40.1316,-93.199,291.4,35.7
-16.8861,134.6956,291.0,39.7
-6.8128,-72.5219,290.8,68.1
-28.1411,133.3392,290.8,33.3
56.2711,27.6555,290.7,152.0
-31.1133,123.7494,290.6,42.3
41.696,-86.6751,290.5,71.9
3.3975,-71.6469,290.2,70.1
51.1856,-96.4892,290.1,73.6
53.6289,35.7783,290.0,88.5
50.2631,128.9897,290.0,37.0
48.1481,31.68,289.9,138.4
52.7275,-96.7336,289.8,41.8
-22.3417,-176.2094,289.6,289.6
48.4572,65.4239,288.9,31.4
46.4244,64.1919,288.6,118.0
0.2369,-75.0744,288.6,57.6
52.0181,62.3847,288.4,44.6
43.1131,56.6703,288.0,48.4
22.1867,54.1578,287.8,169.5
27.5261,-98.9652,287.4,107.9
41.4185,-93.1383,287.4,40.2
58.9036,33.57,287.3,121.5
21.3136,-5.6444,287.2,37.9
12.3092,3.8031,286.6,40.2
66.8611,-105.3739,286.6,40.3
-76.0156,-76.9275,286.4,32.3
-16.3925,134.6508,286.2,45.6
53.5656,80.4525,285.9,151.1
-74.4161,-20.5883,285.8,232.9
-0.1967,-74.4833,285.5,92.7
59.8706,51.6964,285.3,117.4
-27.6736,147.0928,285.1,47.1
51.8136,-98.4892,284.8,33.1
55.2433,-96.7875,284.8,77.1
51.3175,35.8383,283.8,62.7
58.3333,37.1733,283.8,125.4
-16.5542,133.3428,283.3,39.7
-20.6169,122.7708,283.1,32.2
56.5128,48.99,282.8,151.1
-26.9058,113.78,282.5,164.0
-28.4194,142.298,282.4,133.1
50.0194,-96.8561,282.2,41.1
63.3139,82.3133,281.4,145.2
-30.4247,132.0364,279.5,57.0
50.1364,-98.2217,279.4,31.0
-18.0825,132.4767,278.9,60.0
40.5716,-87.4047,278.9,62.8
27.2039,19.8747,278.9,44.9
60.8306,53.7306,278.4,100.6
16.6514,16.0389,278.2,34.4
-69.7892,74.4011,277.8,139.1
56.4806,52.4983,277.7,100.7
39.1905,-92.7483,277.7,32.9
59.5822,48.8589,277.7,112.5
-68.4008,149.7789,277.2,172.2
-18.4578,133.1317,277.2,44.1
59.5236,55.5447,277.2,83.3
42.6786,57.8217,275.8,92.9
62.5017,25.1517,275.8,148.4
51.9547,44.2839,275.7,62.5
17.3267,19.2986,275.5,32.0
15.9067,-7.8908,274.9,35.2
52.6139,51.6742,274.7,96.8
-29.7036,135.5739,274.7,96.1
-19.6719,124.0314,274.7,36.3
62.0522,131.5945,274.6,51.0
-47.9442,-66.8683,274.6,145.3
43.6728,-82.7902,274.3,38.7
60.4256,-68.0822,273.6,273.6
57.0533,-94.9569,273.4,84.2
-27.3461,141.0792,273.4,172.4
16.765,16.4689,273.4,54.0
51.7847,38.3583,273.3,46.2
49.7061,31.4836,273.1,122.7
33.742,-82.5244,273.1,112.5
-28.4717,143.7289,272.9,124.1
29.9886,76.4358,272.8,32.3
63.4144,45.565,272.7,155.2
70.6586,116.4217,272.6,117.1
-31.0181,144.0133,272.2,187.7
61.6219,43.3644,272.1,150.2
-18.6139,132.3231,271.8,34.2
16.3703,16.8611,271.7,38.3
49.6689,1.6442,271.6,202.2
52.9897,24.295,271.4,123.8
73.3797,116.2825,270.0,237.4
49.1408,32.2314,269.6,109.0
51.6731,-86.6036,269.5,52.8
39.9903,-87.6779,269.4,65.8
-17.9828,131.3069,269.2,34.4
29.9119,45.2647,269.2,35.1
48.9764,61.5361,269.2,94.9
59.0886,38.5958,269.0,127.9
28.7989,30.2119,268.8,74.6
61.2433,45.78,268.8,120.8
50.7317,35.4664,268.6,53.2
28.0069,-99.5254,268.5,58.8
27.6803,20.1369,267.7,54.1
70.8342,160.6025,267.5,267.5
30.38,27.6194,267.4,101.5
-70.1281,1.1925,267.0,225.1
-23.2022,144.3175,266.4,49.1
39.9106,62.5525,266.0,87.7
62.9958,35.4278,265.4,108.2
62.0794,62.8822,265.2,150.4
61.5947,-115.9144,265.0,57.8
-29.0747,132.6625,264.9,35.9
41.8811,53.9833,264.8,31.9
-18.6267,123.3922,264.8,75.3
55.5186,-93.6783,264.5,112.6
61.615,52.5967,264.4,95.6
63.2475,43.85,264.4,87.9
-17.7383,133.6372,263.9,31.3
55.7061,44.0739,263.7,119.3
59.9925,42.0264,263.4,100.9
54.4281,-96.5269,263.2,43.8
-2.7408,-74.6786,262.6,72.8
-30.5994,132.9453,261.9,65.1
68.9792,-109.4828,261.8,153.1
64.5728,46.9433,261.2,127.1
52.9428,62.1625,260.7,53.4
63.1278,84.9483,260.7,118.6
66.7222,121.3822,260.6,34.3
50.9158,53.4764,260.6,97.9
28.2161,20.1047,260.0,56.8
40.6513,-89.4151,260.0,39.9
16.7647,-8.0636,259.3,37.0
-31.2317,147.6314,259.3,88.8
54.9808,-98.5028,259.0,30.8
-17.8392,133.0878,258.9,32.8
58.1708,35.0367,258.7,92.6
-6.5578,-70.4431,258.2,63.3
61.6972,87.2872,257.6,80.5
63.1514,122.7911,257.6,39.2
23.5889,-9.7433,257.4,33.5
51.0561,-85.2592,257.1,84.9
53.3358,83.6117,256.8,37.9
50.6892,38.2867,256.7,92.4
51.2056,50.2522,256.6,137.4
-23.9856,142.135,256.1,56.6
41.056,-91.2909,256.0,47.2
50.7206,39.4108,255.8,83.0
54.3011,-84.4892,255.7,147.2
44.7344,58.2094,254.8,102.0
32.0881,5.145,254.6,63.3
-17.2683,133.9967,254.6,36.6
47.6461,55.3081,254.4,126.5
42.4833,-81.7689,254.0,42.0
52.2969,-97.3369,253.4,36.9
41.5144,-90.8444,253.3,38.1
49.1603,43.8414,252.4,86.6
20.4881,58.8597,252.1,252.1
50.5347,41.7781,252.0,97.8
52.7364,32.7483,251.5,57.6
31.5786,74.3194,251.5,33.0
47.3031,61.1514,251.2,155.9
62.2731,46.5211,251.2,80.1
56.6917,88.6367,250.8,35.6
-12.5003,177.0725,250.4,250.5
43.3044,122.6225,250.4,59.1
49.6167,40.1336,250.4,62.4
-7.7347,-69.9153,250.2,50.0
70.4947,85.145,250.2,207.9
39.301,-88.9363,249.9,61.0
-7.1228,-69.3847,249.6,65.8
30.9217,26.9531,249.5,39.8
68.9056,122.9072,249.0,168.1
31.2322,25.6861,249.0,37.1
52.8156,-97.6417,248.9,32.4
-29.1736,129.9306,248.5,31.5
55.9122,-96.23,248.4,47.2
65.1769,121.6733,248.3,51.9
17.4464,-9.4925,248.2,31.7
34.1865,-81.4137,248.1,94.2
45.9597,125.5511,247.7,95.3
55.6478,48.8481,247.5,134.2
54.5897,-98.1917,247.1,33.8
-17.4647,122.4639,247.1,182.3
52.3794,15.3222,246.9,184.2
72.6592,96.8733,246.9,172.8
51.9497,32.9575,246.9,71.6
65.5825,120.92,246.4,45.7
26.3706,-12.7747,246.4,49.3
61.6942,-116.9839,246.1,35.9
40.8664,61.8139,246.0,97.7
63.8883,34.8761,246.0,113.3
18.6622,55.2317,245.9,31.6
-37.6042,140.4825,245.1,175.6
-66.7864,85.4539,245.1,169.8
60.7825,49.4367,244.1,103.0
53.0689,83.0047,244.1,35.3
67.3772,55.2133,243.4,148.8
23.3519,48.9389,243.0,35.7
55.7906,51.0583,242.7,73.9
62.1531,22.1728,242.5,119.5
62.4444,45.2011,242.4,64.0
-14.1592,134.87,242.1,110.5
70.3833,-106.8542,241.5,104.8
57.9617,41.8556,240.9,77.4
52.8392,42.3922,240.5,54.6
12.9378,3.0833,240.3,30.5
48.4342,62.7958,240.2,130.7
56.4525,87.9592,240.1,30.6
68.3056,44.6861,240.1,237.4
-30.0222,133.8542,240.1,55.3
53.0825,22.095,239.7,111.2
16.3142,17.4956,239.6,30.9
28.8836,73.7725,239.4,37.2
63.66,55.0211,239.3,101.7
42.0664,-82.6581,238.9,53.7
56.26,-91.0767,238.9,128.5
56.3753,13.0389,238.6,128.3
52.2692,21.7731,238.1,89.4
-29.1072,134.9344,237.7,38.7
7.5625,134.5714,237.6,237.6
67.9022,121.9872,237.6,49.2
53.4069,42.2814,237.4,46.3
-29.3692,133.3978,237.2,55.2
46.5622,126.1989,236.9,48.5
48.5239,30.9864,236.6,43.6
60.5578,-113.2372,236.5,37.7
52.6172,-86.3536,236.4,59.2
31.9254,-95.7165,236.2,94.2
-23.2581,139.2408,235.9,97.0
52.1503,-85.5536,235.7,51.0
62.5831,66.0722,235.3,132.8
40.0157,-89.4746,235.0,53.9
39.0303,-89.7596,235.0,43.3
67.0719,122.0522,234.9,40.2
49.0281,40.4733,234.6,54.0
31.5194,4.765,234.5,33.5
53.6092,-88.9458,234.4,31.4
55.6956,22.4697,234.2,186.5
62.7186,132.5361,234.2,34.9
39.3636,61.7631,234.1,58.0
16.6369,18.1958,233.9,31.0
-5.4611,-70.7106,233.5,75.2
-23.7303,35.0453,233.4,121.6
-38.4914,-64.4892,233.2,33.9
49.3472,41.4108,233.2,50.1
55.7681,42.8197,232.4,59.8
40.2346,-91.3504,231.9,35.0
49.9478,39.3439,231.4,41.6
48.0956,36.2997,231.1,67.7
61.9039,85.5278,230.4,92.7
25.9028,-13.4669,230.2,70.2
-29.8344,133.2761,230.1,47.7
48.1547,33.5108,229.9,103.9
28.1072,24.2783,229.6,82.2
-6.2847,-69.2756,229.5,64.5
69.5803,-105.3544,229.4,109.8
32.7967,42.77,229.2,32.0
-22.3944,172.0855,229.2,229.2
52.5694,40.9467,229.2,64.9
-12.4692,-65.4281,228.9,85.0
58.3006,90.8031,228.8,31.5
61.0086,25.5194,228.3,115.0
65.9675,121.6245,228.2,41.2
50.6575,1.865,228.1,102.9
-22.7322,138.9892,227.3,34.5
-28.5958,148.5197,226.8,47.5
62.6692,48.3417,226.5,73.6
54.4597,43.2458,226.4,67.9
42.1789,55.2403,225.9,36.0
73.9694,136.1108,225.4,225.4
-22.2244,33.8208,225.4,92.0
-15.3594,134.6606,225.4,97.2
-15.5831,-175.6255,225.3,225.3
62.6317,49.8544,225.1,67.7
53.1072,41.29,223.8,52.6
-11.7764,-67.1897,223.6,55.5
52.4322,30.8375,223.6,90.5
50.3342,62.7658,223.4,39.2
-5.2442,-72.3908,223.2,58.8
28.3511,22.7789,222.6,84.1
51.9222,29.4358,222.2,83.4
57.0453,44.0072,221.9,85.8
46.5028,55.6906,221.6,161.6
55.9517,-95.4644,221.6,32.5
33.1284,-89.3106,221.3,118.6
19.7639,57.4892,221.1,109.6
46.3742,43.8619,221.0,112.7
-1.5281,145.0678,220.9,220.9
65.4339,42.4161,220.9,205.9
60.4919,30.2072,220.9,198.2
53.3592,29.54,220.5,51.9
-2.14,-46.46,219.8,142.6
55.0719,50.1067,219.5,70.5
-27.4269,114.2878,219.4,44.8
58.2725,28.6022,219.3,161.2
57.9206,89.9242,219.0,31.5
64.2836,122.3539,218.9,38.8
64.165,121.1178,218.7,31.5
0.4372,40.2081,218.7,56.4
66.3814,-98.305,218.7,72.7
58.3292,91.4914,218.5,31.9
61.1514,47.2917,218.2,71.1
-4.8444,-73.0606,218.0,84.9
28.4242,27.6842,216.6,35.5
71.9981,94.4483,216.4,129.2
-31.1575,124.4939,216.4,31.0
57.6783,44.6889,216.2,60.2
49.6967,38.6117,215.9,34.5
57.6928,46.7789,215.7,80.3
46.0517,58.5447,215.6,43.8
32.2433,6.325,215.4,76.0
68.3344,58.3156,215.2,110.7
63.3203,-96.21,215.1,84.9
49.1872,39.4103,214.8,39.3
49.4564,38.0219,214.7,36.3
65.3897,39.8494,214.6,125.7
53.9211,63.9392,214.0,34.0
-10.6036,-66.4139,213.5,41.7
31.942,-85.4511,212.8,94.5
64.0611,39.0878,212.5,160.3
54.4567,-90.3225,211.8,32.2
64.1925,67.0206,211.5,133.3
-3.8453,-32.4231,211.3,211.3
31.7106,-96.8634,211.2,35.4
62.8928,-81.9594,210.9,210.9
-34.0872,-57.0103,210.8,78.5
64.5633,82.4428,210.7,123.0
58.8414,89.0414,210.7,38.0
-5.8444,-72.3367,210.6,38.9
60.0731,86.8911,210.2,62.2
-16.1061,-64.8328,210.2,32.3
51.0606,65.0556,210.1,41.4
57.6547,86.7997,208.8,35.0
32.7118,-94.9816,208.8,82.3
46.4792,65.1808,208.8,58.4
50.3219,63.8233,208.6,45.1
49.6786,-1.88,208.1,189.5
-19.6469,122.9894,208.0,101.4
58.3922,87.485,207.9,53.3
60.97,-113.8511,207.8,31.2
64.6406,37.0261,207.5,193.1
-1.6639,-74.0561,207.4,35.7
33.3064,5.5606,207.3,37.6
-3.8525,-74.2178,206.8,66.5
51.3997,41.9567,206.3,47.3
54.1886,79.8314,206.2,31.9
54.1553,41.5242,206.0,49.4
50.8533,64.4108,205.9,34.9
-29.5353,143.91,205.9,33.3
49.0528,64.6278,205.6,30.8
63.5914,123.835,205.4,32.0
66.9408,60.3456,205.2,80.2
-2.9103,113.4603,204.9,180.6
48.44,34.9855,204.6,51.5
59.5267,87.8308,204.4,45.9
-2.3297,-69.8981,204.2,77.1
52.1722,18.325,204.1,83.3
40.3119,57.1119,204.0,40.7
54.1333,-89.3053,204.0,33.8
52.2181,43.3458,203.9,52.1
-26.6169,-61.8308,203.8,39.9
61.7303,47.9406,203.8,46.1
64.3278,53.9167,202.7,73.8
57.5178,45.5906,202.5,49.3
-15.7519,-65.16,202.5,33.1
-4.1136,-73.6675,202.4,49.5
58.3686,88.9967,202.3,35.5
64.6839,85.4978,202.1,106.2
1.1078,43.9892,201.8,123.2
58.0975,86.6439,201.5,50.5
51.0072,52.3083,201.1,75.6
51.6144,40.0822,200.6,49.3
-3.2917,-69.9356,200.6,70.9
53.295,11.9083,200.1,158.6
-13.9586,136.6411,200.0,200.0
-23.8178,140.43,199.8,42.6
-24.6256,34.9933,199.5,133.2
33.1388,-95.8442,199.3,32.3
19.0456,57.8089,199.0,115.4
-13.2472,-66.7633,198.3,33.6
-2.7108,-72.9539,197.6,38.0
60.715,24.0861,197.5,104.8
-66.4664,126.7761,197.5,31.4
46.4914,123.9408,197.3,56.0
66.7742,85.1283,197.3,129.8
-2.2544,-73.4114,197.0,31.3
15.2625,103.8103,196.6,46.9
-24.2814,43.8631,196.5,67.5
52.2439,25.7458,196.4,46.7
-13.0133,-65.7244,196.3,46.0
38.4902,-88.9007,196.0,37.8
54.9875,64.2033,195.6,33.9
56.9792,63.6164,195.1,51.1
55.9925,9.7967,194.5,193.3
-31.5778,131.8911,194.4,120.2
59.5389,29.2858,194.3,141.1
55.28,81.9183,194.0,34.3
-2.1519,-72.6925,193.6,32.6
48.2386,63.6994,193.4,39.3
55.3833,63.7972,193.4,31.3
59.1842,87.0664,193.2,38.2
39.4322,60.6395,193.1,32.7
-23.7458,141.6719,193.1,36.2
-29.0367,148.0003,192.8,37.2
66.7542,54.1794,192.7,79.5
53.4867,13.6092,192.5,129.8
31.1447,-96.1556,192.0,54.6
57.2111,22.6492,192.0,135.3
24.1289,-14.9708,192.0,41.8
65.4194,123.5411,191.8,35.6
68.7131,83.1078,191.1,131.5
63.5981,-85.0744,190.7,130.1
-21.9264,-157.9286,190.7,190.7
48.7164,41.9017,190.4,36.3
-29.3675,148.5847,189.9,35.4
57.26,62.8622,189.1,36.8
-2.6628,-71.7044,188.5,45.6
56.0547,62.7439,188.4,32.3
64.6922,43.1083,187.7,104.9
-4.8286,-70.5975,187.7,46.6
-12.8264,-66.9556,187.4,40.4
60.4219,85.525,187.4,33.3
-11.4864,142.4997,187.3,100.9
48.0933,41.4019,187.3,49.2
56.1753,66.7964,186.8,48.9
60.7656,84.8133,186.7,35.9
52.5464,49.7039,186.5,51.1
-29.3583,134.5419,186.4,36.2
58.1264,84.7758,186.3,32.2
60.0142,84.0967,186.0,39.4
2.0192,45.1467,185.9,70.3
51.6025,42.6314,185.6,32.3
56.5611,63.0842,184.7,35.2
-35.2372,-63.9444,184.7,32.6
-3.3033,-71.4833,184.1,40.2
55.66,64.4075,183.9,36.5
25.0828,-14.8314,183.6,60.4
54.5547,13.6292,183.6,183.6
31.0831,-93.8393,183.5,101.8
-4.3733,-72.6086,183.5,33.9
-15.2639,-64.9792,183.3,31.8
48.2425,44.07,183.2,67.5
46.5372,125.0864,183.2,36.4
-66.9356,120.6278,183.2,53.9
-14.7706,-65.0553,183.1,30.6
55.8297,63.4497,182.9,33.2
53.1675,9.9456,182.8,121.3
62.2319,51.35,182.7,33.9
-3.5289,-70.4406,182.6,46.9
-2.6042,-71.2647,182.4,44.3
-30.7406,-57.1086,182.2,35.9
47.4428,124.1264,181.9,31.9
-1.2308,-46.2989,181.8,155.3
55.8947,82.0714,181.3,33.9
56.4581,81.8089,180.9,33.2
42.1744,53.5878,180.8,42.9
-36.5867,140.5828,180.5,104.8
46.7339,42.1806,180.4,52.3
55.8144,65.9872,179.5,34.2
-9.585,143.7717,179.4,179.4
-29.4278,146.1511,179.3,42.4
54.2097,10.7256,179.3,165.2
9.5294,138.11,179.2,179.2
60.9833,83.5861,178.7,33.9
54.4014,-88.0944,178.5,42.2
-79.1103,-150.8158,178.5,35.3
-29.11,-56.9317,178.4,110.2
59.6444,85.7583,177.7,31.5
60.0272,26.9961,177.6,177.6
-67.1569,116.3239,177.2,53.8
-33.2022,143.6555,176.9,93.3
-2.5633,-58.9736,176.7,63.9
53.3078,-84.2292,176.7,65.0
64.6358,68.2717,176.7,86.3
-23.4581,32.3583,176.5,33.3
55.6914,65.0922,176.3,31.3
3.4114,45.6392,176.3,39.0
-29.7497,147.7783,176.2,39.5
-3.2761,-72.6356,176.1,39.8
39.7303,59.5367,176.1,56.2
59.4036,62.4539,176.1,82.6
61.7058,68.3544,175.4,88.7
58.9422,26.3692,175.2,127.9
45.8331,65.8608,175.0,36.1
69.6711,83.2245,174.9,118.4
55.6603,80.6592,174.8,32.4
69.0503,49.1261,174.7,174.7
56.6894,75.0442,174.7,42.8
27.7875,70.6356,174.5,44.5
60.6736,86.2622,174.3,32.4
66.8925,-99.6217,174.2,43.2
52.3225,76.9517,174.2,34.3
-5.5647,114.4378,174.1,174.1
30.8325,72.0703,173.9,30.5
31.3922,-90.2919,173.7,76.5
-29.5506,145.2869,173.7,45.4
57.4736,80.0914,173.7,32.4
50.8778,31.5389,173.2,45.5
-8.0372,-67.3097,173.0,32.9
58.7,61.8664,173.0,31.7
-4.2456,-71.6208,172.5,38.1
55.16,69.6558,172.2,34.5
55.2444,80.0289,172.0,34.1
56.3469,65.3339,171.7,42.5
59.3506,84.75,171.7,30.7
57.4169,74.0683,171.6,35.5
56.9261,42.7883,171.1,49.2
44.3667,65.0358,170.5,45.3
56.1847,-78.8169,170.5,170.5
-36.5044,-63.7394,170.2,31.3
57.5364,78.7267,170.1,33.6
55.245,79.0747,169.6,30.5
55.9286,69.6481,169.5,32.6
63.6394,24.2394,169.2,32.7
68.0414,50.9139,169.0,128.2
-35.6747,139.6503,168.9,133.8
56.0294,68.3297,168.9,32.9
26.9411,78.5417,168.8,34.0
-13.7875,-65.2197,168.0,36.0
-13.2856,-64.3619,167.8,31.7
59.2339,85.7342,167.8,33.8
49.5192,62.355,167.6,36.4
48.9853,63.0153,167.5,33.9
-36.9519,-62.9789,167.3,30.6
50.4494,31.6508,167.2,36.1
55.7836,68.9055,167.1,32.3
-4.0383,-72.9317,167.0,31.0
27.3942,68.8267,166.9,107.9
55.8661,74.7383,166.8,44.3
55.3242,-89.5875,166.2,48.4
49.49,63.1361,166.2,49.4
62.9008,77.3611,165.9,52.1
51.7683,-78.9644,165.9,162.4
56.4886,78.6672,165.4,31.4
-70.1108,12.9617,165.4,71.9
43.87,64.0811,164.6,44.1
-68.5558,78.5294,163.9,34.6
61.0031,66.4822,163.9,67.0
-11.5061,132.0775,163.8,152.8
56.0289,70.7164,163.7,30.9
4.005,-81.6067,163.6,163.6
-4.4317,-70.7161,163.3,36.3
32.4249,-92.8967,163.1,69.5
-2.9797,-70.5131,162.7,33.5
24.9983,-14.2219,162.6,46.1
26.7597,79.0128,162.6,30.7
21.3836,52.8736,162.1,60.5
30.1438,-85.4847,161.8,160.0
-36.6914,-62.2961,161.7,38.8
47.8569,61.9617,161.7,63.4
-12.5733,136.6033,161.5,116.0
-5.5081,-67.97,161.5,30.8
57.9061,81.0822,161.3,37.5
-29.2036,143.5378,161.3,37.4
-24.6706,33.5994,161.0,84.1
44.2053,58.3425,160.9,33.8
-7.7528,-67.0706,160.8,30.9
-24.5189,140.3711,160.6,45.2
71.8097,119.295,160.6,76.8
45.4542,40.7006,160.6,48.1
-33.9203,-62.7414,160.3,33.6
35.8332,-89.4795,160.3,57.0
31.6522,-90.8419,160.0,38.1
56.655,71.1147,159.9,46.8
56.9319,64.8325,159.9,56.6
55.6286,78.965,159.7,35.3
50.4822,-81.0586,159.5,33.7
64.275,70.0139,159.4,65.6
33.7028,42.6136,159.1,38.1
47.1764,63.9106,158.6,42.6
33.6258,-93.3735,158.5,57.9
56.3211,69.3175,158.5,33.9
55.4983,73.6322,158.2,45.1
35.1838,-90.7269,158.2,69.5
29.185,26.33,158.1,53.5
54.0322,73.5242,158.1,37.3
60.5653,87.4244,158.1,33.0
63.4103,72.9639,157.7,30.7
63.2633,74.2472,157.6,34.6
57.9664,79.1442,157.3,31.6
1.6414,44.6431,157.2,66.2
-34.1347,-62.2333,157.1,40.1
40.1033,59.0528,156.8,37.9
63.8747,73.9617,156.7,57.1
59.6447,82.6417,156.6,32.0
70.2644,59.0792,156.1,156.1
65.7919,-70.7378,156.1,35.4
-79.68,-67.4,156.0,34.9
43.7086,63.4867,155.9,34.3
54.2078,-86.4336,155.9,31.4
-23.2094,34.3308,155.8,34.9
53.0167,73.8481,155.7,37.2
54.8325,79.1947,154.7,31.7
-4.0881,-70.9364,154.2,35.2
-33.9453,-61.7256,154.1,51.0
57.0608,86.9983,154.0,31.4
30.7022,-95.5411,153.6,56.4
24.8822,53.07,153.3,153.3
30.8594,-94.638,153.0,63.1
62.7528,78.4683,152.8,35.5
40.6775,58.4339,152.4,38.0
55.1408,-91.3936,152.1,39.2
-5.9381,-74.7328,151.8,40.9
-67.9739,44.065,151.8,35.0
32.0126,-93.5718,150.9,58.2
52.6628,74.7481,150.7,36.0
21.3186,52.2947,150.6,32.8
-1.8292,41.2592,150.6,124.6
-33.3553,-62.4381,150.6,32.0
5.4519,-69.7997,150.4,31.3
-11.7028,130.8275,150.3,150.3
61.2733,82.2989,150.2,41.8
57.3772,83.1042,150.0,30.6
58.3953,79.8997,149.9,35.9
34.9982,-89.9095,149.7,43.6
71.3658,81.6892,149.3,119.6
30.1264,47.6261,149.2,119.2
-13.2747,-176.2064,149.2,149.2
-37.3956,-63.4681,149.2,30.7
55.2769,-87.4853,148.8,40.8
60.2261,82.115,148.7,33.8
60.98,69.0305,148.6,107.8
70.3842,80.4858,148.2,104.7
57.195,10.2922,148.1,148.1
56.5467,71.9108,147.8,30.5
26.5078,81.5464,147.5,37.8
57.7281,71.6217,147.3,38.5
48.1425,46.8556,147.3,125.8
-34.9819,-62.1711,147.3,43.3
58.3225,76.4706,147.2,32.8
-30.0242,136.7892,147.1,31.7
43.2692,60.4097,146.8,84.5
-80.685,-148.7792,146.4,37.2
53.8586,75.1789,146.0,36.1
55.1553,10.2525,145.8,145.8
65.995,56.4,145.5,57.1
45.0053,54.1744,145.5,160.0
-1.3264,-68.0556,145.0,42.6
58.25,64.3675,145.0,34.0
44.8983,63.1161,144.7,55.6
-30.5042,137.1428,144.3,38.8
-83.0136,-172.7792,144.2,63.0
59.2283,72.9833,144.1,54.3
-35.5158,-62.9642,144.1,39.1
63.4961,75.7883,143.9,33.1
58.8225,76.6833,143.9,38.1
60.8942,80.8217,142.8,44.4
65.5597,56.5878,142.8,37.1
-3.7331,-42.5378,142.7,50.0
60.3514,67.0005,142.7,58.8
61.8514,82.2744,142.0,37.0
41.1839,59.7003,141.9,34.7
61.5975,77.5995,141.9,54.3
54.695,75.3764,141.6,30.8
57.6939,73.1831,141.4,31.0
-36.2039,-63.1556,141.4,30.7
47.4203,30.4133,141.2,33.1
-33.0081,-61.6936,140.9,38.0
-33.7644,143.4695,140.9,63.0
58.5831,81.3114,140.9,38.9
33.9022,-92.5694,140.8,44.5
26.3211,50.1306,140.8,134.7
-33.4339,142.9861,140.6,57.2
29.4056,47.6636,140.3,40.5
-29.2719,-58.0108,140.1,74.9
31.5222,25.1625,140.0,44.5
57.9139,65.1975,139.9,30.6
51.6986,48.8581,139.8,32.9
-33.8228,142.67,139.8,44.3
14.8383,-16.9994,139.6,102.8
59.6728,76.7114,139.4,47.6
62.0119,78.54,139.4,50.6
3.9531,46.7042,138.9,32.8
-34.6214,141.6267,138.9,69.4
43.1103,59.4333,138.7,76.2
61.4164,76.6595,138.0,48.9
62.2347,-94.2478,137.9,76.2
62.7597,-94.1361,137.8,37.8
-3.9108,-71.3797,137.8,38.7
68.8283,-97.5283,137.7,137.6
23.9283,50.9153,137.3,45.2
66.8678,-71.8772,137.0,63.4
70.0289,76.295,136.9,101.9
44.3953,63.2722,136.8,41.7
-7.3922,-66.7044,136.6,32.7
76.1458,152.6942,136.6,136.6
65.6178,75.3494,136.5,67.5
58.6344,77.8992,136.4,35.4
-33.6131,-57.7556,136.3,38.3
61.9861,69.8944,135.9,41.6
63.9544,123.3156,135.9,38.8
66.0392,46.4055,135.8,65.3
-32.2947,-61.7756,135.7,31.1
-66.6261,108.155,135.6,77.4
46.1278,62.048,135.5,72.4
31.0771,-91.5056,135.3,36.3
58.6172,71.07,135.2,40.2
77.7061,-112.2558,135.2,135.2
62.1256,80.8411,134.8,35.1
57.3239,83.9375,134.3,37.1
67.7269,81.2822,134.1,54.8
-3.2128,-43.6494,133.8,50.9
34.564,-90.6263,133.8,72.8
46.2778,41.1589,133.6,47.7
60.5156,80.2311,133.5,36.0
-34.175,-57.9475,133.5,50.8
-31.8686,-60.4894,133.3,66.4
-4.2664,-66.6911,133.1,44.1
56.4292,73.9797,133.1,31.9
57.8828,30.4981,133.0,42.0
59.4844,81.5783,132.7,34.9
-66.6392,92.6394,132.7,32.0
56.1578,72.1239,132.6,31.8
57.6614,76.4055,132.1,31.1
61.2303,63.52,132.1,30.8
31.1308,20.6031,131.7,41.1
23.7411,-15.6017,131.2,37.2
-21.1394,34.0414,131.2,47.9
58.1189,68.9667,131.1,35.1
29.0833,48.0575,130.8,57.5
58.8128,73.3031,130.7,37.9
58.5469,68.9167,130.5,33.5
57.8131,77.2939,130.2,31.4
58.9528,65.5347,129.3,56.7
-3.4656,-42.9403,129.3,34.6
59.0931,70.7339,129.0,34.7
-34.1744,142.3806,129.0,30.8
-79.7461,-153.4067,128.8,38.5
-35.2508,-61.6497,128.7,36.2
23.4153,51.0928,128.6,33.4
60.3281,20.1206,128.5,128.5
57.0403,68.1942,128.5,33.5
59.1625,69.6781,128.4,45.5
30.7194,20.4119,128.4,48.3
57.44,67.78,128.0,48.0
33.6103,-91.7819,128.0,51.8
65.2922,68.0128,127.3,51.4
-27.4672,139.095,126.9,90.6
52.2264,5.8433,126.8,119.3
-34.5133,144.8478,126.5,35.1
59.7842,70.5981,126.0,66.2
-34.1575,-56.1558,126.0,32.1
62.2072,-79.6394,125.9,125.9
-1.0742,40.8317,125.8,30.6
-35.6125,143.4531,125.7,30.8
-35.5194,142.4664,125.3,36.2
31.1651,-89.284,125.0,30.8
-31.9594,-59.8256,124.3,35.7
50.7575,48.6964,124.0,35.6
60.2442,69.9294,122.5,38.1
60.005,75.5239,122.4,32.2
65.355,74.2689,121.9,34.6
-25.0433,139.4117,121.9,41.1
-18.8386,-159.7803,121.8,121.8
64.4194,80.0483,120.8,71.0
59.5183,79.0981,120.2,32.2
60.1383,77.0728,120.2,30.7
-25.7597,140.0703,120.1,51.3
65.2967,70.7067,120.0,39.5
-70.3236,29.8767,119.7,34.3
69.5958,74.0583,119.7,79.6
-68.1475,42.7339,119.3,31.3
57.9592,67.7183,119.0,66.6
-27.8136,-57.3361,119.0,48.8
-28.7861,-57.5431,119.0,46.5
30.285,18.5678,118.7,55.6
59.2156,80.1683,118.5,34.6
67.5697,-103.6656,118.3,30.7
52.925,1.2492,118.1,89.0
26.3167,-14.1519,118.1,38.5
58.0125,69.8567,117.6,33.4
6.6522,-68.4992,117.5,41.4
58.9269,64.0131,117.5,41.9
-22.9589,33.6583,117.5,48.0
59.9883,80.6539,117.4,30.6
33.4608,43.1392,117.1,40.8
-41.1192,-63.8958,117.1,36.8
-2.8828,-68.6217,117.0,34.9
24.7783,125.3858,116.8,116.8
-4.8,-66.6442,116.3,39.9
-19.6142,141.1542,116.2,40.8
61.4578,71.5356,116.0,62.4
5.7489,48.7339,115.7,42.6
60.8758,79.2978,115.7,45.5
63.3797,77.7167,115.4,38.8
-35.82,-60.6064,115.3,44.2
-66.2203,131.1839,114.7,33.0
-30.9447,-60.0611,114.6,93.5
24.8,50.6708,114.5,43.3
69.1169,79.3256,114.2,64.1
60.1728,71.9933,114.1,51.0
-30.0078,-58.0025,113.6,32.0
58.22,82.4467,113.5,32.7
-30.0833,-57.2972,113.4,34.8
27.8181,-82.0327,113.4,92.4
-69.7378,35.2872,113.2,35.0
-35.3233,-60.9919,112.8,37.1
-28.115,138.7244,112.2,57.2
-28.2836,-58.0975,111.4,40.4
-66.3994,136.5794,111.4,50.9
60.2278,62.9172,111.2,31.8
65.2933,86.8822,111.2,69.7
-2.6983,-67.5372,111.0,31.8
42.2747,58.6083,110.9,44.5
59.1369,18.015,110.7,110.5
-33.3606,142.2314,110.6,57.3
31.0861,-88.2691,110.3,52.4
58.5989,85.89,110.3,31.3
-67.6336,82.3717,110.2,33.4
-21.725,35.4642,110.2,110.2
-40.1794,-64.0953,110.1,35.9
59.1631,82.3739,110.1,36.1
-34.7294,-60.8467,110.0,33.8
-24.0442,113.4278,110.0,99.5
-77.8644,-49.36,109.8,60.7
-34.3675,-60.9953,109.6,32.4
-6.7797,134.1056,109.5,109.5
-7.2967,-65.0592,109.5,33.9
60.1506,64.0483,109.5,33.4
-12.4803,134.7886,108.5,45.7
-42.9553,-64.3622,108.3,37.2
56.405,143.3864,108.2,108.2
-15.8111,-148.2697,108.1,108.1
59.6317,69.3408,107.3,44.4
-18.3211,140.4233,107.0,60.8
42.0611,57.9514,106.2,46.3
61.1594,73.4811,106.0,77.3
68.9469,-117.5039,105.3,41.6
44.5883,-1.2128,105.0,77.0
59.3367,73.9908,105.0,30.7
-32.8342,141.8567,104.8,30.8
-28.6547,-58.6103,104.8,38.9
43.6558,62.19,104.7,32.4
-31.1372,-58.1472,104.7,44.5
61.4531,70.3256,104.7,51.1
-7.0764,-64.6208,104.5,48.9
-33.3522,-60.9508,104.0,30.8
33.1602,-81.5596,103.9,30.5
-6.2572,-60.8539,103.8,36.1
-20.6431,-178.7394,103.8,103.8
68.4478,79.855,103.7,63.4
-2.0292,-67.055,103.7,31.0
17.5386,-13.4911,103.5,35.2
-6.4733,-62.9822,103.5,42.7
-34.6575,142.7842,103.2,38.8
60.1322,74.2478,102.9,42.1
47.4036,34.0967,102.5,80.4
-5.1133,-67.0067,102.5,32.2
-7.5017,-62.5214,102.3,30.8
60.885,78.2505,102.3,35.7
-66.21,132.7161,102.2,30.9
-1.2775,-65.6306,101.6,32.9
33.3117,44.3497,101.4,68.1
26.3689,69.4019,101.4,48.3
-2.9958,-43.1161,101.3,31.1
-33.9956,140.3614,101.2,30.7
68.3086,70.7956,100.4,61.8
60.1122,76.3244,100.4,33.1
58.2392,66.8383,100.2,36.1
31.8537,-92.0221,100.0,48.8
-28.4692,-56.9992,99.9,31.4
-27.3278,-57.9619,99.7,35.8
-35.2358,143.6464,99.4,31.3
-34.2433,-60.2619,99.2,37.4
-0.9625,41.4747,99.0,40.4
-33.2481,141.6258,99.0,44.1
-31.9686,-61.2619,98.8,46.1
65.01,25.8778,98.6,34.4
-34.6092,-60.0933,97.9,36.1
-18.8292,140.0217,97.9,44.8
63.9744,77.22,97.5,33.6
-5.8486,134.493,97.2,97.2
-25.0919,140.1242,96.7,33.8
30.4458,-82.8715,96.6,57.3
68.0839,-97.05,96.5,81.5
-39.2464,-63.5775,96.4,40.8
65.1992,79.0711,96.2,47.7
-2.7858,-61.2064,96.2,30.9
66.6747,74.8728,96.1,44.5
60.8064,75.7433,95.9,33.2
-3.8806,-63.8286,95.5,31.3
-27.435,-58.5883,95.5,33.5
-42.225,-64.3097,95.5,71.6
-29.1572,-59.0669,95.3,35.1
65.9025,79.81,95.2,44.2
-31.7475,-58.6619,95.2,31.9
-31.2533,-58.6347,95.1,31.3
60.0217,73.4622,94.9,34.0
-25.1322,138.7425,94.7,31.1
-19.0811,-169.9406,94.5,94.5
-69.1369,35.17,94.2,43.5
67.8156,-76.6922,93.9,93.9
73.0358,107.0992,93.8,64.1
50.4572,51.6917,93.8,65.0
-4.4647,-67.9806,93.7,32.7
-26.3344,136.7864,93.6,31.1
45.1089,59.3169,93.4,60.0
-26.4406,140.0028,93.2,39.7
59.0781,79.1964,92.7,33.0
-34.1889,141.0336,92.5,32.5
28.4198,-96.752,92.0,92.0
57.3336,18.3397,92.0,92.0
59.4506,66.56,91.7,42.0
17.5486,-14.7031,91.6,38.6
-29.3886,-60.2378,91.5,33.6
26.9144,49.6364,90.8,77.4
18.2236,-13.9019,90.6,33.0
-7.3056,-62.9769,90.4,33.3
-27.2603,-59.0183,90.2,33.8
69.7053,68.3961,89.9,67.5
37.4335,-77.1214,89.9,53.3
65.6528,80.8972,89.8,32.0
-15.7153,136.6819,89.8,89.8
58.1167,83.1739,88.7,30.7
68.595,75.5083,88.1,53.4
-19.9917,-158.1164,88.1,88.1
29.9183,-82.0417,87.8,51.2
-25.7281,137.718,87.6,36.2
43.7986,59.0142,87.4,34.7
70.9886,74.8475,87.0,63.9
-6.8967,140.8303,86.8,43.1
-5.0856,-60.3664,86.7,53.4
66.9681,78.9995,86.7,43.3
52.8714,-83.7044,86.4,33.4
68.1753,72.0389,86.4,47.1
-0.4417,42.4506,86.0,75.6
-3.8211,-66.2944,85.9,31.3
69.1253,70.3133,85.9,62.0
41.4494,52.7208,85.8,92.4
22.3047,-16.3172,85.7,31.3
-3.8906,-67.705,85.7,32.2
-1.6956,-68.2933,85.6,36.1
51.5528,-83.33,85.5,31.0
-2.6519,-66.795,85.4,37.4
30.8761,29.6092,85.3,33.8
30.5994,-84.3039,85.0,40.2
17.1403,-14.3919,84.8,39.7
60.9903,76.4972,84.2,31.5
-8.6136,142.9792,84.1,48.8
-2.0997,-66.3678,84.0,31.8
65.5075,78.4061,83.9,34.0
-3.3733,-64.8756,83.7,32.6
-1.4144,-51.0167,83.7,64.1
-75.7669,-23.9208,83.5,37.2
-28.6364,-59.4764,83.4,33.0
-22.6508,-152.805,83.3,83.3
30.3239,21.4519,83.3,40.3
-81.3464,-163.9055,82.7,31.2
9.1789,92.7755,82.5,82.5
31.1417,16.8192,82.4,34.3
-6.6986,140.4661,82.1,33.5
67.2378,44.3344,82.0,61.8
32.7868,-92.3421,82.0,31.1
-52.8992,-59.1833,81.8,81.8
60.1347,78.1561,81.8,33.9
-0.8583,169.5342,81.6,81.6
-2.8414,-66.0667,81.0,39.9
-6.2417,-61.8936,80.9,33.4
-24.4039,32.8881,80.8,38.3
71.5336,73.7383,80.5,40.5
-5.9311,-64.3436,80.5,39.7
3.4783,46.9567,80.2,55.4
69.2408,157.6922,79.9,36.7
-3.6728,-62.7522,79.3,45.4
32.3172,-64.7331,79.2,79.1
-2.0569,-65.9611,78.9,31.3
34.9664,-78.4495,78.3,33.2
25.2325,54.2133,78.3,78.3
-6.5214,-62.3639,77.9,32.1
-69.7053,29.3111,77.8,42.0
1.8281,101.032,77.8,66.9
31.0514,28.3978,77.7,37.5
60.3892,77.6072,77.6,33.2
-37.0328,139.8114,77.5,67.5
-1.6242,-51.4883,77.4,39.7
30.3061,22.0039,76.9,31.8
-11.6094,169.8503,76.7,76.7
68.2317,74.6378,76.5,31.0
32.5433,44.4172,76.5,46.3
75.0144,147.1067,76.2,76.2
-32.1989,126.3681,75.6,56.2
61.3872,75.1189,75.5,30.6
-3.5597,-59.7317,75.4,51.4
65.1731,66.1339,75.4,42.0
25.4233,50.7869,75.3,42.1
19.2806,-15.8114,74.8,32.6
-70.2139,31.2858,74.3,31.6
58.9197,22.2017,73.6,73.6
-32.2233,-58.2686,73.5,31.8
30.6114,-83.4557,73.5,33.8
-36.5678,-58.5347,73.3,33.7
58.2903,22.1042,72.9,72.9
14.8828,93.6306,72.7,72.7
-3.2706,-66.0394,72.6,30.6
25.9497,131.2936,72.1,72.1
-2.8164,-64.4842,71.9,38.4
69.7947,70.6539,71.7,47.8
71.1775,69.795,71.6,51.3
-4.9183,-62.4125,70.9,33.6
68.8186,-95.2928,70.8,59.2
60.6283,76.86,70.7,32.1
20.3667,-16.0617,70.6,33.2
16.2481,-13.3858,69.8,38.7
26.2831,-80.1594,69.8,66.1
63.7925,-86.8772,69.8,48.7
-27.615,140.0964,69.5,34.1
68.9747,76.4806,69.3,49.4
-26.8886,137.2761,69.3,35.2
-32.78,-58.7608,68.9,34.1
-75.5156,-20.6942,68.9,44.0
-36.0339,-59.1408,68.5,32.9
-66.8953,-60.2072,68.2,37.7
46.8125,33.6105,68.1,30.9
-66.6978,81.3772,67.9,40.9
-5.5656,-60.8167,67.6,30.8
49.1675,46.8758,67.4,41.7
-1.8458,104.1706,67.1,53.7
-3.8044,-58.3522,67.0,33.5
-4.3161,-62.3131,66.8,38.8
-5.7658,-63.3219,66.1,31.5
24.2322,-75.3703,66.0,66.0
30.5748,-87.3952,65.8,43.0
-4.0017,-61.4594,65.7,37.2
71.5944,132.95,65.3,46.4
-3.5483,-59.0472,65.2,40.6
75.8839,142.3275,65.1,62.4
-35.0575,-58.77,65.0,34.0
27.1836,-81.3388,64.9,30.5
56.2286,-92.7333,64.7,32.7
-69.2958,30.4906,64.6,32.9
29.4457,-82.2677,64.3,41.2
-0.5314,166.9164,64.3,64.3
66.9136,80.3383,63.8,34.2
-26.7511,138.3381,63.6,39.8
-2.6567,-42.8506,63.0,34.8
-20.8044,115.3906,62.9,62.9
5.7019,5.3392,62.6,62.7
-3.1092,105.1283,62.2,50.2
-32.9853,-60.7292,62.0,30.6
9.5844,121.1983,61.6,61.7
-19.8111,-178.235,61.6,61.6
-22.5981,168.9508,61.3,61.3
-66.7017,124.7589,61.3,31.9
-5.0972,-62.9017,60.6,36.1
-75.0642,-18.6275,60.5,31.2
52.7081,4.6822,60.5,60.5
46.9731,31.9747,60.4,35.2
31.2633,29.995,60.4,58.5
-34.6253,-58.4336,60.1,37.1
65.935,71.7594,59.9,32.3
11.7758,-15.2311,59.7,37.9
-75.4511,-26.2867,59.6,38.6
31.4584,-81.9448,59.1,42.7
29.0518,-81.6858,59.1,32.9
-2.4119,-43.4192,59.0,54.0
-8.5239,141.4733,59.0,31.7
-35.1025,-57.7342,58.8,39.3
29.8283,-95.2387,58.8,46.3
71.7478,146.9108,58.5,49.6
54.1817,7.8822,58.5,58.5
25.3783,-76.5325,58.4,58.4
48.5531,51.9344,58.0,59.1
71.3867,145.9733,57.5,41.0
-30.9919,140.0658,57.5,31.5
-33.37,-60.1619,57.4,35.3
31.2389,27.8569,57.2,37.4
69.8775,159.4556,57.1,39.5
-37.0931,-57.8692,56.9,32.9
13.7331,-15.8953,56.8,31.4
75.2542,143.9933,56.7,52.0
-0.5044,-61.8092,56.6,35.1
70.6317,68.8333,56.5,33.7
-8.0397,141.9089,56.5,43.4
23.5747,-164.7006,56.2,56.2
77.1897,89.505,56.1,56.2
38.01,117.6803,56.0,50.5
-32.6464,-52.4725,55.9,50.0
53.3353,-79.9511,55.8,55.8
-0.9481,-62.8292,55.4,34.9
69.7694,-101.7378,55.4,40.1
-0.7333,-48.49,55.0,55.0
30.6433,46.0419,54.1,37.3
-7.4042,140.3581,53.6,37.5
25.6736,52.4092,53.5,53.5
70.7383,-100.3092,53.4,53.4
22.9222,-74.8572,53.3,53.3
-40.4728,-63.6625,53.2,31.2
-25.0603,113.1264,53.1,53.1
11.4847,-16.0111,53.1,53.1
-27.3753,138.0431,52.7,43.9
13.7231,-16.3558,52.5,36.5
29.8162,-91.803,52.1,52.1
-35.4203,-58.0369,51.9,36.3
36.1194,-77.0658,51.8,34.1
37.0825,-76.4294,51.2,43.9
6.6761,149.2975,51.1,51.1
-17.9361,140.9114,51.0,33.1
56.9286,-93.1717,50.8,33.3
-7.3067,139.7217,50.6,33.3
-0.7533,-50.8619,50.4,50.4
0.8006,-50.1542,49.9,49.9
21.6256,-16.9064,49.8,40.4
19.7528,-79.7386,49.6,49.6
19.4292,-16.1906,49.6,31.5
70.0958,156.8992,49.6,31.9
-7.9819,140.8622,49.3,33.0
-1.345,-49.5492,49.3,44.9
-7.6011,139.4772,49.2,32.3
-3.6622,105.5717,48.9,39.8
21.2067,-17.0475,48.8,32.4
56.6922,11.5389,48.8,48.8
57.3653,-78.4461,48.6,48.6
-20.4719,166.6519,48.6,48.6
22.7806,-74.2572,48.5,48.5
46.3817,32.9011,48.5,34.2
38.5875,-75.4432,48.5,48.5
-27.8239,138.15,48.1,34.6
58.3736,19.2492,48.1,48.1
63.2747,-83.6844,48.0,48.0
67.765,77.485,47.8,47.4
-3.22,112.222,47.8,36.4
5.1911,5.3775,47.8,47.8
-31.3656,-51.1436,47.7,32.6
1.6086,-49.9667,47.7,40.3
-9.1936,141.1597,47.3,35.1
29.6614,19.9703,47.0,31.9
-24.62,113.5294,46.7,34.5
32.991,-80.1065,46.6,33.2
-18.4536,121.8369,46.6,32.7
21.5192,-71.4986,46.5,46.5
69.9892,158.1295,46.4,35.6
31.1681,45.3003,46.4,31.4
21.7875,-72.2481,46.0,46.0
75.1931,150.1333,45.7,32.0
-64.9208,95.6645,45.6,31.7
-66.6622,140.0222,45.6,45.6
12.0903,-16.3158,45.4,31.6
39.0399,-75.7266,45.1,31.4
39.2396,-74.7868,45.1,34.1
0.2861,-50.1772,44.8,44.8
-47.755,179.0242,44.6,44.6
77.6283,92.0325,44.4,44.4
23.5803,-75.2561,44.4,36.9
53.2958,5.0567,44.4,44.4
71.9994,145.2842,44.3,36.8
13.6672,-15.3622,44.3,33.3
-16.5278,139.2722,44.2,44.2
39.0211,117.5028,44.2,42.3
-2.0811,-49.7181,44.0,39.9
-36.0342,-57.8369,43.9,35.1
5.4833,5.7692,43.4,38.8
-38.7858,-59.65,43.2,32.5
67.6794,74.7733,42.9,34.8
5.8678,-54.8189,42.8,31.7
-0.79,-49.5192,42.8,30.6
35.378,-76.7933,42.1,37.5
-66.8792,82.6728,41.8,39.1
-0.3697,-50.2822,41.8,31.8
24.7175,-76.202,41.7,36.1
4.8567,6.9508,41.7,30.9
52.8719,-81.1375,41.6,41.7
-1.9678,-50.8417,41.5,41.5
22.3839,-73.9789,41.4,41.4
68.2761,-78.9567,41.3,41.3
69.0675,-100.0444,41.2,41.2
-20.1594,-157.345,41.2,41.2
60.7719,-162.9461,40.9,37.8
-37.0011,-56.8033,40.8,36.0
5.9839,-57.7656,40.6,36.5
33.6403,119.0228,40.5,32.0
31.0322,31.3967,40.4,34.0
24.0219,-74.4869,40.3,40.3
45.255,30.2025,40.3,40.3
-0.2583,-48.4233,40.1,35.1
25.87,-77.1878,40.0,40.1
75.9711,82.6408,40.0,40.0
23.6994,-74.8025,40.0,40.0
57.8017,23.2608,40.0,39.9
9.0978,-60.8742,39.8,39.8
-24.3442,-128.3445,39.6,39.6
21.1053,-73.1186,39.4,39.4
25.0447,-77.3814,39.2,39.2
66.7225,42.6428,39.0,39.0
23.7656,-76.0931,38.9,38.9
22.5486,88.2917,38.9,32.4
-6.3211,138.9358,38.8,30.6
22.3861,-72.9017,38.5,38.6
27.4889,-13.0417,38.5,31.9
4.9069,5.9561,38.4,35.4
-37.2167,-57.4136,38.2,30.8
23.79,90.4203,38.1,35.0
18.2325,-15.7278,38.1,30.5
53.4542,6.8247,38.0,37.2
68.3175,-100.0683,38.0,38.0
-8.0236,137.9906,37.7,37.2
-17.965,-38.7103,37.4,37.4
5.2669,6.3889,37.2,31.3
26.5006,-77.0642,36.6,34.2
4.6908,5.6211,36.5,36.5
-4.5439,159.32,36.5,36.5
-1.4653,143.0503,36.3,36.3
21.8625,90.3514,36.2,36.2
74.5492,79.4392,36.2,36.2
-8.1983,140.3733,36.1,30.8
26.1635,-81.6606,36.0,33.8
33.1714,119.3283,35.9,30.9
-1.3253,-44.885,35.7,35.7
24.7964,54.7236,35.4,32.1
-3.4258,112.5803,35.3,32.2
2.6142,111.3211,35.3,35.3
21.8031,87.9133,35.3,31.6
-33.7569,-59.095,35.2,32.4
24.0678,-76.3792,35.1,35.1
71.1153,137.3183,35.1,32.8
24.1125,-77.5972,34.7,34.7
22.3683,-75.8147,34.6,34.7
-20.3811,115.5569,34.5,34.5
-0.1964,-49.0211,34.2,30.9
32.8781,120.8481,34.2,33.7
57.54,-79.7553,34.2,34.2
41.2825,-69.9641,34.1,34.1
24.0247,90.7783,33.7,31.0
-36.3803,-56.7197,33.6,30.6
-8.3456,138.7178,32.8,32.8
5.9244,153.1158,32.7,32.7
7.3619,149.183,32.5,32.5
6.8925,152.7417,32.4,32.4
9.9186,106.3036,32.2,32.2
-6.7675,138.7175,32.2,31.7
6.4114,-162.3531,31.7,31.7
-6.6925,71.3905,31.7,31.7
26.5339,-78.7717,31.5,31.5
1.0714,131.2689,31.4,31.4
5.3269,132.2242,31.4,31.4
3.0086,131.123,31.2,31.2
24.7247,-76.82,31.1,31.1
-9.7447,46.5142,31.0,31.0
58.9994,23.2483,30.9,31.0
77.4981,82.2358,30.9,30.9
48.4753,45.2389,19.2,33.2
45.5225,55.2686,14.7,31.4
45.4267,52.6839,13.4,41.4
47.4436,46.9175,11.1,34.1
45.9717,48.0,7.3,33.3
46.8353,47.6281,6.5,31.5
