0, 27.9892, 86.9256, 8737.79, 360410.95
1, 35.8808, 76.5125, 8570.56, 356945.38
8, 30.3758, 79.9703, 7804.02, 340609.19
18, 29.5950, 101.8792, 7437.52, 332515.00
19, 42.0356, 80.1245, 7419.46, 332111.05
21, 29.6392, 95.0653, 7354.89, 330662.74
30, 36.4128, 87.3831, 6981.64, 322163.18
32, -32.6533, -70.0117, 6915.52, 320634.01
34, -27.1097, -68.5414, 6886.62, 319963.35
48, -9.1208, -77.6050, 6736.75, 316462.60
69, -18.1083, -68.8828, 6544.06, 311903.90
83, -15.5461, -72.6603, 6417.98, 308884.67
101, 34.7975, 99.4625, 6309.25, 306257.01
118, -1.4689, -78.8178, 6262.51, 305120.50
126, 63.0694, -151.0061, 6179.93, 303102.10
127, 35.6525, 94.2505, 6179.61, 303094.26
177, 60.5678, -140.4050, 5930.70, 296927.31
189, -3.0764, 37.3536, 5886.79, 295826.07
202, 38.5006, 97.7245, 5819.03, 294118.59
219, 10.8389, -73.6861, 5697.91, 291041.53
226, 43.3525, 42.4380, 5632.35, 289362.33
231, 35.9544, 52.1105, 5598.75, 288497.94
232, 19.0303, -97.2703, 5591.60, 288313.66
263, 2.9239, -76.0269, 5377.59, 282742.45
266, 43.7897, 88.4111, 5337.77, 281693.68
267, 6.4944, -72.2975, 5336.45, 281658.84
310, 39.7022, 44.2983, 5111.00, 275645.00
323, 0.3856, 29.8725, 5024.42, 273300.32
336, -78.5255, -85.6171, 4918.81, 270412.77
344, 56.0578, 160.6439, 4845.56, 268391.75
347, 45.8328, 6.8647, 4810.72, 267425.13
349, -4.0833, 137.1850, 4803.99, 267238.00
380, 13.2361, 38.3683, 4523.76, 259326.53
382, -84.3278, 166.4500, 4510.99, 258960.25
385, 29.5117, 57.2711, 4489.62, 258346.13
387, -5.7858, 145.0325, 4474.72, 257917.08
392, 49.8075, 86.5900, 4449.31, 257183.74
394, 36.5785, -118.2924, 4410.80, 256068.32
396, 30.9519, 51.4361, 4402.27, 255820.60
397, 39.1178, -106.4453, 4399.18, 255730.80
401, 46.8529, -121.7604, 4392.47, 255535.69
402, 6.8267, 39.8189, 4388.19, 255411.17
429, 41.4090, -122.1949, 4316.58, 253318.59
437, -77.0403, -126.0958, 4268.02, 251889.69
444, 19.5628, -103.6083, 4244.59, 251197.34
449, 43.1843, -109.6543, 4212.95, 250259.36
450, 15.0433, -91.9036, 4212.15, 250235.59
451, 46.6175, 93.5945, 4206.65, 250072.17
452, 19.8207, -155.4680, 4205.02, 250023.72
463, 31.0600, -7.9150, 4158.45, 248635.37
465, -71.7867, 168.7508, 4153.54, 248488.54
480, -80.3667, 77.3542, 4086.32, 246469.60
488, 6.0750, 116.5583, 4057.26, 245591.65
495, 4.2181, 9.1733, 4029.20, 244740.92
498, -46.5958, -73.3444, 4022.63, 244541.30
508, -78.0603, 162.6883, 4001.30, 243892.10
516, 38.9858, -114.3139, 3981.60, 243290.97
525, 44.9947, 100.2308, 3952.39, 242396.90
528, 51.3756, -125.2667, 3940.63, 242036.02
531, 23.4700, 120.9572, 3936.62, 241912.84
535, 53.1108, -119.1569, 3915.64, 241267.35
541, 38.5317, 35.4469, 3890.73, 240498.69
554, 35.3464, -111.6780, 3850.54, 239253.33
560, 9.4842, -83.4886, 3812.35, 238063.91
566, -1.6975, 101.2644, 3775.39, 236907.10
569, 35.3606, 138.7272, 3768.41, 236688.00
585, 24.8714, -100.2328, 3720.60, 235181.77
594, 28.2728, -16.6425, 3705.99, 234719.57
595, -8.4117, 116.4581, 3704.66, 234677.44
599, 68.8397, -29.9211, 3691.63, 234264.38
606, -8.1078, 112.9219, 3672.99, 233672.20
609, 15.2800, 43.9778, 3664.37, 233397.84
611, -43.5953, 170.1419, 3658.09, 233197.75
682, 51.7189, 100.5972, 3481.97, 227514.82
684, -29.4683, 29.2692, 3480.01, 227450.77
688, 37.0533, -3.3117, 3472.30, 227198.67
696, 3.7975, 97.2189, 3459.96, 226794.60
709, 19.7939, 18.5522, 3446.97, 226368.46
719, -3.3850, 120.0242, 3432.75, 225901.06
724, -7.2386, 109.2200, 3424.58, 225632.07
736, 66.9356, -36.7856, 3394.74, 224646.90
752, 42.6311, 0.6564, 3364.90, 223657.39
766, 23.2061, -104.9442, 3334.75, 222653.13
770, 37.7550, 14.9953, 3323.78, 222286.61
781, 36.2808, 59.0494, 3314.01, 221959.67
788, 25.9561, -107.0478, 3299.94, 221488.00
797, 8.8753, 34.8153, 3276.06, 220685.14
824, 72.5531, -37.5800, 3230.71, 219152.36
832, -69.7981, -64.4544, 3212.04, 218518.21
833, -73.4622, 61.8783, 3211.20, 218489.64
865, -4.0156, 103.1281, 3154.84, 216563.79
872, -71.8764, 6.6700, 3143.50, 216174.22
880, -71.3606, -63.4275, 3125.06, 215539.24
888, 22.3036, 103.7755, 3113.48, 215139.53
895, 31.4403, 110.3072, 3103.07, 214779.56
901, 19.0319, -71.0053, 3093.98, 214464.75
908, 28.2528, -107.5944, 3080.65, 214002.26
912, 21.2336, 93.9030, 3077.34, 213887.26
923, 36.6053, 30.1206, 3062.94, 213386.24
924, 39.0806, 113.5670, 3061.85, 213348.27
928, 30.9903, -115.3739, 3051.87, 213000.29
930, 22.2739, -102.6072, 3049.35, 212912.33
931, -21.0989, 55.4800, 3045.50, 212777.88
938, -3.1733, 129.4556, 3031.82, 212299.45
954, 12.9436, 24.2344, 3010.89, 211565.39
956, -72.1500, 23.2608, 3010.24, 211542.55
966, 17.9286, 43.2655, 2995.85, 211036.32
967, -82.4606, -103.8889, 2994.88, 211002.15
973, -15.9494, 35.5931, 2992.36, 210913.36
975, 23.2375, 57.2642, 2988.90, 210791.39
981, 56.8775, 117.5047, 2980.02, 210478.03
988, 57.3464, -124.0928, 2977.14, 210376.29
989, 65.1772, 146.0117, 2976.51, 210354.03
1004, -9.0775, 34.0225, 2960.63, 209792.15
1010, 63.4314, -130.3244, 2953.42, 209536.54
1012, -8.9064, 125.4933, 2951.92, 209483.33
1016, 62.6044, 140.9411, 2948.64, 209366.91
1021, 6.9875, 125.2708, 2946.19, 209279.91
1032, -54.4497, -36.5236, 2925.46, 208542.35
1037, 73.0908, -28.6183, 2922.73, 208445.02
1040, 16.5978, 120.8989, 2922.57, 208439.31
1041, 42.1792, 23.5853, 2921.37, 208396.52
1059, 0.0786, 99.9839, 2899.83, 207626.81
1060, -72.5492, 0.6542, 2899.31, 207608.20
1079, 23.2886, 5.5339, 2882.21, 206995.06
1081, 42.4697, 13.5644, 2878.17, 206849.94
1082, 63.1606, -44.7867, 2877.23, 206816.16
1083, -20.4342, -41.7964, 2877.21, 206815.44
1084, -41.9958, 173.6628, 2876.73, 206798.18
1085, -14.0222, 48.9669, 2876.05, 206773.74
1116, 54.7553, -163.9708, 2850.86, 205866.23
1134, 18.9808, 103.1517, 2824.95, 204928.59
1140, 3.6633, -65.4083, 2821.40, 204799.79
1156, 48.4656, 107.4128, 2800.79, 204050.40
1164, 54.6225, 110.4572, 2793.97, 203801.81
1166, -22.4281, -44.8428, 2793.44, 203782.48
1172, -64.6242, -63.4383, 2787.41, 203562.42
1180, 14.9500, -24.3425, 2781.54, 203347.96
1194, 17.5622, 38.0056, 2762.02, 202633.19
1205, -53.1036, 73.5175, 2750.40, 202206.49
1206, 10.5428, -66.7825, 2749.86, 202186.64
1215, 41.9933, 128.0778, 2737.78, 201742.06
1220, -85.0464, -90.9639, 2733.42, 201581.35
1239, 69.2025, -143.8011, 2720.80, 201115.47
1243, -5.9050, 154.9953, 2713.90, 200860.29
1261, 5.4439, -61.0228, 2695.54, 200179.71
1263, -3.3003, 126.2197, 2692.67, 200073.12
1272, 10.1697, 77.0614, 2680.17, 199608.18
1293, 20.7794, 40.7980, 2659.24, 198827.27
1303, -22.1947, 46.8853, 2648.58, 198428.35
1306, -7.0908, 37.6208, 2645.70, 198320.44
1311, -19.3494, 47.2433, 2639.33, 198081.55
1320, -80.5494, -96.6653, 2632.61, 197829.22
1324, 28.5094, 33.9556, 2628.35, 197669.09
1330, -54.6631, -69.5925, 2623.49, 197486.26
1334, 18.8097, 97.0375, 2621.08, 197395.53
1337, -12.4628, 15.1736, 2618.28, 197290.06
1353, 49.1639, 20.1339, 2603.93, 196748.68
1363, 15.0692, 107.9753, 2593.80, 196365.60
1370, 43.1739, -4.8572, 2586.76, 196098.94
1372, 81.9150, -75.0097, 2584.03, 195995.43
1376, -18.3006, 32.8419, 2581.99, 195918.05
1397, 27.8817, 108.6814, 2566.56, 195331.77
1400, -21.1497, 14.5775, 2564.32, 195246.51
1427, 40.2483, -5.2997, 2536.89, 194199.45
1441, 7.0008, 80.7736, 2523.12, 193671.68
1492, -81.9417, -89.8042, 2483.52, 192145.85
1494, -7.5039, 29.9867, 2481.97, 192085.88
1498, -22.6497, 17.1831, 2477.84, 191926.00
1503, 67.4128, -154.9650, 2473.85, 191771.41
1520, 76.4694, -25.6433, 2460.85, 191266.87
1525, 61.6361, 8.3128, 2459.01, 191195.35
1531, 35.2264, 24.7708, 2452.65, 190947.93
1535, -31.7586, 24.5397, 2452.00, 190922.63
1545, 10.7364, 47.2442, 2445.49, 190669.01
1566, 61.8886, 171.1700, 2429.29, 190036.43
1626, 23.9767, 39.2825, 2378.66, 188045.68
1636, 67.5822, 128.1439, 2370.86, 187737.11
1637, 55.8975, 130.4539, 2370.77, 187733.55
1659, 53.6075, 134.5764, 2356.52, 187168.49
1660, -11.7589, 43.3669, 2356.42, 187164.52
1669, -5.0508, 151.3311, 2351.54, 186970.62
1674, -23.3514, 16.2153, 2348.05, 186831.82
1677, 40.9761, 110.6189, 2345.63, 186735.52
1689, 38.4689, -28.3992, 2334.84, 186305.52
1699, -74.1519, -66.4733, 2328.22, 186041.22
1700, -25.2094, 30.1497, 2328.02, 186033.23
1703, -9.7036, 160.0622, 2326.27, 185963.29
1711, 35.3183, 6.6369, 2322.60, 185816.55
1725, -33.3981, 21.3681, 2313.19, 185439.75
1729, -0.6597, 112.6886, 2310.88, 185347.13
1741, 71.4011, -51.8358, 2299.60, 184894.21
1743, 36.4478, 4.2281, 2299.22, 184878.94
1761, 43.6636, 142.8542, 2287.95, 184425.27
1807, 71.0819, -8.1767, 2262.19, 183384.11
1828, 1.8197, 115.2725, 2245.61, 182710.85
1834, 32.9117, -0.4675, 2236.39, 182335.38
1842, -36.4561, 148.2636, 2226.46, 181930.13
1859, 66.7706, -65.1583, 2216.91, 181539.53
1876, -70.1944, 64.8000, 2208.16, 181180.91
1885, -27.1800, 18.7286, 2196.24, 180691.23
1903, 4.6328, 102.2344, 2182.17, 180111.51
1912, 64.2175, 133.5594, 2179.41, 179997.57
1925, 66.0394, -52.2544, 2175.01, 179815.78
1929, -67.3731, 164.7556, 2171.67, 179677.66
1963, 27.8603, 117.7833, 2156.67, 179056.06
1981, 14.6731, 48.7808, 2144.98, 178570.12
1984, -19.6153, 17.6203, 2142.59, 178470.61
2004, -84.8553, -65.0333, 2126.92, 177816.78
2015, 25.8667, 110.4128, 2121.63, 177595.52
2027, 16.1714, 99.0367, 2117.60, 177426.77
2030, 26.3133, 114.0400, 2116.41, 177376.91
2044, 11.3264, 49.7486, 2107.06, 176984.66
2066, 64.0139, -16.6783, 2091.51, 176330.38
2072, 67.9008, 18.5172, 2088.27, 176193.75
2082, -24.4706, 27.5892, 2084.12, 176018.59
2089, 53.1264, -168.6953, 2080.47, 175864.39
2113, -17.1997, 13.0208, 2068.13, 175342.05
2126, -25.2706, 15.7547, 2059.21, 174963.51
2143, 42.6156, 117.7958, 2050.75, 174603.74
2144, 13.4667, 98.8050, 2050.69, 174601.18
2157, -37.1117, -12.2889, 2040.09, 174149.34
2158, -66.7003, 54.8400, 2039.64, 174130.13
2162, 35.7649, -82.2651, 2037.28, 174029.36
2165, -83.3819, -51.3833, 2035.98, 173973.83
2178, -13.2967, -41.9075, 2030.42, 173736.12
2220, 15.3086, 26.5497, 2008.58, 172799.20
2235, 47.1164, 136.5683, 2001.66, 172501.28
2236, 17.8392, 8.7206, 2001.37, 172488.79
2275, 0.2692, 6.5417, 1976.36, 171407.65
2284, -24.6153, 46.7042, 1971.20, 171183.74
2317, 33.8544, 134.0947, 1951.60, 170330.56
2333, 83.3183, -33.2000, 1945.82, 170078.14
2340, 73.2300, -78.6233, 1938.94, 169777.20
2355, 9.2275, -11.1150, 1931.59, 169455.10
2363, 30.3361, 130.5042, 1926.95, 169251.45
2368, 33.3617, 126.5358, 1924.52, 169144.70
2386, 44.2705, -71.3034, 1916.58, 168795.42
2411, -8.8611, 27.0653, 1908.48, 168438.35
2432, -80.6578, -24.6667, 1894.42, 167816.75
2437, 21.9158, 24.9997, 1891.49, 167686.92
2438, -13.3439, 29.6103, 1891.00, 167665.20
2443, 65.0350, 60.1139, 1889.28, 167588.93
2451, -15.3631, 166.7545, 1879.71, 167163.94
2454, 67.8169, 178.2939, 1878.68, 167118.13
2477, -2.7106, 115.6258, 1865.10, 166513.03
2481, -13.6186, -172.4869, 1862.82, 166411.22
2488, 70.7994, -71.6508, 1858.08, 166199.37
2493, -27.8858, 23.5631, 1854.78, 166051.72
2495, 43.6950, 134.1994, 1853.72, 166004.26
2499, -25.2411, -48.8297, 1852.88, 165966.65
2503, 32.7589, -16.9428, 1851.15, 165889.15
2509, 17.1625, 54.8542, 1848.96, 165790.99
2538, -17.6097, -149.4953, 1836.48, 165230.52
2566, -27.9097, -49.3219, 1822.59, 164604.48
2576, 18.8994, 109.7044, 1817.12, 164357.29
2588, 66.0247, 163.2383, 1812.03, 164126.94
2597, 12.0328, 104.1711, 1808.19, 163952.94
2624, 51.8831, -178.1442, 1797.20, 163453.93
2636, -9.2442, 27.8183, 1789.60, 163107.96
2641, 63.6450, -50.3989, 1786.54, 162968.45
2643, 8.4942, 99.7294, 1784.74, 162886.33
2650, 67.5389, 168.1383, 1779.59, 162651.15
2654, 45.4725, 114.5892, 1777.23, 162543.27
2677, 9.9342, 9.0344, 1766.46, 162050.01
2700, 7.6219, -8.4083, 1755.34, 161539.15
2728, -17.1950, 30.6883, 1747.78, 161190.91
2729, 47.0578, 120.5219, 1747.47, 161176.62
2750, -11.1133, 26.3914, 1738.13, 160745.31
2780, 80.4328, -19.6903, 1724.39, 160108.70
2803, 59.3242, 114.4233, 1715.85, 159711.74
2806, 24.6500, 72.7769, 1715.02, 159673.10
2823, 79.0106, 17.4917, 1704.82, 159197.57
2825, 0.0425, -91.3350, 1704.57, 159185.90
2884, -73.6525, -94.0950, 1681.61, 158110.17
2893, 69.1264, 95.3117, 1679.08, 157991.19
2894, 18.2281, 82.7228, 1679.06, 157990.25
2909, -13.9522, -47.5208, 1672.15, 157664.82
2923, -49.5942, 69.4939, 1664.53, 157305.17
2979, -68.8275, -90.6317, 1639.08, 156097.97
2983, 54.2550, 58.1042, 1638.01, 156047.01
3010, -20.5886, 164.7708, 1627.66, 155553.22
3013, -20.6217, 29.9033, 1627.06, 155524.55
3043, -17.3994, 145.8181, 1613.85, 154891.92
3056, -41.8711, 146.0333, 1609.81, 154697.92
3071, 45.9044, -68.9214, 1605.69, 154499.84
3079, 11.9033, 18.1908, 1603.62, 154400.22
3082, 50.7361, 15.7397, 1603.35, 154387.22
3093, -32.0031, 151.4469, 1599.25, 154189.70
3094, 19.6014, 73.7089, 1599.15, 154184.87
3095, 22.0586, -159.4975, 1598.68, 154162.22
3116, 58.9444, -63.7900, 1593.36, 153905.50
3138, -30.4378, 152.2403, 1583.65, 153435.83
3162, -41.5331, 147.6589, 1571.12, 152827.62
3184, 59.6319, 59.1347, 1563.81, 152471.67
3188, 48.4236, 75.4714, 1561.64, 152365.85
3215, -16.2828, 28.1236, 1550.73, 151832.68
3218, -14.7339, 26.8431, 1548.33, 151715.14
3235, 27.5097, 41.5486, 1539.36, 151275.04
3237, 75.1758, 57.8250, 1539.08, 151261.28
3248, 12.1119, -12.2636, 1534.25, 151023.75
3266, 51.2972, 123.1283, 1525.42, 150588.53
3283, -23.4011, 132.3956, 1518.30, 150236.68
3287, 46.8144, 151.7875, 1517.79, 150211.44
3296, 12.5750, 54.0222, 1513.74, 150010.90
3306, 23.2789, 44.5930, 1509.16, 149783.79
3309, -20.2667, -46.4344, 1507.81, 149716.78
3369, 38.7004, -79.5325, 1482.55, 148457.40
3382, 76.4386, -62.2592, 1477.62, 148210.36
3384, 50.8844, 118.1775, 1477.46, 148202.33
3398, 10.8881, 13.7806, 1472.06, 147931.25
3419, 62.9144, 176.5150, 1462.95, 147472.80
3423, 16.0447, -61.6639, 1460.40, 147344.21
3426, 11.9828, 31.0703, 1458.22, 147234.20
3480, -26.3183, 131.7442, 1435.79, 146097.45
3523, 16.7050, 52.5300, 1420.13, 145298.53
3556, 64.9922, -165.3294, 1406.44, 144596.50
3569, 24.7272, 42.6739, 1402.47, 144392.28
3586, -33.3442, 148.9822, 1394.29, 143970.57
3594, -66.7289, 112.8333, 1389.26, 143710.64
3602, -18.7722, 21.7533, 1387.30, 143609.23
3619, 29.3667, 37.2397, 1380.66, 143265.14
3633, 76.9200, 16.1400, 1376.22, 143034.60
3650, 9.1369, 23.1461, 1370.46, 142734.96
3655, -33.7625, -80.8128, 1369.30, 142674.54
3676, 17.1458, 22.4967, 1359.90, 142183.98
3713, 56.7967, -5.0036, 1342.64, 141278.79
3751, 18.1722, -66.5919, 1328.76, 140546.63
3759, 22.4153, 78.4092, 1325.63, 140381.00
3760, 14.3433, 21.6581, 1325.52, 140375.18
3765, -17.6147, 178.0183, 1323.27, 140255.99
3808, -18.1206, -60.0167, 1305.29, 139299.86
3847, 29.0956, -118.3111, 1289.96, 138479.44
3869, -60.5811, -45.4783, 1280.97, 137996.05
3888, 48.9875, -65.9486, 1274.93, 137670.33
3893, 41.9991, -74.3860, 1274.06, 137623.35
3910, -21.0153, 148.6014, 1266.76, 137228.51
3913, 81.4936, -52.6292, 1266.04, 137189.50
3935, -24.9528, 148.1250, 1259.17, 136816.78
3948, 3.6825, -56.5356, 1254.34, 136554.12
3950, -9.8086, -139.0719, 1253.91, 136530.71
3964, -22.9806, 118.5878, 1247.15, 136162.19
3979, -46.9039, 37.7097, 1240.21, 135782.81
3983, -38.1583, -61.9517, 1237.86, 135654.10
3998, 23.4889, 83.6117, 1233.78, 135430.36
4030, 20.5261, 31.5283, 1217.32, 134523.93
4057, -23.1014, 134.9036, 1205.36, 133861.46
4069, -8.1600, -36.3922, 1200.39, 133585.20
4070, 67.7250, 33.4750, 1200.36, 133583.53
4090, 53.6461, -58.5542, 1194.12, 133235.87
4108, 64.8558, -173.4339, 1188.16, 132902.95
4112, 21.6483, 86.3589, 1186.32, 132800.01
4115, 22.9936, 81.6544, 1182.89, 132607.89
4166, -37.2931, 142.6014, 1163.92, 131540.27
4173, 1.5283, -59.2394, 1160.33, 131337.25
4179, -31.5039, 138.5519, 1158.64, 131241.57
4196, -59.0403, -26.5325, 1153.01, 130922.32
4206, 75.8975, 107.7075, 1151.13, 130815.55
4208, 15.2606, -1.6644, 1149.70, 130734.27
4214, 52.3219, -70.4458, 1147.61, 130615.38
4221, -77.6244, -153.6858, 1145.57, 130499.24
4232, -4.7664, -40.1314, 1141.48, 130266.07
4263, 15.0600, 30.4153, 1130.28, 129625.42
4265, 21.9897, -80.1475, 1130.27, 129624.85
4269, 28.2003, 13.9703, 1128.45, 129520.45
4274, 59.8247, 92.8539, 1126.50, 129408.49
4281, 48.6444, 66.9453, 1124.18, 129275.16
4304, 31.2250, 38.5322, 1117.94, 128915.88
4307, -10.8319, -63.5775, 1115.24, 128760.11
4311, -0.1964, 104.5503, 1113.24, 128644.60
4315, -4.2083, -38.9747, 1111.40, 128538.25
4318, 36.1753, 120.6261, 1109.73, 128441.64
4336, 51.5311, -68.0769, 1103.33, 128070.73
4392, 27.3233, 17.2136, 1085.98, 127059.78
4404, -19.5767, 169.3883, 1082.66, 126865.41
4425, -19.6033, 144.0553, 1077.13, 126540.99
4440, 53.0686, -4.0761, 1074.50, 126386.41
4447, 0.9553, 13.6858, 1071.80, 126227.52
4463, -46.4178, 52.2472, 1065.50, 125855.99
4478, -34.3761, 118.2553, 1061.43, 125615.39
4479, 21.5278, 70.5292, 1061.11, 125596.45
4483, -19.2014, -57.5925, 1059.09, 125476.85
4522, 27.6583, 75.3922, 1048.51, 124848.54
4538, -17.7844, -48.6867, 1043.40, 124543.94
4544, -17.2372, -51.7761, 1042.56, 124493.79
4545, 50.9794, -65.4892, 1042.34, 124480.66
4547, 18.7906, -110.9758, 1042.01, 124460.95
4557, -1.6164, 11.7650, 1038.58, 124255.94
4575, 51.9992, -9.7428, 1032.90, 123915.69
4582, -19.6681, -175.0161, 1030.62, 123778.85
4678, 3.9761, 108.3361, 1000.99, 121986.58
4679, 59.1906, -115.5994, 1000.92, 121982.31
4692, 7.0858, 0.6625, 996.51, 121713.29
4704, 76.3461, 65.0033, 990.72, 121359.18
4732, 55.9817, 100.9783, 982.64, 120863.28
4734, -17.4361, 127.2364, 982.52, 120855.90
4738, -74.8019, -99.2358, 981.63, 120801.15
4785, 52.8933, 172.9808, 966.82, 119886.42
4789, -24.3564, 150.9395, 965.73, 119818.82
4792, 31.9750, 13.3197, 965.18, 119784.69
4810, 18.7683, 145.6750, 959.11, 119407.44
4817, 79.5903, 99.1492, 956.23, 119228.03
4821, 18.3364, 32.7403, 955.64, 119191.24
4856, -15.8719, -57.2175, 943.65, 118441.16
4859, 66.7311, 109.3900, 942.46, 118366.45
4865, -17.3211, 125.5608, 938.37, 118109.34
4868, -15.8731, -46.2344, 937.39, 118047.65
4884, 53.0800, 70.1889, 933.32, 117791.09
4892, 53.8758, -66.0525, 930.42, 117607.95
4915, -3.3144, 11.1528, 925.48, 117295.32
4949, 58.4228, 104.8355, 916.87, 116748.43
4958, -4.6450, 55.4392, 915.68, 116672.64
4962, 7.0994, 5.0825, 915.05, 116632.50
4975, 22.6511, -12.5744, 912.48, 116468.60
4984, 69.9661, 109.6094, 908.51, 116214.96
4985, -24.9944, 120.4911, 908.25, 116198.33
4992, -40.3022, -9.9633, 904.81, 115978.07
4994, -6.4025, -50.3325, 903.67, 115904.98
5005, 63.1275, 97.7889, 900.83, 115722.71
5013, 63.2939, 100.9128, 898.56, 115576.81
5021, 55.3339, -67.7044, 895.57, 115384.36
5024, -79.5661, -45.6133, 893.15, 115228.36
5050, -4.4144, 12.7642, 884.08, 114641.79
5051, 64.0131, 96.9939, 883.90, 114630.12
5063, 63.7225, 104.5411, 880.89, 114434.77
5067, 32.6389, 21.8400, 880.13, 114385.40
5068, 53.9144, -62.0042, 880.12, 114384.75
5082, 57.4211, -113.6067, 875.18, 114063.28
5084, 62.2967, -7.0128, 875.02, 114052.86
5086, 8.6339, 20.0811, 873.35, 113943.97
5094, 50.2256, 126.5097, 872.07, 113860.44
5098, -37.8489, 77.5483, 869.90, 113718.69
5103, 69.2422, -121.5383, 868.72, 113641.53
5162, -7.9517, -14.3431, 848.48, 112309.88
5169, 6.2503, -0.5758, 846.20, 112158.88
5175, -1.0353, -53.9008, 843.75, 111996.40
5185, 53.4169, -102.3058, 842.04, 111882.85
5195, 51.4692, -100.7208, 839.48, 111712.65
5197, 61.9381, 96.4228, 839.31, 111701.34
5200, 35.1671, -93.6447, 839.11, 111688.03
5203, 18.9394, 1.0286, 838.68, 111659.41
5220, 3.5436, -53.5742, 831.92, 111208.49
5227, 69.5325, 105.7739, 829.30, 111033.24
5228, -25.9028, -56.1594, 829.20, 111026.54
5243, -11.6458, 166.8864, 821.97, 110541.45
5265, -13.7733, 143.3217, 816.39, 110165.60
5276, -14.6125, -58.7797, 813.05, 109940.02
5280, -15.9725, -5.7003, 812.49, 109902.15
5282, 60.1017, 95.7228, 811.72, 109850.06
5287, -10.3861, 165.8042, 809.62, 109707.87
5292, 48.8328, -58.4844, 809.11, 109673.31
5311, 20.5711, -12.8089, 802.89, 109250.94
5314, 49.5942, -57.7842, 802.45, 109221.00
5327, 12.2339, -8.7553, 798.25, 108934.80
5363, 41.3195, -76.5546, 787.91, 108226.96
5367, 41.9056, -77.7028, 787.30, 108185.06
5370, 16.3550, 145.6564, 786.61, 108137.64
5379, -35.5253, 173.5108, 784.52, 107993.89
5381, 80.5806, 94.8931, 783.48, 107922.28
5383, -8.7011, -50.8103, 782.72, 107869.93
5389, 6.8636, 158.2358, 780.22, 107697.52
5402, -9.7367, -46.6128, 778.07, 107549.03
5416, 58.5431, 100.1300, 772.90, 107191.12
5443, -22.7767, -56.1994, 765.67, 106688.59
5444, 75.4089, -114.6492, 765.66, 106687.90
5445, -8.4631, -55.6019, 763.49, 106536.60
5447, 64.2300, 107.9672, 762.62, 106475.89
5462, 10.7617, -5.4183, 757.57, 106122.76
5485, 66.9219, -116.1361, 753.27, 105821.16
5506, -54.4078, 3.3508, 747.75, 105432.71
5514, 52.5972, 68.1097, 744.47, 105201.22
5533, 54.8894, 166.3317, 740.74, 104937.34
5545, 13.1589, 93.0056, 737.72, 104723.21
5548, 48.8042, -73.5900, 737.30, 104693.40
5579, -8.5828, -48.6567, 728.39, 104058.88
5597, 71.1361, -122.9542, 723.26, 103691.80
5625, 22.5644, -14.2817, 715.66, 103145.56
5633, 25.4272, 141.2808, 714.17, 103038.13
5638, -34.9742, 138.7092, 713.13, 102963.08
5644, 26.6850, -4.8594, 712.15, 102892.31
5659, -2.1431, 146.9406, 707.55, 102559.46
5665, -51.6917, -58.8344, 703.18, 102242.26
5669, 47.8975, -90.5606, 701.95, 102152.80
5678, -1.8644, 105.8489, 698.66, 101913.12
5703, 47.3175, -80.7525, 690.96, 101349.97
5707, 0.0858, -70.8622, 688.99, 101205.39
5711, -6.5403, -46.2561, 688.04, 101135.59
5714, -19.1908, 128.8356, 687.43, 101090.75
5733, 61.6361, -72.7356, 680.26, 100562.17
5739, -29.4664, 117.2989, 679.05, 100472.69
5741, 22.7025, -83.3097, 678.32, 100418.67
5761, 8.1244, -4.6639, 671.49, 99911.84
5763, 74.0272, 96.2325, 670.92, 99869.42
5769, 65.9353, -109.7411, 668.82, 99713.00
5775, -81.6544, -149.0028, 667.41, 99607.84
5799, -50.8964, 166.0214, 659.87, 99043.59
5813, 0.8572, -53.6697, 656.36, 98779.82
5817, 48.4697, 58.4883, 654.48, 98638.25
5822, 6.6594, -5.5367, 653.30, 98549.29
5837, 7.1511, 93.8258, 650.50, 98337.88
5846, 71.8378, -112.6825, 646.64, 98045.68
5852, 70.1111, -84.3100, 645.51, 97959.97
5854, 48.2736, -86.0036, 644.12, 97854.45
5862, 17.1414, -11.5697, 642.24, 97711.54
5897, 66.0989, -90.4028, 630.34, 96802.06
5921, 80.7981, 58.4986, 621.90, 96151.81
5944, 2.1275, -71.1728, 614.57, 95583.48
5950, -20.8872, 139.8872, 612.60, 95430.16
5953, 64.8306, -83.6022, 609.39, 95179.81
5956, 70.6939, -93.7383, 607.63, 95042.26
5963, -32.8825, 121.1633, 605.46, 94872.40
5976, 23.7997, -10.6400, 598.32, 94311.34
5990, -32.9658, 116.4494, 592.40, 93843.61
5998, 5.3111, 162.9917, 588.19, 93509.55
6001, -33.4444, 123.4756, 587.47, 93452.31
6004, -20.5117, -29.3247, 587.02, 93416.51
6006, -38.0094, -65.6042, 586.83, 93401.39
6011, 45.6489, -78.2569, 582.67, 93069.74
6016, 5.5244, -87.0800, 579.62, 92825.83
6021, 70.9283, -116.4325, 578.24, 92715.26
6025, -11.1350, -61.5747, 576.58, 92582.09
6034, 8.6669, 106.5794, 574.15, 92386.79
6043, -15.8536, -173.7478, 565.88, 91719.01
6045, 2.9989, 44.2981, 565.25, 91667.94
6047, -12.9892, 133.1178, 563.07, 91491.00
6053, -79.3567, -161.7433, 561.88, 91394.27
6056, 3.1653, 106.2189, 560.61, 91290.92
6060, -52.5708, 169.1658, 557.36, 91025.92
6073, 44.0717, 52.5617, 550.55, 90468.12
6089, 68.2989, -85.2783, 542.98, 89844.00
6096, 46.1111, -81.2894, 538.28, 89454.31
6104, 72.6994, 123.2142, 534.83, 89167.18
6106, 72.1097, 140.8650, 533.22, 89032.87
6111, 46.5983, -60.7608, 531.21, 88864.91
6115, 74.4133, 19.1833, 529.61, 88730.98
6122, 60.6722, -173.0911, 526.81, 88496.11
6137, 44.3662, -85.6794, 520.60, 87972.97
6138, -27.5953, -144.3697, 520.43, 87958.61
6141, -37.5969, -59.2947, 518.79, 87819.91
6145, -65.5456, 100.7911, 516.52, 87627.56
6147, 69.5556, -112.6689, 516.14, 87595.33
6148, -14.2708, -178.1392, 515.97, 87580.90
6149, -29.2681, -177.9081, 515.82, 87568.17
6157, -34.3828, -54.6742, 511.85, 87230.53
6164, -27.0853, -109.3803, 507.96, 86898.43
6166, 60.0281, -166.2622, 506.35, 86760.61
6170, -21.2400, -159.7744, 504.33, 86587.37
6178, -9.5269, -59.9822, 500.78, 86282.09
6186, 14.1447, 145.1878, 495.91, 85861.53
6189, -30.5939, 145.6867, 495.19, 85799.17
6197, 70.9211, 123.6067, 492.31, 85549.31
6198, -66.1533, 96.7044, 489.87, 85337.04
6204, 73.2511, -94.6208, 487.47, 85127.74
6208, -33.2828, 136.1822, 486.12, 85009.78
6227, 42.1403, 60.4217, 472.65, 83823.73
6228, 64.6031, 50.3450, 472.58, 83817.53
6241, 73.7072, -118.9217, 466.07, 83238.21
6246, -31.5633, 159.0892, 461.87, 82862.31
6252, 72.2750, -94.5133, 459.71, 82668.33
6268, 23.9361, 69.8236, 451.50, 81926.81
6275, 60.5339, -1.4461, 448.51, 81655.09
6277, 7.3408, 151.6230, 447.47, 81560.36
6279, -26.3464, -79.8944, 445.88, 81415.33
6289, 48.5219, 0.0275, 439.78, 80856.49
6309, 45.6889, -65.2583, 425.13, 79498.34
6310, 75.8853, -106.3850, 424.99, 79485.25
6314, 69.4267, 62.2078, 423.74, 79368.27
6317, 76.6544, 148.5900, 422.12, 79216.41
6322, -28.4883, 136.0239, 418.26, 78853.38
6326, -54.7086, 158.8275, 415.43, 78586.17
6330, 72.9083, 82.4158, 409.64, 78036.60
6333, -23.3683, -149.4683, 407.05, 77789.51
6337, 80.2064, 32.6778, 404.35, 77531.09
6338, -23.1275, -134.9858, 404.09, 77506.16
6339, 76.3867, -101.6517, 402.10, 77315.08
6353, -19.7067, 63.4464, 394.31, 76562.49
6355, 53.4317, 49.8325, 390.08, 76150.72
6360, -23.8575, -147.6486, 387.72, 75920.01
6367, 48.3725, -3.9530, 382.38, 75395.38
6368, 30.4844, 140.3086, 381.81, 75339.17
6370, 23.0300, -81.6919, 381.29, 75287.85
6373, -7.2350, 131.3761, 379.52, 75112.90
6374, -22.4631, -151.3611, 377.46, 74908.77
6381, -10.4833, 105.5806, 372.59, 74423.96
6384, -12.2892, 168.8361, 371.31, 74296.01
6386, -10.1472, 142.3214, 370.40, 74204.91
6395, -49.6844, 178.7811, 362.81, 73440.70
6397, 75.1094, -98.2900, 362.08, 73366.78
6398, 74.8731, 138.7600, 360.92, 73249.16
6408, 13.3494, -81.3681, 351.26, 72262.26
6419, 76.7906, 158.0992, 344.01, 71512.62
6431, 59.8256, -80.0133, 334.97, 70566.75
6432, -65.7561, 92.4406, 331.92, 70244.75
6435, -25.0686, -130.1131, 331.00, 70147.33
6436, -35.7803, 136.8719, 330.42, 70085.85
6442, -29.0114, 167.9400, 318.51, 68811.13
6450, 80.8300, 79.5528, 311.36, 68034.40
6451, 73.5856, -105.1883, 311.35, 68033.31
6452, 8.4272, 104.8278, 311.28, 68025.66
6460, 56.6033, -169.6767, 302.27, 67033.93
6461, 18.3625, -114.6983, 301.53, 66951.83
