1193518,-64.0736,-59.6039,1965.22,39494.1
4112985,-64.0078,-59.6961,1878.37,27680.2
5561809,-63.9569,-59.18,1860.81,25200.7
10709232,-64.0589,-59.3022,1856.4,20390.7
331888,-63.9778,-59.8572,1801.74,54479.9
733,-61.0906,-54.7272,1786.39,150873.1
794,-61.2767,-54.1294,1756.05,149586.4
9041360,-63.9883,-59.825,1740.67,21560.1
3859433,-63.98,-59.8083,1740.12,28222.7
5193380,-63.9631,-59.8428,1730.58,25748.4
4392578,-63.9675,-59.8078,1723.9,27126.9
5964560,-64.0497,-59.8233,1720.95,24653.7
10810356,-64.2289,-59.8783,1655.4,20328.1
6893044,-63.8836,-58.9167,1638.33,23540.7
1472828,-63.7933,-58.7861,1637.23,37315.9
1106,-64.215,-57.6211,1618.46,143606.7
6670156,-63.9767,-59.8728,1613.13,23791.0
1989382,-63.9661,-59.46,1602.93,34316.8
94448,-61.2306,-54.1061,1476.96,71808.2
1414088,-63.7381,-58.68,1475.59,37731.9
52182,-64.1958,-59.3494,1451.45,80780.3
913260,-64.1939,-59.5239,1446.99,42384.1
1661015,-61.0956,-54.7133,1409.84,36097.5
34609,-63.6367,-58.4839,1398.54,87103.5
2855114,-63.9219,-58.8517,1388.77,30899.5
818861,-64.1847,-59.4539,1388.62,43596.3
64909,-63.7378,-58.5828,1358.71,77453.7
7609076,-63.7344,-58.5694,1344.5,22803.8
2384535,-63.8056,-58.8917,1343.17,32575.7
320845,-61.2453,-54.1233,1331.19,54921.4
10874755,-63.5936,-58.3289,1328.89,20290.5
86820,-63.7478,-58.495,1317.01,73072.1
1625775,-64.2011,-59.5356,1302.53,36312.2
5499923,-63.8569,-59.0389,1292.6,25289.0
5769658,-63.7428,-58.5961,1285.56,24913.4
2757,-60.5811,-45.4783,1280.97,127759.5
368545,-64.1425,-59.1806,1278.84,53139.6
1480149,-64.1261,-59.1878,1276.37,37264.7
10685767,-64.1931,-59.4561,1275.36,20406.3
10748590,-64.1978,-59.3678,1271.52,20368.8
2042860,-63.9331,-59.8267,1259.33,34057.8
329968,-63.7608,-58.5328,1251.75,54557.1
8011102,-64.1217,-59.1983,1241.24,22423.4
1763866,-63.5547,-58.4406,1233.03,35497.7
1326738,-63.7531,-58.5178,1226.29,38391.4
135729,-63.6106,-58.6528,1221.83,66614.6
8985292,-63.9378,-59.8306,1213.35,21601.5
90192,-63.9189,-59.6461,1210.35,72501.4
9259740,-64.2275,-59.7706,1209.71,21394.0
1936652,-63.9136,-59.6511,1209.19,34579.4
3850787,-63.5647,-58.4783,1208.59,28243.0
11053853,-63.9547,-59.8839,1204.96,20180.3
9853411,-64.2361,-59.7722,1202.61,20960.8
5439568,-64.2744,-57.5967,1200.16,25377.1
6177651,-64.0033,-58.9378,1198.58,24378.3
918006,-63.7561,-58.4817,1197.18,42326.9
8449868,-64.2753,-57.6028,1188.4,22036.5
526992,-63.7378,-58.6122,1185.36,48716.0
1273180,-64.1875,-59.4,1181.96,38818.9
6065351,-63.61,-58.6706,1167.49,24524.2
853795,-63.7417,-58.6417,1163.88,43132.1
946974,-61.1825,-54.0861,1163.72,41986.9
6148228,-64.2081,-59.5233,1162.38,24417.4
1598125,-61.1958,-54.1028,1162.04,36487.2
492262,-63.9258,-59.8628,1160.68,49539.5
139882,-63.7203,-58.5144,1159.32,66186.6
124470,-63.5503,-58.5667,1156.29,67830.6
7678198,-63.5872,-58.1911,1154.1,22733.8
3857523,-61.2147,-54.1133,1153.83,28227.2
466396,-63.56,-58.5656,1152.2,50207.6
5880983,-64.2114,-59.5183,1147.29,24764.6
881398,-63.8239,-59.1506,1144.62,42780.5
50872,-61.0847,-54.6739,1143.67,81166.6
655092,-63.9169,-59.8794,1142.16,46136.8
2324328,-64.2442,-59.7672,1142.06,32817.4
591942,-63.5689,-58.1239,1140.73,47329.6
1923452,-63.8278,-58.6906,1137.14,34645.7
57211,-64.2647,-59.2828,1135.17,79347.9
120586,-60.6522,-45.2867,1132.57,68278.1
10762771,-63.8292,-58.6844,1129.78,20359.4
9828355,-63.8536,-59.0611,1129.39,20979.0
285040,-63.7686,-58.9128,1126.56,56469.1
4769182,-63.8319,-59.1661,1125.55,26441.8
132783,-60.6325,-45.4328,1122.7,66920.9
11683056,-63.7697,-58.9161,1122.55,19807.5
6313625,-64.2083,-59.3811,1117.93,24213.1
7239986,-64.2458,-59.7494,1116.74,23169.7
9553400,-63.8294,-58.6994,1115.67,21175.5
4072280,-64.2117,-59.3878,1113.74,27765.2
852340,-63.6147,-58.7017,1112.54,43149.8
5598143,-64.2903,-57.6056,1109.27,25150.1
201311,-63.8167,-58.59,1108.46,61111.7
1397725,-61.0772,-54.6811,1108.3,37851.6
8876712,-60.6353,-45.4278,1108.28,21686.8
3446199,-63.8381,-59.195,1104.99,29212.2
2190062,-63.5178,-58.2717,1101.72,33385.2
72164,-63.4539,-57.7578,1101.53,75879.7
214180,-63.4825,-58.0283,1100.99,60269.8
4547919,-63.5558,-58.5622,1100.03,26836.4
1070148,-63.5717,-57.9611,1098.76,40657.8
2606116,-63.4669,-57.87,1098.21,31739.7
2662529,-64.3108,-57.6339,1098.18,31540.3
1421746,-63.9228,-59.705,1096.73,37676.1
4804612,-63.7636,-58.9161,1094.9,26381.5
8127615,-63.8194,-59.1489,1093.55,22318.1
1132668,-60.6425,-45.4061,1093.27,40050.0
8721891,-61.0783,-54.6889,1090.58,21812.8
11751290,-61.0867,-54.6711,1088.28,19772.0
718877,-61.2158,-54.0867,1088.09,45066.5
3590390,-64.3036,-57.6278,1087.0,28850.1
255063,-63.6883,-58.4144,1085.86,57932.7
10111112,-63.5186,-58.3144,1085.41,20783.7
780076,-63.7153,-58.4933,1084.88,44139.5
1790042,-63.5653,-58.0378,1084.44,35352.0
1872076,-64.1856,-59.3844,1083.88,34913.1
987549,-64.2589,-59.2933,1083.69,41527.6
8356225,-64.2931,-57.5967,1083.22,22120.2
1614034,-60.6475,-45.3817,1083.12,36387.5
5999590,-63.9108,-59.8644,1083.11,24609.8
5249181,-63.6747,-58.42,1082.28,25661.7
1650862,-64.2244,-59.3383,1081.42,36159.2
5135276,-61.0797,-54.6744,1079.56,25839.8
7433377,-63.7411,-58.7967,1079.52,22976.4
131892,-64.2756,-59.7,1078.36,67017.9
4643566,-63.6019,-58.6467,1071.85,26662.6
7133207,-63.8361,-59.01,1070.91,23282.1
3445371,-64.1839,-59.3478,1070.63,29214.4
8008038,-64.3167,-57.6261,1068.58,22426.3
1981891,-60.6417,-45.2867,1068.54,34353.9
4195614,-64.2158,-59.5294,1068.02,27514.0
95899,-63.8331,-58.5367,1067.67,71599.4
684883,-61.3031,-54.1172,1065.8,45622.9
736779,-63.8264,-58.5789,1065.09,44782.9
355910,-63.6325,-58.7539,1063.32,53577.8
1520516,-63.4756,-57.9694,1061.78,36991.8
10151857,-61.0822,-54.6817,1060.78,20759.2
6437847,-63.6283,-58.7472,1060.4,24060.0
2792182,-60.6444,-45.3917,1059.54,31100.9
7411223,-63.5686,-58.0667,1058.44,22995.8
114502,-64.3239,-59.2467,1057.62,69033.4
45865,-60.5678,-45.6839,1056.58,82762.4
3007767,-63.5486,-58.555,1055.06,30425.8
254364,-63.5833,-58.6783,1050.42,57968.9
6874481,-63.6206,-58.6561,1049.94,23562.3
8809892,-64.2742,-59.715,1048.37,21742.6
918007,-63.7178,-58.6656,1047.87,42326.9
10085359,-64.1114,-59.0883,1046.66,20802.1
5975958,-64.3044,-57.6067,1046.34,24638.2
965092,-60.6072,-45.4406,1042.61,41781.5
3867473,-64.2744,-59.68,1042.37,28206.9
845814,-63.6242,-58.7233,1040.57,43235.3
2763978,-63.9306,-59.6806,1038.62,31195.0
3613296,-63.7158,-58.5267,1036.85,28794.8
565760,-63.8283,-58.6233,1035.5,47869.1
4327669,-63.5503,-58.1239,1035.37,27251.1
683604,-63.5883,-58.0717,1033.67,45643.9
1127401,-64.1614,-59.1322,1030.6,40099.2
342708,-63.5094,-58.1928,1029.48,54064.4
1754011,-63.5172,-58.2367,1029.16,35553.3
330096,-60.6628,-45.3189,1028.93,54551.2
10128393,-63.6411,-58.5628,1027.51,20771.5
2245834,-64.1669,-59.1228,1027.15,33143.8
2496797,-63.5844,-58.0928,1023.97,32142.6
7762925,-63.49,-58.0194,1021.36,22652.4
11424006,-63.9264,-59.6489,1018.88,19958.1
9372130,-61.3036,-54.12,1018.69,21310.5
631352,-64.1219,-59.1011,1018.38,46571.1
285935,-64.2089,-59.2917,1017.22,56428.5
4382126,-63.4672,-57.9472,1015.16,27148.0
3188206,-63.5358,-58.0817,1015.02,29902.0
1095438,-63.8436,-58.6133,1013.43,40406.3
7963453,-63.9408,-58.8328,1006.72,22468.9
2478712,-60.5967,-45.4628,1006.61,32209.9
828619,-64.2536,-59.7761,1003.92,43464.6
1111318,-63.9778,-58.8594,1001.56,40253.1
2653687,-63.4264,-57.7789,1000.95,31572.6
171177,-64.195,-59.1433,1000.64,63332.6
7207074,-63.7514,-58.5444,999.56,23205.4
9490473,-64.19,-59.3778,999.06,21223.6
4328788,-63.9786,-58.87,998.93,27248.7
58487,-63.425,-57.1256,995.08,79022.1
1003403,-64.2089,-59.4522,995.0,41355.4
116878,-64.3497,-59.7839,994.79,68735.6
931048,-64.1306,-59.365,994.37,42174.6
474883,-64.3081,-59.1933,994.03,49985.1
11667021,-64.2769,-59.2928,992.02,19817.1
8848703,-63.9664,-59.8817,992.02,21710.3
118576,-63.8986,-59.7567,989.57,68524.9
512486,-64.2022,-59.1039,989.2,49053.6
1448630,-61.3022,-54.1289,989.15,37486.3
854041,-60.6564,-45.3433,984.55,43129.1
770792,-63.5111,-58.0933,984.42,44275.0
196298,-61.1069,-54.7217,984.24,61456.8
9490474,-64.15,-59.1478,982.48,21223.6
848046,-64.1817,-59.1167,982.45,43207.3
2298496,-60.5975,-45.6639,981.14,32922.0
2222720,-63.4411,-57.9028,980.64,33241.7
4992221,-64.1575,-59.1478,980.2,26070.6
486648,-64.3014,-59.7056,980.14,49679.5
815964,-64.2769,-59.3417,977.04,43634.3
1845659,-61.3006,-54.1411,974.11,35049.7
1154384,-64.2289,-59.3822,973.55,39847.4
2115891,-64.2369,-59.3817,972.9,33717.5
1666479,-60.5964,-45.6228,970.8,36065.7
4719449,-60.5519,-45.6694,970.42,26528.4
1113800,-64.3144,-59.1817,970.36,40229.3
4245937,-64.2269,-59.3178,969.36,27411.9
60589,-64.0322,-57.9178,967.6,78490.6
3228542,-64.1767,-59.1239,967.0,29788.8
10257063,-60.6397,-45.3839,967.0,20685.4
2147205,-63.5658,-58.5533,965.14,33573.5
4672266,-63.4353,-57.8094,962.0,26612.3
1956061,-63.6872,-58.3833,960.7,34479.8
258741,-63.9997,-58.8272,960.51,57746.5
2210340,-63.7378,-58.4661,960.22,33295.3
401137,-64.2864,-59.2117,959.92,52076.3
9557328,-63.6122,-58.5689,959.64,21172.5
11683055,-63.8947,-59.7578,958.33,19807.5
3242844,-63.7747,-58.5094,956.19,29750.3
2358782,-63.82,-58.61,955.06,32681.2
1494137,-61.2192,-54.0744,954.64,37170.5
1525764,-60.61,-45.6056,954.02,36957.4
42584,-61.1011,-54.8261,953.37,83904.6
874645,-63.795,-59.14,952.84,42863.9
2137460,-63.9928,-58.8917,952.53,33619.1
2580428,-63.7778,-58.9328,951.16,31833.9
2607155,-64.2433,-59.3761,950.12,31735.6
219284,-61.1131,-54.7711,949.23,59952.9
4072279,-64.27,-59.7411,948.0,27765.2
3017956,-63.8303,-58.6344,947.92,30396.4
5311875,-63.7247,-58.7006,947.87,25564.7
1734013,-63.6219,-58.7611,947.41,35667.8
4762487,-64.2989,-59.2056,945.47,26453.9
991598,-64.2189,-59.2767,943.98,41483.1
4519129,-63.8111,-58.5761,942.1,26888.6
1642784,-63.8058,-59.1283,941.5,36208.5
4474397,-61.1067,-54.7133,941.43,26971.4
3522987,-63.9217,-59.8278,941.0,29017.4
545414,-63.9786,-58.8289,940.42,48302.3
23095,-61.2217,-55.2,940.39,93459.0
1353681,-63.6056,-58.7689,939.36,38181.7
6529322,-63.7264,-58.7833,935.61,23953.8
8899861,-64.3017,-59.2028,935.15,21672.1
47661,-61.1603,-54.0517,934.38,82177.6
11397877,-63.635,-58.7667,932.54,19974.0
7566712,-63.6556,-58.5728,932.37,22842.9
1338367,-63.91,-59.48,932.34,38301.7
8906983,-64.275,-59.7272,931.15,21666.2
77267,-61.2583,-55.23,931.03,74830.5
11778919,-60.6658,-45.3061,930.95,19755.9
10252683,-64.2739,-59.7344,929.42,20688.5
7271658,-63.7833,-58.9444,925.29,23139.4
8121435,-63.6053,-58.6078,921.13,22323.8
8457936,-63.5092,-58.0744,920.86,22033.6
260668,-63.4806,-58.0878,920.45,57644.9
6998683,-63.4511,-57.9372,920.18,23424.0
27923,-64.2058,-58.8661,919.88,90445.7
3242845,-63.5992,-58.5933,919.87,29750.3
7522619,-63.9092,-58.7906,919.51,22887.5
9263444,-61.3036,-54.1261,919.16,21391.0
4267756,-63.8228,-58.6689,918.79,27370.0
8038057,-63.785,-58.9511,916.34,22397.9
7300582,-64.2689,-59.3322,915.56,23109.1
5229345,-61.1614,-54.0567,914.59,25693.9
2238221,-64.0889,-59.0017,912.47,33174.6
1427534,-64.3353,-59.2044,911.16,37635.5
2510074,-61.0933,-54.6933,910.04,32091.0
353823,-63.3858,-57.6322,907.99,53656.3
2169900,-63.5117,-58.1056,906.17,33472.8
330865,-64.3708,-59.7672,903.01,54519.7
192223,-64.2578,-59.1917,902.15,61749.5
4183093,-60.6694,-45.2983,900.52,27537.1
354621,-64.3164,-59.6739,899.21,53626.6
10986847,-63.5061,-58.3044,896.79,20218.1
7695764,-63.5153,-58.2122,896.4,22719.8
7653085,-64.1569,-59.1844,892.97,22759.0
3030795,-63.395,-57.695,892.06,30356.6
3877201,-63.8997,-59.6372,890.51,28184.3
7036421,-63.3878,-57.7261,888.0,23385.9
7987037,-61.2194,-54.0806,886.96,22446.2
8335841,-60.575,-45.4556,885.69,22134.6
1524324,-64.0003,-58.8411,885.68,36967.7
3779310,-63.7683,-58.6739,885.51,28405.0
280099,-64.3678,-59.8306,885.44,56697.7
6052672,-63.8242,-58.6494,885.18,24537.2
1066254,-61.1172,-54.7872,884.23,40698.5
342774,-63.5878,-58.8261,882.72,54062.0
6960383,-63.5658,-58.5844,882.11,23467.5
4612759,-63.6372,-58.315,879.97,26719.9
303857,-60.675,-45.2805,878.45,55631.4
324725,-61.1267,-54.7939,877.95,54762.2
6048788,-63.7569,-58.4644,875.72,24542.4
8040979,-63.9119,-58.7756,875.41,22395.0
10578717,-63.8942,-59.6406,874.89,20478.0
4079498,-63.9783,-58.8167,874.2,27749.2
7861872,-64.3411,-59.7844,874.04,22559.4
229537,-63.3742,-57.5578,873.42,59331.2
6605123,-60.5447,-45.6956,872.41,23865.9
494632,-64.2758,-59.7756,865.47,49480.3
724284,-63.5461,-58.6294,863.68,44980.2
814520,-61.1989,-55.2617,862.85,43656.2
2683637,-63.8558,-58.5972,862.14,31469.5
7494650,-64.1369,-59.0867,860.44,22912.5
152642,-60.6811,-45.2328,860.31,64939.9
1068576,-63.8897,-59.8889,859.14,40675.0
11392605,-63.8847,-59.8889,858.64,19977.2
4753017,-61.1689,-54.0678,858.02,26470.7
103515,-61.1825,-55.3539,853.99,70491.9
2665940,-63.7003,-58.4644,852.18,31530.2
3078706,-63.9067,-59.6844,851.42,30215.6
3974815,-61.2078,-54.0878,851.25,27971.0
1537577,-64.2319,-59.6061,849.47,36878.0
11392606,-63.8531,-58.6094,848.66,19977.2
3733206,-63.6633,-58.6194,846.52,28510.2
11696309,-61.2997,-54.1311,845.81,19804.2
289729,-61.1356,-54.9189,845.44,56250.9
9346882,-63.5906,-58.6483,845.2,21325.4
4421209,-63.4419,-57.8622,844.99,27072.8
9335391,-64.2597,-59.3972,844.06,21334.4
3322885,-63.5408,-58.1761,843.37,29533.2
6596318,-63.9583,-58.8706,842.99,23876.6
10713856,-63.8806,-59.8872,841.13,20387.6
6600836,-64.2669,-59.75,838.18,23871.2
9372129,-63.4886,-57.8817,837.48,21310.5
119994,-64.1611,-59.2467,836.45,68349.0
2962450,-64.2511,-59.2756,836.25,30563.7
377145,-64.3828,-57.8689,835.07,52846.3
9783755,-64.3594,-59.7644,834.77,21012.4
12488,-63.2678,-56.1322,834.76,103134.6
2644533,-64.2519,-59.17,833.73,31602.9
3928547,-64.2614,-57.41,833.36,28073.3
912424,-61.1333,-54.8456,832.35,42394.6
1393439,-61.2561,-55.2556,829.27,37881.9
1980409,-63.5958,-58.7683,829.05,34361.3
3566822,-63.4689,-57.9828,828.49,28907.4
3399530,-64.3478,-59.1333,827.75,29331.9
424033,-63.2619,-56.0589,827.44,51382.9
253608,-63.885,-58.6233,827.32,58009.6
1733073,-61.1044,-54.7578,826.0,35673.1
1424494,-61.2058,-55.2411,824.63,37655.8
490816,-63.2928,-56.2444,824.2,49574.2
7290138,-63.5969,-58.04,823.98,23120.1
8615137,-61.1064,-54.7533,822.45,21900.2
6466406,-61.1053,-54.7483,822.01,24028.2
376316,-64.3183,-59.6433,819.18,52876.4
930511,-63.2981,-56.1722,818.54,42179.1
2041385,-60.5347,-45.6889,817.81,34065.2
7760097,-63.2631,-56.12,816.55,22655.2
2042126,-61.2183,-55.2317,816.31,34061.5
435060,-61.1392,-55.0028,814.0,51059.5
368498,-61.1347,-54.7761,813.78,53140.8
1601359,-64.1939,-58.8856,812.02,36466.2
3854583,-61.2172,-55.2394,811.84,28234.0
7080320,-64.3589,-59.1517,810.57,23336.8
52561,-64.0425,-58.2094,806.95,80671.4
6611694,-63.5839,-58.6444,805.2,23857.9
1781852,-63.5289,-58.545,803.51,35397.0
1952554,-61.1281,-54.8178,802.19,34498.3
2110990,-64.2233,-59.2394,799.89,33738.2
11108430,-63.9964,-58.8594,798.49,20145.5
567739,-60.6811,-45.2478,797.81,47826.4
696844,-61.3083,-54.0972,795.64,45422.8
11078549,-61.2153,-55.2456,795.5,20164.5
1528008,-64.0372,-58.9178,795.03,36941.8
457322,-63.5628,-57.8867,794.86,50450.7
11048821,-64.2236,-59.2261,793.37,20183.4
874288,-64.3631,-59.1189,793.12,42868.3
6175666,-63.3839,-57.7389,792.28,24380.9
444782,-63.7656,-58.4461,791.42,50788.0
2504973,-63.4858,-58.0739,791.02,32110.8
2906173,-63.2631,-56.0456,790.72,30736.2
14932,-61.455,-55.5256,790.53,100365.2
753382,-63.8642,-58.6606,790.41,44533.2
1788152,-61.1378,-54.8567,789.86,35362.8
8504045,-63.2922,-56.15,789.35,21993.1
10270366,-63.3994,-57.6628,789.29,20676.2
5493330,-61.1372,-54.865,788.99,25299.1
3233804,-61.1019,-54.8372,787.71,29773.8
2977759,-61.2111,-55.2267,787.65,30517.8
2402073,-64.2739,-59.2106,786.11,32507.2
8837650,-63.7169,-58.7844,785.58,21719.1
621838,-63.7606,-59.1544,785.45,46747.2
5282229,-63.2925,-56.1339,783.92,25612.0
8565444,-64.3725,-59.8267,782.98,21943.8
8310432,-64.1061,-59.0128,782.68,22157.6
10507078,-63.2953,-56.2644,781.4,20521.5
2810795,-63.2867,-56.1922,781.28,31039.4
478553,-63.2594,-55.8144,781.25,49892.0
4218799,-63.4742,-57.5861,778.14,27465.3
5999589,-64.285,-59.3722,776.3,24609.8
3158326,-61.13,-54.8328,774.62,29987.1
382220,-61.4556,-55.5394,774.1,52680.8
4025185,-61.2144,-55.22,773.69,27866.0
2114658,-63.4878,-57.9794,773.04,33723.1
8423618,-61.2211,-55.2222,772.74,22059.6
4628190,-61.1003,-54.7606,772.65,26691.2
1047725,-61.1286,-54.9633,772.08,40890.6
1721091,-63.7306,-58.9283,770.58,35742.7
4363043,-63.5942,-58.8333,769.78,27183.2
5399953,-64.3789,-59.7522,768.89,25434.7
647239,-64.1358,-59.0533,767.95,46280.1
6222314,-61.1072,-54.7622,767.86,24323.3
2995969,-63.2642,-56.09,767.67,30463.4
3236681,-63.5989,-58.1706,766.36,29765.3
8457935,-63.8408,-58.5628,766.05,22033.6
668337,-63.2433,-55.9017,765.9,45906.9
714618,-63.3786,-57.5944,765.5,45134.4
343861,-62.63,-59.8961,765.05,54023.1
8313590,-61.1356,-54.8744,764.73,22154.8
4597227,-63.4867,-57.92,764.08,26746.1
8759729,-63.9008,-59.8483,763.92,21780.6
2759806,-63.4883,-57.9889,762.33,31209.3
658043,-64.1814,-58.9028,762.07,46087.0
9426351,-61.2128,-55.2356,760.45,21268.6
1663551,-63.6944,-58.3483,759.93,36081.6
4180889,-61.23,-55.2156,759.77,27541.8
5425740,-63.3806,-57.6039,759.13,25394.6
3628941,-64.2086,-59.2644,758.5,28759.4
535366,-63.3761,-57.7583,758.15,48523.4
531660,-64.2603,-59.5694,756.7,48606.1
2840658,-63.2489,-55.9567,756.27,30944.8
318581,-61.0928,-54.7756,756.04,55012.9
3257918,-60.6147,-45.6789,754.86,29707.4
1224048,-61.175,-55.3561,753.77,39230.3
518751,-61.1114,-54.6872,753.72,48906.6
1757709,-64.0536,-58.9067,753.5,35531.8
2702561,-61.1319,-54.8872,753.05,31404.7
9751291,-61.1292,-54.8244,751.75,21036.6
10072708,-64.1744,-57.3367,751.69,20811.3
1042950,-61.1053,-54.8483,751.41,40940.5
5047597,-63.5217,-58.55,751.04,25980.0
974524,-61.4614,-55.5383,749.73,41674.6
1347857,-63.3742,-57.5839,747.97,38226.8
376950,-63.2775,-57.1011,746.34,52853.5
27829,-64.0317,-58.3594,744.76,90503.4
9771582,-61.2272,-55.2133,743.12,21021.5
5834121,-63.5822,-58.7678,742.4,24826.3
9836766,-63.5319,-58.4039,741.52,20972.9
826702,-63.8331,-58.4906,740.85,43491.0
2923711,-63.9047,-59.5156,740.28,30682.3
2520958,-63.2389,-55.8533,739.45,32051.3
74414,-63.5314,-56.9294,738.75,75415.7
778248,-64.3631,-59.6822,737.55,44165.5
2246280,-61.4656,-55.5361,737.53,33141.9
2619222,-63.4306,-57.2161,736.01,31693.5
7428131,-63.4525,-57.9644,734.13,22981.9
596130,-63.2894,-56.2933,734.06,47247.5
1850774,-61.1078,-54.8333,732.09,35024.3
6551812,-63.8783,-58.6328,731.92,23927.2
7743251,-61.1061,-54.6983,728.48,22672.1
3083954,-61.1875,-55.2617,728.33,30203.0
1537578,-63.6728,-58.3044,726.95,36878.0
6108025,-61.235,-55.215,726.33,24467.0
8221310,-61.2814,-54.08,725.57,22235.1
3020646,-61.1358,-54.9856,723.96,30388.1
920595,-61.4586,-55.5533,722.45,42296.8
19781,-62.0064,-58.1356,722.11,95923.6
1421532,-64.2775,-59.8839,721.14,37677.8
1227334,-63.4911,-58.1961,720.83,39202.7
11016479,-63.2611,-56.0322,720.74,20199.2
2351573,-63.2894,-56.3094,720.51,32708.5
8057291,-63.3028,-56.2639,719.68,22383.6
277478,-61.1161,-55.1261,719.43,56824.5
7932910,-63.5428,-58.4872,718.45,22494.4
3250308,-63.3747,-57.5917,718.24,29728.9
10894056,-63.6914,-58.3589,718.14,20277.9
5528635,-61.1167,-55.1439,717.44,25246.2
7237382,-63.9069,-59.7706,717.32,23172.4
33372,-63.9375,-58.1589,716.31,87657.6
2689416,-61.135,-55.025,715.5,31449.3
6120790,-64.0736,-58.9656,715.43,24454.0
835310,-63.2292,-55.6239,713.95,43375.1
1412089,-63.8653,-59.8983,712.52,37747.1
7133206,-63.9631,-58.8444,711.44,23282.1
7008279,-61.3058,-54.105,710.82,23413.1
4172243,-63.2264,-55.8522,710.27,27560.3
1205751,-62.0358,-58.2967,708.49,39387.5
6279792,-61.1158,-55.0978,708.16,24252.5
6935718,-61.1347,-54.9661,707.88,23491.9
1443159,-63.4058,-57.1283,707.25,37523.6
131247,-61.4636,-55.6144,706.34,67088.2
9783757,-63.3075,-56.2339,706.22,21012.4
1319484,-64.3936,-59.8106,705.36,38447.8
10791320,-63.8483,-58.5394,705.07,20340.7
3450115,-63.5764,-58.8317,704.97,29201.3
10338208,-61.2153,-55.2089,702.74,20633.0
694779,-63.6356,-58.8806,702.21,45456.5
1330382,-63.2367,-55.7339,698.99,38363.2
3245101,-64.3383,-59.68,698.48,29743.9
2002795,-63.4928,-57.7778,698.36,34249.9
3608132,-63.2439,-55.8133,697.7,28808.1
1717223,-63.2453,-55.7194,696.26,35764.1
7680975,-64.0114,-58.9017,693.46,22731.0
1987520,-63.2378,-55.6317,690.83,34326.1
171781,-63.5575,-57.0517,689.62,63283.3
823646,-64.3753,-59.67,687.23,43532.0
4795025,-61.1817,-55.2594,685.36,26398.4
7760096,-63.4225,-57.2594,685.02,22655.2
10563086,-62.0278,-58.1678,684.31,20484.2
809102,-60.6547,-45.4439,683.42,43729.1
333623,-62.13,-58.6283,682.35,54412.1
11168431,-63.5036,-58.1717,681.79,20107.5
1513517,-61.1114,-54.6639,681.56,37038.3
128004,-63.9458,-57.955,679.88,67439.6
7861873,-61.1117,-54.67,679.59,22559.4
571784,-63.6975,-58.3217,678.73,47743.8
224990,-63.9317,-57.92,678.71,59600.1
3126954,-64.1047,-57.29,678.55,30078.3
10829438,-63.8589,-58.6639,678.3,20315.6
5895780,-63.8378,-58.5011,677.38,24744.0
11312707,-63.2933,-56.3156,677.25,20021.8
3168495,-63.4742,-58.0989,675.78,29957.3
649660,-63.94,-58.1922,674.36,46236.1
1391138,-63.3014,-56.3206,673.76,37900.4
866189,-63.4489,-57.1828,673.38,42970.8
1129632,-63.5156,-58.5322,673.07,40077.0
8611815,-63.4503,-57.9744,672.34,21903.1
1905262,-63.9806,-58.79,671.31,34741.2
6391529,-63.4642,-58.0422,670.81,24118.2
10511640,-63.6047,-58.0428,669.88,20518.4
2729348,-64.0214,-58.8494,669.85,31311.2
9581040,-63.935,-58.8028,669.13,21154.4
615300,-64.3389,-59.0883,668.0,46872.4
3877202,-63.2564,-55.7528,667.22,28184.3
11256451,-61.1167,-55.1644,665.47,20056.8
4660625,-61.1311,-55.0861,664.01,26633.9
1160280,-63.3469,-56.2517,660.87,39793.0
579998,-63.71,-58.2967,658.61,47571.3
2982381,-61.1036,-55.11,657.79,30503.2
543101,-64.3425,-59.0644,657.61,48353.7
8662340,-64.0203,-58.8656,656.74,21859.5
4784461,-63.9158,-58.7589,656.7,26417.7
10743805,-63.6694,-58.3328,656.52,20372.0
4329940,-61.1019,-54.8161,654.51,27246.4
10748592,-61.2361,-55.2311,654.26,20368.8
3463128,-63.4606,-58.045,654.16,29166.3
763645,-64.0514,-58.0361,653.34,44379.9
26570,-63.8358,-57.5133,653.17,91229.8
8621838,-64.3797,-59.8194,651.77,21894.4
333539,-61.4589,-55.5828,650.6,54415.6
785879,-63.7236,-58.4172,649.81,44058.6
1555540,-63.3617,-56.3278,649.22,36762.0
8348410,-63.3592,-56.3194,648.85,22123.1
6703731,-63.84,-57.5533,648.19,23750.8
7909552,-63.4944,-57.9078,647.46,22517.0
2536084,-63.2586,-55.6889,645.8,31995.6
1357174,-63.4325,-57.3106,645.37,38156.7
59243,-64.0911,-58.345,645.23,78832.4
56802,-63.8897,-57.865,644.64,79465.9
1440221,-63.2539,-55.5706,641.5,37545.7
6598614,-64.3031,-59.1267,640.36,23873.9
1238396,-63.2553,-55.5556,640.1,39108.3
7038877,-61.11,-54.8389,636.46,23383.2
3073126,-63.2178,-55.6328,634.44,30232.5
1373540,-63.8839,-58.6917,634.01,38031.3
131537,-63.9492,-58.2883,632.91,67058.8
199476,-63.4344,-57.0622,632.66,61236.7
9623017,-61.1319,-54.8606,631.87,21127.3
7165649,-62.0717,-58.5806,631.74,23246.5
319291,-64.2756,-59.1083,631.37,54984.0
2575471,-60.6292,-45.5456,631.03,31849.9
3351871,-64.3881,-59.8333,628.38,29455.4
11063712,-61.4608,-55.5467,625.6,20174.0
966489,-63.9389,-57.97,625.33,41764.7
4151260,-61.2436,-55.255,623.98,27601.8
30320,-62.5347,-59.6828,623.31,89120.1
6212452,-63.2381,-55.7944,622.52,24336.4
137795,-60.6114,-45.9822,622.07,66399.0
1971561,-63.95,-58.7961,622.06,34403.9
1496804,-63.7042,-58.2839,621.1,37151.6
30635,-63.4831,-55.9356,620.77,88938.4
8483891,-64.0708,-57.95,620.75,22010.5
7947578,-61.1486,-54.8594,620.68,22480.2
3958878,-63.3397,-56.2372,620.18,28007.4
3803168,-63.6269,-58.8644,618.32,28351.1
3469113,-61.2675,-54.1844,617.46,29153.2
7411222,-64.2986,-59.365,616.3,22995.8
2625828,-63.2792,-55.6439,616.11,31669.3
3500887,-63.8917,-58.685,614.88,29072.3
6489809,-63.2153,-55.6256,614.72,23999.0
6813240,-63.3397,-56.2261,614.7,23629.8
8099799,-61.1294,-54.9889,614.53,22343.7
351272,-60.6383,-45.2389,613.94,53750.0
8253635,-62.5186,-59.6544,613.37,22209.3
2044085,-63.2706,-56.0067,608.4,34052.1
848351,-61.4639,-55.5928,607.72,43202.9
4565717,-61.9969,-57.9811,607.19,26805.6
1828953,-63.3678,-56.365,607.01,35142.3
125909,-60.7203,-45.2094,603.75,67671.7
5538256,-63.3144,-56.2894,603.01,25236.1
1399907,-61.2881,-54.195,602.66,37834.8
1816052,-61.1142,-55.1883,596.49,35209.3
5974021,-63.2917,-57.1006,596.34,24640.8
7199409,-61.4672,-55.6094,596.27,23213.6
10342589,-61.1064,-54.735,595.19,20629.9
187773,-63.8908,-57.23,594.82,62071.6
5211917,-64.0239,-58.8294,593.92,25718.7
3186040,-63.4411,-57.5711,592.84,29908.3
3486464,-63.5875,-57.9283,591.23,29107.3
252377,-63.3044,-55.8044,590.8,58074.3
5747094,-63.3344,-57.325,589.81,24941.5
5342580,-63.2883,-57.1522,589.22,25519.8
4885147,-63.2833,-56.3217,588.59,26245.9
2855736,-63.8831,-57.1978,586.78,30897.5
5460998,-63.5567,-57.8789,584.9,25344.4
1515739,-63.28,-55.7894,584.64,37024.5
1450801,-61.1236,-54.9056,584.54,37471.0
4206538,-63.1911,-55.8672,584.36,27490.8
3160541,-61.3006,-54.0944,583.33,29980.7
3868468,-63.4411,-57.9822,583.22,28204.6
4985955,-63.9,-59.6006,582.86,26077.9
9383843,-63.2703,-56.0156,580.12,21301.5
4746167,-62.0328,-58.1328,578.7,26482.7
10781631,-62.0286,-58.1317,577.27,20346.9
11225777,-63.3578,-56.3,577.2,20075.8
5603328,-61.2697,-54.0756,576.17,25142.5
9476547,-63.2819,-55.6144,575.58,21229.6
3322884,-63.8708,-57.8328,575.51,29533.2
2843728,-63.2806,-57.0783,574.28,30934.5
116838,-63.9642,-57.5417,573.95,68739.3
6459966,-63.3722,-57.7822,573.83,24036.1
3118851,-61.1064,-55.2067,573.72,30099.5
313369,-64.2822,-58.8861,572.77,55229.1
1226419,-61.0972,-55.3206,572.55,39210.8
1138336,-63.56,-57.8256,572.35,39995.8
65633,-64.5214,-59.6861,569.68,77279.1
153939,-64.4436,-59.7194,569.6,64821.1
6011009,-61.1128,-54.7156,569.5,24594.2
4094916,-63.1986,-55.8333,568.67,27719.3
2602371,-62.6261,-59.8989,567.4,31753.7
10913523,-61.1292,-54.8644,566.61,20265.3
1264667,-63.5789,-57.1022,565.54,38887.7
2701426,-64.5436,-59.6206,565.01,31408.7
40080,-63.6372,-57.4539,564.84,84837.2
1378300,-63.1803,-55.8561,564.81,37996.1
2045610,-61.4619,-55.5678,564.34,34044.7
2659803,-63.3003,-55.665,564.12,31550.4
5536525,-63.9236,-58.7556,563.89,25238.6
2816509,-63.4953,-58.1644,563.4,31023.0
4399556,-64.0481,-58.0556,562.59,27112.8
2425211,-61.1036,-55.2394,562.01,32416.9
3245102,-61.2353,-55.1811,561.98,29743.9
125597,-61.1336,-54.0372,561.81,67702.7
11103433,-63.5581,-57.8644,561.59,20148.7
4450341,-63.7039,-58.39,561.43,27018.6
8093582,-60.5478,-45.7744,559.7,22349.4
2750344,-63.4597,-58.0883,559.66,31239.9
6240331,-63.5089,-58.5328,559.36,24299.7
1554435,-62.5403,-59.6567,557.97,36767.2
2252807,-61.1406,-54.7939,557.55,33113.1
2592496,-64.0122,-57.555,557.38,31787.8
1322226,-63.4228,-57.0889,557.04,38426.3
1783086,-61.1433,-54.8094,554.1,35389.8
7331517,-61.2617,-54.1889,553.96,23076.0
3901034,-63.2933,-55.6578,552.63,28132.3
3169254,-60.6075,-45.9939,552.31,29955.2
1454052,-64.4503,-59.6956,552.09,37447.2
10786455,-62.0375,-58.135,552.02,20343.8
3533273,-63.7072,-58.3811,551.85,28991.1
11492505,-63.3686,-56.375,551.83,19916.5
7720743,-64.4533,-59.6911,551.31,22694.6
4694736,-64.5336,-59.6633,548.61,26574.0
685270,-63.4461,-57.5183,548.0,45616.0
176343,-63.5458,-55.9672,547.92,62934.0
395330,-63.6594,-57.9361,547.9,52259.5
7528098,-63.9456,-58.7811,547.2,22881.9
5573528,-62.0453,-58.2194,546.86,25183.0
6462178,-60.6908,-45.2528,546.48,24033.5
811515,-63.9286,-58.005,545.16,43695.6
4522795,-63.4531,-57.5589,542.15,26881.5
6916788,-63.2689,-55.7928,541.91,23513.6
440381,-63.4297,-57.0206,541.7,50910.8
5989099,-61.98,-58.1789,541.49,24620.1
3715737,-61.1072,-54.8239,540.19,28552.6
3611608,-62.5389,-59.7172,539.49,28799.2
1154884,-60.6194,-45.9756,538.74,39842.6
7678197,-63.6564,-57.9339,536.91,22733.8
7229700,-61.2928,-54.1811,536.56,23180.6
184863,-63.6714,-58.1261,534.91,62286.8
11801060,-64.5281,-59.6844,533.86,19743.0
1222440,-63.2761,-57.0644,532.63,39244.9
47257,-63.3072,-58.6833,531.71,82311.6
7737598,-61.1358,-54.7983,528.48,22677.7
324794,-63.7528,-58.3667,527.75,54759.9
690272,-63.6331,-57.9094,526.86,45533.5
5288522,-63.4469,-57.5322,526.06,25602.0
4726035,-64.2944,-59.3972,525.64,26516.4
48737,-60.6514,-45.0556,525.36,81818.6
1374204,-61.2069,-55.34,524.61,38026.2
49242,-63.5386,-56.6889,523.42,81667.4
993839,-63.4447,-57.0572,523.25,41460.0
49331,-60.7206,-44.5422,523.11,81643.3
513439,-63.8886,-58.0606,522.98,49031.5
2866612,-64.5311,-59.5978,522.9,30860.3
2855737,-61.4711,-55.625,522.58,30897.5
1568721,-63.6942,-58.2328,522.28,36675.3
905774,-63.3211,-58.665,521.67,42475.7
3243568,-63.9175,-58.0178,520.1,29748.1
10977079,-63.6528,-57.9333,519.7,20224.4
5729342,-64.4353,-59.7156,519.3,24967.0
10173655,-63.9,-59.5928,519.17,20743.8
50577,-63.7275,-57.8811,518.17,81256.8
5022430,-61.4619,-55.6228,517.63,26019.2
7484028,-61.4547,-55.5167,517.58,22923.6
475028,-63.4194,-56.315,517.38,49981.3
166192,-60.7339,-44.6283,515.75,63741.7
4144732,-61.1211,-54.8667,514.81,27615.7
6569339,-61.2978,-54.0878,514.72,23905.9
5505016,-64.53,-59.585,514.59,25281.5
8443349,-63.6322,-58.8994,514.31,22042.3
6326385,-63.2117,-56.1239,512.53,24197.3
125745,-63.8547,-59.8139,512.45,67688.6
529493,-61.4775,-55.5389,511.35,48655.8
52411,-61.4742,-55.9078,511.23,80710.9
300025,-63.9542,-58.0572,509.45,55792.6
5307218,-61.2694,-54.0683,509.02,25572.1
615237,-63.4186,-57.0272,507.9,46873.8
53561,-63.7108,-57.5361,507.13,80386.6
257102,-62.0211,-57.6711,506.01,57829.2
533055,-63.5056,-57.0539,504.83,48574.6
6916787,-63.5914,-57.9111,504.63,23513.6
4229065,-63.9017,-58.1844,504.51,27446.8
300426,-60.7281,-44.5722,503.52,55774.3
1559214,-60.5639,-45.9044,503.5,36737.8
11492504,-63.5681,-57.875,503.3,19916.5
115007,-62.4628,-59.815,502.45,68967.9
6074944,-64.3728,-59.6578,502.42,24511.2
4043611,-61.0739,-55.3506,501.32,27824.8
8520493,-64.5206,-59.7067,500.76,21978.6
3714845,-63.9356,-57.8939,499.0,28554.8
9270860,-60.715,-45.2172,498.86,21385.1
699867,-63.6264,-57.8594,496.27,45373.7
423008,-61.4742,-55.6756,496.19,51412.7
5434639,-64.5178,-59.7239,495.37,25384.6
616564,-63.8142,-59.8178,494.84,46848.0
4876796,-62.5439,-59.7111,494.52,26260.5
2236003,-63.9611,-58.0667,493.33,33184.2
537672,-63.5714,-56.8,489.97,48473.5
386549,-60.7358,-44.5989,489.83,52539.2
4081574,-61.4719,-55.6328,488.84,27744.6
351271,-60.6392,-45.0589,488.14,53750.0
10734404,-60.725,-44.6272,487.39,20378.2
7783866,-63.6911,-58.2561,487.36,22635.5
4235650,-61.1925,-55.1989,487.2,27432.8
9263443,-63.5022,-58.5289,484.43,21391.0
7282538,-64.3872,-59.855,484.41,23128.4
4069271,-63.7397,-58.4161,484.28,27772.1
947475,-64.2925,-58.9233,483.96,41980.8
10767549,-61.235,-55.1756,483.93,20356.3
4735572,-61.1339,-54.8161,483.53,26502.0
3982834,-61.4642,-55.5294,483.25,27952.8
3217692,-63.2667,-57.0961,482.46,29820.9
506723,-63.8333,-57.6439,482.18,49191.1
11006617,-60.6342,-45.0583,481.56,20205.5
4239012,-63.4158,-57.0844,478.6,27425.9
271419,-63.6194,-57.7783,476.21,57111.9
2461187,-63.6403,-58.0089,475.45,32277.1
3422964,-64.1222,-58.3422,475.23,29271.0
776438,-64.0578,-58.1222,474.35,44192.9
4541638,-64.3,-58.8844,474.0,26848.3
1421969,-63.5017,-57.0856,473.63,37674.4
8963850,-60.6567,-45.045,473.61,21619.1
3131846,-61.4675,-55.5611,473.52,30063.4
1109132,-63.1606,-55.8528,472.39,40275.2
1457953,-63.7175,-58.3589,471.85,37421.6
8779062,-63.8714,-59.7722,471.37,21768.9
609702,-63.9558,-58.0933,471.29,46979.7
755524,-62.1956,-58.5794,471.25,44501.8
5307217,-63.9689,-58.7572,468.78,25572.1
4235649,-63.6372,-58.0006,468.75,27432.8
1421747,-61.9528,-57.9117,468.18,37676.1
5360585,-61.1297,-54.9422,466.83,25492.3
2078316,-63.6775,-58.2078,466.73,33890.9
2281486,-63.6458,-58.0006,465.58,32993.5
67361,-60.7342,-44.7722,465.03,76894.8
1315833,-63.3506,-57.8822,463.21,38476.0
8464386,-61.4697,-55.5522,462.54,22027.9
834062,-63.8078,-57.3833,460.69,43392.7
1912010,-61.9839,-57.7494,460.43,34704.5
9399317,-61.4694,-55.5972,458.9,21289.5
6018527,-61.1139,-54.6961,458.33,24583.9
8181245,-63.93,-58.1394,458.11,22272.3
1532754,-63.4558,-57.1078,457.98,36910.8
1718677,-61.2583,-55.1994,457.42,35755.2
2057959,-61.4578,-55.6028,456.57,33986.6
2437921,-60.6314,-45.2355,456.13,32367.8
4185299,-60.7392,-44.5928,455.67,27532.5
3265689,-63.3178,-58.6767,455.01,29688.1
6820055,-63.2992,-55.8189,454.66,23621.7
392858,-63.87,-57.5767,453.73,52337.5
2347757,-63.6522,-57.9989,453.25,32724.0
6340641,-60.7381,-44.6294,452.23,24178.8
4220983,-60.6283,-45.375,452.1,27460.7
72201,-63.6744,-57.7039,451.77,75872.2
3447005,-63.9314,-57.9683,451.68,29210.0
5548257,-64.3619,-57.7206,450.99,25220.9
1352425,-63.8392,-57.2172,450.99,38191.8
201461,-64.1694,-57.1006,450.03,61101.3
6829105,-63.4981,-57.07,448.87,23610.9
3116855,-63.3161,-55.7956,448.33,30105.8
9293384,-61.1422,-55.0911,446.53,21367.2
2698449,-64.4006,-57.95,446.35,31416.8
5523573,-63.9436,-57.91,446.21,25253.7
1400366,-63.4803,-57.05,445.75,37831.4
5493329,-61.1911,-55.3544,445.23,25299.1
6462177,-61.1219,-54.8572,444.41,24033.5
702244,-63.1611,-56.0267,444.24,45334.4
1473542,-60.7328,-44.5817,444.12,37310.8
1219125,-60.7317,-44.6478,444.04,39272.5
1074938,-64.5136,-59.6083,443.87,40609.2
2268066,-63.6406,-57.9228,443.65,33049.5
3039876,-63.315,-56.08,443.48,30331.4
3757561,-64.045,-58.2344,443.15,28454.3
1588356,-64.0456,-58.3422,442.37,36550.0
76076,-64.4411,-57.575,442.28,75071.0
2209338,-61.4769,-55.5133,441.05,33299.2
7085296,-61.4719,-55.5978,439.71,23331.3
5090413,-63.4611,-57.1161,439.11,25911.2
8121437,-61.265,-54.0639,438.93,22323.8
3393850,-63.6153,-57.765,438.91,29347.1
10217566,-61.0864,-54.765,438.67,20713.1
609332,-63.9656,-58.7017,437.95,46986.5
464459,-64.3614,-57.3522,437.78,50262.2
2773407,-60.7264,-45.1872,436.58,31162.3
78699,-63.5819,-56.6056,436.11,74545.6
3290559,-63.715,-57.5706,435.67,29621.5
1195069,-60.6283,-45.6883,434.5,39479.6
7408560,-61.1942,-55.35,434.32,22998.5
11266659,-60.7364,-44.5811,434.03,20050.4
5353941,-60.7331,-44.6544,433.61,25502.3
10819857,-63.3122,-55.8,433.56,20321.9
1917611,-63.4075,-57.07,433.43,34676.9
3396281,-61.1044,-54.805,432.5,29340.6
11382302,-63.9369,-57.9833,432.11,19983.6
886054,-63.3153,-55.8344,431.58,42722.4
11806540,-63.9392,-57.9833,429.78,19739.8
448502,-63.6231,-57.8061,429.61,50687.6
6046864,-63.7842,-58.4467,429.2,24545.0
1534035,-63.6542,-58.0217,427.75,36902.2
7191876,-61.4575,-55.5739,427.27,23221.8
783994,-63.4203,-57.4433,426.61,44084.6
9472586,-60.7144,-44.5528,426.1,21232.6
5575194,-61.9656,-58.2528,425.5,25180.5
3924045,-63.5475,-57.7628,425.24,28080.1
194623,-60.71,-45.0489,424.83,61575.9
182736,-63.9956,-57.6333,424.05,62440.0
514678,-61.1911,-55.3667,423.98,49000.3
9289638,-63.2931,-55.8183,422.66,21370.2
2668874,-63.5617,-57.7761,421.29,31520.1
9252282,-63.3125,-58.6778,420.8,21400.0
1610472,-63.885,-57.59,420.0,36408.5
3016620,-63.6289,-57.8778,419.28,30400.6
6210452,-61.1528,-55.0233,419.26,24339.0
4230139,-64.3153,-57.4583,419.02,27444.4
327153,-64.3642,-57.4978,418.76,54666.7
7765718,-63.9119,-58.0211,418.4,22649.6
2218844,-64.3911,-59.8683,418.31,33259.0
9498271,-61.2183,-55.3139,417.27,21217.6
3050056,-60.6322,-45.6767,417.12,30299.9
164823,-60.7397,-44.8206,417.0,63857.6
1740040,-62.1369,-58.2417,415.96,35633.8
9615000,-61.2947,-54.0872,415.77,21133.3
10620270,-64.4431,-57.5878,415.23,20450.0
4876797,-61.1922,-54.0589,413.86,26260.5
9795917,-63.2803,-55.2278,412.44,21003.3
6494167,-62.5094,-59.5856,412.14,23993.7
622032,-64.5694,-59.5933,412.13,46743.1
7606294,-60.7386,-44.8128,410.23,22806.6
9950779,-61.4669,-55.525,408.65,20893.8
375969,-63.6408,-57.5156,407.97,52886.0
6950909,-60.5936,-45.4122,406.88,23478.3
10186838,-63.9278,-58.6989,405.93,20734.6
1563363,-63.5639,-57.7611,405.8,36711.7
2703123,-63.6492,-57.5039,405.68,31402.6
1216182,-61.465,-55.5811,402.52,39298.4
9156929,-63.9953,-57.6239,402.48,21471.3
1428912,-64.0006,-57.8439,401.96,37625.4
10724999,-61.2036,-55.3417,401.49,20384.5
185604,-61.4797,-55.9406,400.99,62231.5
11661579,-64.4439,-57.5939,400.99,19820.3
6234293,-61.1178,-54.9244,400.83,24307.6
4359208,-64.3408,-57.6178,400.81,27190.2
3935425,-64.4447,-59.7439,400.73,28057.4
5657513,-60.7011,-45.2122,400.18,25066.4
538598,-60.7272,-44.5328,399.02,48451.1
97997,-61.5078,-55.9706,398.81,71286.4
313771,-64.0789,-58.4272,398.41,55214.1
10369486,-61.4706,-55.605,398.41,20611.4
1698243,-63.4131,-57.4533,398.19,35874.4
385971,-60.6733,-45.1717,396.83,52557.3
3510188,-61.5097,-55.9628,396.4,29048.1
897528,-60.6511,-45.6761,396.07,42577.5
7108753,-64.2656,-59.0844,394.67,23309.5
100689,-63.0856,-56.2567,394.44,70894.8
10858420,-60.7011,-45.2178,394.22,20296.8
1202788,-61.4519,-55.5094,394.16,39415.0
5141161,-63.9017,-58.0539,393.97,25830.0
101193,-64.4903,-57.2717,393.61,70820.1
1547829,-62.4897,-59.8906,393.53,36812.3
2951112,-60.64,-45.6767,393.12,30597.0
4195615,-63.8547,-57.815,390.91,27514.0
103669,-64.2,-56.8467,389.71,70468.4
6182563,-64.3561,-59.6528,389.46,24375.7
4912252,-63.8736,-58.0439,387.18,26202.2
891378,-64.3797,-57.3594,386.06,42655.3
4949087,-60.6483,-45.6722,386.04,26141.3
5558317,-61.1044,-54.8561,385.97,25205.8
4664478,-62.5431,-59.6289,385.69,26626.7
3311008,-61.1506,-55.0872,385.4,29563.4
3589568,-64.3447,-57.3517,385.15,28852.3
1307573,-61.4661,-55.6667,384.93,38540.5
316736,-63.6075,-57.6961,384.44,55090.5
9418579,-60.7417,-44.6233,384.14,21274.5
4531793,-61.1467,-54.7656,384.02,26867.3
6311576,-61.9447,-57.7033,382.88,24215.7
6357154,-63.8603,-57.3706,380.94,24157.8
9635745,-64.0031,-57.8356,380.73,21118.2
7768533,-61.4783,-55.6783,380.49,22646.8
524588,-60.7139,-44.5189,380.12,48770.9
2280125,-64.1878,-57.1467,377.49,32999.3
8517155,-63.4328,-57.0356,377.18,21981.5
511210,-63.8067,-57.9472,377.11,49083.5
785785,-63.31,-58.7244,377.07,44060.1
508836,-60.7525,-44.5878,377.0,49141.8
2790419,-64.3147,-59.3889,376.97,31107.1
1099094,-63.8086,-57.8289,376.58,40371.6
11173321,-62.1942,-58.6711,376.52,20104.4
5447775,-62.4756,-59.8678,375.45,25364.5
10884368,-64.0,-57.8583,375.45,20284.2
1615831,-64.4125,-57.9717,375.08,36375.3
4136079,-60.7447,-44.6178,374.94,27634.1
5305655,-62.0814,-58.2572,374.14,25574.6
965328,-62.6261,-59.8522,373.83,41778.5
11103432,-63.66,-57.9967,373.21,20148.7
1676083,-62.62,-59.835,372.12,36007.3
359536,-63.8353,-57.0817,371.57,53450.4
10089525,-63.4478,-57.0428,371.46,20799.1
503523,-60.7033,-44.6578,371.35,49268.7
1446220,-62.5,-59.5672,371.1,37501.6
5467547,-62.4792,-59.8661,369.32,25334.3
1211703,-64.4464,-59.1922,368.27,39335.7
422310,-60.6892,-45.06,367.65,51432.5
11053854,-61.1097,-54.7389,366.76,20180.3
2875653,-64.5158,-59.6311,366.14,30833.5
9917437,-61.9681,-58.1739,365.77,20918.2
2578150,-60.7117,-45.2278,365.59,31839.9
120863,-62.4203,-59.4972,365.5,68244.5
2026927,-61.2328,-55.305,364.82,34134.4
5031094,-63.6081,-57.6733,363.8,26004.5
8732155,-63.4744,-57.0672,363.27,21804.0
2771649,-62.6228,-59.8467,362.69,31168.5
807344,-60.7244,-44.6889,360.43,43753.9
10124085,-62.4806,-59.8422,360.22,20774.5
6003343,-63.9936,-57.94,359.74,24604.6
127287,-63.6211,-57.31,357.73,67515.2
4606467,-61.4644,-55.6594,357.45,26731.8
1356324,-63.8658,-58.1111,356.4,38163.4
2154572,-64.2742,-57.335,355.77,33541.3
198283,-64.4906,-58.855,354.54,61318.8
6344761,-64.0644,-57.3144,351.4,24173.6
1219124,-63.5444,-57.5072,351.36,39272.5
133718,-63.5817,-55.7928,350.46,66825.6
172153,-61.4592,-55.8839,350.24,63255.1
3786774,-63.9408,-57.8783,350.17,28387.0
11286977,-61.1331,-54.7306,348.95,20037.7
5442874,-63.8392,-57.085,346.44,25372.0
361021,-60.6822,-44.6789,346.24,53399.2
4784462,-61.1153,-54.92,346.08,26417.7
6061451,-63.6186,-56.8617,344.12,24529.4
472988,-61.0944,-54.8161,343.96,50034.8
1672914,-64.4339,-59.6483,343.38,36025.0
6300231,-62.4789,-59.89,343.04,24226.2
8242893,-61.9706,-57.8467,342.99,22215.1
2427595,-64.3547,-57.5072,342.64,32407.1
151871,-65.1475,-59.7083,341.93,65010.5
11563565,-64.2694,-57.3461,341.88,19878.1
8269327,-60.7361,-44.825,340.17,22195.0
247799,-61.4828,-55.9161,338.66,58315.2
144954,-60.6181,-44.8417,338.51,65676.4
9639703,-62.4803,-59.8861,337.14,21115.2
2530507,-64.5831,-59.6328,336.92,32017.5
9569118,-64.2675,-57.3578,334.42,21163.4
5685371,-63.3122,-58.715,333.81,25025.7
7403290,-62.4778,-59.88,332.5,23004.1
261879,-63.9011,-57.7989,332.1,57581.9
9925762,-60.7328,-44.8239,331.57,20912.1
7285111,-62.4708,-59.8578,330.97,23125.6
670700,-63.6425,-57.2911,330.88,45865.3
1784953,-60.7289,-44.6667,330.53,35379.0
3210997,-63.8222,-57.9322,329.92,29838.0
1411182,-62.0658,-58.4028,329.14,37753.8
5305654,-64.1856,-57.2267,327.64,25574.6
5419270,-62.2158,-58.4794,327.23,25404.7
1473764,-63.5536,-57.4839,326.22,37309.1
8550366,-61.2406,-55.1678,325.83,21952.5
6455532,-62.0692,-58.3061,325.8,24041.4
11745733,-62.6211,-59.8411,324.5,19775.3
3363313,-62.4664,-59.8667,324.47,29427.3
1328318,-63.9981,-57.6694,324.24,38378.1
5613537,-63.8525,-59.8928,323.56,25127.3
6962777,-64.3972,-57.8517,321.72,23464.7
6383107,-61.4636,-55.6633,321.46,24128.7
4980319,-62.6261,-59.8739,321.08,26087.7
10776888,-64.2492,-57.4044,320.97,20350.0
537395,-60.7264,-44.7256,320.53,48478.7
3199967,-64.2797,-58.9622,319.87,29870.0
6167800,-61.4803,-55.6872,319.23,24391.3
8368864,-64.3467,-57.5239,317.77,22108.7
3207396,-60.6781,-45.0694,317.76,29848.6
406614,-63.6794,-57.9222,316.23,51906.0
840873,-64.0644,-58.2661,315.83,43301.6
3599306,-61.4614,-55.6339,315.81,28830.2
11286978,-61.1133,-54.9211,314.59,20037.7
6387275,-62.6242,-59.8644,314.42,24123.4
5073724,-62.1183,-58.3344,313.85,25935.8
172594,-65.0972,-59.5522,313.69,63222.9
3351106,-61.2092,-55.3561,312.92,29457.6
6371827,-62.1058,-58.4844,312.31,24139.3
10111111,-63.9222,-57.9561,311.44,20783.7
1768215,-64.355,-57.6033,311.03,35474.3
458850,-60.685,-45.1617,310.53,50409.0
8304089,-61.4675,-55.635,309.55,22163.4
691331,-64.1236,-58.45,309.44,45515.3
6466405,-63.94,-57.8672,308.37,24028.2
4271219,-60.6231,-45.6178,307.46,27363.1
10843903,-62.1044,-58.495,307.33,20306.2
7305739,-63.8778,-57.8939,307.28,23103.6
181002,-63.5736,-59.8394,307.23,62568.5
184008,-60.745,-45.1628,305.09,62350.2
6494166,-62.5331,-59.7444,304.97,23993.7
1993444,-60.7036,-44.5133,304.73,34298.2
1130671,-63.8381,-57.0639,304.6,40067.5
2191689,-64.4258,-57.0756,304.34,33377.5
4066087,-64.5058,-59.6994,303.8,27779.0
10498055,-63.9247,-58.2178,302.55,20527.7
3194842,-60.7069,-44.565,302.37,29884.9
2402587,-60.7036,-44.4906,301.68,32505.2
6756917,-62.1203,-58.3611,299.04,23691.7
1805462,-65.2356,-59.4967,298.98,35267.2
8537120,-63.955,-57.9083,298.47,21964.1
195228,-62.2789,-59.04,297.18,61536.6
318814,-60.7239,-44.8367,295.86,55004.8
5905358,-64.3258,-57.3967,293.66,24731.2
3320544,-63.8489,-57.1194,293.4,29539.7
501645,-63.5658,-56.4894,292.39,49312.7
449202,-61.235,-55.335,292.27,50668.7
2056064,-60.7447,-44.7933,291.81,33996.0
9783756,-64.3206,-59.4078,290.23,21012.4
8899863,-62.5228,-59.6089,289.68,21672.1
764722,-63.8267,-59.4544,288.35,44364.1
308749,-61.0989,-54.6694,287.92,55421.4
2234261,-61.1086,-54.8656,287.34,33191.8
2105453,-60.7086,-44.6478,286.28,33764.7
3720285,-64.2728,-58.9556,286.06,28541.5
9005580,-63.9769,-57.5606,285.47,21589.7
10452457,-62.2978,-58.9694,285.4,20558.7
8190242,-62.6208,-59.8533,283.35,22263.8
5093385,-62.2217,-58.7456,282.48,25906.3
1570985,-61.0925,-54.8033,281.36,36659.6
4052888,-60.7564,-44.5939,281.02,27804.2
732731,-63.6781,-57.9644,280.69,44846.9
4253678,-62.1711,-58.5017,279.2,27395.6
502579,-60.7728,-44.7333,279.06,49290.7
1717510,-61.2231,-55.1461,277.56,35762.3
7745982,-62.4828,-59.6411,276.68,22669.3
797920,-60.6936,-44.6667,276.61,43886.2
6214459,-62.0739,-58.3078,276.25,24333.8
6752309,-61.1364,-54.7239,273.25,23697.1
3689878,-63.6108,-57.7472,273.04,28612.8
4886558,-61.2128,-55.3506,272.99,26243.5
236776,-60.7164,-45.6389,272.42,58917.4
4377406,-62.095,-58.4928,271.54,27157.4
1593617,-60.6761,-45.3472,271.29,36515.1
2726465,-64.0531,-57.3139,271.18,31321.4
1529515,-60.7011,-45.0428,270.16,36931.5
331924,-61.4922,-55.4561,269.44,54478.8
4041526,-60.6972,-44.6667,268.42,27829.4
3731353,-62.0733,-58.3439,268.26,28514.7
1636253,-64.03,-57.7328,267.79,36247.2
4559093,-64.3639,-58.0822,266.75,26815.1
895599,-60.7539,-45.135,265.75,42601.5
561377,-63.4036,-58.1228,265.74,47960.8
11563567,-63.9825,-57.9117,264.27,19878.1
9418578,-63.7983,-59.3622,264.18,21274.5
254954,-63.8775,-58.2661,263.44,57938.2
2534546,-63.9028,-57.6094,263.32,32001.5
2113054,-62.0808,-58.4089,262.63,33730.7
1890743,-60.7194,-44.8406,262.62,34814.5
2607703,-63.31,-55.7056,261.76,31733.6
3899089,-63.8964,-57.7911,260.38,28136.8
10204378,-64.2711,-57.4433,260.1,20722.3
10848817,-64.3578,-58.0844,258.77,20303.0
7199408,-61.4786,-55.6428,258.33,23213.6
7856148,-60.7075,-45.6306,256.9,22565.1
1102062,-60.6589,-45.5861,255.65,40341.6
7305740,-62.1842,-58.6339,255.46,23103.6
1346216,-61.2278,-55.3461,254.6,38240.1
6852548,-62.1975,-58.7756,254.11,23583.9
2190868,-60.74,-44.7556,253.84,33381.3
9190406,-63.5619,-56.6139,252.66,21444.6
387203,-60.75,-44.5494,251.99,52516.1
8063340,-61.1394,-54.7189,248.88,22377.9
7321157,-63.6317,-57.3,248.6,23087.0
4864288,-62.4625,-59.8833,248.28,26282.3
322497,-63.6147,-57.3928,246.66,54854.0
4276806,-60.7228,-45.6411,246.17,27351.4
4483024,-63.6686,-57.9567,246.17,26954.9
953695,-61.4817,-55.4783,244.23,41909.4
10369485,-63.3225,-55.7956,244.01,20611.4
1567652,-60.6733,-44.6867,243.94,36682.2
9327809,-61.2186,-55.3372,243.82,21340.3
6251211,-60.7503,-45.1517,243.62,24289.3
6972373,-62.1653,-58.8856,243.39,23453.9
4941536,-62.54,-59.6111,243.08,26151.1
8172242,-62.5242,-59.6,242.65,22280.9
2035220,-61.1028,-54.795,241.6,34093.3
8426905,-61.1747,-55.3767,241.54,22056.8
7313475,-61.1161,-54.6533,241.3,23095.3
10574025,-64.5294,-57.3922,240.94,20481.1
6196504,-61.2161,-55.3461,240.62,24357.4
5696014,-64.3772,-58.1033,240.1,25010.4
6033708,-61.0922,-54.7906,238.84,24563.1
1401491,-60.7492,-44.6395,238.48,37823.0
7731918,-63.9417,-58.6622,238.11,22683.3
961347,-60.6792,-45.6139,237.47,41822.7
4864289,-60.7281,-45.6433,237.04,26282.3
10195518,-63.8506,-57.8061,236.68,20728.5
328022,-63.7256,-57.6428,234.22,54630.6
7903700,-63.8953,-57.6022,233.62,22522.7
5382204,-65.1331,-59.8044,232.97,25462.3
7953531,-63.8597,-57.5472,231.57,22474.5
11256450,-64.1181,-58.4089,231.07,20056.8
422955,-60.7175,-44.4122,230.74,51413.9
831271,-60.6383,-45.2044,230.28,43429.4
7227165,-64.3872,-58.1161,229.74,23183.4
342415,-60.5853,-46.0945,229.49,54076.1
342877,-61.8569,-58.0033,229.34,54058.5
1745832,-60.7372,-45.1633,229.21,35599.8
8921154,-61.2194,-55.345,228.07,21654.5
982665,-60.7578,-44.7428,227.44,41581.3
5457660,-60.6289,-45.9867,226.7,25349.4
652552,-63.6464,-57.7378,225.73,46182.3
1524551,-61.0981,-54.805,225.38,36966.0
410546,-60.6133,-44.8789,224.81,51784.3
8648854,-64.4333,-57.935,224.8,21871.1
10081269,-63.7244,-59.3806,224.61,20805.2
1890023,-62.1964,-58.7944,223.77,34818.1
9346883,-60.6653,-45.065,222.89,21325.4
7639409,-63.8933,-57.9156,222.45,22773.0
6520757,-61.185,-55.3789,220.34,23964.5
6921482,-63.9094,-57.8994,218.62,23508.2
3249591,-63.5458,-57.7056,217.48,29731.0
7856147,-64.2753,-57.4289,216.02,22565.1
9938327,-61.2222,-55.3372,215.54,20902.9
390827,-60.5925,-46.0389,215.48,52399.5
3870326,-60.7617,-44.7378,215.25,28200.1
8953071,-63.8117,-59.405,214.98,21628.0
10685768,-60.6889,-44.675,214.71,20406.3
398170,-64.2397,-56.6367,213.6,52170.4
4035337,-60.6439,-45.5828,212.92,27843.2
1499515,-64.0778,-57.85,211.48,37132.8
9604930,-64.2106,-57.1617,211.42,21136.3
417190,-60.7344,-45.6772,208.82,51583.4
2606117,-61.1008,-54.9044,208.03,31739.7
8069366,-63.9931,-58.335,207.78,22372.2
7987036,-64.3347,-58.8444,207.32,22446.2
1176120,-60.7194,-45.6006,207.08,39648.7
7065690,-63.8047,-57.2106,206.6,23353.2
3721232,-60.7533,-44.7478,206.36,28539.2
7577552,-63.9353,-57.8567,206.03,22831.7
430378,-63.6392,-59.04,205.68,51194.1
436488,-64.1881,-58.3978,204.27,51018.3
5081114,-63.6794,-59.2033,204.16,25923.5
10928112,-63.6681,-57.9133,201.42,20255.9
8470985,-63.8756,-57.9994,200.95,22022.1
4637109,-63.6433,-57.5733,200.38,26674.5
10151856,-61.46,-55.6456,200.25,20759.2
11790043,-63.635,-57.8089,200.0,19749.5
3982833,-64.4317,-59.3294,199.76,27952.8
3672514,-63.7386,-58.3133,199.15,28652.9
11108429,-64.3433,-58.9222,198.93,20145.5
815790,-62.0253,-57.5894,197.99,43637.2
11403021,-62.5458,-59.6161,196.65,19970.8
5536526,-61.1564,-54.7983,196.08,25238.6
3388305,-60.7422,-44.5606,195.59,29362.3
10307565,-60.6486,-45.5789,194.9,20654.6
483205,-63.1967,-56.6411,194.4,49770.5
916065,-61.2078,-55.3844,193.25,42351.0
7806649,-60.6517,-45.5722,192.56,22613.0
528871,-63.9278,-57.3456,192.2,48671.5
3151276,-61.4767,-55.9256,192.06,30008.3
5341047,-63.4267,-56.2983,191.76,25522.3
6022328,-61.1419,-54.7006,191.68,24578.7
2991071,-60.6344,-45.2139,191.07,30476.0
7444193,-63.9408,-57.8494,190.59,22965.3
504448,-64.9228,-59.6806,190.33,49246.7
9984672,-64.0803,-57.1922,190.03,20869.4
694602,-63.9061,-57.3472,188.14,45459.3
7606293,-61.2058,-55.3872,188.07,22806.6
9820219,-64.3836,-58.9556,187.31,20985.1
8595170,-62.1653,-58.2978,184.71,21917.7
765975,-64.2867,-56.7183,184.68,44345.4
9980427,-62.0947,-58.48,184.0,20872.4
6226415,-60.7161,-45.6617,183.74,24318.1
2949768,-63.5836,-59.7767,183.65,30601.2
1273720,-64.4103,-58.0239,183.05,38813.9
549671,-63.7964,-57.28,182.4,48209.9
2926289,-62.1714,-58.605,181.63,30673.9
2459164,-64.2194,-56.6111,181.15,32285.0
6245226,-63.6031,-56.68,180.42,24297.1
7313474,-61.4786,-55.6122,180.08,23095.3
2322070,-61.4556,-55.935,180.08,32827.1
8550367,-61.1803,-55.3856,179.68,21952.5
7321158,-63.3078,-55.7156,179.37,23087.0
5062107,-62.025,-57.5983,178.34,25955.4
587746,-63.9892,-57.4172,176.44,47415.7
8591850,-63.3739,-57.015,176.19,21920.6
4971733,-62.6142,-59.8528,176.09,26102.3
9327808,-63.6458,-57.7567,175.48,21340.3
6909583,-64.2475,-56.6672,175.11,23521.7
3885964,-61.4561,-55.9272,172.75,28163.9
1470205,-60.6889,-44.5772,172.69,37334.7
613708,-63.6689,-57.6411,172.64,46902.3
5287011,-60.6242,-46.0106,171.15,25604.5
4935914,-61.8475,-58.0217,170.75,26160.8
4565718,-61.9197,-57.7467,170.03,26805.6
5528634,-63.9044,-57.7856,169.53,25246.2
9865580,-63.5544,-57.4067,168.93,20951.7
5565262,-62.4581,-59.89,168.75,25195.7
3383966,-61.1014,-54.7789,167.77,29371.0
1113188,-61.0989,-54.8711,166.74,40235.7
976948,-61.1864,-55.4078,166.3,41647.1
1261127,-63.7997,-57.3006,166.22,38918.8
7092796,-60.735,-44.5217,166.18,23323.1
663990,-62.3453,-59.815,165.92,45980.4
664948,-60.7831,-45.1522,165.81,45965.2
4985956,-62.2114,-58.4389,165.62,26077.9
8763086,-64.4436,-59.2983,165.46,21777.7
3923057,-60.7169,-44.43,162.43,28082.4
3917967,-62.2294,-58.5028,160.9,28093.7
712888,-62.1042,-57.9339,160.06,45161.2
2709884,-61.1964,-55.3878,159.87,31378.3
727134,-60.7217,-44.9839,158.45,44933.5
6230416,-64.3467,-56.9333,158.1,24312.9
6163775,-63.8542,-57.1378,157.77,24396.6
10858419,-63.6731,-57.9639,157.43,20296.8
5705934,-61.2094,-55.3772,155.9,25000.2
1092000,-61.1053,-54.9356,155.64,40439.4
6953348,-63.9833,-57.8794,152.86,23475.6
4080529,-64.3789,-57.0344,152.47,27746.9
6967565,-60.7736,-44.7195,152.28,23459.3
10748591,-63.6775,-57.6167,152.26,20368.8
790913,-62.1669,-58.5628,151.84,43986.2
1364624,-62.1875,-58.9544,151.52,38099.9
4669688,-60.6253,-46.0194,150.54,26617.1
4397167,-64.1994,-58.3972,149.87,27117.5
9751290,-63.8778,-57.2472,149.71,21036.6
8899862,-63.6411,-57.7478,147.55,21672.1
10226387,-62.0744,-58.4739,146.46,20707.0
6741036,-63.94,-57.8378,146.32,23710.5
1128968,-62.2217,-58.9744,146.12,40083.4
1540959,-61.245,-55.1739,143.56,36857.2
895809,-60.7742,-44.7511,142.41,42598.5
2004748,-61.1906,-55.3928,141.24,34242.5
2224354,-62.2439,-58.6717,141.04,33234.0
7343013,-63.9461,-57.8317,140.29,23067.7
11466218,-61.0964,-54.7911,140.12,19932.5
7720744,-61.1808,-55.3933,139.86,22694.6
949835,-60.6944,-44.8717,138.13,41953.5
1170223,-60.7456,-44.9833,137.79,39701.7
955734,-62.4275,-59.7783,137.69,41886.6
9959226,-62.2186,-58.9867,137.51,20887.7
6136425,-61.4797,-55.95,137.05,24433.1
1510813,-61.9708,-58.5239,136.95,37057.2
3216988,-60.7317,-44.99,135.23,29823.0
6041127,-60.7392,-44.9894,133.66,24552.8
3984817,-63.6297,-57.1589,132.58,27948.2
4080530,-63.6769,-57.865,130.65,27746.9
3007766,-63.7722,-59.7906,130.37,30425.8
1639989,-63.6308,-57.62,129.23,36226.1
1078469,-60.5933,-46.0889,129.2,40574.7
1616092,-60.6811,-44.545,128.08,36373.5
2292320,-60.6636,-44.5467,127.72,32949.1
2004367,-61.2311,-55.3739,127.21,34244.3
7588572,-61.2397,-55.33,127.19,22820.5
6696919,-63.545,-59.8372,126.4,23758.9
10743806,-63.6467,-57.1289,123.8,20372.0
5386866,-61.2142,-55.3844,121.75,25454.8
3265690,-62.2256,-59.0117,121.65,29688.1
8728689,-63.2969,-58.6672,120.89,21806.9
10405615,-61.2164,-55.3772,120.63,20586.6
10137055,-63.9239,-57.3361,120.6,20765.3
2668873,-63.9303,-57.5094,119.76,31520.1
7130772,-64.2981,-56.72,119.52,23284.9
9227691,-63.1569,-55.5061,118.69,21414.8
3445372,-62.2061,-58.9911,118.56,29214.4
9059473,-63.9861,-57.4122,117.78,21545.3
9197736,-64.3506,-58.9122,117.24,21438.6
5987219,-63.1572,-55.4944,116.33,24622.7
9712466,-64.3428,-56.9128,116.1,21060.8
2239540,-61.2219,-55.3817,115.86,33168.8
2101901,-63.785,-57.7894,115.68,33781.6
8779063,-62.3906,-59.6794,115.51,21768.9
2092054,-60.6736,-44.5189,115.25,33826.9
8684610,-60.7114,-45.595,114.83,21844.9
1371398,-61.2836,-55.2144,113.61,38048.0
1385666,-63.7558,-58.1694,112.97,37940.7
9414734,-63.4506,-58.1439,111.56,21277.5
6822268,-63.5392,-57.4417,110.89,23619.0
5342581,-62.1925,-58.925,110.28,25519.8
7990035,-61.1036,-54.9294,107.41,22443.3
7530794,-64.2986,-56.7422,107.15,22879.1
9182819,-62.2525,-58.6183,106.44,21450.5
1566167,-61.9964,-57.6317,105.66,36692.7
1581867,-61.9842,-58.5433,105.07,36590.1
1607014,-63.1294,-55.5283,104.16,36431.3
3745453,-62.2436,-58.9856,103.8,28483.4
5826750,-61.2347,-55.3561,103.61,24836.6
10208803,-63.4056,-57.0256,103.3,20719.3
1646162,-63.6133,-59.8428,102.77,36187.4
2720772,-60.7622,-45.1372,102.67,31341.7
1677158,-60.595,-46.0778,101.71,36000.3
7678196,-64.2125,-56.6289,101.41,22733.8
1957541,-63.9144,-57.4683,101.01,34474.2
9383844,-61.2267,-55.3728,100.77,21301.5
8474211,-63.7611,-58.1728,99.92,22019.2
11445134,-64.0319,-58.3072,99.19,19945.3
9909238,-64.2078,-57.2222,97.94,20924.3
3383965,-63.6058,-57.3422,97.37,29371.0
1870726,-62.3322,-59.7028,95.7,34920.4
4430757,-60.7778,-44.7089,94.62,27054.0
3051439,-60.5964,-46.0567,94.18,30295.7
1969765,-63.1978,-57.3067,92.94,34413.2
3134625,-64.2464,-56.8022,91.71,30055.0
3547962,-63.5483,-58.9606,91.32,28955.9
4281480,-60.6978,-45.1706,91.13,27342.1
3042591,-60.6853,-44.6994,91.12,30323.0
9828357,-61.2261,-55.3611,90.26,20979.0
6518546,-62.4458,-59.3878,89.3,23967.1
2302776,-62.3772,-59.7106,88.54,32906.5
2146798,-60.7794,-44.6322,88.47,33575.4
9514050,-62.2294,-58.9911,87.84,21205.6
4114026,-61.0956,-54.8528,87.6,27677.9
9950778,-62.4483,-59.3867,86.71,20893.8
8172243,-60.7894,-45.1522,86.49,22280.9
7292761,-62.2014,-58.9794,85.99,23117.3
9182820,-61.4606,-55.6572,85.85,21450.5
8921153,-63.7492,-58.28,85.33,21654.5
5411186,-61.2536,-55.3272,85.1,25417.2
4476833,-61.2456,-55.3422,85.09,26966.7
5648910,-61.0956,-54.8983,84.93,25079.1
7577553,-61.0997,-54.6583,84.14,22831.7
11078548,-62.1728,-58.9311,83.94,20164.5
10484205,-60.6714,-44.5528,83.7,20537.0
10329399,-62.1019,-58.3239,83.26,20639.2
9041361,-63.9325,-57.8339,81.76,21560.1
8069367,-60.6844,-44.48,81.18,22372.2
6806339,-61.2197,-55.39,80.84,23637.9
10438971,-63.1958,-57.3172,79.24,20568.0
7384923,-60.6322,-45.0767,77.86,23023.5
2676131,-60.7761,-45.1444,77.84,31493.8
2721295,-63.6525,-59.035,77.08,31339.7
2799510,-60.7672,-45.1472,75.8,31078.4
6451271,-63.7822,-58.2422,74.71,24046.7
6424991,-64.2081,-58.9411,73.12,24075.9
10681277,-60.7386,-45.14,72.99,20409.4
3071777,-60.5369,-45.4983,71.75,30236.7
8687995,-62.1947,-58.9933,71.27,21842.0
10578718,-63.5394,-57.4194,71.23,20478.0
9700419,-60.6825,-45.075,70.72,21069.9
5401612,-60.6164,-44.8556,69.82,25432.2
3311009,-60.73,-45.0372,68.76,29563.4
9601012,-61.1103,-54.9544,68.35,21139.4
6014715,-63.8419,-58.3839,67.5,24589.1
8752841,-61.1628,-55.3861,66.93,21786.5
7861874,-60.7253,-45.5961,66.0,22559.4
3615915,-62.2144,-58.9317,65.04,28788.2
8648855,-64.1969,-58.8044,64.62,21871.1
10815013,-60.7394,-45.695,63.93,20325.0
8497661,-60.7106,-44.455,63.21,21998.9
7065689,-64.3108,-56.8911,62.95,23353.2
11063713,-60.6978,-45.0722,62.6,20174.0
11585839,-63.48,-56.2222,62.5,19865.3
8892877,-60.78,-45.1411,60.45,21678.0
8671194,-61.1064,-54.9617,59.52,21856.5
11607667,-62.3389,-59.6056,59.47,19852.4
11531596,-61.0975,-54.8889,59.33,19897.3
4267757,-60.6864,-45.315,58.79,27370.0
4286100,-62.3169,-59.685,58.63,27332.8
4384417,-60.6875,-45.1006,57.82,27143.3
6770987,-64.9222,-59.6917,57.67,23675.6
4509415,-60.7164,-44.4633,56.82,26907.6
4554133,-60.7067,-44.8628,56.47,26824.6
4612760,-62.4117,-59.73,56.03,26719.9
4797884,-60.6361,-44.8461,54.67,26393.6
4927597,-63.3158,-57.9089,53.77,26175.4
10981928,-60.6164,-44.8622,53.53,20221.3
5057813,-61.9183,-58.3939,52.9,25962.8
8436636,-63.5497,-58.97,51.97,22048.1
5291706,-62.0706,-58.7622,51.42,25597.0
5380615,-62.4039,-59.7444,50.89,25464.8
5434640,-60.6528,-45.6067,50.57,25384.6
8480669,-62.0694,-58.3756,50.05,22013.4
11048823,-62.6119,-59.8417,49.04,20183.4
5736375,-61.9008,-58.4472,48.88,24956.8
10488726,-60.6364,-44.8422,48.75,20533.9
10625070,-61.2481,-55.3444,48.67,20446.9
6067256,-62.5428,-59.5783,48.55,24521.6
5905359,-61.9336,-58.39,48.0,24731.2
9171617,-60.6214,-45.7645,46.52,21459.4
8385096,-62.5233,-59.5833,46.44,22094.3
6245227,-60.6444,-45.0406,46.33,24297.1
6271590,-61.8994,-58.4433,46.2,24263.0
8323063,-61.9181,-58.3994,46.07,22146.1
6350830,-60.5156,-45.9283,45.83,24165.7
6376831,-62.3269,-59.535,45.72,24136.6
10967279,-61.0967,-54.8828,45.02,20230.7
9743128,-60.5806,-46.0983,44.69,21042.7
10739112,-62.2364,-59.0167,44.17,20375.1
8477364,-63.3125,-57.9161,43.59,22016.3
11148187,-62.2206,-59.0217,43.16,20120.2
8464387,-60.6922,-45.6017,42.6,22027.9
7300584,-62.2425,-59.125,41.91,23109.1
7308291,-63.2381,-57.5089,41.88,23100.8
11547633,-62.4275,-59.8022,41.15,19887.7
7993045,-63.2211,-57.1822,39.52,22440.5
8215140,-61.8375,-58.0378,38.82,22240.9
8294504,-60.6925,-45.3139,38.58,22172.0
8294503,-63.2903,-57.8517,38.58,22172.0
10137056,-62.3264,-59.6933,38.43,20765.3
8433403,-62.3786,-59.7622,38.16,22051.0
8543662,-63.3014,-57.8989,37.84,21958.3
9297232,-62.2358,-58.9478,35.82,21364.2
9422437,-61.9181,-58.3856,35.51,21271.5
9502169,-62.3881,-59.3533,35.32,21214.6
11672320,-61.4664,-55.6872,34.17,19813.9
11343892,-61.4786,-55.5806,33.86,20002.7
10843902,-62.4458,-59.8922,33.3,20306.2
10410139,-62.2469,-59.1278,33.25,20583.5
10583367,-62.1581,-58.9917,32.9,20474.9
11073547,-63.2053,-57.2756,31.92,20167.6
11225779,-62.2297,-59.1006,31.63,20075.8
11429374,-60.7597,-45.1533,31.25,19954.9
11476835,-62.0897,-58.9606,31.16,19926.1
11602201,-62.0844,-58.7867,30.94,19855.6
