2144462,7.2992,126.4145,1282.86,33584.9
9983,1.6369,127.9019,1271.05,106755.4
6761992,7.3064,126.4067,1269.26,23683.7
128575,1.6933,127.8944,1259.17,67379.2
2086165,1.6986,127.8817,1222.96,33853.2
3503,2.2289,128.433,1198.58,123582.6
1194388,1.6781,127.8936,1196.59,39486.0
8617944,2.2247,128.4322,1183.88,21897.3
2988971,2.2331,128.4425,1173.83,30482.3
2678369,2.2258,128.4244,1169.13,31485.7
6426828,2.2297,128.4256,1163.09,24073.2
674257,1.665,127.9075,1157.67,45802.7
4007166,7.2908,126.4219,1137.13,27900.3
1297736,1.6744,127.8539,1119.18,38618.1
2309082,2.2383,128.4486,1117.72,32879.4
2029923,1.6869,127.8606,1109.08,34119.4
6000016,7.5311,126.4025,1108.33,24607.2
381904,1.7197,127.8642,1096.07,52691.7
7561080,1.6983,127.8705,1095.89,22848.5
866677,1.6758,127.9278,1094.66,42964.8
6738411,2.2161,128.4186,1091.8,23713.2
8917451,1.6747,127.8475,1089.56,21657.4
39057,1.6319,127.6719,1080.3,85211.9
1932158,1.6608,127.9222,1078.67,34601.5
9130892,1.6794,127.8592,1076.76,21492.0
4980252,1.6833,127.9064,1075.93,26087.7
54767,2.4486,128.4325,1075.87,80020.4
8490969,1.6936,127.8675,1063.44,22004.7
1488599,1.7186,127.8742,1056.82,37206.5
8749195,1.6672,127.9206,1051.7,21789.4
7376756,2.2378,128.4567,1051.05,23031.8
1389340,2.2636,128.4519,1040.05,37912.1
90308,2.4017,128.3992,1039.97,72481.2
223501,2.3197,128.4597,1033.08,59686.6
5336678,7.5461,126.4044,1032.5,25527.3
8065876,2.4031,128.3922,1031.24,22375.1
5166599,2.2322,128.4514,1028.3,25788.0
7984798,7.5417,126.4011,1027.71,22446.2
1754084,7.4839,126.4064,1023.7,35551.5
1978478,2.2506,128.4469,1021.9,34368.7
4181822,2.2681,128.4611,1019.99,27539.4
1987074,2.4636,128.4333,1012.03,34327.9
5901009,2.4603,128.4311,1012.02,24736.3
4047892,7.3194,126.4314,1009.35,27813.4
7366483,1.6758,127.8781,1007.3,23042.8
4043442,2.4428,128.4344,1001.95,27824.8
106900,1.6206,127.787,999.08,70034.0
849485,1.61,127.7967,997.61,43186.7
1208473,1.6983,127.9297,997.53,39364.8
2567283,7.49,126.4142,988.28,31879.9
11108177,1.6781,127.8636,987.31,20145.5
9959013,1.6722,127.8375,984.85,20887.7
9251750,2.4578,128.4217,982.9,21400.0
569057,1.6292,127.81,981.34,47799.8
506721,1.6156,127.8092,979.11,49191.1
578618,2.3186,128.4864,976.42,47600.8
4235472,2.4017,128.4072,972.31,27432.8
2518797,1.6869,127.9283,972.25,32059.2
10054596,1.7156,127.8772,970.77,20823.5
2036655,2.42,128.38,968.44,34085.8
5109526,1.6694,127.8783,965.39,25879.2
1908176,2.2364,128.4758,960.06,34724.7
1801552,2.4289,128.373,955.23,35288.9
10981700,1.6511,127.9075,953.7,20221.3
664947,1.6422,127.7775,952.88,45965.2
2125417,2.2989,128.5,950.64,33674.0
3861462,7.285,126.4328,947.92,28215.9
11021093,1.6669,127.8408,947.57,20196.1
3323532,2.3103,128.4955,946.09,29531.0
1975309,2.2278,128.4847,945.78,34385.4
7163149,1.7042,127.9358,944.01,23249.3
2979903,7.4956,126.4075,943.99,30509.4
7405483,2.2656,128.4745,938.69,23001.3
2429027,1.6992,127.9236,936.54,32401.2
10530097,2.2367,128.4714,935.83,20506.0
5244504,2.2994,128.4625,932.31,25669.1
18913,1.7825,127.9181,926.72,96621.8
10221266,2.4128,128.3875,926.72,20710.0
11560,1.9586,127.8083,926.29,104400.7
10677581,7.4778,126.4194,924.05,20409.4
3215456,7.3656,126.4461,923.16,29823.0
8524609,7.4775,126.4253,922.52,21972.8
8968222,7.5575,126.4097,920.92,21613.2
7290025,1.9542,127.808,920.39,23120.1
713698,1.7089,127.9239,918.64,45149.9
1220253,2.4364,128.4253,915.88,39264.4
339746,7.6528,126.4005,915.82,54173.8
6941085,7.5011,126.4092,915.63,23483.7
431605,1.7458,127.8633,914.23,51159.2
407084,2.3353,128.5092,911.94,51891.2
9168795,7.4942,126.4033,911.89,21459.4
450339,7.2658,126.42,910.55,50637.3
6299900,2.3986,128.3886,906.25,24226.2
3380749,2.2,128.4395,904.59,29379.6
1817308,2.2767,128.4431,902.87,35202.1
2199668,7.3617,126.4628,901.96,33339.3
541370,2.3789,128.4161,899.69,48391.9
3688072,1.6194,127.8178,898.11,28617.3
1664923,2.3944,128.4314,896.78,36072.7
4560139,2.3778,128.4103,888.93,26812.7
9128265,7.4631,126.4386,888.84,21492.0
6817698,1.9531,127.8036,888.63,23624.4
11844286,2.2233,128.4605,887.0,19717.2
9290503,7.3175,126.4417,885.64,21367.2
10213089,1.6269,127.8053,885.59,20716.2
7170558,1.6383,127.7744,885.0,23241.0
10825759,7.3661,126.4586,883.79,20315.6
6340532,1.9517,127.7986,882.09,24178.8
3867319,2.3275,128.4906,881.43,28206.9
1086950,2.4564,128.4625,880.75,40489.8
2294921,1.6483,127.7933,880.34,32937.5
2982935,2.3833,128.4236,876.65,30501.1
9720116,2.3819,128.4186,876.05,21054.8
281508,7.4289,126.4433,872.54,56633.6
563411,2.2656,128.51,870.01,47918.3
4855124,2.4606,128.4642,869.37,26294.4
7847281,1.9469,127.795,868.46,22573.5
693579,1.9836,127.8339,866.31,45477.5
10790567,2.2661,128.5067,865.61,20340.7
6743825,7.6208,126.4192,865.42,23705.2
744231,2.1928,128.4778,863.5,44670.4
3031647,7.425,126.4355,860.9,30352.4
10414457,1.9392,127.7922,860.34,20580.4
10342398,1.6236,127.8189,859.9,20629.9
2951021,2.4653,128.4711,859.72,30597.0
5835661,2.2214,128.4825,857.69,24823.7
9975423,2.3878,128.4261,856.76,20875.5
5170234,7.4278,126.4492,856.3,25780.6
7541564,1.9864,127.835,855.11,22868.0
4271462,7.2628,126.4292,850.73,27360.7
547106,2.4261,128.415,849.73,48265.4
4863212,7.43,126.4367,849.03,26282.3
2970841,2.1931,128.4722,845.38,30536.6
1138204,7.4572,126.4531,844.93,39995.8
3333785,7.4075,126.4456,843.99,29500.8
467248,2.0117,127.8705,843.54,50186.1
7957177,7.4119,126.4497,843.48,22468.9
3992485,1.6106,127.7694,841.59,27934.5
9576863,1.635,127.7978,841.32,21157.4
2645048,2.3494,128.4717,840.6,31600.8
1149925,1.6033,127.7583,838.57,39887.4
5612174,7.4536,126.4311,838.41,25127.3
677217,1.5983,127.7444,837.67,45754.0
9660662,7.4597,126.4533,835.19,21097.1
1861938,2.3822,128.4353,832.51,34966.0
9078351,7.4597,126.4311,832.44,21527.6
7342902,1.9583,127.7972,832.29,23067.7
5329687,2.285,128.4617,832.09,25539.7
6500480,1.9708,127.8067,829.53,23985.7
7837835,2.1892,128.5033,827.55,22582.0
4204627,7.3064,126.4544,826.94,27493.1
4178523,2.4536,128.4492,825.97,27546.4
8945734,1.9786,127.8383,825.77,21633.9
1587187,1.9867,127.8197,825.56,36555.2
9537384,1.7825,127.9225,825.1,21187.5
4258344,7.2956,126.4578,824.92,27384.0
11488574,7.3011,126.4589,824.42,19916.5
3964759,1.6533,127.8042,823.46,27993.8
5881451,7.4642,126.4542,819.98,24762.0
2894092,2.3064,128.4403,819.02,30775.6
10101867,2.0086,127.8689,818.29,20789.9
1374842,1.6058,127.7303,817.54,38021.2
8840725,2.3347,128.4706,817.38,21716.2
11214677,2.3397,128.4689,817.21,20082.2
339936,7.3972,126.4647,817.05,54165.6
1001696,2.0106,127.8458,816.8,41373.9
1262750,2.2903,128.5311,816.38,38904.1
3538525,7.6319,126.4367,815.44,28975.7
3762011,2.425,128.3631,814.9,28443.1
10157320,7.2942,126.4628,813.91,20753.1
3415117,7.2539,126.4347,813.82,29290.6
1499507,1.7186,127.9275,813.25,37132.8
1624533,7.4692,126.4569,812.91,36319.2
1992447,7.3156,126.4556,812.74,34301.9
5004861,2.3317,128.4961,811.75,26048.6
10293432,2.3064,128.4436,810.32,20663.8
7409170,7.47,126.46,806.05,22995.8
4805719,2.2933,128.5242,804.95,26379.1
552744,2.0628,127.9047,804.46,48145.1
5585110,2.2903,128.5233,803.64,25165.3
3575547,2.0147,127.8383,803.26,28887.6
5901008,2.4622,128.4803,802.19,24736.3
8165870,1.6036,127.7442,801.05,22286.6
6820575,7.6314,126.4447,800.3,23619.0
9227525,1.6014,127.735,800.08,21414.8
5810794,2.3422,128.5153,798.35,24854.5
5844902,1.7314,127.8553,798.24,24810.9
2567772,7.4539,126.4605,796.21,31877.9
2463256,1.9814,127.8164,795.75,32269.2
1197256,2.0428,127.8778,795.57,39461.8
11240277,2.4478,128.3644,795.15,20066.3
2165613,1.7083,127.9156,794.41,33491.8
756153,2.085,127.9147,792.75,44491.7
8093149,2.0861,127.9186,792.49,22349.4
1997774,1.9311,127.7625,792.23,34275.9
217830,2.3578,128.4142,789.47,60042.1
1628548,2.0017,127.8447,786.24,36294.6
8262511,2.0019,127.8495,785.56,22200.7
4758263,2.2797,128.4783,784.46,26461.1
11644372,2.1903,128.4475,781.54,19830.0
6039235,1.7361,127.8644,779.75,24555.4
10978253,7.4267,126.4561,778.85,20221.3
9096793,7.45,126.4622,778.37,21512.8
6491634,2.3453,128.5094,775.69,23996.3
8659654,7.4675,126.4478,773.67,21859.5
2943950,1.9397,127.7722,773.65,30619.9
4964403,2.4106,128.4181,772.57,26114.5
8639464,7.3158,126.4619,768.66,21876.9
7206950,1.5992,127.7314,768.62,23205.4
6916395,2.4894,128.4111,768.08,23513.6
6726990,2.2069,128.3736,766.26,23726.7
3666025,2.2567,128.415,763.45,28668.4
5743992,7.4708,126.47,763.38,24944.1
11245904,1.9872,127.8222,762.51,20063.1
1994457,2.3406,128.4122,762.27,34292.7
6635867,1.7036,127.9047,758.51,23828.5
3722376,7.4764,126.4567,757.81,28534.8
9728211,2.455,128.4822,756.77,21048.7
10614902,2.0931,127.9294,756.16,20453.1
5546350,2.3439,128.4095,754.68,25223.5
5770058,7.565,126.4322,754.01,24910.8
1446422,1.6169,127.6767,752.51,37499.9
2985732,2.3675,128.472,751.41,30492.7
7622336,2.2617,128.4864,750.45,22789.8
8766022,2.3075,128.4336,750.39,21774.8
8738501,2.4461,128.4617,750.27,21798.2
363012,2.3339,128.5553,749.1,53329.9
6251667,7.4683,126.4533,748.19,24286.6
9807520,2.3061,128.4311,747.98,20994.2
8060229,1.9389,127.7686,747.45,22380.8
2385947,1.9108,127.7547,746.38,32569.9
7888992,1.6908,127.9158,746.02,22536.8
5782133,1.6822,127.9358,745.63,24895.5
3521460,7.5069,126.4211,745.63,29019.6
1443350,2.0986,127.9125,744.5,37521.9
5190055,2.0483,127.8881,742.15,25753.4
8357021,7.4647,126.4589,741.84,22117.3
7558131,2.0572,127.9003,741.36,22851.2
1699365,2.3247,128.3836,740.55,35867.3
984711,2.5036,128.4475,739.39,41559.8
947081,2.5114,128.4561,738.54,41985.3
2801928,1.6283,127.9194,737.17,31070.2
10666284,2.2503,128.4803,736.84,20418.8
9671433,2.005,127.8425,735.8,21091.1
5510029,1.6875,127.9339,732.5,25273.9
3632381,1.9206,127.7561,732.47,28750.5
3391365,2.3294,128.3878,731.8,29353.6
3199256,1.7183,127.9328,729.37,29872.1
11262847,7.3992,126.4525,728.57,20050.4
3679616,2.2847,128.5414,728.23,28635.1
11598082,7.4811,126.4503,727.87,19855.6
3478159,2.3128,128.38,726.49,29129.2
1451248,2.2797,128.5308,723.89,37467.6
11022547,7.4742,126.4528,723.78,20192.9
9925518,1.9983,127.8361,723.57,20912.1
2497242,2.3344,128.4117,722.09,32140.6
5626958,2.3483,128.4092,721.72,25107.0
1840498,1.8875,127.7372,721.71,35078.8
2673185,2.4403,128.4583,721.58,31503.9
1570207,1.7175,127.9169,719.82,36664.9
11434326,1.9264,127.7633,719.29,19951.7
2873061,1.9025,127.7333,718.74,30841.7
10819586,1.9489,127.7736,717.83,20321.9
2710890,2.3225,128.515,717.34,31374.2
7582697,2.0136,127.8536,716.64,22826.1
7748614,1.9078,127.7508,713.87,22666.5
428817,7.175,126.4072,712.87,51238.9
6505337,7.4547,126.4745,712.78,23977.7
10937186,2.0086,127.852,712.71,20249.6
11381466,2.3683,128.4286,711.21,19983.6
6931535,7.4783,126.4636,710.68,23494.6
5098160,7.3417,126.4406,710.12,25896.5
6247767,7.2439,126.4453,707.97,24291.9
6378562,2.4297,128.4361,705.99,24134.0
1771778,2.3339,128.5433,705.89,35452.8
2503419,1.9728,127.8445,705.38,32116.8
10352575,7.4867,126.46,704.71,20620.6
2270205,2.2422,128.5161,704.23,33039.9
5767773,1.9267,127.7975,703.07,24915.9
5106485,2.1867,128.4092,701.86,25884.2
10094946,7.4769,126.4714,700.82,20792.9
6030337,7.4889,126.4703,700.46,24565.7
5075078,1.7206,127.9214,699.2,25933.3
1570435,2.2531,128.5322,699.03,36663.1
7511467,2.5172,128.4569,698.48,22898.6
8865665,2.4942,128.4033,698.43,21695.6
5975655,2.0189,127.8572,697.55,24638.2
5258094,2.33,128.4005,697.37,25646.8
3204411,2.5094,128.4644,697.26,29857.2
3789458,2.2881,128.498,696.46,28380.3
2412111,2.1008,127.9361,695.07,32468.0
2662470,2.3275,128.5503,693.9,31540.3
5179284,2.3756,128.4831,693.14,25770.7
77158,2.4531,128.5983,691.73,74857.7
373117,2.5153,128.5361,691.25,52981.1
3223394,2.5125,128.4678,690.13,29803.8
546520,2.4956,128.4919,689.9,48277.2
11462205,7.4667,126.4803,689.08,19932.5
7031464,1.9064,127.7389,685.7,23391.3
6622414,2.2425,128.4044,684.51,23844.5
3037666,2.2208,128.502,683.91,30337.7
3176751,7.46,126.477,683.74,29933.9
638089,1.6258,127.9286,683.22,46447.8
7130395,2.3636,128.4072,682.48,23284.9
1184502,2.4208,128.4592,682.39,39573.1
7138104,1.9914,127.8175,681.17,23276.6
4149400,7.425,126.4111,681.16,27604.1
8112781,7.6717,126.4258,681.03,22329.5
1537158,7.5472,126.4422,679.72,36879.7
3333784,7.5064,126.4531,679.59,29500.8
11122671,2.4547,128.5945,679.34,20136.0
6198334,1.7442,127.8522,677.27,24354.7
5903082,1.6747,127.7533,677.19,24733.7
6007113,1.6797,127.757,675.34,24599.4
10190476,2.3744,128.4781,675.34,20731.6
8879606,2.4289,128.3522,675.33,21683.9
5355438,1.6417,127.7378,674.78,25499.8
6562647,1.9572,127.8236,674.01,23913.9
24413,4.3008,126.8256,672.85,92594.0
3350231,2.2381,128.5269,672.37,29459.8
2710945,1.6286,127.9317,670.86,31374.2
9407854,7.4911,126.4572,670.69,21280.5
6544899,2.25,128.5086,670.48,23935.2
7484667,7.6736,126.4355,669.95,22920.8
7472970,2.3897,128.4522,669.55,22934.7
8880990,7.3947,126.4767,668.23,21680.9
9779602,1.6992,127.8419,668.1,21015.4
10037019,2.2367,128.5228,667.82,20835.8
10976840,1.6697,127.7531,667.77,20224.4
10138127,7.4725,126.4797,667.66,20762.3
547749,1.885,127.7153,667.38,48250.8
10341949,2.0292,127.8711,667.11,20629.9
8124082,2.4781,128.4011,665.2,22320.9
4036199,2.0231,127.8572,664.93,27840.9
7398694,7.4631,126.4831,664.84,23006.8
4117151,2.2406,128.5342,663.95,27671.0
10007111,2.0269,127.8711,663.35,20857.2
2179958,2.0081,127.8892,662.12,33429.0
10615341,1.6272,127.7306,661.04,20453.1
10046103,1.6339,127.7314,660.51,20829.7
9925126,2.4417,128.4722,660.14,20912.1
6531502,1.6111,127.7208,659.99,23951.2
8019697,2.2367,128.5361,659.66,22414.9
9783539,1.9542,127.7742,659.43,21012.4
2659150,2.2489,128.4972,659.03,31552.4
8162474,2.4456,128.4147,656.38,22289.5
9123584,1.6492,127.8556,656.2,21498.0
11756024,2.3322,128.5608,655.92,19768.8
8991999,2.3758,128.4589,649.7,21595.6
8111628,2.4194,128.4706,646.81,22332.3
1038210,2.4378,128.5967,645.13,40988.7
10397572,7.4664,126.4867,644.67,20589.7
201524,2.2414,128.3478,644.53,61097.1
7711847,2.3719,128.46,644.26,22703.0
6714746,2.4539,128.4039,644.21,23737.4
7765328,2.2356,128.345,643.43,22649.6
3777282,2.3833,128.4872,642.57,28409.4
5439495,1.6656,127.7711,642.2,25377.1
2873646,2.5089,128.528,641.63,30839.7
8570224,4.2967,126.8264,640.98,21938.0
3034090,2.5233,128.4442,640.89,30346.1
10123884,1.6064,127.7158,640.58,20774.5
8470499,2.0156,127.8281,639.86,22022.1
11179520,7.3928,126.4819,639.47,20098.0
1651657,2.3306,128.4436,637.17,36153.9
10743052,2.23,128.3422,637.03,20372.0
8807241,7.5092,126.4486,636.72,21742.6
1214675,4.3239,126.81,635.27,39311.4
10461323,1.6811,127.7492,634.68,20552.5
3092113,2.4417,128.4508,634.06,30177.7
3952155,2.2561,128.3442,634.05,28018.8
1893887,7.3847,126.4822,632.33,34798.0
11235748,1.6372,127.9314,629.77,20069.5
4162541,1.9828,127.852,629.56,27581.1
8292035,7.2792,126.4758,629.09,22172.0
7964146,7.4533,126.4836,629.0,22466.0
3103556,2.3089,128.3944,628.59,30146.0
4762799,7.4922,126.4864,627.75,26451.5
5844726,2.5031,128.5255,627.14,24810.9
4914964,1.6197,127.7017,625.82,26197.3
8322634,2.3611,128.4458,625.15,22146.1
6271481,1.6897,127.7561,624.96,24263.0
4740630,2.4006,128.4569,624.78,26492.4
11460695,1.6806,127.8247,624.28,19935.7
6553643,2.5194,128.4492,623.29,23924.5
2194113,2.4239,128.4819,622.98,33366.1
11281640,1.6439,127.8719,621.94,20040.9
11778100,2.2644,128.3364,621.78,19755.9
2280681,7.5928,126.4669,621.66,32995.5
5609154,4.3192,126.8147,621.65,25132.4
10545660,7.4697,126.4839,620.67,20493.6
8378490,1.6208,127.7119,620.53,22100.0
2127920,7.1972,126.403,620.33,33660.7
9346732,1.6547,127.7433,619.78,21325.4
2803696,1.6483,127.8669,619.33,31064.0
3566998,7.5019,126.4611,619.22,28905.2
2803839,7.3747,126.4955,618.05,31062.0
9517919,1.6408,127.8722,617.31,21202.5
11276519,1.9561,127.8286,617.13,20044.1
11388728,7.4228,126.4661,615.01,19977.2
1489065,2.3919,128.4995,614.97,37203.1
1491591,1.6164,127.9219,614.66,37185.9
5833833,2.4411,128.5922,614.42,24826.3
5513858,7.5417,126.4353,613.11,25266.4
6400372,7.4136,126.4667,612.2,24104.9
1699658,2.4042,128.3625,611.3,35865.5
3452552,1.6392,127.7208,609.45,29194.7
4406901,7.3808,126.4892,609.31,27096.3
5472391,2.2364,128.3256,609.25,25326.8
2824583,7.4561,126.4925,608.44,30994.2
3796114,1.9647,127.7881,608.35,28364.6
9244624,1.6333,127.8714,608.35,21405.9
11055048,7.3744,126.4875,608.16,20177.1
3632304,2.4664,128.5967,607.0,28750.5
4895108,1.6306,127.7111,606.98,26228.9
6773740,7.3869,126.4928,606.55,23670.2
10194828,2.4958,128.4544,606.23,20728.5
4743246,2.4214,128.4867,606.18,26487.6
9651221,2.2208,128.5081,604.27,21106.2
2500267,2.1947,128.3617,604.18,32128.7
5318042,2.17,128.4067,603.97,25554.7
4103199,1.6464,127.7105,602.27,27700.9
7525262,1.6372,127.7108,602.24,22884.7
4897894,1.6497,127.7353,602.0,26224.1
6792252,7.4144,126.4706,601.91,23648.7
3822071,2.3606,128.4992,601.66,28306.1
2891677,2.4739,128.5861,601.36,30783.8
8256621,1.6061,127.7039,600.95,22206.5
3872166,2.32,128.5656,600.7,28195.6
2040716,7.1733,126.4153,600.35,34067.1
9996709,2.4353,128.3911,600.34,20860.2
3194117,1.6978,127.7356,599.03,29887.0
6513924,2.2217,128.5436,598.56,23972.4
11113269,1.6858,127.7439,597.65,20142.4
7983667,2.0008,127.8881,597.58,22449.0
4119323,2.2778,128.5536,597.52,27666.4
3727629,1.6067,127.8975,595.4,28523.6
1170675,2.4453,128.3417,595.04,39696.8
3174453,1.9219,127.8111,594.63,29942.4
6567109,1.6031,127.7103,594.62,23908.6
2097799,2.3144,128.5181,594.08,33798.6
8946812,7.4147,126.4633,593.44,21630.9
3396166,2.1675,128.5239,593.41,29340.6
5267696,1.65,127.7278,593.01,25631.9
3200642,1.6231,127.8594,592.7,29867.8
2230813,1.5956,127.8881,591.87,33207.2
11496950,2.2186,128.3495,591.76,19913.3
3183833,1.6711,127.7353,590.89,29914.7
8322953,1.6458,127.7347,590.83,22146.1
7698132,2.1075,127.9461,590.8,22717.0
9751110,1.6789,127.7389,590.61,21036.6
7763578,7.6022,126.4556,590.27,22649.6
1722049,7.4475,126.4892,589.23,35735.6
10718836,4.3092,126.8217,589.01,20384.5
991057,1.9864,127.7967,588.87,41489.2
5073671,1.6339,127.8608,588.63,25935.8
6809183,7.6442,126.4169,588.46,23632.5
2321089,1.8658,127.7061,587.92,32830.9
293492,4.3558,126.7983,587.5,56081.9
11152467,2.4656,128.3594,587.37,20117.0
10526470,7.4992,126.4717,586.77,20506.0
8172940,7.4622,126.4975,586.75,22278.1
1252180,2.4158,128.5278,586.59,38990.8
6784382,2.4692,128.5919,586.5,23659.4
10587272,2.5036,128.5375,585.88,20471.8
2324300,1.6853,127.7358,585.19,32817.4
3613164,2.1194,127.9428,584.16,28794.8
7611423,2.4017,128.5033,582.8,22801.0
4516569,1.9169,127.74,581.94,26893.4
1618541,1.6481,127.718,581.88,36357.7
6291832,2.3275,128.5214,581.3,24236.7
6023976,2.2408,128.315,580.74,24576.1
1213269,4.3522,126.787,580.55,39321.1
5051756,2.5217,128.48,580.42,25972.6
6067152,1.6222,127.6914,580.2,24521.6
7085182,1.6906,127.74,580.17,23331.3
9744090,7.47,126.4878,579.19,21039.7
8034910,1.6611,127.7286,578.87,22400.7
10262465,7.1908,126.4028,578.42,20679.2
6138854,7.5064,126.4597,578.01,24427.9
10685549,1.7022,127.7394,576.46,20406.3
7906432,1.7089,127.7378,576.27,22519.8
1953879,2.2314,128.507,575.1,34490.9
5232170,2.4328,128.4478,575.08,25689.0
418858,1.5725,127.6431,574.63,51535.2
5222969,7.3953,126.4417,572.87,25698.9
4673380,2.5017,128.5119,572.48,26609.9
148434,1.5547,127.8636,570.81,65337.0
7921916,7.6553,126.4483,569.13,22502.9
8145714,1.6983,127.7567,565.96,22300.9
8446480,1.6003,127.8889,565.8,22039.4
449309,7.6931,126.4797,565.76,50666.2
481106,2.3608,128.5119,565.68,49822.9
10373746,1.6689,127.74,565.34,20608.3
8470838,1.9608,127.7761,563.26,22022.1
10947366,1.6256,127.7233,562.92,20243.3
4711541,1.9936,127.7989,562.71,26542.8
9308584,1.5858,127.713,561.08,21355.2
6449008,1.6056,127.8944,560.74,24049.4
3408310,1.6064,127.6742,560.65,29308.0
8022650,2.3272,128.5294,559.84,22412.1
2932333,2.4047,128.5275,559.69,30657.3
7446444,2.4011,128.4689,559.24,22962.5
4685520,7.4786,126.4958,559.18,26586.0
7421425,2.4792,128.58,558.51,22984.7
4579685,7.6972,126.4842,558.2,26777.0
762376,2.1656,128.4361,558.08,44400.0
4815609,2.4969,128.5425,556.93,26364.6
2396122,2.2144,128.3233,554.72,32530.7
5038620,1.6042,127.905,554.39,25994.7
6775181,2.2147,128.5503,553.59,23670.2
5469151,1.865,127.7008,553.34,25331.8
3427624,2.4092,128.5119,553.14,29257.9
10231757,7.4747,126.495,551.4,20700.8
9091724,2.3839,128.475,550.94,21518.7
9852744,2.5308,128.5417,550.0,20960.8
615782,1.5392,127.6811,549.79,46862.9
5131110,7.5214,126.45,549.7,25844.7
6734705,7.5175,126.4583,549.59,23715.9
1194528,2.3439,128.3697,548.79,39484.4
2672119,2.5481,128.5458,548.37,31508.0
1865279,7.2128,126.4525,548.2,34946.0
4170999,2.4128,128.52,548.08,27562.6
10548500,2.3236,128.5686,547.27,20493.6
11460114,2.3475,128.4989,546.58,19935.7
1954574,2.1583,128.4894,546.42,34487.2
10258134,7.3853,126.4222,546.07,20682.3
5597898,2.2992,128.3831,544.58,25150.1
11756621,1.6742,127.7297,544.08,19768.8
9430007,1.9211,127.7425,543.68,21265.6
9935215,7.4678,126.4933,543.49,20902.9
4125168,2.1897,128.38,542.78,27657.2
11595882,2.1833,128.4228,542.2,19858.9
11327332,2.3661,128.5356,542.09,20012.3
3824956,2.5164,128.5181,541.08,28299.3
2096633,2.4025,128.3542,540.81,33804.3
499108,2.3828,128.5308,540.71,49372.1
478989,1.9464,127.8483,539.57,49879.2
741589,2.2639,128.3919,539.35,44711.7
7732626,7.4736,126.4969,539.32,22680.5
4050640,2.2022,128.3242,539.18,27808.8
8977371,2.3258,128.3658,538.82,21607.4
2907955,2.49,128.5831,537.16,30730.0
1445974,1.6456,127.695,535.14,37503.3
6883713,1.6311,127.6936,534.9,23551.5
10199751,1.5889,127.7006,534.64,20725.4
7307921,2.5042,128.4975,533.8,23100.8
11122697,2.2506,128.3136,533.78,20136.0
11414881,7.2275,126.4492,533.61,19961.2
1844003,2.3675,128.3858,533.13,35058.8
7036298,1.9267,127.8181,533.1,23385.9
3794150,2.1672,128.5117,532.94,28369.1
904909,4.3878,126.79,532.6,42486.2
2763895,2.5103,128.5883,531.97,31195.0
5828371,2.5306,128.4856,531.57,24834.0
1269282,2.4972,128.6175,531.23,38850.0
5939954,1.6583,127.7067,531.22,24687.3
10112186,7.4108,126.4695,531.17,20780.7
9870229,4.3214,126.8239,530.97,20948.6
5056284,1.5758,127.75,530.87,25965.3
9371559,2.1736,128.48,530.83,21310.5
10749729,7.3867,126.4192,530.31,20365.7
977808,4.3767,126.7892,529.87,41636.4
2667146,2.2719,128.4147,529.32,31526.2
8645311,1.8886,127.7247,529.29,21874.0
11722896,2.3853,128.5336,528.3,19788.1
1766604,1.6825,127.7139,527.63,35481.5
3955159,2.205,128.5247,526.21,28012.0
743391,4.3361,126.813,525.35,44681.8
8655362,1.6806,127.7333,524.63,21865.3
7085895,7.4814,126.4969,524.27,23328.6
8236552,1.5256,127.6844,524.22,22220.8
8745738,1.7058,127.727,523.99,21792.3
7282426,1.6925,127.7467,523.84,23128.4
3537458,1.6933,127.8003,523.01,28980.1
1836876,2.4819,128.5989,522.84,35097.0
2477156,1.7128,127.7281,522.16,32215.8
11068396,1.8592,127.7044,521.49,20170.8
1179226,7.09,126.4178,521.18,39618.1
896234,1.5853,127.6847,520.95,42592.5
5079458,2.49,128.6264,520.84,25926.0
4164524,2.3142,128.5342,519.89,27576.4
5949221,2.4983,128.5878,519.32,24674.4
5319823,1.6381,127.7036,518.59,25552.2
5984025,7.685,126.4544,518.31,24625.3
10274533,1.6197,127.9275,518.28,20673.1
2142274,2.4928,128.6011,517.64,33596.3
10342387,1.6664,127.7361,517.54,20629.9
4595791,2.5375,128.4308,517.07,26748.5
10578495,1.6647,127.7078,516.65,20478.0
8133214,2.5417,128.54,515.47,22312.4
6571071,2.5142,128.5967,514.66,23903.2
11507416,2.4781,128.5939,514.53,19906.9
6204158,2.5325,128.4342,514.25,24346.9
6289740,2.1636,128.4825,513.93,24239.4
8549877,2.5028,128.4858,513.43,21952.5
2633023,2.4686,128.5756,512.87,31645.2
7868425,2.3214,128.5303,512.84,22556.6
3180891,1.5692,127.6803,512.74,29923.2
1346189,2.0972,127.9669,512.73,38240.1
1830400,2.4903,128.5136,512.73,35133.3
820167,1.7253,127.7097,512.64,43578.8
3106376,2.0314,127.9156,512.56,30137.5
10474946,1.6394,127.8647,512.52,20543.2
11397085,2.2244,128.3267,511.49,19974.0
10800165,2.3219,128.5764,510.89,20334.4
9422251,1.6072,127.8389,510.26,21271.5
4890710,1.6508,127.6897,508.63,26236.2
11033705,1.6719,127.7433,508.55,20192.9
6690128,1.5772,127.7064,508.28,23766.9
6431064,2.3431,128.3908,507.62,24067.9
691147,2.5531,128.4783,506.19,45518.1
9063978,7.4842,126.5003,506.12,21539.4
6847735,1.99,127.8847,505.37,23589.3
7130667,1.6839,127.7292,504.96,23284.9
2538698,1.5944,127.6855,504.44,31985.6
7956036,2.5269,128.5447,504.3,22471.7
8953903,7.4847,126.4967,503.67,21625.0
4852557,1.5583,127.6683,503.66,26299.3
9759256,1.5633,127.7195,503.06,21030.6
7160679,1.6664,127.7317,502.77,23252.0
2795852,2.1572,128.5264,502.73,31090.7
4827775,2.4511,128.5806,502.19,26342.8
5265952,2.3953,128.5456,502.1,25634.4
1280576,1.5075,128.5761,501.06,38758.1
4005815,1.6003,127.6681,500.94,27904.9
739456,2.1433,128.4695,500.66,44743.1
616254,2.3097,128.2872,499.62,46853.4
10243717,1.5728,127.7594,499.19,20694.6
1795184,1.6639,127.7006,498.97,35323.2
7963328,1.6603,127.7464,498.96,22468.9
4452654,1.5483,127.6989,498.34,27013.9
9651631,1.565,127.6861,498.27,21106.2
7935697,1.6214,127.8767,498.1,22491.5
326923,1.5925,127.6031,497.92,54677.2
2635384,1.6769,127.705,497.68,31637.1
6628916,2.4125,128.5094,497.43,23836.5
10578501,1.5517,127.6939,497.35,20478.0
1877444,1.51,127.8633,496.99,34883.9
1883949,1.5483,127.7606,496.58,34851.0
7000738,2.3169,128.5775,496.07,23421.3
6449005,1.6683,127.7133,495.29,24049.4
9113787,1.5578,127.6797,495.16,21500.9
3493362,1.5828,127.6789,495.14,29092.0
9900670,1.64,127.6928,494.96,20930.4
11043597,1.5997,127.6789,494.77,20186.6
10927905,1.5242,127.7011,494.66,20255.9
574987,4.2742,126.8064,494.39,47674.3
8796140,1.5622,127.7264,494.18,21754.3
4531147,4.3072,126.843,494.09,26867.3
3250479,7.5344,126.435,494.06,29726.7
1064918,1.895,127.7772,493.93,40712.6
6892955,1.5486,127.6817,493.92,23540.7
7313095,2.5364,128.4847,493.83,23095.3
11107610,2.4678,128.4008,493.72,20145.5
3064788,2.5419,128.4995,493.08,30257.8
3687105,2.1492,128.475,492.41,28619.5
8903225,1.7167,127.8294,492.23,21669.2
4710158,2.4108,128.4969,491.2,26545.2
4565665,1.6711,127.7067,490.93,26805.6
10307344,1.6406,127.7142,490.89,20654.6
6173597,1.6964,127.7192,490.79,24383.5
2177872,2.1461,128.5003,490.59,33438.5
80245,4.0783,126.7892,489.73,74239.8
5988826,2.0333,127.9114,489.27,24620.1
1152805,2.2703,128.5922,489.22,39860.2
10873970,2.3747,128.4997,488.56,20290.5
3066593,4.3233,126.7947,488.2,30251.5
4523908,1.87,127.6928,487.7,26879.1
240293,2.4214,128.6255,487.57,58722.4
11481790,1.5875,127.68,487.47,19922.9
9993009,1.5936,127.8939,486.98,20863.3
5472576,1.575,127.7667,486.25,25326.8
1599966,2.1911,128.3145,484.88,36475.0
2851966,2.345,128.3597,484.68,30909.8
4123041,1.6978,127.7086,484.24,27661.8
7196837,1.5419,127.7019,483.86,23216.4
1565915,1.9781,127.8664,483.74,36694.4
5314990,1.5631,127.8625,483.38,25559.7
7446728,1.6761,127.72,483.11,22962.5
7342632,2.4881,128.5995,482.37,23067.7
2726383,2.1686,128.4664,482.3,31321.4
5640801,2.4925,128.5297,481.74,25086.7
376009,1.5314,127.5464,480.99,52884.8
11744892,2.1506,128.4708,480.78,19775.3
7737463,1.5428,127.6978,480.74,22677.7
413295,4.4442,126.7992,480.71,51701.8
254404,1.8361,127.7428,480.05,57966.7
3178706,1.6544,127.6825,479.62,29929.6
9879342,2.1706,128.4617,479.52,20945.6
2116620,2.0467,127.92,479.32,33713.7
7580200,1.6208,127.8553,479.19,22828.9
4005812,1.6683,127.7008,479.02,27904.9
4064858,2.1594,128.4672,478.67,27781.3
62282,3.7819,126.79,478.46,78081.2
3204412,2.4814,128.4894,478.23,29857.2
10502353,1.8664,127.6914,477.59,20524.6
7146262,7.4064,126.4722,477.34,23265.7
3668879,1.5953,127.6925,477.14,28661.7
411545,7.015,126.4017,477.09,51753.5
601334,1.6722,127.688,476.53,47144.9
261604,1.5336,128.5372,475.14,57595.1
2419943,1.5972,127.6572,474.97,32438.5
9975420,2.4619,128.5742,474.89,20875.5
11778686,1.5611,127.6914,474.88,19755.9
5848439,2.3694,128.3755,474.53,24805.8
5105182,1.6903,127.6969,474.46,25886.6
7709143,2.2936,128.3828,473.85,22705.8
3048688,1.8925,127.7686,473.64,30304.1
8553498,1.7017,127.7489,473.6,21949.6
318240,4.1167,126.79,473.56,55026.8
3207351,1.6742,127.6947,473.53,29848.6
8709115,7.2181,126.4581,472.52,21821.5
5769412,2.1872,128.312,472.05,24913.4
4356836,1.6917,127.7319,471.44,27194.9
10738437,2.1742,128.437,471.31,20375.1
4064973,1.5642,127.665,471.01,27781.3
8426737,1.8636,127.6844,470.63,22056.8
10169220,1.5339,127.7022,470.29,20746.9
2264464,2.2664,128.5808,469.89,33064.9
6363358,1.5219,127.7092,469.56,24149.8
2697838,1.6056,127.6564,469.55,31418.9
8530306,1.5697,127.7672,469.33,21969.9
10672791,7.5128,126.465,469.2,20412.6
1587188,1.5681,127.6303,468.83,36555.2
6341081,7.6917,126.4539,468.44,24176.2
8239714,1.5528,127.6822,468.25,22217.9
7732625,7.4783,126.5194,467.31,22680.5
4355996,7.3872,126.4055,466.43,27194.9
8461904,7.4836,126.5053,466.34,22027.9
3759310,1.56,127.7361,465.6,28449.8
5736101,2.2667,128.5686,465.55,24956.8
8635188,1.5908,127.648,465.34,21882.8
11173075,1.7053,127.7531,464.49,20104.4
3241976,2.3747,128.3572,464.15,29752.4
655701,4.2953,126.7836,464.11,46127.1
3918878,2.2458,128.5575,463.71,28091.5
6549490,1.8744,127.7172,463.4,23929.9
10306912,2.3728,128.5464,463.18,20654.6
5272264,1.6947,127.6967,462.88,25624.4
9656726,7.4725,126.5133,462.74,21100.1
9215842,1.7325,127.9114,462.65,21423.8
6791605,1.6931,127.8097,462.64,23651.4
716543,2.3558,128.3108,462.18,45103.3
4428401,1.5031,128.575,461.89,27058.7
5705847,1.5667,127.6903,461.16,25000.2
1199834,7.3886,126.4336,461.09,39437.6
1027691,4.3931,126.7681,460.96,41097.3
6935598,1.6547,127.7033,460.85,23491.9
11163028,1.5272,127.7028,460.44,20110.7
3708051,1.5008,128.5897,460.35,28568.2
9367734,2.3717,128.37,459.85,21313.4
8619297,7.0856,126.4078,458.86,21894.4
10823814,2.2903,128.3869,458.63,20318.7
5235231,2.2122,128.5569,458.57,25684.0
6412120,2.4833,128.4739,458.39,24091.7
912415,1.5536,127.5603,457.9,42394.6
4428990,4.2906,126.7767,457.47,27056.3
7167792,2.2261,128.3561,456.45,23243.8
9865394,1.5478,127.7683,455.93,20951.7
10093260,2.4767,128.6083,455.67,20796.0
10766791,2.5372,128.498,455.59,20356.3
2183289,1.7647,127.7139,455.43,33413.8
9088425,1.54,127.7558,455.38,21521.7
11128218,1.5908,127.6542,455.32,20132.9
5880898,1.9147,127.8022,454.99,24764.6
8439779,1.9339,127.8133,454.82,22045.2
405371,4.3439,126.7592,454.22,51942.8
5837653,1.5667,127.7444,454.09,24821.2
4411542,2.51,128.3997,454.02,27091.6
8945755,1.6003,127.6595,453.71,21633.9
5267699,1.5667,127.7675,453.67,25631.9
5075080,1.7139,127.8078,453.6,25933.3
5241373,2.1719,128.49,453.47,25674.1
1365856,2.5633,128.4642,453.46,38089.9
2981713,1.6825,127.6922,453.14,30505.2
8142744,1.7278,127.7144,453.08,22303.8
8500422,2.4894,128.5297,453.03,21996.0
1180298,2.3367,128.2964,452.99,39611.7
788326,1.5261,128.5225,452.59,44023.9
7754332,1.5653,127.6344,452.59,22660.9
4555992,4.2983,126.8136,452.55,26819.8
3528021,1.5761,127.683,452.01,29004.2
6876395,2.3597,128.308,451.93,23559.6
6491885,1.5069,128.5614,451.91,23996.3
1837199,2.1433,128.44,451.76,35095.2
1837508,1.9672,127.8869,451.55,35093.3
8099653,1.5594,127.7528,451.37,22343.7
11546769,2.1506,128.4953,450.94,19887.7
10341942,2.1583,128.4389,450.58,20629.9
2463769,1.5978,127.6444,450.38,32267.2
6694364,2.1781,128.4867,450.19,23761.5
7891613,2.3742,128.3658,449.7,22534.0
790645,4.3467,126.815,449.18,43989.1
2037422,1.5686,127.6994,448.77,34082.1
10391853,1.6114,127.882,448.76,20595.9
4651417,2.3025,128.3689,448.52,26650.6
4759638,2.4853,128.4647,447.78,26458.7
7196825,1.7064,127.7039,446.97,23216.4
2957562,4.4067,126.7636,446.66,30578.3
10738908,1.5578,127.7492,446.5,20375.1
5259896,1.5928,127.675,446.31,25644.3
285303,4.0714,126.7483,446.15,56456.7
9779145,2.5058,128.6228,445.74,21015.4
6183473,4.3686,126.7897,445.23,24373.1
8480530,1.5269,127.7119,444.63,22013.4
11481785,1.665,127.6967,444.49,19922.9
4560273,1.8906,127.6986,444.19,26812.7
914394,4.4158,126.795,443.71,42369.0
10319965,2.0264,127.9025,443.17,20645.3
8355755,2.4294,128.4953,442.87,22120.2
10260746,2.1397,128.4842,442.81,20682.3
10173469,1.6992,127.6925,442.73,20743.8
8083038,4.2831,126.8053,442.25,22358.0
1360979,2.0425,127.8331,442.11,38126.6
11312444,1.67,127.6978,441.32,20021.8
8565310,1.5858,127.6356,441.1,21943.8
11073294,1.7097,127.8094,440.91,20167.6
4540989,4.0703,126.757,440.81,26848.3
10102246,1.9575,127.865,440.71,20789.9
4481703,1.8794,127.7492,440.47,26957.2
6470303,2.2772,128.5803,438.22,24022.9
1840471,2.2531,128.5989,437.68,35078.8
4031147,2.5658,128.5447,437.07,27852.3
10046098,1.7039,127.7989,436.82,20829.7
1661392,4.2783,126.8611,436.66,36093.9
3427626,2.1017,127.8956,436.35,29257.9
10127730,2.3986,128.4919,436.33,20771.5
10605610,2.1494,128.4389,436.02,20459.3
1965013,2.1986,128.5708,435.61,34435.4
9204957,1.6883,127.7206,435.42,21432.7
4256775,2.1686,128.5378,434.41,27388.7
11383521,7.4931,126.5092,434.12,19980.4
4253086,4.4114,126.7967,433.78,27395.6
10681048,1.5469,127.7325,433.38,20409.4
6369604,1.7258,127.8028,433.27,24141.9
4613976,1.5481,127.7489,433.08,26717.5
4318627,7.5,126.5186,432.93,27267.4
4470519,2.5236,128.5981,432.69,26978.5
7894775,1.57,127.6656,432.26,22531.2
6431061,2.4192,128.5178,432.21,24067.9
10369314,1.5478,127.7364,432.19,20611.4
8914835,7.2444,126.4064,431.62,21657.4
10054578,1.9714,127.8711,430.99,20823.5
6163512,2.4867,128.3847,430.83,24396.6
7473240,1.6881,127.7069,430.73,22934.7
9219075,2.4622,128.5017,430.64,21420.8
10202131,4.0694,126.7631,430.34,20722.3
9492394,4.3625,126.7925,430.08,21220.6
3528831,2.3625,128.3042,428.93,29002.0
977987,2.2744,128.3722,428.68,41634.9
933976,2.2928,128.3272,428.34,42136.8
7891620,2.1444,128.45,428.06,22534.0
3039774,2.5264,128.5883,427.67,30331.4
4100973,2.1481,128.5289,427.64,27705.5
10168773,2.2756,128.5814,427.52,20746.9
1270462,7.1758,126.4497,427.49,38838.5
4345524,7.4861,126.5189,427.09,27216.0
10534706,2.5547,128.5486,427.0,20502.9
4093754,1.6078,127.6003,426.72,27721.6
8655015,2.3525,128.4439,426.5,21865.3
7953424,1.5103,127.6883,426.18,22474.5
6399543,2.1397,128.4355,426.16,24107.6
9522856,7.4939,126.5136,426.15,21196.5
1514934,2.4344,128.3281,426.03,37028.0
6765703,2.5225,128.5842,425.83,23681.0
550007,2.3067,128.6169,425.77,48202.0
9429648,2.2336,128.5547,425.47,21265.6
7593666,2.3267,128.2964,425.16,22815.0
10990966,2.4269,128.5208,424.81,20215.0
3474857,2.5361,128.4611,424.66,29137.9
5241372,2.1775,128.5422,424.64,25674.1
10663438,7.4872,126.51,424.47,20418.8
9005029,2.1847,128.5292,424.44,21589.7
7783424,2.4567,128.5097,424.32,22635.5
1903071,2.2958,128.6064,424.17,34752.2
5078490,7.2325,126.4117,424.16,25926.0
9008583,2.0444,127.9231,423.89,21586.7
4241190,1.5733,127.6917,423.61,27421.2
2340836,4.3256,126.7636,423.55,32749.3
3117451,2.0839,127.9575,423.43,30103.7
2827992,1.5006,128.5114,423.34,30983.9
1305542,2.1722,128.3908,422.75,38557.0
4230094,1.7283,127.7467,422.01,27444.4
6023270,4.3289,126.7589,421.95,24576.1
8349189,7.4597,126.5189,421.78,22120.2
2265349,2.2731,128.3114,421.7,33061.1
8378493,1.5328,127.7486,421.69,22100.0
2141479,1.5647,127.7105,421.17,33600.1
85819,2.3319,128.1656,421.05,73247.1
10940222,4.2753,126.8622,420.86,20246.5
3904910,1.5517,127.7464,420.68,28123.2
6124517,1.5481,127.7447,420.17,24448.7
2466991,7.3911,126.4117,420.0,32255.4
8161437,4.4014,126.7617,419.8,22289.5
6611366,2.3983,128.5267,419.7,23857.9
8181974,7.2328,126.4181,419.44,22269.5
3325888,2.1347,128.4517,418.9,29524.6
5609809,2.2811,128.3028,418.89,25132.4
7672423,1.5583,127.7011,418.86,22739.4
1625495,2.4314,128.5656,418.83,36313.9
5136731,1.5911,127.6814,418.52,25837.4
8707802,2.2914,128.6081,418.46,21824.5
8432925,2.0928,127.9556,417.73,22051.0
6091982,2.1528,128.4619,417.57,24487.8
7690173,1.9853,127.8989,416.94,22725.4
1950069,1.6961,127.688,416.43,34511.2
2446934,4.4231,126.7994,415.85,32330.3
5013654,1.7056,127.7786,415.77,26033.9
3444495,1.7103,127.7803,415.57,29216.5
11392363,1.5761,127.6789,415.23,19977.2
3583486,1.6186,127.6375,414.86,28867.7
3260081,2.4714,128.3486,414.58,29701.0
9848585,2.2661,128.3019,414.48,20963.8
5966373,1.6628,127.6761,414.44,24651.2
7072678,2.0492,127.9253,414.16,23345.0
9080587,2.3392,128.1675,413.38,21527.6
7315695,2.2092,128.5642,413.35,23092.5
3151193,2.3456,128.3497,413.34,30008.3
7919670,4.3897,126.7608,412.89,22505.7
4606312,2.1711,128.4486,412.19,26731.8
1640486,2.2864,128.6175,411.85,36222.6
804180,2.1317,128.515,411.62,43799.0
8423462,1.8469,127.7089,411.58,22059.6
9475911,2.4372,128.563,411.56,21229.6
728030,2.4297,128.6514,411.26,44919.3
11281100,2.1125,127.9625,411.25,20040.9
3136737,2.3728,128.5172,411.05,30048.6
8714589,2.1583,128.45,410.93,21818.6
2640288,1.52,128.5867,409.69,31619.0
4130969,7.1642,126.4417,409.63,27643.4
2838093,1.8886,127.6945,409.6,30953.1
2550713,1.6783,127.6814,409.24,31941.7
8253510,1.5183,128.5764,409.18,22209.3
6578062,4.2997,126.8506,409.05,23895.2
2938884,1.6869,127.6855,409.01,30636.5
3710680,2.1525,128.4264,408.94,28561.5
3541602,2.0044,127.8,408.57,28969.1
3519737,7.6014,126.49,408.44,29024.0
3422937,1.6083,127.6361,408.41,29271.0
10608485,4.2819,126.84,408.34,20456.2
160786,1.7906,127.6436,408.29,64208.8
645629,4.1219,126.7656,407.95,46307.7
8284833,1.7067,127.8092,407.94,22180.6
6918709,2.1719,128.5486,407.22,23510.9
6475421,7.5369,126.4736,406.58,24014.9
875716,1.5303,127.5364,406.4,42852.0
1513479,2.1369,128.4253,406.04,37038.3
3395467,1.5042,128.523,405.08,29342.7
5742131,7.2253,126.4367,405.03,24946.6
9733880,7.1603,126.4483,404.97,21042.7
779441,7.1369,126.4539,404.83,44148.2
6371503,2.4794,128.5008,404.42,24139.3
3679273,4.3058,126.8003,403.81,28635.1
4885790,4.3956,126.775,403.72,26243.5
689099,1.5378,128.5764,403.69,45551.7
3453755,4.4319,126.8036,402.85,29190.4
2058667,2.3586,128.3186,402.58,33982.8
7433968,7.285,126.5108,402.46,22973.6
10733703,2.3803,128.5586,401.49,20378.2
6712631,1.5767,127.6664,401.23,23740.1
478784,1.8125,127.6403,401.08,49884.3
1882287,1.7997,127.6367,400.91,34860.2
9984462,1.5717,127.6203,400.02,20869.4
11612819,1.6583,127.6728,399.89,19849.2
11580218,1.5969,127.64,399.8,19868.5
9363915,2.4303,128.3322,399.51,21316.4
8779869,7.0756,126.4247,399.37,21766.0
8362510,1.5025,128.5167,399.09,22114.5
4613970,1.7825,127.6392,398.89,26717.5
520880,1.8383,127.6678,398.75,48855.8
842073,2.4756,128.6514,398.71,43285.4
10785684,2.3514,128.3094,398.67,20343.8
7874288,2.1328,128.4158,398.01,22550.9
7290032,1.6486,127.6436,396.5,23120.1
6252910,2.5083,128.4889,396.42,24286.6
4351820,3.8058,126.7953,395.13,27204.3
11382047,1.5464,127.7128,394.85,19983.6
11680303,4.3858,126.7603,394.73,19807.5
1699079,1.6692,127.6669,394.67,35869.1
6003259,1.7689,127.6292,394.62,24604.6
8073087,7.17,126.4308,394.54,22366.5
11773083,1.7131,127.8133,394.22,19759.1
8519977,2.2547,128.5961,393.96,21978.6
4215319,2.1792,128.3147,393.19,27472.3
3911914,2.4989,128.6364,393.17,28107.3
4249204,1.6694,127.6747,392.97,27404.9
3675163,1.5325,127.7253,392.26,28646.2
5798932,7.5722,126.4753,391.88,24869.9
10106522,1.5775,127.5939,391.45,20786.8
9485923,2.4544,128.3864,391.3,21226.6
6654290,1.6114,127.6011,390.08,23809.8
10857651,2.2883,128.6106,390.02,20296.8
7935411,2.2839,128.6078,389.78,22491.5
5851410,4.3025,126.7947,389.51,24800.6
9821191,7.5364,126.4686,389.45,20982.0
11601935,1.5039,128.5289,389.14,19855.6
6861520,2.4514,128.3281,389.02,23573.1
6273365,2.4503,128.63,388.83,24260.4
11703133,7.0847,126.4292,388.05,19797.8
2381111,2.3206,128.3506,387.8,32589.4
10304258,7.2414,126.4861,387.79,20654.6
11429106,1.6397,127.6447,387.52,19954.9
11371041,2.3708,128.5097,387.42,19990.0
2153307,2.31,128.3464,386.62,33547.0
6803644,2.0753,127.9533,386.58,23640.6
10177899,1.505,127.6994,386.2,20740.8
970930,2.4058,128.3331,385.5,41714.4
4607508,2.1478,128.4217,385.4,26729.4
10243716,1.6017,127.6381,385.36,20694.6
3681437,2.29,128.3578,384.91,28630.6
6295880,2.4589,128.3814,384.74,24231.5
3198519,1.6036,127.6497,384.57,29874.2
9561072,1.5442,127.6647,384.32,21169.5
1483227,1.5397,127.5775,383.99,37242.4
8913825,1.7908,127.6378,383.83,21660.4
6174689,4.3014,126.7789,383.66,24380.9
5747010,1.5947,127.6303,383.34,24941.5
473909,2.1681,127.9478,383.31,50010.6
8265645,2.0822,127.9778,383.1,22197.8
4240045,1.5269,127.665,382.61,27423.5
6434056,7.2725,126.5053,382.56,24062.6
4595803,2.1614,127.9561,381.97,26748.5
4364111,2.435,128.3225,381.8,27180.8
2863046,7.2575,126.4831,381.64,30870.6
5084319,2.2603,128.2897,381.57,25921.1
10935311,4.2892,126.8558,381.44,20249.6
9716458,1.5058,128.5322,381.38,21057.8
8078349,1.5044,127.7133,381.25,22363.7
9848561,2.4661,128.3492,381.12,20963.8
1993626,4.4556,126.7908,380.84,34296.4
5883816,4.2811,126.7742,380.74,24759.5
4362993,1.5372,127.662,380.29,27183.2
5002113,1.5514,127.8575,380.21,26053.4
9912700,2.2894,128.4131,380.2,20921.2
9728645,1.6808,127.6967,380.17,21048.7
2282359,1.7286,127.7747,379.98,32989.7
8913843,1.5331,127.7675,379.9,21660.4
304986,2.2208,128.5958,379.84,55582.1
8002777,7.1681,126.4511,379.79,22429.1
7462311,2.3167,128.3567,379.76,22945.8
4163485,2.2981,128.6245,379.42,27578.7
3534116,1.7972,127.7022,379.42,28988.9
1193609,4.0181,126.7483,378.86,39492.5
8564957,2.4264,128.5469,378.81,21943.8
2345906,1.5267,127.7419,378.47,32731.8
4498582,7.1314,126.4558,378.45,26926.5
1854695,2.4542,128.3217,378.11,35002.4
8658342,2.1683,128.4944,378.1,21862.4
6151151,4.4572,126.7856,378.04,24412.2
1892134,1.5625,127.8269,378.02,34809.0
6860139,7.2489,126.4008,377.61,23573.1
6761027,2.5342,128.5542,377.36,23686.3
9946488,1.7161,127.7856,377.22,20896.9
478527,4.4022,126.7394,375.9,49892.0
9537407,1.5239,127.5481,375.75,21187.5
6146733,7.2978,126.502,375.45,24417.4
5494901,1.6031,127.632,375.1,25296.6
1721639,2.165,128.5008,374.85,35739.2
11504258,7.1456,126.4114,374.12,19906.9
11455483,1.7117,127.6925,373.45,19938.9
10812591,4.4275,126.8033,372.83,20325.0
11221871,7.4997,126.515,372.36,20075.8
7971970,2.2206,128.5917,372.08,22460.4
9454226,7.4969,126.5269,371.75,21244.6
4928900,1.7808,127.7114,371.44,26173.0
7522496,1.5428,127.7195,370.93,22887.5
6132128,2.2978,128.3556,370.87,24438.3
7506112,7.3947,126.43,370.65,22898.6
8242737,1.7447,127.6983,370.36,22215.1
9799752,1.5822,127.6622,369.95,21000.3
9942233,1.7114,127.7883,369.38,20899.9
2181215,2.49,128.645,369.23,33423.3
6409944,2.3414,128.3022,369.08,24094.4
6589357,2.3408,128.2908,368.06,23884.6
2671643,1.9869,127.7814,367.98,31510.0
5890011,2.2619,128.6061,367.81,24751.8
6300127,1.9175,127.825,367.44,24226.2
301614,4.1792,126.795,367.41,55725.2
11585031,2.2964,128.4139,367.21,19865.3
1389150,1.6972,127.6733,366.84,37913.8
1570185,2.0594,127.9319,366.82,36664.9
2013605,1.8019,127.7147,366.69,34197.8
5855117,4.2908,126.8092,366.6,24795.5
10098007,1.5775,127.6608,366.41,20792.9
8792755,1.7964,127.6505,366.15,21757.2
6765959,1.5178,128.5892,366.05,23681.0
9255781,1.5333,127.7206,365.9,21397.0
8701434,1.5397,127.7411,365.04,21830.3
10946852,2.15,128.5408,365.0,20243.3
11303608,7.4911,126.5286,364.99,20025.0
9958556,2.3014,128.6264,364.95,20887.7
436952,2.3386,128.6128,364.21,51005.8
3562459,1.5433,128.5894,364.19,28918.4
1339149,2.1511,127.9647,364.08,38295.0
7219566,1.5244,127.7267,364.02,23191.6
10483483,2.1472,127.9661,363.92,20537.0
6498320,1.7408,127.748,363.79,23988.4
8694653,1.5861,127.627,363.7,21836.1
4953347,1.7417,127.7531,363.32,26134.0
4355691,1.9694,127.8983,363.17,27197.2
5548008,2.1706,127.9392,363.11,25220.9
10306907,2.4233,128.3419,363.08,20654.6
4550250,2.0672,127.9478,363.04,26831.7
3205184,1.5283,127.8592,362.24,29855.0
6146723,7.6869,126.5092,361.77,24417.4
4413168,7.6789,126.4192,361.77,27086.9
3920867,2.4367,128.6278,361.66,28086.9
11317570,1.5406,127.7164,361.49,20018.6
6708082,1.7322,127.8061,360.92,23745.5
353964,2.3858,128.3269,360.92,53650.3
7850295,1.7153,127.7911,360.27,22570.7
6204167,2.1572,128.4019,360.16,24346.9
8148842,1.5647,127.7981,360.05,22298.1
7897755,1.5825,127.8964,359.77,22528.3
2708189,1.8261,127.7319,359.69,31384.4
9131978,7.3075,126.5014,359.37,21489.1
7168030,1.5817,127.8355,359.08,23243.8
7455357,7.5419,126.485,358.71,22951.4
7092434,2.3186,128.4256,358.49,23323.1
8617948,2.1242,128.4861,358.23,21897.3
1757878,4.0533,126.7617,358.09,35530.0
4115020,1.7111,127.6889,357.89,27675.6
3675164,1.5317,127.7417,357.81,28646.2
4842968,1.5161,127.7736,357.74,26316.2
847832,7.1978,126.5072,357.35,43208.8
4804563,1.5303,127.7319,357.27,26381.5
2695622,1.5308,128.5489,357.25,31427.0
2619472,4.2883,126.76,357.12,31691.4
3164800,1.5519,127.8344,356.93,29967.9
1904868,2.1722,128.3492,356.9,34743.0
2192313,4.4264,126.7931,356.25,33373.7
1384534,2.3625,128.3478,355.76,37949.1
10230080,2.3894,128.3208,355.72,20703.9
999383,1.5039,128.4864,355.28,41398.5
9379797,1.6836,127.6767,355.25,21304.5
8375165,1.5592,127.7086,354.76,22102.9
3380007,1.5217,128.5956,354.35,29381.8
1460477,2.1097,127.9922,354.26,37402.9
2639148,2.4847,128.6542,354.05,31623.0
5941848,1.8089,127.6444,353.7,24684.7
9596892,1.6944,127.6753,353.51,21142.4
3657664,4.4253,126.7864,352.62,28688.4
11215253,1.5244,128.5972,352.08,20082.2
6269438,1.8339,127.7344,352.04,24265.6
132567,3.9292,126.6817,351.72,66945.6
4539157,1.5206,127.7692,351.43,26853.1
11178033,1.8125,127.7167,351.26,20101.2
9815965,1.5189,127.7728,351.21,20988.1
8172948,7.2311,126.4058,351.11,22278.1
9904359,2.4386,128.3164,351.08,20927.3
5297859,1.5889,127.625,351.06,25587.1
5368364,2.1375,128.5025,350.84,25479.8
10234860,1.6619,127.6886,350.44,20700.8
6401624,2.2911,128.37,350.21,24104.9
8571836,1.7461,127.7433,350.12,21938.0
7743124,1.6469,127.6292,350.03,22672.1
11235753,1.5828,127.625,349.96,20069.5
10076743,1.5075,128.6056,349.21,20808.2
5296355,1.69,127.6803,348.96,25589.6
8265975,1.5386,127.7297,348.85,22197.8
8381765,1.7647,127.7044,348.47,22097.2
3006401,2.11,128.5042,348.27,30430.0
5382136,1.5081,128.4858,348.2,25462.3
8111929,1.7222,127.7858,348.08,22332.3
6950804,1.5239,127.7739,347.78,23478.3
11199607,2.1114,127.9294,347.13,20091.7
5541328,2.0742,127.8678,347.13,25231.0
3552285,1.5042,128.5419,346.7,28944.9
9918468,7.5136,126.5178,346.58,20915.1
1922144,7.1169,126.465,346.3,34651.2
425581,4.4569,126.8244,345.91,51337.0
1133350,1.69,127.6595,345.86,40043.6
6509242,4.4439,126.8094,345.76,23975.1
10213098,1.5031,128.5378,345.46,20716.2
4531744,1.5342,128.5461,345.21,26867.3
9281834,1.7517,127.7486,344.96,21376.1
3994470,2.3853,128.3308,344.88,27930.0
8986192,7.5475,126.4953,344.73,21598.5
8549901,2.1303,128.4408,344.56,21952.5
3324291,2.3553,128.175,344.27,29528.9
6124510,1.6583,127.6658,343.97,24448.7
10558161,1.5269,127.7755,343.29,20487.3
6749727,2.4461,128.5767,343.11,23699.8
10076309,2.1314,128.5014,342.9,20808.2
11317035,2.3608,128.3736,342.3,20018.6
7966270,1.7453,127.7517,342.15,22466.0
6052564,1.675,127.6603,341.67,24537.2
10803206,4.2956,126.7686,341.5,20331.3
6493014,4.4011,126.7944,341.25,23993.7
9600837,1.7369,127.8253,340.68,21139.4
1724832,4.0914,126.7475,340.64,35719.5
5171711,7.1619,126.4567,340.37,25778.1
8735471,1.5356,128.5486,340.13,21801.1
6631106,2.0922,127.9844,340.13,23833.8
10054602,1.5969,127.6253,340.07,20823.5
7701121,1.5256,128.6053,340.02,22714.2
9274351,1.645,127.6514,339.83,21382.1
3358044,2.4494,128.535,339.37,29438.1
4994997,1.9214,127.7169,339.34,26065.7
8308839,4.4092,126.787,338.9,22157.6
5345639,2.5175,128.5761,337.82,25514.8
5451453,7.4981,126.5356,337.79,25357.0
9058919,2.3364,128.6161,337.69,21545.3
3368109,1.6092,127.6286,337.62,29414.3
2603956,1.5247,127.5364,337.27,31747.7
9561029,1.9631,127.8664,337.23,21169.5
5054824,1.5375,127.7369,337.19,25967.7
2523505,2.1492,128.5161,337.16,32041.3
8517953,7.2189,126.4844,336.7,21978.6
1111802,1.5583,127.54,336.36,40248.3
10974540,4.3356,126.7811,336.2,20224.4
7625092,2.4361,128.5294,335.95,22787.0
2458390,4.0972,126.7822,335.85,32286.9
10058891,1.7394,127.6814,335.51,20820.5
4256777,2.1161,128.4814,335.46,27388.7
5856956,4.4192,126.7592,334.82,24792.9
8423474,1.5606,127.5667,334.74,22059.6
2798829,2.1303,127.975,334.71,31080.4
7740275,1.5231,127.5439,334.59,22674.9
8694637,1.9417,127.7455,334.41,21836.1
2146341,2.1214,128.0147,334.29,33577.3
3371311,1.8294,127.7256,333.99,29405.6
5398092,2.2397,128.3825,333.95,25437.2
7659234,7.5114,126.5275,333.92,22750.6
8457457,2.4531,128.6503,333.33,22033.6
11550212,4.4167,126.7853,333.23,19884.5
2115483,1.9269,127.7236,332.8,33719.4
6092194,1.7858,127.6303,332.13,24487.8
9656735,7.2656,126.5133,331.82,21100.1
10816208,7.5119,126.532,331.77,20321.9
11247425,7.0814,126.4317,331.37,20059.9
8186795,2.1161,128.01,331.19,22266.6
9274349,1.6933,127.6836,331.05,21382.1
3500773,2.1464,128.4136,330.85,29072.3
4436078,4.3139,126.7467,330.37,27042.2
4274811,7.5231,126.4636,329.83,27353.7
9567103,4.3783,126.7628,329.1,21163.4
5102316,1.6183,127.6222,328.82,25891.5
8384603,2.1061,128.4972,327.71,22094.3
1061239,1.81,127.6547,327.4,40750.2
2875623,1.5108,127.7592,327.02,30833.5
8341524,2.1183,128.0045,326.98,22128.9
10828726,2.0208,127.9194,326.97,20315.6
6466326,1.5889,127.8575,326.68,24028.2
7444054,1.8239,127.7411,326.68,22965.3
6993728,1.7247,127.7789,326.66,23429.4
6911641,2.4569,128.5286,326.63,23519.0
8473695,2.4572,128.5336,326.49,22019.2
6564688,2.2075,128.3542,326.14,23911.2
4759796,1.5428,127.8581,326.12,26458.7
3506702,2.1767,128.3289,325.97,29056.9
10042965,7.1464,126.4317,325.71,20829.7
11199587,2.3325,128.6189,325.54,20091.7
698965,2.15,128.0033,325.41,45389.1
7681602,7.6958,126.5111,324.98,22728.2
4161405,2.24,128.565,324.74,27583.4
7803267,2.1072,128.4914,324.66,22615.8
3792568,7.3208,126.4978,324.28,28371.3
11593920,4.3156,126.7505,324.26,19858.9
6907222,1.855,127.6839,324.03,23524.4
7549480,2.1728,128.3578,323.98,22859.6
4852416,2.1717,128.3733,323.77,26299.3
6433460,1.5208,128.5444,323.46,24065.3
4527910,2.3031,128.5794,323.3,26874.4
223782,1.8306,127.8244,323.24,59670.6
4650267,1.9625,127.8589,323.04,26653.0
10800175,2.2008,128.3411,323.01,20334.4
9275465,7.5031,126.5314,322.98,21379.1
9732216,2.3225,128.3453,322.89,21045.7
6057136,2.2297,128.3742,322.71,24534.6
8115012,1.5672,127.5961,322.66,22329.5
2429991,1.7192,127.6756,322.42,32397.3
7421428,2.3678,128.5228,322.39,22984.7
4576332,4.2808,126.8689,322.2,26784.2
7435603,2.2997,128.5864,321.65,22973.6
9824116,1.7197,127.6819,321.47,20982.0
6911639,2.5533,128.5381,321.47,23519.0
6226106,2.4392,128.532,321.37,24318.1
5264371,2.1644,128.373,321.22,25636.8
7805142,4.315,126.7933,321.2,22613.0
8939656,7.5339,126.4919,320.98,21636.8
1899237,1.8678,127.7303,320.68,34770.5
11773091,1.5619,127.7933,320.37,19759.1
6466080,2.4658,128.3705,320.36,24028.2
9176269,7.2575,126.5192,320.26,21453.5
4690171,4.0469,126.7564,320.19,26581.2
11172584,2.1672,128.3742,319.67,20104.4
9939326,7.1583,126.46,319.56,20899.9
9653764,4.0392,126.7511,319.54,21103.2
5760653,1.8011,127.6956,319.5,24926.2
4694674,1.7172,127.6947,319.41,26574.0
4509361,1.6783,127.6667,319.01,26907.6
1608162,7.0956,126.4494,318.25,36422.5
3881877,2.1117,128.4158,318.0,28173.0
3605479,1.5125,127.7264,318.0,28814.7
11277957,7.2114,126.4858,317.91,20040.9
10383951,7.6875,126.5181,317.75,20599.0
819052,2.3639,128.595,317.63,43593.4
2437165,4.3583,126.7561,317.57,32369.7
4117251,1.7114,127.6794,317.54,27671.0
3445339,1.6781,127.6489,317.32,29214.4
7700832,2.2717,128.3597,317.13,22714.2
2943886,2.3478,128.5814,316.65,30619.9
3947795,4.1,126.7875,316.6,28027.9
6782066,2.5825,128.5503,316.3,23662.1
7832407,1.5161,127.7286,316.07,22587.6
6775183,2.1792,128.5645,315.42,23670.2
8546842,1.5039,127.7208,315.12,21955.4
7647518,1.9969,127.8108,315.08,22764.6
7152867,2.1714,128.3797,314.81,23260.2
10689776,2.4775,128.5133,314.72,20403.2
1521720,1.5039,128.6289,314.69,36983.2
6453327,1.5636,127.5883,314.51,24044.1
8708163,1.5097,127.7769,314.32,21824.5
3536000,7.1522,126.4739,313.72,28982.3
10554830,7.4397,126.4433,313.21,20487.3
4506225,4.4581,126.778,313.2,26912.3
5450811,2.4436,128.57,313.01,25359.5
8681135,1.5181,128.5419,312.59,21847.8
10738447,2.0975,127.9886,312.36,20375.1
2155576,4.4522,126.84,312.34,33535.6
9659611,1.565,127.5364,312.26,21100.1
4131227,4.375,126.7597,312.1,27643.4
5386057,4.2833,126.8497,311.96,25454.8
7990758,7.5369,126.5008,311.79,22440.5
7135527,1.8714,127.7575,311.43,23279.4
6124323,2.4661,128.3789,311.24,24448.7
11423753,1.5131,128.6075,311.01,19958.1
6277494,2.1208,128.43,310.77,24255.1
5697745,1.6978,127.6805,310.55,25007.8
10932651,1.5606,127.5847,310.35,20252.8
2639149,2.3689,128.5928,310.04,31623.0
4900771,4.4247,126.76,309.4,26219.2
2750842,2.3569,128.6083,309.26,31237.9
10199753,1.5217,127.6169,309.12,20725.4
6469001,7.1114,126.4272,308.71,24022.9
5432136,4.0261,126.7489,308.69,25387.1
832006,2.4106,128.57,308.52,43419.1
5221016,1.5219,127.7311,308.27,25703.8
11100909,4.3753,126.7658,308.05,20148.7
7574462,2.4719,128.3408,307.96,22834.5
6067155,1.5792,127.8656,307.87,24521.6
5031026,1.6714,127.6489,307.67,26004.5
7634467,7.1128,126.4319,307.63,22775.8
11225538,1.58,127.6172,307.05,20075.8
10302489,2.1025,128.4856,307.05,20657.7
6344684,1.5156,127.7258,306.92,24173.6
4722689,4.2825,126.7828,306.9,26521.2
9182649,1.5928,127.6222,306.85,21450.5
5949955,7.6442,126.49,306.81,24671.8
10188912,4.2775,126.7686,306.47,20731.6
5155381,4.3622,126.7497,305.91,25805.3
8876558,1.5889,127.6178,305.38,21686.8
5774733,2.5169,128.6175,305.22,24905.7
2910063,7.1969,126.4219,305.2,30721.7
978628,4.4819,126.7867,304.75,41627.2
1370983,2.4217,128.3128,304.7,38051.4
8510393,1.9831,127.8792,304.27,21987.3
5157573,1.5431,127.852,304.18,25802.8
1105267,1.5069,128.4486,304.18,40311.6
8631829,1.5564,127.5717,304.01,21885.7
10828679,2.5214,128.5564,303.87,20315.6
9476355,1.7411,127.6911,303.82,21229.6
1918119,4.2844,126.8789,303.6,34673.3
6652636,7.5203,126.4817,303.14,23809.8
9055202,2.0981,127.8861,302.84,21548.3
187395,2.2525,127.8147,302.66,62101.4
7547057,1.5142,127.7455,302.61,22862.4
10256400,2.4336,128.4825,302.48,20685.4
6953887,7.4311,126.4961,302.24,23472.9
7421439,2.12,128.4528,301.83,22984.7
8543523,1.6203,127.6044,301.66,21958.3
8186774,2.4064,128.6444,301.64,22266.6
8148500,2.4711,128.6203,301.56,22298.1
3250263,1.5069,127.7297,301.41,29728.9
8108952,1.6747,127.6642,301.25,22335.2
4783510,7.2397,126.5072,300.63,26417.7
2525093,1.5217,128.6306,300.57,32035.4
2926891,1.5081,127.7475,300.07,30671.9
6518432,1.6775,127.6708,299.76,23967.1
8022977,1.7061,127.6775,299.44,22412.1
779932,4.3578,126.8281,298.72,44141.0
1681555,4.1725,126.7708,298.58,35971.9
6681813,7.1536,126.4658,298.49,23774.9
8823521,1.6708,127.6808,297.99,21730.8
7759691,2.3458,128.3419,297.9,22655.2
4797685,2.5369,128.6056,297.86,26393.6
11502193,2.3589,128.6142,297.69,19910.1
10557672,2.2208,128.588,297.43,20487.3
8718308,1.5308,128.6114,297.34,21815.7
11756615,1.6919,127.9569,297.08,19768.8
7989894,1.5167,128.6356,296.47,22443.3
10285080,1.9014,127.7081,296.25,20670.0
7995918,1.7419,127.7208,296.21,22437.6
10007085,2.4822,128.5475,296.14,20857.2
4592144,1.6803,127.6589,296.13,26755.6
10502382,1.5264,128.6386,296.0,20524.6
10907889,2.5503,128.5667,295.81,20268.5
1969411,1.7706,127.8625,295.75,34415.1
9019724,1.6961,127.6558,295.51,21577.8
3082226,4.0297,126.7403,295.34,30207.2
4960319,1.6664,127.66,294.62,26121.8
3383055,2.1564,128.3758,294.55,29373.1
8949355,1.7033,127.6805,294.5,21630.9
1180397,4.4811,126.8025,294.47,39610.1
9346737,1.5236,127.7328,294.21,21325.4
7103669,1.5203,127.7394,293.62,23314.9
4578168,1.5506,128.5808,293.49,26781.8
9889241,7.0872,126.4339,293.25,20936.4
9716428,1.9769,127.7828,292.95,21057.8
11471222,1.5628,127.5803,292.73,19929.3
11816754,2.0144,127.7972,292.48,19733.3
2876828,2.1556,128.4117,292.39,30829.3
11695457,2.2917,128.6222,292.35,19804.2
11281610,1.9692,127.7711,292.33,20040.9
6696813,1.5283,128.5667,292.1,23758.9
9946017,2.4792,128.5083,291.6,20896.9
1500370,7.0117,126.4328,291.32,37127.6
4241878,4.4681,126.7811,291.12,27418.9
3429282,2.5444,128.5922,291.07,29253.6
7619585,2.5236,128.5086,291.0,22792.6
10190951,1.7447,127.6758,290.95,20731.6
8725103,1.6892,127.6489,290.3,21809.9
2608599,3.9406,126.6728,290.25,31729.6
4803223,1.5078,128.6139,290.16,26383.9
9139232,7.0667,126.4158,289.98,21483.2
10151645,1.6592,127.6525,289.78,20759.2
5102716,7.1392,126.4617,289.51,25889.1
9223914,1.5847,127.6156,289.5,21417.8
10339262,7.0872,126.4392,289.25,20629.9
10462664,7.3722,126.5236,289.09,20549.4
1353467,2.1631,128.0383,288.92,38183.4
11005875,2.1631,128.3692,288.77,20205.5
3532839,4.2808,126.8886,288.52,28991.1
8479006,4.0808,126.7733,288.04,22013.4
8614979,1.6058,127.6192,287.83,21900.2
3592593,4.0294,126.7567,287.48,28843.4
10520601,1.8428,127.6589,287.29,20512.2
7740003,2.1717,128.3053,287.29,22674.9
1041622,2.1364,127.915,287.21,40954.5
1579647,4.1583,126.7778,286.94,36604.0
2067296,4.3731,126.7761,286.89,33941.6
7497216,1.8203,127.7256,286.56,22909.7
9084771,1.6697,127.6564,286.51,21524.6
2867246,1.7028,127.6575,286.46,30858.2
7913869,4.2867,126.7897,286.35,22511.4
11811693,1.5272,127.8475,285.99,19736.6
8544443,7.5142,126.5414,285.9,21955.4
3039063,2.5797,128.5769,285.63,30333.5
5045930,2.4594,128.6664,284.68,25982.4
7513226,4.33,126.7436,284.54,22895.8
5449340,1.7919,127.7222,284.44,25362.0
5714090,4.3847,126.8083,284.27,24987.4
7884841,4.0272,126.74,284.23,22539.6
2445641,2.0697,127.8511,283.83,32336.2
11637112,4.2672,126.8153,283.42,19833.2
8384585,2.3519,128.1653,283.37,22094.3
4506687,2.0811,127.8617,283.19,26912.3
11552750,1.5122,127.7458,283.18,19884.5
5501470,1.6847,127.665,283.12,25286.5
6098967,4.2833,126.8722,282.9,24477.4
2491451,3.9481,126.6617,282.78,32160.4
7695643,1.7042,127.6547,282.7,22719.8
4378376,2.5947,128.5511,282.65,27155.0
5202664,1.535,127.8622,282.27,25733.6
11349398,4.2714,126.7628,282.26,19999.5
1588869,2.1914,128.545,282.22,36546.5
3375450,7.0439,126.4258,281.57,29392.6
9716012,2.3917,128.5217,281.33,21057.8
9986741,4.3556,126.8311,281.23,20866.3
11138019,1.5578,127.6058,281.21,20126.5
3249564,1.7261,127.6614,280.64,29731.0
2033340,1.5428,128.5561,280.24,34102.6
8949357,1.6967,127.648,280.05,21630.9
10649538,7.2414,126.5136,279.56,20428.2
11286758,1.5378,127.7861,279.38,20037.7
9995778,3.9361,126.6789,279.21,20860.2
8099643,1.7117,127.6561,279.02,22343.7
6293894,2.2583,127.8178,278.72,24234.1
10499151,7.0428,126.4325,278.68,20524.6
8432922,2.1694,128.3275,278.5,22051.0
6644650,1.7653,127.8617,278.39,23817.8
5398242,1.7108,127.6747,277.6,25437.2
11260751,2.5833,128.5708,277.38,20053.6
4494011,4.2719,126.8733,277.28,26936.0
11633629,2.4631,128.6622,277.1,19836.4
11655183,2.1558,127.9958,276.83,19823.5
6881109,2.3603,128.6,276.7,23554.2
1328121,1.815,127.6622,276.57,38379.8
6017528,4.1022,126.7939,275.71,24583.9
10850026,7.5042,126.5414,275.7,20299.9
7547817,7.5456,126.5119,275.3,22859.6
10792476,7.52,126.5267,275.23,20337.5
8108940,1.8786,127.7672,275.01,22335.2
9406782,1.5164,127.7392,274.71,21283.5
10031101,4.2836,126.7539,274.66,20838.8
5830167,2.5575,128.4556,274.52,24831.4
7577434,1.5792,127.6114,274.5,22831.7
979196,1.8211,127.6731,274.15,41621.1
1281181,1.5489,128.5672,274.07,38753.1
6965104,1.5222,128.6125,273.92,23462.0
8397365,2.5719,128.5375,273.32,22082.7
7191770,1.5181,127.7358,273.17,23221.8
5149981,2.4225,128.3242,272.7,25815.1
5989011,1.5528,127.5389,272.6,24620.1
5138230,1.5128,128.62,271.84,25834.9
10671427,1.7667,127.8636,271.7,20415.7
10074784,4.3522,126.8353,271.43,20808.2
6658646,2.5817,128.563,271.41,23804.4
7470314,2.1528,128.3564,271.16,22937.5
9406781,1.5206,127.7364,271.05,21283.5
7731505,2.3275,128.4305,271.04,22683.3
9073288,2.5181,128.4136,270.98,21533.5
6190441,1.8269,127.7128,270.89,24365.2
3561575,1.6994,127.662,270.45,28920.7
10689802,2.1506,128.3814,270.07,20403.2
8995977,1.5392,127.86,269.76,21592.6
9106577,1.5053,127.7458,269.75,21506.9
10559522,7.255,126.5403,269.38,20484.2
10249381,7.3211,126.5083,269.2,20688.5
5869751,4.2742,126.89,268.83,24774.9
10483447,2.55,128.5708,268.72,20537.0
4802753,3.8089,126.7739,268.59,26383.9
5472395,2.0283,127.8111,268.06,25326.8
6231990,2.4792,128.6225,267.92,24310.2
3181073,7.1356,126.4772,267.81,29921.1
9564957,1.7061,127.6686,267.24,21166.5
8193177,1.7503,127.7222,266.74,22260.9
8017866,7.0544,126.4172,266.49,22414.9
7534123,7.5256,126.532,266.01,22873.5
11158127,1.53,128.6003,265.98,20113.9
5526860,1.8342,127.6608,265.89,25248.7
4670930,1.5453,128.6519,265.54,26614.7
7715714,7.1972,126.48,265.5,22697.4
3762923,2.14,128.3867,265.39,28440.8
6304295,1.5022,127.7367,265.37,24221.0
10697390,4.2725,126.8353,265.08,20397.0
9517911,1.7533,127.6236,265.0,21202.5
11418511,1.5125,127.7417,264.95,19961.2
10132124,2.0611,127.8533,264.95,20768.4
6616003,1.5444,128.6458,264.86,23852.5
1149592,2.1633,128.2644,264.72,39890.6
8913461,2.1358,128.3892,264.62,21660.4
8439448,2.1617,127.985,264.45,22045.2
10438339,2.0906,127.8894,264.32,20568.0
1893972,4.4356,126.7775,264.11,34798.0
10015517,2.5453,128.4256,263.9,20851.1
10248132,1.6861,127.6392,263.76,20691.6
7636236,2.1144,128.4075,263.65,22775.8
6273591,1.6908,127.6694,263.63,24260.4
2020725,4.3644,126.7294,263.18,34162.4
9025237,4.3444,126.73,263.12,21571.9
3963310,4.4578,126.8086,263.11,27996.0
6518441,1.5347,128.6489,262.88,23967.1
8601342,2.5047,128.5628,262.77,21911.9
3281152,1.5403,128.5508,262.67,29645.2
10812601,4.2706,126.7742,262.65,20325.0
9354425,1.5219,128.6092,262.61,21319.4
9059310,1.5233,128.5336,262.56,21545.3
7234395,2.2197,128.6117,262.55,23175.2
6614386,7.6758,126.5133,261.99,23852.5
3568071,4.3953,126.7256,261.84,28903.0
9273967,2.1586,128.347,261.77,21382.1
6376523,2.2311,128.5689,261.69,24136.6
7669338,2.1764,128.0395,261.64,22742.2
7345303,2.1522,128.3925,261.32,23064.9
6824431,1.8517,127.6803,260.86,23616.3
6991071,2.5522,128.5964,260.16,23432.1
10584492,7.5253,126.4967,259.66,20471.8
7569297,1.5744,127.8781,258.93,22840.1
8895873,2.3308,128.3378,258.67,21675.1
11660712,2.5042,128.5578,258.5,19820.3
5613242,2.3133,128.3275,258.27,25127.3
2120966,1.8783,127.6706,257.96,33692.9
11717461,2.3328,128.627,257.92,19791.4
8378140,2.4675,128.5192,257.7,22100.0
6558325,1.8539,127.6722,257.4,23919.2
11315209,4.3367,126.8244,257.38,20018.6
4122917,2.5703,128.5767,256.71,27661.8
6582350,3.9572,126.6542,256.33,23892.6
3665267,1.7856,127.6581,256.25,28670.6
11281633,1.7233,127.6739,255.59,20040.9
707215,3.9911,126.6358,255.42,45252.8
2503196,4.015,126.6325,254.99,32116.8
3190746,4.4889,126.7953,254.6,29893.4
8516645,2.4958,128.375,254.44,21981.5
10986151,2.065,127.8511,254.43,20218.1
5628812,1.5011,127.7447,253.94,25104.5
3459004,1.8786,127.6803,253.88,29177.3
10676190,1.5417,127.7911,253.87,20412.6
8809356,2.1586,128.0208,253.85,21742.6
9511076,7.2342,126.5197,253.72,21205.6
5683277,2.0936,128.4639,253.66,25028.2
6476718,2.0961,128.4628,253.45,24014.9
10182178,1.5139,127.77,253.43,20737.7
10520608,1.7081,127.6503,253.34,20512.2
8594705,2.0919,128.4689,253.23,21917.7
9078348,7.5228,126.5406,253.05,21527.6
8588010,2.1736,128.0222,252.98,21923.5
4045488,2.1447,128.3755,252.65,27820.3
2884146,4.3839,126.7414,252.46,30804.5
5153487,7.56,126.5136,252.33,25807.7
5370624,7.5711,126.4919,251.9,25474.8
8079192,7.1392,126.49,251.52,22360.8
3145876,2.1406,128.3986,251.39,30021.0
1315469,7.36,126.4972,251.17,38477.6
9517915,1.7108,127.6692,251.12,21202.5
7943058,4.1706,126.7778,250.73,22483.0
4517232,4.2997,126.8703,250.63,26891.0
2803092,1.9044,127.6895,250.39,31066.1
3449689,4.0019,126.6333,250.3,29201.3
7826550,1.7622,127.6775,249.84,22593.3
6392545,4.3625,126.838,249.39,24115.5
2832287,4.1489,126.7736,248.85,30971.6
3281078,2.1419,128.407,248.77,29645.2
10088897,2.3567,128.5725,248.66,20799.1
9197564,1.6969,127.6583,248.62,21438.6
6672269,1.7281,127.6731,248.54,23788.3
5746827,2.1186,128.4983,248.01,24941.5
6557283,4.2989,126.8597,247.45,23919.2
4548536,4.3811,126.7289,247.29,26834.1
4050763,1.5019,127.7531,247.25,27808.8
7435898,1.6753,127.675,246.94,22973.6
9688097,1.7328,127.6722,246.75,21079.0
2571244,1.5008,127.7803,246.22,31865.9
7316684,7.4444,126.5253,245.93,23089.8
11619742,7.2303,126.5092,245.56,19842.8
11590973,1.8431,127.7545,245.43,19862.1
7985906,3.9631,126.6453,244.92,22446.2
8832318,4.3831,126.7503,244.54,21722.0
3843769,2.0869,127.8831,244.43,28258.8
4958900,1.5744,127.5725,244.21,26124.3
4453823,1.5014,127.8383,243.79,27011.5
9429643,2.2617,127.7939,243.32,21265.6
11820179,4.3828,126.7336,242.81,19730.1
9967476,1.6956,127.6642,242.6,20881.6
4125166,2.3778,128.5692,242.59,27657.2
11235273,2.055,127.8419,242.44,20069.5
2115037,2.1142,128.3972,242.37,33721.2
2862420,7.0728,126.4553,242.06,30872.7
9682181,4.2672,126.7778,241.59,21082.0
8581776,1.5119,128.6267,241.56,21929.3
7855761,2.0889,128.4617,241.24,22565.1
10101859,2.0917,128.4569,241.2,20789.9
4721904,2.2886,128.4036,241.13,26523.6
5750571,1.5589,128.6011,240.83,24936.4
475437,1.6247,127.565,240.01,49972.3
2819238,4.4067,126.8258,239.67,31012.7
1462779,4.5197,126.7528,239.19,37387.6
6669820,2.3128,128.1514,238.87,23791.0
10587264,2.5486,128.6028,238.21,20471.8
10438302,2.4589,128.6758,238.04,20568.0
318205,7.5625,134.5714,237.64,55028.0
10432214,4.3792,126.7486,237.48,20571.1
10120840,7.2733,126.5469,237.12,20774.5
10767310,1.8311,127.6728,236.84,20356.3
8470846,1.8706,127.6725,236.65,22022.1
10969647,4.2947,126.7556,236.43,20227.6
4657967,1.5,127.7589,236.4,26638.7
7671096,4.0231,126.7658,236.33,22739.4
10311271,2.1667,128.0014,235.83,20651.5
1417620,1.8517,127.7653,235.77,37704.9
9521371,2.6014,128.5508,235.71,21199.5
4980259,1.5053,127.7714,235.57,26087.7
8196245,1.8408,127.7558,235.49,22258.0
7591976,7.5189,126.5481,234.97,22815.0
8105569,2.1158,128.3908,234.67,22338.0
3007433,4.0042,126.7461,234.53,30425.8
1107695,8.1,126.4047,234.47,40287.9
4920581,1.6231,127.5781,234.45,26187.6
2077082,2.2458,127.7978,233.82,33896.5
10072481,1.8289,127.6719,233.78,20811.3
9076917,2.5717,128.4875,233.44,21530.5
11235743,1.7183,127.662,233.21,20069.5
9971235,2.3689,128.6003,233.1,20878.5
9499169,8.0953,126.4022,232.81,21214.6
9472395,1.5531,127.6064,232.8,21232.6
10782765,7.7053,126.5122,232.75,20343.8
11722914,2.1681,128.3145,232.52,19788.1
6511990,1.5142,127.5958,232.51,23975.1
8463865,2.1447,128.3692,232.07,22027.9
7956045,2.4372,128.5789,231.94,22471.7
10444603,7.5283,126.5383,231.87,20561.8
5166018,4.3125,126.8608,231.76,25788.0
8148501,2.4678,128.3881,231.69,22298.1
11313936,7.1778,126.4881,230.87,20018.6
9551303,4.4633,126.8078,230.75,21175.5
4690165,4.5078,126.77,230.39,26581.2
1216718,1.5217,128.4706,230.31,39293.6
9791273,2.1519,128.3964,230.02,21006.3
7232107,1.5514,127.6031,229.97,23177.9
9823677,2.02,127.9267,229.09,20982.0
5090333,1.7128,127.6614,229.04,25911.2
7632424,4.4767,126.8011,228.9,22778.6
6562412,2.2847,128.4036,228.83,23913.9
6702541,4.3506,126.8269,228.78,23750.8
6599693,4.0992,126.7725,228.77,23871.2
9318293,4.4064,126.8139,228.5,21346.3
10355830,1.5483,127.6025,228.25,20620.6
11129629,7.5189,126.5406,227.86,20129.7
8434919,4.5108,126.7483,227.86,22048.1
757989,1.8461,127.8217,227.85,44463.1
3091154,4.4483,126.7714,227.77,30179.8
2848199,4.3411,126.7261,227.54,30918.1
6484385,4.5017,126.7853,227.51,24004.3
1394573,7.2728,126.5736,227.5,37871.8
9961200,4.1964,126.7919,226.73,20884.7
3030422,4.1981,126.7964,226.42,30356.6
8533550,1.5472,127.6444,225.93,21967.0
1993527,7.7642,126.4097,225.9,34296.4
10197668,4.3475,126.7428,225.79,20725.4
5762962,7.1606,126.4967,225.46,24921.1
2468268,2.125,128.3778,225.42,32251.4
5837478,2.185,128.3375,225.19,24821.2
10221771,1.565,127.5417,225.07,20710.0
7489212,1.5514,127.595,224.33,22918.1
9907074,4.0728,126.8028,224.31,20924.3
8256610,1.7983,127.6614,223.97,22206.5
2826473,4.0456,126.73,223.86,30988.0
1899663,7.5533,126.5514,223.8,34766.8
8721737,1.5642,127.8811,223.56,21812.8
7810254,7.1589,126.4947,223.02,22607.4
6332213,2.3131,128.2589,222.96,24189.4
4146931,1.8272,127.6828,222.11,27611.1
10852959,2.3111,128.1592,222.06,20299.9
9935223,7.0461,126.4017,221.58,20902.9
10148486,8.0883,126.4036,221.42,20759.2
7214258,2.3722,128.1681,221.26,23197.1
11838797,2.4172,128.5742,220.65,19720.4
7267829,4.3922,126.7508,220.57,23142.1
8546828,1.9003,127.6847,220.53,21955.4
5085794,2.1514,128.3397,220.46,25918.6
8977368,2.4267,128.3031,220.15,21607.4
7606158,1.7003,127.6411,219.94,22806.6
10858186,1.5467,127.605,219.45,20296.8
7436639,7.5708,134.5789,219.29,22970.8
5391133,3.7608,126.7858,218.77,25447.3
5517641,4.3311,126.8319,218.63,25261.3
5551953,7.2167,126.4186,218.63,25213.3
7966265,1.8267,127.7011,218.37,22466.0
5876368,4.3939,126.7206,218.01,24769.8
8919278,4.1803,126.7767,217.94,21654.5
5613236,2.5136,128.6417,217.94,25127.3
9921408,1.7211,127.6656,217.52,20915.1
6285610,2.1233,127.8936,217.34,24244.6
749197,7.5206,134.5308,217.26,44593.3
9154989,4.1217,126.7828,217.2,21471.3
7810252,7.185,126.4914,217.17,22607.4
5476722,4.2847,126.7483,216.52,25319.3
10012989,7.18,126.4961,216.44,20851.1
1558401,2.2844,127.7775,216.25,36743.0
3833702,4.3333,126.8445,216.24,28281.3
11595858,2.3828,128.5178,216.11,19858.9
6457705,1.5797,127.5778,216.09,24038.8
4583902,4.4086,126.8089,215.93,26769.9
2840034,1.5981,127.5667,215.84,30946.9
5538181,1.6964,127.6328,215.8,25236.1
8909987,2.145,127.9131,215.59,21663.3
10483456,2.4203,128.5758,215.57,20537.0
7496938,2.3289,128.2703,215.52,22909.7
9472398,1.5206,127.8069,215.47,21232.6
11006336,1.9619,127.7594,215.05,20205.5
9769504,4.3339,126.7347,214.94,21021.5
5443241,7.6192,126.4875,214.74,25369.5
9818149,4.3944,126.8111,214.38,20985.1
4702275,2.3339,128.2603,214.19,26559.6
399291,7.2636,134.4078,213.3,52133.8
2840587,2.1047,128.4028,212.92,30944.8
6256915,2.2372,127.8103,212.47,24281.4
11250561,2.1747,128.0158,212.34,20059.9
1597690,7.5992,134.6203,212.25,36488.9
2817981,4.1925,126.7842,211.42,31016.8
4026689,4.0678,126.7847,211.26,27861.5
6378567,2.2578,127.7906,211.17,24134.0
8736320,8.1078,126.4055,211.08,21798.2
4650957,4.1206,126.7467,210.97,26650.6
6277492,2.1639,128.3003,210.45,24255.1
6962672,1.7539,127.8936,210.11,23464.7
2939236,4.4994,126.7383,209.87,30634.5
11671560,2.0514,127.9389,208.76,19813.9
9728632,1.8442,127.76,208.46,21048.7
8400561,2.4247,128.5781,208.31,22079.9
9997178,1.5353,128.5961,208.17,20860.2
11639609,1.9328,127.7169,208.12,19833.2
936226,7.4028,134.532,208.1,42109.6
7703925,1.5089,127.7875,207.73,22711.4
6901415,4.0531,126.7492,207.69,23529.8
1622639,7.4328,134.5811,207.56,36331.4
1575263,2.2214,127.7769,207.21,36631.8
9706382,4.3064,126.748,207.2,21063.9
10738899,1.7397,127.6558,206.75,20375.1
10034427,7.6606,126.4717,206.63,20835.8
7106142,1.5542,128.6461,206.36,23312.2
10391366,2.1094,128.395,206.09,20595.9
5547402,4.3639,126.7664,205.99,25220.9
5296766,7.2722,134.4186,205.86,25587.1
2765764,2.5806,128.4928,205.76,31188.9
7580994,7.2114,126.4181,205.69,22826.1
1308691,4.2456,126.8239,205.35,38530.6
432145,1.6939,127.5147,205.27,51143.0
11327353,2.1281,127.9861,205.09,20012.3
10934102,7.2536,134.4044,204.22,20249.6
6043972,4.3314,126.8389,204.19,24547.6
7299205,4.3864,126.8147,203.79,23109.1
11492257,1.5539,127.5844,203.08,19916.5
6129424,4.5153,126.7986,203.04,24440.9
8224194,1.7822,127.7275,202.98,22232.3
4908796,4.325,126.7256,202.81,26207.1
8157017,7.3406,126.4936,202.36,22292.4
10986627,1.54,128.6297,202.36,20218.1
5283601,2.2353,127.7853,202.08,25609.5
7029017,1.6169,127.5636,201.59,23394.0
2821896,2.3564,128.2836,201.38,31004.5
1003909,1.7931,127.8367,201.09,41349.3
3000888,4.3392,126.7189,200.31,30446.7
10412335,4.4436,126.8175,200.15,20580.4
4992154,1.6161,127.5783,200.03,26070.6
9950596,1.5511,128.6547,199.71,20893.8
10662140,1.7264,127.9636,199.46,20421.9
10501827,2.5775,128.4517,199.23,20524.6
7552738,2.5528,128.4386,198.89,22856.8
6984243,1.5622,128.6389,198.61,23440.3
4595007,7.5586,134.5975,198.17,26748.5
10230103,2.1069,128.4317,197.92,20703.9
8007902,1.5567,128.63,197.25,22426.3
2368050,1.5219,127.5733,197.19,32642.2
3755913,7.2706,134.437,196.89,28456.5
9456965,1.5511,128.6408,196.88,21244.6
9240883,1.7372,127.9456,196.1,21408.9
5335419,4.5133,126.765,195.89,25529.8
1690797,4.4889,126.7594,195.83,35917.0
2092242,4.4389,126.7675,195.72,33825.0
6906977,2.2661,127.7664,195.5,23524.4
8957493,7.27,134.4142,195.4,21622.1
4575027,4.3597,126.7169,195.31,26786.5
8300762,1.5544,127.8892,195.21,22166.3
8769532,2.1025,128.3894,194.95,21771.8
10271397,7.4139,134.54,194.85,20673.1
7579923,2.1075,128.41,194.72,22828.9
5682211,7.4156,134.5511,194.67,25028.2
10646051,4.3764,126.817,194.6,20431.3
8058756,4.3639,126.8197,194.4,22380.8
2401582,1.6978,127.5192,194.25,32509.2
10748369,1.55,128.6339,194.04,20368.8
9241982,7.2725,134.4325,193.85,21405.9
4349808,2.5664,128.5919,193.77,27209.0
4546688,1.5153,128.5292,193.75,26838.8
10180134,4.3622,126.7203,193.37,20737.7
9579558,3.8203,126.7542,193.3,21154.4
8339595,8.0806,126.4028,193.2,22128.9
9255369,2.1092,128.3825,192.91,21397.0
10289056,2.1025,128.3942,192.49,20666.9
4816993,2.1286,128.3544,192.49,26362.2
1847341,2.4789,128.5642,192.45,35040.7
10024416,1.6192,127.5817,192.39,20845.0
10853468,1.7392,127.6708,192.06,20299.9
9887667,2.0819,127.852,191.67,20939.5
6571878,8.1758,126.4025,191.58,23900.6
1736042,1.7983,127.7875,191.54,35655.3
8363372,7.4392,126.5206,191.2,22111.6
9990918,4.4167,126.7503,191.11,20863.3
10692761,4.4244,126.7505,190.29,20400.1
9033740,2.0906,128.4411,190.14,21566.0
5828559,1.6283,127.6047,189.44,24834.0
3100740,7.5258,134.5847,189.08,30150.2
7545108,7.3153,126.5311,188.73,22862.4
2521418,2.1989,128.54,188.7,32049.3
2304086,2.5642,128.4347,188.69,32900.7
9749207,4.275,126.8953,188.51,21036.6
8892747,1.5169,128.4728,188.46,21678.0
6062424,4.25,126.8208,188.44,24526.8
4249479,8.0706,126.4017,188.28,27402.6
759259,7.3017,134.4472,188.12,44444.5
9424254,4.3761,126.7433,188.02,21268.6
9410273,2.1189,128.3636,187.99,21280.5
8522145,4.0506,126.7792,187.98,21975.7
11435896,7.7608,126.4061,187.88,19948.5
6047819,4.2106,126.8175,187.81,24542.4
7552759,2.1328,128.3714,187.67,22856.8
520724,7.3089,134.4869,187.34,48858.4
5170241,7.0867,126.4525,187.31,25780.6
3171599,1.8533,127.6595,187.06,29950.9
4521551,1.6894,127.5158,186.81,26883.9
7319809,4.2078,126.8022,186.68,23087.0
5382129,1.6211,127.9578,186.62,25462.3
10438762,1.555,128.65,186.58,20568.0
1788114,2.4708,128.3303,186.09,35362.8
5612170,7.5706,134.5614,184.97,25127.3
11822823,1.6253,127.6072,184.72,19730.1
6749983,1.5478,128.6106,184.69,23699.8
4447615,4.1381,126.7714,184.51,27021.0
1451247,2.3314,128.32,184.49,37467.6
9182644,1.7492,127.6597,184.15,21450.5
8027546,4.31,126.7261,184.11,22406.4
11666199,2.1194,128.0217,184.1,19817.1
6290545,7.3869,134.5286,183.92,24236.7
8147392,4.1453,126.7767,183.9,22298.1
11308715,7.5653,134.5922,183.8,20021.8
6730151,7.5406,126.5561,183.71,23721.3
7136898,4.0764,126.7322,183.58,23276.6
10121856,4.4269,126.8114,183.18,20774.5
3446381,7.5892,134.6117,182.82,29210.0
9898808,4.2506,126.8247,182.74,20930.4
11814720,4.1528,126.7628,181.95,19733.3
10602862,7.0589,126.4353,181.89,20459.3
9690216,4.3819,126.7192,181.84,21076.0
10880660,7.5939,126.53,181.59,20284.2
9036002,4.3233,126.7211,181.42,21563.1
10479049,2.2258,128.29,180.94,20540.1
7418739,2.1022,128.3767,180.37,22987.4
4533608,4.1653,126.7858,180.21,26862.5
2011209,4.0331,126.7033,179.43,34208.9
8751500,3.7703,126.7725,179.38,21786.5
8793679,7.5383,126.5414,179.25,21754.3
569406,9.5294,138.11,179.24,47790.5
1505412,9.5483,138.1144,179.21,37091.6
9294318,7.5636,134.6006,179.03,21364.2
9037301,2.0969,128.385,178.8,21563.1
10613199,4.3664,126.7689,178.61,20453.1
6979218,2.4192,128.3011,178.39,23445.7
2621377,1.5389,128.722,177.92,31685.4
5663095,7.5778,134.6,177.88,25056.2
5458453,4.4269,126.7411,177.87,25346.9
1845056,7.2197,126.5544,177.37,35051.6
1917076,4.0767,126.7061,176.44,34678.8
1545818,7.6144,134.6281,176.34,36822.6
5960582,1.5075,127.5411,175.87,24658.9
6991079,2.1411,127.99,175.81,23432.1
2322057,1.6817,127.5122,175.62,32827.1
3785069,8.0881,126.4203,175.59,28389.3
10986144,2.1567,128.3281,175.11,20218.1
5491981,7.5347,134.5922,174.68,25299.1
5877261,1.8089,127.6744,174.43,24769.8
11592503,8.1678,126.4003,174.37,19858.9
2941167,4.3814,126.8281,174.35,30628.2
1950033,2.375,128.6186,174.15,34511.2
11717467,2.2844,128.245,173.06,19791.4
7040888,2.0947,128.3864,172.7,23380.4
4189256,3.7925,126.7594,172.58,27523.2
9060382,7.3056,126.5428,172.28,21542.4
10621404,7.5631,134.5625,172.22,20446.9
10939050,7.4128,126.4919,171.79,20246.5
9204578,2.1364,128.3322,171.78,21432.7
3620054,4.2017,126.8117,171.77,28777.1
9876678,9.5331,138.1083,171.67,20945.6
2107152,9.5556,138.1194,171.49,33755.2
1257420,7.9606,126.4061,171.46,38946.7
3275518,2.5869,128.465,171.31,29660.2
11608939,7.4492,126.5414,170.55,19849.2
4632632,4.48,126.8111,170.3,26681.7
4090091,4.3403,126.7108,170.28,27728.5
4343270,7.4661,134.562,170.19,27220.7
5646313,4.0422,126.7889,170.18,25081.6
4693201,2.2778,128.2353,170.09,26576.4
11547331,1.97,127.7592,169.78,19887.7
8523331,2.5097,128.6489,169.64,21975.7
8448126,4.4342,126.7486,169.41,22036.5
4121611,4.4467,126.7533,169.16,27661.8
11092752,2.2581,127.7789,168.76,20155.0
6131375,4.3342,126.715,168.53,24438.3
7494254,2.0942,128.4739,168.44,22912.5
11502737,1.7544,127.6555,168.37,19910.1
9525626,1.5003,127.8003,168.08,21196.5
5624632,4.0803,126.7283,167.68,25109.5
9352628,4.3561,126.7133,167.37,21319.4
10520097,2.4683,128.5106,167.29,20512.2
6445931,4.3872,126.8231,167.25,24052.0
11538192,7.3122,134.48,167.17,19890.9
11215252,1.5281,128.6575,166.58,20082.2
4614284,7.6639,126.5286,166.54,26715.1
9952806,4.3169,126.7186,166.33,20890.8
1765807,4.2625,126.8439,165.78,35485.1
11149455,7.6931,126.535,165.69,20117.0
9434936,7.5217,134.5739,165.67,21259.6
10650671,4.4367,126.7408,165.02,20428.2
5848447,2.1508,128.2853,164.89,24805.8
672710,2.1694,127.7564,164.84,45830.6
4266042,4.0353,126.7808,164.84,27372.4
8378482,1.7253,127.6464,164.68,22100.0
1074116,7.4667,134.4944,164.53,40617.0
5737826,2.5356,128.5156,164.44,24954.3
11838815,2.2481,128.3783,164.15,19720.4
11173063,1.8058,127.6647,163.95,20104.4
4417939,7.5456,134.5664,163.2,27077.5
5430097,7.4417,134.567,163.16,25389.6
7760724,8.0978,126.4211,162.85,22652.4
5625913,7.4411,134.5578,162.75,25107.0
6294638,7.5189,134.5242,162.1,24231.5
10942059,2.1411,128.3397,162.08,20246.5
11673653,7.4058,134.5508,162.04,19810.7
4510878,7.4772,134.5664,161.97,26902.8
4618022,1.7536,127.6645,161.93,26710.3
6746170,7.8208,126.4108,161.6,23702.5
6727232,1.5706,128.6205,161.31,23726.7
8878425,4.0792,126.7245,160.66,21683.9
5950402,4.4283,126.7769,160.26,24671.8
10940246,4.0472,126.7845,159.76,20246.5
5115847,7.5414,126.5414,159.68,25866.9
11623487,1.5728,128.6306,159.37,19842.8
7184213,1.5211,128.4955,159.35,23230.1
11470647,2.4883,128.3689,159.21,19929.3
9596498,2.2794,128.2392,158.01,21142.4
5575554,7.5986,134.5942,157.91,25177.9
10240503,7.5456,134.5967,157.81,20694.6
5582755,4.3856,126.8319,157.55,25167.8
8413720,1.6967,127.9714,157.18,22068.3
3023480,7.5514,134.5461,156.74,30377.6
10342383,1.7583,127.6622,155.98,20629.9
6948083,2.5578,128.4344,155.93,23481.0
11307235,1.5733,128.6361,154.97,20025.0
10973321,7.4542,126.5555,154.81,20224.4
5404619,2.1033,128.3689,154.75,25427.2
5553994,4.5019,126.8111,154.63,25210.8
7424644,4.5203,126.8078,154.07,22981.9
6027843,2.5939,128.4655,153.68,24570.9
5970216,1.7278,127.6406,153.65,24646.0
8645329,1.5675,127.5253,153.63,21874.0
5833836,2.3431,128.2658,153.45,24826.3
775494,4.745,127.132,153.36,44205.9
6020320,1.7053,127.6292,153.24,24581.3
10146867,2.2208,127.7856,151.82,20762.3
3205916,1.8597,127.7383,151.76,29852.9
4489016,4.3694,126.8253,151.71,26945.4
5354328,7.4539,134.4875,150.91,25499.8
7093404,7.4694,134.5544,150.86,23320.4
8305649,4.5167,126.8092,150.43,22160.5
4745103,7.5433,134.56,150.38,26482.7
8356082,1.5606,128.6969,150.11,22120.2
9450333,7.4628,134.5483,150.04,21247.6
10182148,1.8367,127.6792,149.84,20737.7
4786429,4.4108,126.7211,149.01,26412.9
820941,1.6725,127.4853,148.97,43568.6
4837322,2.5636,128.5272,148.83,26325.9
10035525,4.0394,126.7192,148.73,20835.8
6249693,7.5858,126.5347,148.54,24289.3
1997599,4.2711,126.7472,147.87,34275.9
9964428,7.52,134.5653,147.81,20881.6
5906219,4.3506,126.7056,147.74,24728.6
1127996,2.1106,128.2778,147.49,40092.9
10414474,1.7039,127.5203,147.09,20580.4
10472775,4.385,126.8292,147.0,20543.2
3794245,1.7475,127.5828,146.66,28369.1
10730838,7.4131,134.5695,146.55,20378.2
10337993,1.7886,127.7989,146.44,20633.0
11441176,7.5631,134.5569,145.94,19945.3
10148524,7.6092,134.627,145.53,20759.2
5021657,4.4458,126.7344,145.46,26019.2
1394939,2.4942,128.3531,145.15,37870.1
11769065,7.6164,126.5106,144.89,19759.1
8303949,1.6894,127.6245,144.89,22163.4
5493707,7.2383,134.3903,144.49,25296.6
8884362,9.5683,138.1169,143.92,21678.0
7295209,1.6658,127.4853,143.91,23114.6
4716599,2.1389,128.035,143.09,26533.2
1811698,7.2269,134.373,143.05,35232.9
8985124,1.5219,128.4864,142.73,21601.5
7935692,1.6844,127.6219,142.7,22491.5
5061387,4.26,126.8408,142.67,25955.4
894037,7.1556,134.3461,142.56,42620.9
4427241,1.5014,127.9472,142.56,27061.0
5383703,1.7122,127.6303,141.9,25459.8
9743986,9.5472,138.118,141.03,21039.7
11425313,7.4842,134.5681,140.76,19954.9
3668443,4.4594,126.7647,140.49,28661.7
3245290,7.6308,134.6325,140.46,29741.7
921318,7.3206,134.5033,140.33,42286.2
7039459,7.2347,134.3861,140.08,23380.4
4055364,2.3808,128.157,139.85,27801.9
4390774,4.3681,126.7011,139.63,27129.2
10216888,2.1531,128.0475,139.61,20713.1
8940548,4.4253,126.7294,139.45,21636.8
4457776,7.4742,134.4917,139.42,27002.1
10948795,7.5511,134.5611,138.97,20240.2
9249462,7.3006,134.4425,138.82,21400.0
1900364,7.4592,134.5942,138.77,34763.2
7262007,7.2328,134.3686,138.47,23147.6
8671046,1.5456,127.9044,138.3,21856.5
2236873,1.6714,127.4972,138.29,33180.3
5498634,7.5425,134.5492,138.02,25289.0
9263275,1.7047,127.6236,137.77,21391.0
7928560,4.0608,126.7797,137.73,22497.2
8692235,7.4978,134.5767,137.66,21836.1
3766665,2.1544,128.3231,137.46,28431.9
10177885,1.6283,127.5986,137.15,20740.8
11476596,1.5678,128.687,136.95,19926.1
4649665,4.5261,126.8039,136.61,26653.0
7916074,7.6242,134.6308,136.55,22508.5
11728335,2.0906,128.3969,136.42,19784.9
8732926,7.24,134.3883,136.01,21801.1
5392145,7.7983,126.4256,135.32,25444.8
10682334,7.4708,134.4986,135.32,20406.3
3655668,7.5092,134.5575,134.71,28692.8
10666741,1.7092,127.6278,134.01,20418.8
3624356,7.9678,126.4092,133.57,28766.0
5940928,4.4122,126.7169,133.2,24684.7
2191467,4.4611,126.7531,133.08,33377.5
5905276,1.8328,127.6825,132.68,24731.2
5839970,8.1353,126.4133,132.43,24816.0
6993730,1.6756,127.5033,132.0,23429.4
4312833,7.4353,134.507,131.34,27279.1
3839486,4.0072,126.7706,130.45,28267.8
9627856,8.2122,126.4103,130.37,21121.3
3381031,7.4836,134.498,129.84,29377.5
4674797,1.5139,128.6742,129.72,26607.6
3378599,7.9875,126.4278,128.76,29384.0
9396312,7.5075,134.5561,127.95,21289.5
3187651,8.0592,126.4055,127.95,29902.0
6833440,2.13,128.0292,127.81,23605.5
11270869,2.1,128.36,127.71,20047.2
6896044,7.445,134.5214,127.68,23535.2
4207050,4.0325,126.6208,127.37,27488.5
6873255,4.4689,126.7575,126.74,23562.3
10568062,4.05,126.6936,126.66,20481.1
8395401,9.5378,138.1056,126.34,22082.7
8817551,7.4614,134.5408,126.33,21733.8
6059889,7.4747,134.61,126.23,24529.4
7565294,4.1994,126.8314,126.2,22842.9
6638032,1.6997,127.5331,126.18,23825.8
3060576,2.1869,127.727,125.97,30270.4
7066248,7.4853,134.4961,125.71,23350.4
2798596,4.3206,126.8767,125.7,31080.4
2917396,1.5303,128.6758,125.64,30703.0
3535999,7.1542,134.3553,125.37,28982.3
8476876,2.5708,128.5297,124.86,22016.3
6475422,7.4667,134.597,124.81,24014.9
5333811,4.5031,126.8158,124.79,25532.2
4885460,7.4772,134.4906,124.75,26243.5
1233658,7.3369,134.537,124.52,39147.4
1160427,1.675,127.5408,124.26,39791.4
7417174,7.2614,134.4422,123.36,22987.4
8480513,1.7681,127.5875,123.05,22013.4
11455479,1.7614,127.655,122.96,19938.9
2615944,1.6219,127.5497,122.69,31705.5
9011201,3.8958,126.6692,122.22,21583.7
1199095,7.2517,134.3828,122.1,39444.1
11472728,7.5497,126.5431,122.06,19926.1
1665646,7.7222,134.6225,122.02,36069.2
10199307,2.0133,127.8055,121.44,20725.4
5526066,4.4653,126.7455,121.37,25248.7
1220086,2.2011,127.765,121.0,39266.0
8060233,1.8111,127.7433,121.0,22380.8
5147503,7.1664,126.5045,120.7,25817.6
9744102,7.0653,126.4683,120.25,21039.7
7435616,2.0883,127.995,119.94,22973.6
5632794,7.1553,134.3628,119.58,25096.8
5239898,2.1597,128.317,119.41,25676.6
9622822,1.7575,127.6403,119.38,21127.3
11486460,2.175,127.7606,119.28,19919.7
10730836,7.4322,134.4953,118.58,20378.2
5446462,7.1586,134.3475,117.93,25364.5
4663468,7.9764,126.4161,117.9,26626.7
11264112,4.4519,126.7669,117.46,20050.4
4939083,7.51,134.5092,117.37,26153.5
9578017,7.6567,126.5214,117.18,21154.4
1294788,7.3311,134.4511,117.17,38639.5
5911840,4.185,126.7681,116.82,24720.8
10050355,1.9781,127.7733,116.78,20826.6
4178933,8.0644,126.41,116.74,27544.1
6583088,1.7267,127.6278,116.71,23892.6
8685384,8.1472,126.4261,116.49,21842.0
1332613,7.2464,134.3542,116.01,38343.3
6050637,1.6433,127.6006,115.87,24539.8
7907271,7.5253,134.5997,115.76,22517.0
3083420,7.3139,134.5036,115.73,30203.0
2450449,7.2931,134.4372,115.6,32318.5
5899855,7.51,134.5025,115.37,24736.3
11747008,8.1447,126.4128,114.83,19772.0
2690277,4.4825,126.8197,114.61,31445.2
7175809,4.4719,126.7669,113.71,23235.6
10551485,4.085,126.7267,113.63,20490.4
8855515,1.6392,127.5636,113.45,21704.4
6765947,1.9942,127.9206,113.22,23681.0
6080454,2.1789,127.7342,113.21,24503.4
11124613,7.9842,126.4242,112.95,20132.9
9499215,7.4442,134.4969,112.56,21214.6
10686899,7.4808,134.4953,112.52,20403.2
3947287,1.6081,127.5739,112.45,28030.2
8825357,4.43,126.8542,112.02,21727.9
10578490,1.7342,127.6372,112.0,20478.0
10231759,7.4494,134.5761,111.28,20700.8
9925560,1.5331,128.6767,111.26,20912.1
8697710,2.0939,128.3661,110.83,21833.2
6711530,4.5039,126.82,110.23,23740.1
2018816,7.2503,134.352,110.22,34171.7
9474536,4.3094,126.875,110.08,21229.6
8176675,4.4714,126.7522,110.01,22275.2
3491752,1.7169,127.53,109.94,29096.4
10658925,7.51,134.5183,109.91,20421.9
5190646,7.5686,126.5608,109.75,25750.9
5068570,4.2644,126.757,109.51,25943.2
1472130,7.3492,134.4492,109.3,37319.3
1472612,7.2769,134.3094,109.28,37315.9
6968128,7.5681,134.6281,109.26,23456.6
11113263,1.7467,127.6425,109.11,20142.4
3954532,7.1511,134.3617,108.92,28012.0
3302222,7.3592,134.445,108.24,29587.1
7420414,4.2556,126.7725,108.06,22984.7
4800803,7.1506,134.3583,107.73,26386.3
5108086,1.6281,127.5939,107.65,25881.7
11601936,1.5019,127.5386,107.47,19855.6
1754700,7.3544,134.5867,107.33,35547.9
5050424,1.8361,127.6472,107.18,25975.1
7212641,7.4506,134.4811,107.09,23197.1
9301941,7.1633,134.3467,106.89,21358.2
11824475,7.1544,134.3511,106.76,19726.9
9630806,1.8633,127.6606,106.7,21121.3
3137511,1.6706,127.4917,106.15,30046.5
2778357,1.9514,127.7292,106.08,31148.0
10503655,7.1672,126.4947,105.7,20521.5
7704718,7.3383,134.5064,105.68,22708.6
10476260,7.5133,134.5514,105.66,20540.1
7582686,2.2344,128.6186,104.93,22826.1
10797261,7.5356,134.5325,104.9,20334.4
2589443,7.3389,134.4983,104.9,31797.8
7704716,7.3697,134.5186,104.86,22708.6
5764749,7.3533,134.4531,104.38,24918.5
5443249,7.1503,134.368,104.32,25369.5
9833523,7.4692,134.5361,104.03,20972.9
9477505,7.4889,134.5611,103.58,21226.6
3160705,7.3742,134.5883,103.42,29978.6
11313938,7.1553,134.36,103.38,20018.6
1634978,7.3467,134.5695,103.15,36254.2
8913831,1.7153,127.5797,103.14,21660.4
7007889,2.1872,127.7447,102.57,23413.1
3996880,8.0289,126.4092,102.37,27923.1
7721364,7.4997,134.502,102.19,22691.8
3792962,3.8481,126.6817,102.17,28371.3
3212678,7.3442,134.5342,101.58,29831.6
6092727,7.1519,134.3761,101.56,24485.2
9707789,2.4669,128.5628,101.53,21063.9
8561605,2.3694,128.1514,101.52,21946.7
6054707,4.3075,126.8814,101.37,24534.6
5800646,7.5906,134.5519,101.19,24867.3
10598207,7.1628,134.3733,101.08,20462.4
8767404,7.3222,134.51,100.58,21771.8
9201250,1.6386,127.595,100.29,21435.6
6520658,1.6886,127.5297,100.16,23964.5
1724431,7.25,134.3886,100.14,35721.3
11844255,2.56,128.4445,100.05,19717.2
7903571,1.6136,127.9611,99.67,22522.7
9031592,7.59,134.5583,99.52,21566.0
6893625,7.1472,134.3533,99.29,23537.9
10948790,7.6308,126.5064,98.97,20240.2
8406924,2.145,128.0414,98.37,22074.1
1818866,7.285,134.2845,97.92,35194.9
7007015,4.0992,126.7283,97.66,23413.1
7653720,8.0194,126.4005,97.63,22756.2
11010787,2.4072,128.3019,97.35,20202.4
2049525,7.3486,134.5317,97.24,34024.1
5403596,7.3442,134.4972,97.05,25427.2
9084774,1.6322,127.5886,96.58,21524.6
11165760,4.4808,126.7483,96.45,20107.5
4339706,7.3403,134.5358,96.37,27227.7
7881962,4.4844,126.7389,96.36,22542.5
10700995,7.3478,126.5211,96.31,20393.8
10442774,2.3861,128.1667,96.05,20564.9
7263589,2.3994,128.2933,94.9,23147.6
8936156,7.8053,126.4292,94.71,21639.8
11298393,7.4628,134.4844,94.63,20028.2
11216741,8.0628,126.403,94.33,20079.0
2589444,7.3369,134.463,94.32,31797.8
6140812,7.345,134.5022,94.05,24425.3
1930628,4.6256,127.1614,94.0,34608.9
11093260,1.6408,127.5817,93.74,20155.0
3558405,7.6511,134.6381,93.64,28927.3
7916051,8.0578,126.4128,93.58,22508.5
8721378,2.2272,127.7997,93.33,21812.8
1961201,7.25,134.3703,93.16,34453.9
10078043,7.3164,134.5047,93.1,20805.2
8788981,2.3958,128.1653,92.89,21760.1
8330281,7.6447,134.6403,92.76,22137.5
11719681,7.4847,134.4911,92.56,19788.1
3865795,7.3344,126.5442,92.12,28209.1
5957422,7.4947,134.6286,91.82,24661.5
11004132,4.0989,126.7356,91.61,20205.5
3371496,8.0389,126.4083,91.5,29403.5
8880993,7.2519,134.38,91.3,21680.9
2060238,7.2697,134.3881,90.58,33973.5
2072534,5.5606,126.5886,90.27,33915.3
7111683,7.9872,126.4111,88.64,23304.0
4505490,2.0369,127.7981,88.42,26914.7
10094900,8.0406,126.4055,88.18,20792.9
8914825,7.4892,134.6186,88.17,21657.4
8296042,4.4242,126.8397,88.12,22169.1
2445322,8.0972,126.4425,87.91,32336.2
11500369,4.1922,126.8145,87.87,19910.1
8434155,7.2525,134.3705,87.65,22048.1
11413321,1.8042,127.8411,86.41,19964.4
2598604,7.2781,134.2961,86.29,31765.7
6074671,2.1258,128.2622,86.0,24511.2
2265497,9.6272,138.148,85.77,33059.1
8912178,4.3458,126.6953,85.26,21660.4
10368812,2.3142,128.6464,85.26,20611.4
9104051,7.3353,126.5511,85.12,21506.9
4527175,7.1756,134.3789,84.91,26874.4
5989539,7.2497,134.4108,84.42,24617.5
2341666,7.3214,134.4878,84.15,32745.4
2346035,7.2453,134.3831,84.07,32729.9
7818803,7.6989,134.6311,84.04,22598.9
8110550,4.2833,126.7322,83.91,22332.3
5114316,7.6708,126.5419,83.8,25869.4
2363010,7.3014,134.4817,83.72,32661.7
2377975,7.9617,126.4169,83.41,32601.1
9096791,7.5142,134.5586,82.84,21512.8
6936254,7.3044,134.4847,82.76,23489.2
2417104,7.2628,134.3378,82.62,32446.4
3027537,7.2731,134.3339,82.51,30365.0
3048856,9.5453,138.1789,82.46,30302.0
2981242,7.1733,134.3528,82.31,30505.2
11393840,7.5114,134.6097,82.13,19974.0
9392514,7.6378,126.5122,82.01,21292.5
5071180,7.4461,134.4722,81.95,25938.3
11451691,7.7119,134.618,81.8,19938.9
4956465,7.3544,134.5272,81.6,26126.7
7815897,9.5339,138.1794,81.46,22601.7
5823610,7.3578,134.5855,81.37,24839.1
4225639,7.295,134.435,81.29,27449.1
2491271,7.2753,134.3936,81.17,32160.4
7715715,7.1706,134.3483,80.94,22697.4
8899699,1.5342,128.5011,80.85,21672.1
2517917,7.3411,134.4542,80.67,32061.2
2521080,7.32,134.4953,80.61,32049.3
9220578,7.1628,134.3761,80.18,21417.8
10387263,1.9244,127.8314,79.96,20599.0
3868680,7.2689,134.4508,79.68,28202.4
8319763,1.6244,127.5903,78.87,22149.0
3990682,7.365,134.5894,78.81,27936.8
6464712,7.3411,134.4481,78.71,24028.2
2638789,7.2264,134.3669,78.48,31623.0
5263404,7.3392,126.5303,78.2,25636.8
8615853,8.1158,126.4164,77.67,21897.3
4685523,7.2372,134.3664,77.41,26586.0
7464914,2.1578,127.7661,77.26,22943.1
11276514,1.9744,127.7536,77.19,20044.1
2717309,7.2928,134.4447,77.13,31349.8
5768317,7.6086,134.5683,76.76,24913.4
6922964,3.7586,126.843,76.72,23505.4
5321229,2.5936,128.477,76.51,25549.7
2800259,7.3019,134.4342,75.78,31074.3
6504761,1.6758,127.5303,75.74,23980.4
3630827,7.2561,134.3408,75.44,28752.7
3059443,9.6008,138.1703,75.27,30272.5
4714190,1.6617,127.5569,75.22,26538.0
5595131,8.0706,126.4228,75.18,25152.6
8679561,4.0894,126.7356,74.68,21847.8
3717742,7.1428,134.3547,74.34,28545.9
4723715,7.2656,134.3858,73.54,26518.8
10333221,2.0264,127.7917,73.08,20636.1
2981243,7.1408,134.3175,73.03,30505.2
7990767,7.1458,134.3628,72.9,22440.5
9279163,7.5225,134.6147,72.16,21376.1
7136293,7.3325,126.5414,72.07,23276.6
8684444,1.9883,127.9431,71.76,21844.9
8846070,7.3586,134.5544,71.76,21710.3
8163645,7.2753,134.4414,71.69,22286.6
11045043,7.2289,134.3753,71.64,20183.4
9651636,1.5303,128.6917,71.54,21106.2
6020861,7.2667,134.3347,71.48,24578.7
4543208,7.2464,134.3917,71.45,26843.6
3127764,7.2678,134.368,70.98,30074.0
6921364,1.9425,127.7069,70.83,23508.2
9398762,2.1836,127.76,70.77,21289.5
3168653,7.2789,134.4208,70.42,29955.2
11668325,7.5267,134.5092,70.36,19813.9
10480745,7.2289,134.3775,70.1,20537.0
9327622,1.6433,127.5428,69.96,21340.3
5423904,2.2175,128.2528,69.87,25397.1
4096154,7.3547,134.5789,69.76,27714.7
3220753,7.2825,134.4022,69.74,29810.2
3225862,7.2639,134.4172,69.67,29795.2
3227321,7.0156,134.2403,69.65,29790.9
6898535,7.6758,134.6339,69.48,23532.5
3309620,7.2589,134.395,68.6,29565.5
3320717,7.1942,134.3686,68.47,29537.5
3879345,7.1375,134.3842,68.34,28177.5
4811681,7.2678,134.3858,68.23,26367.0
11404267,7.7572,126.4325,67.99,19967.6
6261710,9.5506,138.1456,67.54,24273.5
5777203,7.3972,126.567,67.26,24900.6
6891289,7.6661,134.6383,67.02,23540.7
5254083,7.3631,134.5822,66.05,25651.7
3526609,7.3322,134.5156,66.03,29006.4
5807274,1.9711,127.91,65.88,24859.6
3577295,2.1197,127.7753,65.47,28883.2
6296573,9.5661,138.1419,65.21,24228.9
4959255,7.2478,134.3722,65.17,26121.8
10811462,7.3383,126.5111,65.04,20325.0
5842289,4.0911,126.7322,64.98,24813.5
6727874,7.695,126.4047,64.88,23724.0
3642217,7.2547,134.3925,64.75,28723.9
3642215,7.335,134.4242,64.75,28723.9
3660960,7.2647,134.3592,64.55,28679.5
3665487,7.2672,134.4261,64.5,28668.4
7444825,7.3531,134.5645,64.5,22962.5
3667313,7.1703,134.3656,64.48,28664.0
10174707,7.4922,134.4833,64.36,20740.8
10138078,8.0603,126.4197,64.16,20762.3
3709198,7.1747,134.3717,64.03,28563.8
3785081,7.3081,134.4731,63.83,28389.3
4434604,8.0489,126.4122,63.81,27044.5
11196578,7.2544,134.4117,63.32,20091.7
7653752,7.28,134.4267,62.86,22756.2
11666715,1.9456,127.7114,62.67,19817.1
10377696,2.1133,128.2611,62.6,20605.2
7452788,7.3539,134.5811,62.44,22954.2
6980122,7.1908,134.3633,62.09,23443.0
9256817,7.9889,126.445,62.01,21394.0
3987073,7.2783,134.442,61.27,27941.4
6616588,8.0506,126.4181,61.18,23849.9
4428697,7.2622,134.3775,60.93,27056.3
9656732,7.3556,134.5772,60.84,21100.1
11049955,8.0461,126.4125,60.24,20180.3
7929924,1.6542,127.5861,59.91,22497.2
4141749,7.1683,134.3697,59.87,27620.3
4184434,7.2894,134.415,59.49,27532.5
11816707,2.5322,128.4114,59.32,19733.3
5543657,7.0414,134.26,59.28,25226.0
9922546,7.2783,134.4314,59.06,20912.1
5195226,7.2836,134.425,59.06,25743.5
5224531,7.2583,134.4111,59.03,25696.4
9750684,2.2786,128.6367,59.02,21036.6
5022757,8.0175,126.42,58.52,26016.7
4659613,7.1606,134.3531,58.37,26633.9
4422718,7.2361,134.3808,57.99,27068.1
5422885,7.2775,134.3031,57.99,25397.1
8624787,2.5847,128.4528,57.83,21891.5
10376101,4.2503,126.7978,57.2,20605.2
4484527,7.2472,134.3803,57.0,26950.2
5985837,8.0122,126.41,56.92,24622.7
11104502,9.5119,138.1175,56.06,20145.5
4996786,7.1792,134.3728,56.02,26060.8
4615555,7.3242,134.4983,56.0,26712.7
9095782,1.6481,127.5661,55.45,21515.7
10073644,8.0081,126.4019,55.38,20808.2
4742458,7.29,134.4294,55.06,26487.6
6471123,7.1761,134.3514,54.86,24020.2
4780817,7.1556,134.3414,54.79,26422.5
4795373,7.2953,134.4078,54.68,26396.0
4832343,7.3425,134.5481,54.42,26333.2
4840537,7.2917,134.4128,54.36,26318.6
4841972,7.2878,134.4328,54.35,26316.2
6083127,7.3617,134.5883,53.95,24498.2
4918192,7.0903,134.285,53.83,26190.0
4941867,7.3394,134.4428,53.66,26148.6
9227142,2.0636,128.5108,53.36,21414.8
5711723,7.3419,134.5314,53.26,24990.0
5012573,7.3208,134.498,53.19,26033.9
5056708,7.1825,134.2633,52.9,25962.8
9889237,7.2786,134.2864,52.8,20936.4
5080027,7.3106,134.5011,52.74,25923.5
5120383,7.2447,134.3795,52.48,25859.5
5174825,7.3308,134.4903,52.13,25773.2
5231225,7.3161,134.4853,51.79,25689.0
9870215,4.4731,126.8497,51.71,20948.6
5254086,7.2761,134.405,51.64,25651.7
10397575,7.3592,134.5225,51.27,20589.7
5419776,6.9131,134.1292,50.64,25402.2
5493242,1.5511,128.0539,50.23,25299.1
9293210,1.6583,127.5819,50.21,21367.2
5497051,7.2839,134.4103,50.2,25291.6
5834517,7.1719,134.3686,50.04,24823.7
8082305,7.1983,134.3719,50.02,22358.0
8103663,7.285,134.4125,49.49,22338.0
9594038,7.3519,134.5239,48.66,21142.4
5787987,7.3281,134.4903,48.6,24885.2
5845376,7.1892,134.3811,48.3,24808.3
5863787,7.135,134.308,48.2,24782.6
11489848,4.4842,126.8542,48.07,19916.5
6438354,7.1597,134.3422,47.74,24057.3
5985857,7.2644,134.4211,47.58,24622.7
6005752,7.3261,134.4819,47.49,24599.4
9035173,7.2167,134.3806,47.36,21563.1
6035957,7.3289,134.5403,47.33,24557.9
6057873,7.7544,134.6203,47.23,24532.0
6098505,7.25,134.3675,47.02,24477.4
6123226,7.1522,134.3161,46.91,24448.7
6172624,4.6422,127.1597,46.66,24383.5
6290551,7.15,134.3419,46.1,24236.7
11548930,7.4689,134.4842,46.1,19884.5
6449594,7.1639,134.3411,45.38,24046.7
6523385,7.2717,134.3822,45.05,23959.1
6592482,7.1633,134.3561,44.75,23879.2
8649645,7.1608,134.3575,44.72,21868.2
6870332,7.1775,134.2642,43.58,23565.0
7032649,4.8025,127.0617,42.93,23388.6
7089030,4.7011,127.1369,42.7,23325.9
7104968,4.735,127.0717,42.65,23312.2
8197140,7.3553,134.5214,42.24,22255.2
8237426,8.1094,126.4281,41.73,22217.9
7354088,7.3208,134.5139,41.71,23053.9
7359307,7.1442,134.3714,41.69,23048.3
7523317,7.3322,134.4858,41.1,22884.7
11644896,1.9183,127.6897,40.98,19830.0
8357024,7.3375,134.4481,40.46,22117.3
7718504,7.1461,134.3705,40.42,22694.6
8029825,7.3303,134.4936,40.37,22403.5
11104634,7.1361,134.3072,40.21,20145.5
8517957,7.1669,134.3669,37.91,21978.6
8642938,7.2153,134.377,37.55,21874.0
9024337,7.3297,134.4861,37.01,21571.9
10754410,7.1642,134.3394,36.77,20362.6
9053013,7.1083,134.2528,36.44,21548.3
9216849,7.3347,134.4944,36.01,21420.8
11441119,8.2122,126.4403,35.91,19945.3
9407852,7.5086,134.4978,35.54,21280.5
9516501,3.9444,126.7147,35.28,21202.5
9850211,7.2069,134.3745,34.48,20960.8
9881027,7.3675,134.4317,34.42,20942.5
10086371,7.1983,134.3775,33.95,20799.1
10231769,7.2461,134.37,33.94,20700.8
10161744,7.1631,134.36,33.79,20750.0
10231774,7.1511,134.3442,33.63,20700.8
10380524,4.2831,126.6989,33.31,20602.1
10526482,7.1606,134.3644,33.0,20506.0
10541060,7.3269,134.535,32.97,20496.7
11099712,7.9689,126.4239,31.86,20148.7
11119631,7.4678,134.4728,31.82,20136.0
11225522,1.7078,127.5489,31.63,20075.8
11277944,7.9817,126.4333,31.52,20040.9
11324193,7.3581,134.498,31.43,20012.3
11373838,5.3269,132.2242,31.35,19986.8
11469501,3.0086,131.123,31.17,19929.3
11527534,7.3311,134.4878,31.07,19897.3
11603524,7.1681,134.3622,30.93,19852.4
11796835,7.2678,134.3814,30.59,19743.0
11806294,1.6619,127.4911,30.58,19739.8
11835429,7.1761,134.27,30.52,19720.4
