4015493,51.8117,-91.3275,476.03,27882.0
4364722,52.0481,-92.4928,470.21,27178.5
6910442,52.0156,-92.0478,469.03,23519.0
3938783,52.3286,-91.6786,468.22,28048.3
3807225,52.3706,-91.6319,467.46,28339.8
10636118,51.7369,-92.4367,466.84,20437.5
9477966,51.8547,-92.2817,465.2,21226.6
7735764,52.0469,-92.0675,464.64,22677.7
11554896,51.7614,-92.3294,463.59,19881.3
3010635,52.2394,-92.2878,462.27,30415.3
8982932,51.8972,-91.7378,461.82,21601.5
5107239,51.9117,-91.2111,459.93,25881.7
3420856,52.4231,-91.4736,457.24,29275.4
10546224,52.035,-92.1211,457.1,20493.6
10335361,51.9239,-92.0658,456.78,20633.0
5367605,51.8656,-91.1758,456.56,25479.8
11725640,52.3672,-91.6803,455.74,19784.9
4403545,52.4067,-91.2794,455.29,27103.4
7842200,51.82,-91.4942,455.2,22576.4
5978514,52.3078,-91.8403,454.92,24633.1
9677586,51.8275,-92.405,454.45,21085.0
10021874,52.0756,-92.3775,454.19,20845.0
11462827,51.9569,-91.4511,453.38,19932.5
7243419,52.2878,-91.9575,453.32,23164.2
6235018,51.8142,-91.2425,453.06,24305.0
9071590,51.7247,-91.5628,452.84,21533.5
8061428,52.1247,-91.8328,452.42,22377.9
9789337,51.8781,-91.24,452.41,21006.3
11212221,51.7672,-91.4642,452.08,20082.2
8606408,51.8658,-91.1436,451.8,21906.0
10504177,51.7928,-91.3683,451.45,20521.5
7314408,51.7122,-92.5608,451.26,23092.5
2764820,51.9094,-90.4069,450.28,31190.9
7066531,51.7844,-91.265,450.24,23350.4
8626567,51.9203,-91.2542,449.71,21888.6
4154877,52.5103,-91.4136,449.65,27592.6
10052085,52.0072,-92.26,449.52,20823.5
9466271,52.1264,-91.6494,449.49,21235.6
8623073,51.98,-90.3178,449.21,21891.5
10783370,52.1044,-91.9292,449.2,20343.8
10241055,51.8478,-91.9992,448.31,20694.6
5510737,52.4819,-91.4269,448.09,25271.4
7807720,51.8956,-90.3567,447.76,22610.2
7256227,51.9492,-91.3019,447.19,23150.4
8447723,52.2078,-91.715,446.77,22036.5
7994128,52.3244,-91.8425,446.23,22437.6
7997186,51.8667,-90.4719,445.9,22434.8
11095407,51.9889,-92.3667,445.67,20151.8
10783384,51.9033,-91.3325,445.53,20343.8
9275883,51.7956,-91.6717,444.37,21379.1
11324790,52.3003,-92.1286,443.8,20012.3
8067464,51.9203,-90.6053,443.29,22372.2
5634682,52.4517,-91.2536,442.93,25094.3
10664006,51.7003,-91.685,442.67,20418.8
5986087,51.835,-90.4511,442.61,24622.7
10513193,52.1586,-91.9969,442.41,20515.3
9511516,52.3611,-91.5161,442.14,21205.6
9010351,51.8806,-91.1819,441.87,21583.7
8911769,51.7544,-91.6083,441.81,21660.4
8961498,51.8483,-90.5167,441.2,21619.1
4342260,51.7222,-90.815,440.97,27223.0
4426530,52.1,-90.7786,440.86,27061.0
9355950,52.0069,-91.4278,440.76,21316.4
10915278,51.9131,-90.4844,440.61,20262.2
8225434,52.2089,-91.3217,440.28,22229.4
10104002,52.1833,-92.0425,440.1,20786.8
9454673,52.4456,-91.1969,439.07,21244.6
10865028,51.8647,-90.3217,438.18,20290.5
10541618,51.9969,-90.485,438.04,20496.7
2559380,52.1308,-90.1036,437.72,31907.8
11263474,51.7942,-92.4661,437.69,20050.4
3747625,52.3306,-92.1161,437.68,28476.6
4638898,52.2247,-93.1811,437.63,26669.7
11808524,52.3175,-91.5836,437.48,19736.6
9781199,51.7436,-90.8225,437.11,21012.4
11431259,51.8422,-91.2603,437.09,19951.7
10262961,52.14,-91.9328,437.06,20679.2
8606410,51.8503,-90.3825,436.95,21906.0
5262010,51.9397,-93.4294,436.93,25639.3
11478761,52.0186,-91.5675,436.69,19922.9
10701548,52.1072,-91.4167,436.59,20393.8
8599768,51.7742,-92.6261,436.29,21911.9
6512907,51.8144,-90.9558,435.38,23972.4
9458495,52.3714,-91.2919,435.37,21241.6
6766838,52.0386,-93.325,434.57,23678.3
9906546,51.7517,-91.1367,434.38,20924.3
5344825,52.4722,-91.2069,434.29,25514.8
3108820,52.7258,-91.5058,434.15,30129.1
5649569,52.1261,-93.1408,434.06,25076.5
11105235,51.7506,-91.6633,434.04,20145.5
11070420,51.7358,-91.2167,434.01,20167.6
10291308,51.7653,-91.9069,433.72,20663.8
11217435,51.8325,-90.4208,433.68,20079.0
8327443,51.8783,-90.5444,433.61,22140.4
7141599,51.8089,-91.09,433.49,23271.2
11615037,51.755,-91.9375,433.29,19846.0
5726432,51.7922,-90.4286,432.59,24969.6
11780888,51.8017,-90.9708,431.68,19752.7
6051413,52.0558,-90.9161,431.38,24537.2
7919314,51.7683,-90.9817,431.22,22505.7
10769269,52.0372,-90.9108,431.15,20353.2
8030187,51.8878,-93.1111,430.89,22403.5
9035603,51.7719,-90.9003,430.63,21563.1
3236966,51.8186,-90.1142,430.59,29763.1
9825767,51.8525,-90.275,430.49,20979.0
11780880,52.0475,-90.8761,430.19,19752.7
9558761,52.2458,-93.1725,430.16,21169.5
9935719,51.8231,-90.8528,430.14,20902.9
5646114,52.1892,-91.1711,429.68,25081.6
9825768,51.8381,-93.3394,429.67,20979.0
11764322,51.7486,-90.7803,429.62,19762.4
9024778,52.3058,-92.1008,429.46,21571.9
5788227,52.2153,-92.7925,429.39,24885.2
6862659,51.9517,-90.7733,429.06,23570.4
6492747,52.3022,-92.995,428.92,23993.7
9764928,51.8333,-90.5483,428.9,21024.5
6836952,52.1828,-92.9469,428.28,23600.1
7412209,52.1583,-92.9453,428.0,22993.0
10134304,51.9217,-90.2128,427.88,20765.3
11040727,51.9461,-92.5592,427.69,20186.6
10508723,51.8325,-90.3786,427.28,20518.4
6625665,51.7447,-90.6344,427.24,23839.2
9013872,52.0625,-93.0458,427.24,21580.8
9392956,52.1575,-93.1619,426.9,21292.5
9531161,51.7478,-90.7011,426.9,21190.5
3940722,52.6342,-91.3042,426.81,28043.8
7659571,51.9514,-90.21,426.66,22750.6
11335224,52.4881,-91.1783,426.0,20005.9
6305110,51.8317,-90.2633,426.0,24218.3
9242432,52.4417,-90.9767,425.89,21405.9
9543013,52.1169,-92.7067,425.59,21181.5
5996596,51.7664,-90.1867,425.16,24612.4
8292417,52.0375,-90.7833,424.82,22172.0
5693080,52.3081,-92.5978,424.51,25012.9
9777083,51.7639,-91.1203,424.47,21015.4
9515496,52.3022,-92.6303,424.47,21202.5
2857129,51.7822,-89.3936,424.4,30891.3
8502000,52.2142,-92.4108,424.35,21993.1
9279603,52.2006,-92.9983,424.33,21376.1
8311544,51.8153,-90.1758,424.18,22154.8
7492967,52.0639,-90.9492,424.18,22912.5
10166702,52.1956,-92.7775,424.17,20746.9
11736659,51.8447,-92.6961,424.13,19778.5
9850712,51.8058,-90.1175,423.95,20960.8
11368541,51.7253,-90.9569,423.83,19990.0
5456566,52.3672,-92.6286,423.61,25349.4
7144048,52.3169,-92.5486,423.53,23268.4
11120242,52.0725,-93.2219,423.52,20136.0
10949396,52.3756,-92.6369,423.48,20240.2
8122554,52.3147,-92.6217,423.27,22320.9
7922280,52.2897,-92.4725,423.21,22502.9
9931518,51.91,-90.7083,423.04,20906.0
9574479,51.9461,-90.2175,422.52,21157.4
10034989,51.8758,-90.6953,422.39,20835.8
10915268,52.5375,-91.3992,422.23,20262.2
10564686,52.3008,-92.2142,422.14,20481.1
9726295,51.9017,-90.2053,421.92,21048.7
4357286,52.2008,-93.7561,421.92,27192.6
7857108,52.6039,-91.3378,421.8,22562.2
8740231,52.3322,-92.5317,421.79,21795.2
9805507,51.8992,-90.1936,421.61,20994.2
9805500,52.1656,-93.0783,421.39,20994.2
7523647,51.8247,-90.3336,421.28,22884.7
11533544,51.9875,-90.6508,421.14,19894.1
10034975,52.4436,-91.4825,421.11,20835.8
8134782,52.0939,-93.0678,421.04,22309.5
7581321,52.3636,-92.2561,420.58,22826.1
9730352,51.8994,-90.1817,420.48,21045.7
9632432,52.2297,-92.9467,420.44,21118.2
9381382,52.3572,-92.6103,419.57,21301.5
10710951,52.3581,-92.4844,419.55,20387.6
7051779,52.2492,-93.0294,419.53,23366.8
6829958,51.8556,-90.7783,419.49,23608.2
6249929,51.7783,-89.4258,419.37,24289.3
4130096,51.7547,-89.3767,418.52,27645.7
11283732,52.2139,-92.9786,418.19,20037.7
11135110,52.0906,-93.0292,417.66,20126.5
9416132,52.2769,-92.6453,417.48,21274.5
11258223,52.3786,-92.6211,417.05,20053.6
10560047,52.3342,-92.5933,416.98,20484.2
8418212,51.7583,-90.0783,416.59,22062.5
8070420,52.1572,-92.7217,416.53,22369.4
11060617,52.1275,-92.7378,416.47,20174.0
10162262,52.1583,-92.5711,416.17,20750.0
8395852,52.3733,-92.5092,415.39,22082.7
9253565,51.9203,-90.1492,415.39,21397.0
7643152,51.7314,-93.5211,415.15,22767.4
4980819,52.0764,-90.0244,414.93,26085.2
4929521,51.7092,-90.5533,414.31,26170.6
7845620,52.3133,-92.8483,414.24,22573.5
11207200,52.2458,-93.0144,414.2,20085.3
9294767,51.9372,-90.1344,414.03,21364.2
10736150,51.7247,-93.0642,413.95,20375.1
5731773,52.7139,-91.4653,413.78,24961.9
10831230,52.1719,-93.8433,413.77,20312.4
10821504,52.0511,-92.8536,413.37,20318.7
9294759,52.1022,-91.1786,413.01,21364.2
1283281,53.3772,-92.7467,412.89,38733.4
4980823,51.7231,-90.3825,412.83,26085.2
7468959,51.7522,-90.3836,412.79,22937.5
9701899,51.7042,-94.2167,412.32,21066.9
6406858,51.7611,-89.3933,412.16,24097.0
10998359,51.8794,-93.4908,412.1,20208.7
7009119,52.6292,-91.4503,411.91,23410.4
3452072,52.6678,-91.1969,411.8,29194.7
9914796,51.7303,-93.19,411.71,20918.2
9756755,52.1897,-92.5544,411.45,21030.6
8947249,52.3917,-91.8869,411.16,21630.9
6780911,51.8692,-93.6186,411.02,23662.1
7556749,52.1864,-92.6528,410.55,22851.2
11593217,52.19,-93.9286,410.17,19858.9
10013466,52.3453,-90.9117,409.96,20851.1
8222392,52.2981,-92.8992,409.9,22232.3
7437005,51.8381,-93.4919,409.82,22970.8
11714753,51.8686,-93.6342,409.64,19791.4
5065493,52.2564,-90.5261,409.26,25948.1
11663483,52.3406,-91.995,408.98,19817.1
10393619,51.8439,-90.0569,408.66,20592.8
10954265,52.2383,-93.0475,408.53,20237.0
11212209,52.1019,-90.9761,408.29,20082.2
8270488,51.8203,-94.1153,408.27,22192.1
4672709,52.4147,-92.7253,408.21,26609.9
8383022,52.3164,-92.5186,407.96,22094.3
5784623,52.5097,-90.6642,407.85,24890.4
8305256,52.2861,-93.5961,407.83,22160.5
4392934,51.7853,-93.5336,407.68,27124.5
9641091,52.195,-92.6703,407.38,21112.2
9777073,52.1881,-90.9842,407.27,21015.4
11457599,52.3019,-93.5517,407.18,19935.7
8336978,52.0819,-93.6825,407.13,22131.7
8444496,52.3064,-93.82,406.91,22039.4
5989770,51.7403,-89.9869,406.66,24617.5
7141594,52.3314,-90.6508,406.06,23271.2
7688537,51.9222,-93.7294,405.73,22725.4
10348730,52.0858,-93.7044,405.63,20623.7
11065490,52.3167,-93.5694,405.02,20170.8
10300294,52.3194,-93.5169,404.48,20657.7
9550811,51.8547,-93.5903,404.42,21175.5
6586156,52.3692,-92.8508,404.23,23887.2
6430036,52.5611,-90.845,403.78,24067.9
8428034,52.4067,-92.3486,403.71,22053.9
9169227,52.3717,-93.5128,403.36,21459.4
8596303,52.1628,-92.7458,403.19,21914.8
11263449,52.2742,-93.6928,403.03,20050.4
10108340,51.7306,-93.5658,402.99,20783.7
10056399,51.7344,-89.4553,402.88,20820.5
10175270,51.7425,-94.1286,402.77,20740.8
10458627,52.0283,-93.7283,402.37,20552.5
11192157,51.8494,-90.1469,402.22,20094.9
10850608,52.3392,-92.1986,402.21,20299.9
7049331,52.3653,-93.9458,401.66,23369.5
7180138,51.8803,-94.2886,401.65,23232.8
3960231,51.7661,-88.7742,401.55,28002.9
10731400,51.7464,-89.2969,401.46,20378.2
7919315,51.7614,-90.3367,401.39,22505.7
6908127,52.4036,-93.4778,401.27,23521.7
8012144,52.4161,-92.7994,401.18,22420.6
9389101,52.2586,-93.7667,400.97,21295.5
11055646,52.4333,-92.0569,400.95,20177.1
9158198,52.4453,-92.7358,400.86,21468.3
9035586,52.3431,-93.7511,400.84,21563.1
11192160,51.8181,-94.3178,400.84,20094.9
11565521,51.76,-93.5628,400.81,19874.9
5466487,51.83,-93.7961,400.75,25334.3
9242445,51.7361,-89.4036,400.63,21405.9
8696065,51.85,-90.1883,400.59,21833.2
9773068,51.7886,-89.4525,400.57,21018.5
8856886,52.0186,-93.8311,399.77,21701.5
4787586,51.7022,-93.9461,399.75,26410.5
8849920,52.4697,-90.8775,399.67,21707.4
8405281,52.1578,-93.6783,399.52,22074.1
9503632,51.8231,-90.2117,399.38,21211.6
10532416,52.4,-92.2086,399.24,20502.9
7744271,52.5833,-91.0969,399.13,22669.3
8264059,51.8056,-94.0992,399.13,22197.8
6255934,52.42,-92.5078,399.05,24281.4
10920236,52.0472,-93.7294,398.97,20259.1
11685017,52.3878,-93.53,398.56,19804.2
7136573,51.9586,-90.0536,398.36,23276.6
11560169,51.9,-93.5436,398.3,19878.1
8051145,52.5742,-91.0692,398.02,22383.6
10993509,52.1853,-90.7536,397.91,20211.8
9939806,52.1844,-90.8278,397.81,20899.9
10959161,51.7436,-90.4483,397.57,20233.9
10517872,51.8378,-93.6642,397.49,20512.2
11170194,52.1972,-90.3875,396.55,20104.4
11647109,51.8533,-90.2175,396.46,19826.7
9990387,52.4047,-92.7867,396.16,20863.3
11775375,52.0375,-93.8261,396.13,19755.9
7964511,52.4322,-92.2983,396.09,22466.0
10330976,52.0256,-90.0961,396.03,20636.1
9125012,52.1442,-90.1253,395.82,21495.0
10513207,51.8836,-90.0611,395.6,20515.3
9948095,52.4392,-92.6775,395.52,20893.8
8260923,52.4553,-93.805,395.36,22200.7
11604182,52.1153,-93.7369,395.09,19852.4
10905545,52.4003,-93.9475,395.02,20268.5
9249891,52.4536,-92.7044,394.89,21400.0
7262337,51.8097,-89.5153,394.75,23147.6
8972191,51.8447,-94.2792,394.66,21610.3
10925057,52.5408,-90.7561,394.58,20255.9
7380692,51.7614,-93.6186,394.53,23026.2
10267491,52.5731,-91.1117,394.27,20676.2
7869952,52.4653,-92.5078,394.23,22553.8
10964061,51.7036,-88.9353,393.44,20230.7
5058329,52.53,-92.7553,393.41,25960.4
6189252,52.4397,-93.4519,393.29,24365.2
8036081,52.5783,-91.0111,393.15,22397.9
6492744,52.4717,-93.7861,392.88,23993.7
6454156,52.4522,-93.5167,392.85,24041.4
10860090,52.2631,-94.0228,392.77,20293.6
10416366,52.4439,-92.7817,392.77,20577.3
7314395,52.6664,-91.2625,392.76,23092.5
11522844,52.2111,-93.7042,392.75,19900.5
8566616,52.3222,-93.6367,392.72,21940.9
7693995,52.3764,-94.3392,392.65,22719.8
10973932,51.7058,-90.1936,392.51,20224.4
9910737,51.8503,-94.1836,392.28,20921.2
10905548,52.3767,-93.8117,392.11,20268.5
9392955,52.2333,-90.6675,392.04,21292.5
11709377,52.5194,-90.7933,391.92,19794.6
9279599,52.34,-94.1617,391.89,21376.1
10458633,51.7819,-89.4886,391.86,20552.5
9187930,51.9986,-94.3375,391.63,21444.6
11358172,51.9853,-93.0667,391.21,19996.3
9454680,52.3736,-92.9267,391.15,21244.6
9071574,52.5561,-91.2008,391.03,21533.5
8475391,52.2525,-94.1186,390.96,22016.3
5207954,52.7122,-91.2675,390.8,25723.7
8911764,52.0578,-94.0744,390.7,21660.4
4840710,52.5311,-94.1611,390.66,26318.6
10895818,52.3633,-92.8036,390.2,20274.8
6776341,52.4156,-90.6344,390.18,23667.5
11399679,52.4275,-92.6636,390.13,19970.8
8511766,52.5111,-91.6,390.03,21984.4
6958931,51.7064,-89.2328,389.77,23467.5
10504156,52.3756,-94.2308,389.68,20521.5
11105209,52.4231,-92.4136,389.62,20145.5
6219146,52.4419,-93.9578,389.53,24326.0
5832902,51.8375,-94.1119,389.51,24826.3
6394298,52.6017,-94.1908,389.36,24112.9
9910729,52.0861,-90.0158,389.19,20921.2
9242442,51.9075,-93.9661,388.97,21405.9
9956487,52.0944,-89.9967,388.91,20887.7
10964030,52.3914,-93.5961,388.87,20230.7
5110068,53.3508,-93.3292,388.75,25876.8
7455665,51.7706,-89.6383,388.74,22951.4
11522866,51.7872,-93.0936,388.73,19900.5
10309130,52.3633,-92.9117,388.57,20651.5
9147089,52.5522,-92.6742,388.55,21477.2
8831867,51.715,-89.375,388.5,21722.0
9443156,51.9303,-94.1858,388.35,21253.6
10612619,52.4203,-93.9125,388.18,20453.1
10802588,52.4667,-92.835,388.05,20331.3
10687473,52.1175,-93.8067,387.96,20403.2
10934689,52.4208,-94.0886,387.9,20249.6
8021218,52.4858,-93.9617,387.9,22412.1
11263444,52.4192,-94.5078,387.89,20050.4
10788243,51.9497,-89.7858,387.84,20340.7
10099727,52.4017,-94.0833,387.8,20789.9
9943936,52.5542,-90.8778,387.8,20896.9
10673344,52.4203,-93.4808,387.79,20412.6
9793313,52.1947,-94.1211,387.65,21003.3
10485823,52.4658,-93.9194,387.63,20533.9
10626767,52.5361,-90.8692,387.62,20443.8
8804192,52.4372,-94.0125,387.53,21745.5
11373702,52.4708,-92.7561,387.49,19986.8
11075371,51.8828,-89.6917,387.47,20164.5
11293779,53.3442,-93.2153,387.03,20031.3
8408523,52.6197,-91.1275,387.02,22071.2
11499661,51.7431,-89.3536,386.95,19910.1
8639851,52.4597,-93.8728,386.71,21876.9
10840838,52.4672,-93.5703,386.65,20306.2
10241057,51.7481,-88.6825,386.64,20694.6
10276285,52.5236,-91.7092,386.58,20670.0
10317843,52.2339,-94.06,386.54,20645.3
7207969,52.5472,-94.13,386.46,23202.6
7673535,52.7417,-91.3125,386.42,22736.6
11615026,51.9658,-93.9917,386.35,19846.0
10047837,51.8689,-94.1144,386.28,20826.6
10389147,52.5967,-91.2086,385.98,20595.9
8067458,52.16,-94.2961,385.95,22372.2
4530982,52.6403,-93.5808,385.92,26867.3
7656820,52.2258,-90.3133,385.87,22753.4
2568359,53.4194,-92.8925,385.84,31875.9
11522860,51.8844,-94.1692,385.77,19900.5
8405275,52.5014,-92.8125,385.73,22074.1
10134292,52.4522,-94.04,385.55,20765.3
10900687,52.4464,-92.3733,385.54,20271.6
10891023,51.7436,-93.6453,385.25,20277.9
10402685,52.4053,-93.1975,385.18,20586.6
9797340,52.3464,-93.645,385.11,21000.3
9431557,52.4994,-92.7386,384.91,21262.6
10047827,52.2803,-94.1958,384.87,20826.6
11825074,52.3994,-94.2228,384.6,19726.9
11008352,52.3697,-94.1528,384.51,20202.4
10104014,51.7964,-93.0767,384.25,20786.8
8472064,52.5194,-93.8453,384.25,22019.2
11483972,52.4406,-93.9367,384.0,19919.7
9943934,52.6167,-91.0669,383.76,20896.9
6839351,51.7917,-93.9011,383.64,23597.4
7329839,52.6319,-93.4575,383.61,23076.0
5424728,52.6097,-93.3253,383.54,25394.6
8360621,52.4942,-90.405,383.53,22114.5
9158187,52.6508,-91.2258,383.51,21468.3
7607251,52.5436,-94.0878,383.48,22803.8
11792004,52.43,-93.9361,383.45,19746.2
6686534,52.4931,-94.1017,383.39,23769.6
8760903,52.5219,-92.7008,383.29,21777.7
9515494,52.4686,-93.45,383.18,21202.5
11329997,52.17,-94.2011,383.07,20009.1
11786492,52.4408,-93.9128,382.94,19749.5
11242845,52.3072,-94.1244,382.54,20063.1
6938946,52.7078,-93.6428,382.44,23486.5
9136077,52.4747,-92.7042,382.27,21486.1
7335094,51.8547,-94.0419,382.26,23070.4
8045103,52.6194,-93.5144,382.09,22389.3
10286871,52.5028,-93.9869,382.06,20666.9
11803063,52.3908,-92.86,381.89,19739.8
11742222,52.4325,-93.9211,381.87,19775.3
10179598,52.5194,-93.9619,381.74,20737.7
11155137,52.5328,-94.1292,381.42,20113.9
10138660,52.3944,-93.17,381.38,20762.3
6073736,52.6056,-93.3961,381.19,24511.2
10731396,51.8317,-88.69,381.17,20378.2
8656699,52.4806,-92.3553,380.99,21862.4
11085301,52.4492,-94.3111,380.99,20158.2
8176310,52.495,-94.0619,380.99,22275.2
5797356,52.5569,-92.8158,380.69,24872.4
3700143,52.7081,-94.2008,380.57,28586.1
5820155,52.7261,-93.8175,380.45,24844.2
9645190,52.1911,-94.3533,380.39,21109.2
7337731,52.6211,-93.4303,380.37,23067.7
8831845,52.5194,-94.0967,380.19,21722.0
10449609,52.1039,-93.8386,380.18,20558.7
9344396,52.0797,-94.1728,380.08,21325.4
6832301,52.5333,-94.015,380.07,23605.5
5728204,51.8697,-88.6325,379.93,24967.0
7562185,52.5708,-93.5033,379.9,22845.7
6362083,51.8097,-89.395,379.79,24149.8
10304787,52.5531,-94.2283,379.52,20654.6
8794059,52.4828,-93.815,379.51,21754.3
11753345,51.8128,-89.4486,379.47,19768.8
10929886,51.7792,-93.8269,379.46,20252.8
5603913,52.0469,-89.745,379.35,25140.0
5503885,52.6456,-94.2828,379.29,25281.5
10205969,52.5047,-94.1519,379.17,20719.3
11813982,52.5206,-92.7775,379.13,19733.3
8302003,52.0189,-94.1769,379.12,22163.4
8431380,52.4422,-93.8533,379.11,22051.0
8228567,52.6003,-93.5017,378.97,22226.5
8897700,51.7925,-94.0392,378.83,21672.1
10631400,52.5258,-94.5519,378.79,20440.6
11462818,52.2872,-94.1725,378.78,19932.5
7529063,52.4669,-94.0458,378.67,22879.1
10560062,51.9461,-94.0811,378.34,20484.2
9709876,52.1533,-90.1528,378.28,21060.8
11808546,51.7436,-93.7636,378.24,19736.6
9381380,52.4769,-93.6569,378.0,21301.5
11278560,52.1353,-89.9792,377.97,20040.9
8478575,51.9919,-94.2583,377.95,22013.4
9606318,52.6578,-93.6428,377.95,21133.3
11378909,52.4914,-92.5494,377.88,19983.6
10271908,51.805,-89.4258,377.81,20673.1
11095385,52.4561,-92.3403,377.77,20151.8
9136074,52.5664,-90.9658,377.63,21486.1
10454046,52.69,-94.1792,377.45,20555.6
10353095,52.6403,-94.3261,377.4,20620.6
10286864,52.6511,-93.6667,377.23,20666.9
5192404,52.7278,-94.1819,377.09,25748.4
5584275,52.6886,-94.2725,376.87,25165.3
10807289,52.5706,-90.9258,376.86,20328.1
9669361,52.7047,-94.1678,376.7,21091.1
8579792,52.5292,-92.7878,376.7,21929.3
5913405,52.6431,-93.3419,376.02,24718.3
9067961,52.6817,-94.1586,375.96,21536.5
10431656,52.4919,-91.5378,375.88,20571.1
7735769,51.7964,-89.3578,375.57,22677.7
5254286,52.7586,-94.0475,375.48,25651.7
11368539,51.7575,-89.8567,375.45,19990.0
6425765,52.13,-94.1944,375.45,24073.2
9136078,52.445,-93.3608,375.44,21486.1
10900685,52.4786,-93.4303,375.35,20271.6
7973357,52.3494,-90.275,375.13,22457.5
11065485,52.4386,-93.8933,375.0,20170.8
10759717,52.4258,-93.9694,374.9,20359.4
9503614,52.5394,-92.4278,374.89,21211.6
9427728,52.6633,-93.5858,374.69,21265.6
6778649,52.4839,-93.0486,374.48,23664.8
8451047,52.7072,-93.735,374.4,22033.6
11641752,52.5356,-90.9217,374.13,19830.0
11080305,52.5114,-93.5992,374.01,20161.3
6919908,52.6808,-94.1153,374.01,23508.2
5749474,52.7956,-93.8858,373.87,24936.4
10645426,52.5772,-91.5333,373.76,20431.3
9620446,52.1836,-94.4378,373.67,21127.3
7182684,51.825,-88.3961,373.65,23230.1
10793009,52.1683,-94.4969,373.6,20337.5
8200597,52.6444,-93.7553,373.56,22252.3
8264045,52.5458,-93.7083,373.47,22197.8
9352146,52.6558,-94.3117,373.36,21319.4
4257361,51.7911,-88.2561,373.25,27386.3
8327439,52.0489,-89.6294,373.22,22140.4
10330959,52.5533,-94.0753,373.19,20636.1
9918935,52.5075,-94.0033,373.16,20915.1
11120222,52.6828,-93.75,373.08,20136.0
8243998,52.5492,-94.1533,373.0,22212.2
10166689,52.62,-94.2953,372.99,20746.9
8767793,52.57,-92.7817,372.97,21771.8
9400745,51.7781,-88.295,372.95,21286.5
6565750,52.5903,-93.51,372.86,23908.6
8395845,52.6447,-94.3992,372.76,22082.7
11288756,52.5533,-93.8494,372.56,20034.5
10043467,52.5628,-94.0069,372.51,20829.7
11314546,52.1311,-94.2417,372.48,20018.6
5158206,52.4833,-89.8033,372.4,25800.3
7629338,52.7222,-94.2967,372.4,22781.4
6041823,52.6153,-94.0086,372.38,24550.2
10560038,52.585,-93.9969,372.37,20484.2
10445108,52.5556,-94.0378,372.28,20561.8
10555374,52.4858,-93.0078,371.81,20487.3
5184701,52.6392,-94.0933,371.66,25760.8
11668982,51.7181,-89.2386,371.57,19813.9
5615881,51.9075,-94.1475,371.53,25122.2
5570839,52.6917,-93.9825,371.52,25185.5
7109626,52.1575,-94.4742,371.37,23306.7
11720302,51.8906,-94.8786,371.23,19788.1
9028400,52.5725,-93.3328,371.15,21569.0
5466489,51.7639,-88.3658,371.13,25334.3
4433545,52.8869,-94.2786,371.1,27046.9
11473338,52.6094,-94.1244,371.07,19926.1
7291080,52.5536,-93.2528,371.07,23117.3
11764288,52.4686,-93.3169,370.97,19762.4
10472189,52.6342,-91.2267,370.91,20543.2
11786483,52.7664,-94.0675,370.84,19749.5
9344382,52.5947,-93.3811,370.84,21325.4
6739611,52.8039,-93.9103,370.53,23710.5
5292281,52.8686,-93.6667,370.51,25594.6
6792494,52.7675,-93.8933,370.32,23648.7
9329189,52.6722,-94.3825,370.3,21337.3
6961233,52.6217,-94.4794,370.17,23464.7
10993483,52.5967,-93.9167,370.08,20211.8
5195409,52.4008,-89.6794,369.97,25743.5
9628392,52.7139,-93.7686,369.93,21121.3
11593202,52.7792,-93.8819,369.88,19858.9
9104500,52.4528,-89.5858,369.61,21506.9
9867077,52.5803,-93.9719,369.6,20948.6
3313080,51.8364,-87.8836,369.56,29559.1
10876476,52.1322,-94.2728,369.45,20287.3
11314553,51.7831,-93.9458,369.44,20018.6
10103982,52.6417,-94.4211,369.35,20786.8
6581760,52.0292,-89.2333,369.34,23892.6
8459100,52.2142,-94.2192,369.3,22030.7
11522824,52.6322,-91.0342,369.18,19900.5
10944526,52.6311,-94.35,368.97,20243.3
11560159,52.2308,-94.4428,368.79,19878.1
11197160,52.5342,-94.0536,368.7,20091.7
5959473,52.7847,-93.8408,368.67,24658.9
7442382,52.7961,-93.9436,368.38,22965.3
10836011,52.5742,-94.03,368.28,20309.3
10472215,51.7317,-94.8611,368.12,20543.2
9010333,52.5661,-94.0453,368.09,21583.7
10603378,52.0514,-94.7975,368.03,20459.3
10939643,52.4828,-93.3892,367.95,20246.5
6327113,51.9133,-94.145,367.94,24194.6
7842195,52.0858,-94.6042,367.91,22576.4
11797514,52.3419,-90.2886,367.9,19743.0
7994120,52.6544,-93.3761,367.89,22437.6
7763911,52.7672,-93.7394,367.84,22649.6
1660833,53.7314,-92.3578,367.81,36097.5
10541621,51.9119,-94.13,367.73,20496.7
9756753,52.2222,-94.5028,367.69,21030.6
6213148,52.6297,-94.1203,367.64,24333.8
10445110,52.5172,-92.5944,367.63,20561.8
2445896,52.7225,-89.2333,367.54,32334.3
11125234,52.4878,-92.7069,367.47,20132.9
10905550,52.1547,-94.6625,367.42,20268.5
10636046,53.7817,-92.3911,367.26,20437.5
3597697,52.9889,-90.3069,366.97,28830.2
11538821,52.4128,-90.3467,366.93,19890.9
6997188,52.7033,-93.5236,366.91,23424.0
10295812,51.7411,-89.1708,366.9,20660.8
9914779,52.5278,-93.3992,366.86,20918.2
7523630,52.7397,-93.6228,366.82,22884.7
7027563,52.5928,-94.3744,366.79,23394.0
11452325,52.6372,-93.3208,366.77,19938.9
9348278,51.9411,-94.3758,366.68,21322.4
11747712,52.8367,-94.2828,366.59,19772.0
9404482,52.7586,-94.2567,366.54,21283.5
5089422,53.4469,-92.4742,366.47,25911.2
11070406,52.0706,-94.6036,366.44,20167.6
6684334,52.6861,-94.0392,366.09,23772.3
11340462,52.7383,-93.8869,366.02,20002.7
10026228,52.5747,-93.0461,365.86,20841.9
9053384,52.5336,-93.6844,365.71,21548.3
8740223,52.7058,-93.8136,365.6,21795.2
5555493,52.7464,-91.3628,365.58,25208.3
3445666,53.3758,-93.9433,365.58,29212.2
9078774,52.6436,-94.6142,365.47,21527.6
8576429,53.3953,-94.0153,365.37,21932.2
11314541,52.365,-90.3344,365.22,20018.6
8459092,52.605,-94.4428,365.12,22030.7
7370215,52.4294,-89.9828,365.02,23037.3
7554134,52.6542,-93.1192,365.01,22854.0
10664001,52.0542,-89.8867,364.95,20418.8
7515579,52.3097,-90.115,364.9,22893.0
10262944,52.6878,-94.3353,364.86,20679.2
8764292,52.7511,-93.5883,364.85,21774.8
9470127,52.5439,-93.6267,364.72,21232.6
11489196,52.0825,-94.5311,364.72,19916.5
10175243,52.5911,-93.0503,364.58,20740.8
8986609,52.5078,-93.7328,364.52,21598.5
6834611,52.7117,-93.4986,364.44,23602.8
7156604,52.0311,-94.0433,364.44,23254.7
10663965,53.3433,-92.5692,364.38,20418.8
8314672,52.7728,-93.96,364.31,22151.9
7364920,52.7456,-92.8358,364.26,23042.8
9637160,52.1147,-94.4303,364.17,21115.2
11420678,52.52,-93.3353,364.16,19958.1
10934682,52.5722,-93.0208,364.15,20249.6
9825750,52.615,-92.9469,364.01,20979.0
8740220,52.7536,-93.8894,363.99,21795.2
10964021,52.6125,-93.975,363.79,20230.7
9147085,52.6261,-94.4336,363.64,21477.2
7982157,52.7797,-94.2242,363.6,22449.0
5027246,52.7961,-92.8358,363.59,26009.4
7813436,52.6664,-94.0028,363.53,22604.6
10575643,52.6447,-94.5328,363.5,20478.0
7556741,52.5267,-92.8311,363.48,22851.2
7772381,52.8047,-93.6583,363.43,22641.2
6464967,52.7231,-94.5658,363.37,24028.2
10687461,52.7392,-94.0986,363.35,20403.2
11130263,52.3922,-90.0403,363.28,20129.7
10993479,52.6889,-93.7608,363.22,20211.8
7887288,52.8733,-92.4128,363.2,22536.8
8860408,52.2336,-94.3017,362.95,21698.6
10881267,52.5908,-93.7658,362.81,20284.2
9039109,51.9442,-94.1483,362.64,21560.1
6000256,52.14,-94.6008,362.52,24607.2
5229895,52.8533,-93.82,362.36,25691.5
5656397,53.1575,-90.5503,362.33,25066.4
9477942,52.7375,-93.9736,362.28,21226.6
8743649,52.7664,-92.8433,362.27,21792.3
9523318,51.7547,-94.0878,362.26,21196.5
10431647,52.7011,-92.8692,362.2,20571.1
6741836,52.7586,-93.1286,362.12,23707.9
9491877,52.7767,-93.9761,362.1,21220.6
7872883,52.6528,-94.1044,362.03,22550.9
9931498,52.6131,-93.7675,362.01,20906.0
9669390,51.8197,-88.235,361.98,21091.1
11510182,52.5644,-93.1919,361.96,19903.7
9158190,52.6006,-94.4317,361.94,21468.3
8531601,52.6986,-94.615,361.91,21967.0
8058343,52.7483,-93.9483,361.67,22380.8
11604181,52.1517,-94.8642,361.54,19852.4
9789310,52.7883,-93.9828,361.53,21006.3
10326575,52.1994,-94.4217,361.44,20639.2
5905946,53.15,-90.5028,361.34,24728.6
9180411,52.1475,-94.5228,361.33,21450.5
10687460,52.7558,-94.1911,361.32,20403.2
6370470,52.5775,-90.3003,361.25,24139.3
9089899,52.8558,-94.4142,361.21,21518.7
11593203,52.7714,-92.8011,361.13,19858.9
7324657,52.7678,-92.9194,361.08,23081.5
10726667,52.5986,-93.8353,361.05,20381.3
9082500,52.1075,-94.8378,360.99,21524.6
11090268,52.6533,-94.6525,360.96,20155.0
4431196,52.9864,-91.1578,360.88,27051.6
11468087,51.8883,-94.0642,360.66,19929.3
5453288,52.8756,-93.6325,360.41,25354.5
10944545,52.0894,-94.2342,360.4,20243.3
6917568,52.6756,-94.4094,360.39,23510.9
10476834,52.605,-94.0003,360.36,20540.1
7004276,53.1017,-90.5208,360.36,23415.8
6323015,52.8211,-93.1886,360.07,24199.9
9064381,52.7739,-94.1917,359.86,21539.4
8091669,52.6633,-94.2933,359.82,22349.4
11278542,52.6686,-92.95,359.81,20040.9
10353093,52.7094,-94.0211,359.8,20620.6
9013871,52.1672,-89.6642,359.71,21580.8
7570383,52.7775,-94.4242,359.71,22837.3
9918927,52.6658,-94.0519,359.7,20915.1
11714727,52.7089,-94.0019,359.59,19791.4
5229896,52.8283,-91.2036,359.5,25691.5
8395840,52.785,-93.7767,359.45,22082.7
10379921,52.7978,-93.6853,359.44,20602.1
10668637,52.7619,-91.4553,359.41,20415.7
10201551,52.7197,-92.2978,359.27,20722.3
11725634,52.6211,-92.2794,359.26,19784.9
11050580,52.5094,-93.7183,359.24,20180.3
10860091,52.2208,-94.3767,359.15,20293.6
5980435,52.9147,-93.6592,358.82,24630.5
7529052,52.7694,-93.5853,358.8,22879.1
7016843,52.595,-94.05,358.74,23402.2
9071586,51.9022,-94.105,358.39,21533.5
9885610,52.71,-92.6828,358.38,20939.5
6927086,52.1517,-94.63,358.34,23500.0
11415486,51.9533,-94.1336,358.3,19961.2
6941356,52.1167,-94.5886,358.28,23483.7
7431663,52.8539,-93.2308,358.15,22976.4
7604496,52.6228,-94.0669,358.02,22806.6
7027569,52.1042,-94.6178,357.95,23394.0
9821650,52.5667,-89.8242,357.94,20982.0
10393607,52.2892,-90.1369,357.88,20592.8
11110311,51.9586,-94.2961,357.84,20142.4
10056378,52.5064,-94.225,357.76,20820.5
9408332,51.9383,-94.15,357.54,21280.5
10668661,52.1175,-94.2975,357.4,20415.7
9470135,51.9172,-94.1542,357.38,21232.6
11304194,52.8817,-92.275,357.37,20025.0
11394479,52.2272,-94.3283,357.31,19974.0
11304205,52.5889,-93.2278,357.19,20025.0
10407213,52.8728,-94.3803,357.13,20583.5
7076369,51.8453,-89.1092,357.07,23339.5
10726678,52.3408,-89.9336,356.87,20381.3
9943937,52.4994,-92.9417,356.77,20896.9
11008340,52.8558,-92.4742,356.6,20202.4
11170169,52.8919,-94.4119,356.58,20104.4
11319637,53.4078,-92.9586,356.51,20015.4
8045100,52.7617,-94.2978,356.5,22389.3
10112691,52.85,-94.2458,356.39,20780.7
10184001,52.8464,-93.7161,356.36,20734.6
11273483,52.3414,-90.0369,356.33,20044.1
11314539,52.3847,-89.9367,356.32,20018.6
9734351,52.8072,-93.5069,356.28,21042.7
8373237,52.5381,-89.2894,356.23,22102.9
10267488,52.6267,-94.06,356.19,20676.2
10580395,52.7758,-94.5878,356.18,20474.9
5529246,52.9364,-92.4928,356.14,25243.7
8107088,52.6625,-93.9458,356.11,22335.2
11404919,52.77,-94.6792,356.07,19967.6
10339805,52.8039,-94.3433,355.96,20629.9
11090270,52.6247,-93.0958,355.94,20155.0
9669360,52.7272,-94.49,355.91,21091.1
10687457,52.8092,-94.2569,355.89,20403.2
9154514,52.7644,-93.5333,355.88,21471.3
11841629,52.7056,-94.7219,355.87,19717.2
5005578,52.94,-93.7925,355.63,26046.1
10905552,52.0333,-94.9058,355.63,20268.5
11742208,52.7947,-92.8192,355.63,19775.3
9582442,52.7056,-94.5611,355.58,21151.4
11212181,52.9014,-94.4592,355.56,20082.2
7466273,52.7897,-94.1661,355.37,22940.3
9606338,52.0014,-94.9636,355.16,21133.3
11775345,52.6775,-94.3886,355.13,19755.9
7895958,52.1106,-94.5325,354.83,22528.3
9443135,52.6333,-94.4686,354.79,21253.6
8853443,52.7642,-93.6294,354.66,21704.4
5357713,53.1197,-91.5178,354.58,25494.8
9093550,52.9064,-94.1067,354.56,21515.7
11565489,52.6844,-92.0753,354.56,19874.9
6456327,52.6517,-94.4861,354.35,24038.8
11731110,52.6431,-94.1258,354.34,19781.7
7458307,53.225,-92.9617,354.13,22948.6
10949390,52.7028,-94.0525,354.05,20240.2
6203166,52.7811,-94.1644,354.04,24346.9
10969016,52.5806,-93.6144,353.84,20227.6
8922401,52.7767,-92.81,353.76,21651.5
7218042,53.3767,-93.7978,353.76,23191.6
9760875,52.7619,-91.8603,353.71,21027.5
11489177,52.535,-92.7958,353.63,19916.5
9086230,52.8717,-93.6542,353.61,21521.7
6841650,53.0578,-91.3694,353.45,23594.7
11576967,52.8203,-92.165,352.93,19868.5
11120210,52.9469,-94.2669,352.92,20136.0
6337291,52.9842,-93.755,352.9,24181.5
9709856,52.6364,-94.505,352.83,21060.8
9396834,52.7206,-92.1803,352.79,21289.5
9910713,52.9158,-90.5203,352.65,20921.2
7445150,52.6883,-94.4078,352.44,22962.5
8936555,53.1208,-90.5092,352.14,21639.8
7498291,52.7911,-94.8028,352.0,22906.9
5558936,53.0289,-93.9933,351.99,25203.2
7291079,52.6581,-93.9069,351.94,23117.3
9943928,52.7806,-93.5867,351.84,20896.9
8521697,52.1447,-89.4983,351.74,21975.7
5917120,52.5872,-90.4125,351.73,24713.1
8954340,52.1244,-94.5294,351.7,21625.0
11389289,52.8692,-94.4278,351.63,19977.2
10078537,52.7697,-94.2761,351.62,20805.2
10467649,52.8067,-92.9542,351.49,20546.3
8997446,52.7319,-92.8083,351.38,21589.7
10564705,51.8942,-88.6169,351.22,20481.1
9143370,52.1197,-94.7275,351.21,21480.2
7225522,52.6669,-94.4528,351.18,23183.4
5173467,52.9225,-93.6325,351.12,25775.6
8018230,52.8089,-94.3978,351.11,22414.9
11571709,52.8381,-93.2867,351.09,19871.7
9789303,52.9919,-93.9519,351.05,21006.3
10043480,52.0872,-94.21,350.98,20829.7
11202161,52.6297,-94.075,350.95,20088.5
8811128,52.7289,-94.4019,350.84,21739.6
10541592,52.7611,-94.3667,350.84,20496.7
9829884,52.7158,-94.1028,350.8,20976.0
9726276,52.7878,-94.2833,350.66,21048.7
11175132,52.77,-94.4019,350.56,20101.2
11725628,52.7075,-94.6636,350.5,19784.9
9446978,52.1278,-94.5928,350.44,21250.6
9165529,52.7053,-94.5411,350.36,21462.4
6245968,52.9108,-93.6978,350.34,24294.5
10998338,52.7542,-94.3567,350.32,20208.7
9313960,52.0386,-95.2169,350.29,21349.3
11808504,52.8403,-93.8192,350.25,19736.6
7102139,53.0347,-94.3383,350.21,23314.9
10129973,52.7667,-91.9194,350.16,20768.4
8835367,53.0733,-91.4533,350.14,21719.1
11404943,52.0978,-89.2661,350.13,19967.6
10673359,52.0272,-95.1569,349.92,20412.6
11394467,52.6597,-93.2508,349.67,19974.0
9797343,52.1408,-94.5536,349.61,21000.3
9515486,52.7739,-94.7919,349.61,21202.5
7875690,52.9375,-93.265,349.52,22548.1
10219072,52.9986,-94.5653,349.51,20710.0
11431221,52.7244,-93.1303,349.38,19951.7
11522817,52.8172,-92.1108,349.36,19900.5
9931513,52.0953,-94.485,349.3,20906.0
7637641,51.8875,-89.2619,349.16,22773.0
6398535,52.9878,-93.8958,349.08,24107.6
10117019,52.1294,-94.5819,348.88,20777.6
9515505,52.0375,-88.9869,348.88,21202.5
11560142,52.7572,-93.6778,348.85,19878.1
9918930,52.6383,-93.0261,348.83,20915.1
11504903,52.0233,-95.0133,348.8,19906.9
7904711,52.6261,-94.4644,348.8,22519.8
8070415,52.5978,-94.0853,348.77,22369.4
9764907,52.9664,-93.8111,348.75,21024.5
11165102,52.8703,-94.4961,348.6,20107.5
9515485,52.8008,-93.7653,348.53,21202.5
6379647,51.7986,-87.8758,348.53,24131.4
10864977,53.0444,-91.4625,348.49,20290.5
8122544,52.595,-94.1233,348.47,22320.9
11747701,52.9861,-93.7419,348.37,19772.0
7306659,52.9342,-93.8419,348.33,23100.8
11582318,52.8231,-94.5983,348.23,19865.3
11685023,51.9856,-95.0286,348.17,19804.2
11489171,52.6794,-94.4236,348.0,19916.5
10925049,52.8314,-93.7928,347.72,20255.9
6816347,52.9439,-93.6775,347.65,23624.4
9586565,52.8347,-93.385,347.42,21148.4
9097206,52.0314,-94.9369,347.32,21512.8
9885595,53.2817,-92.8661,347.32,20939.5
11598773,52.9986,-94.365,347.19,19855.6
9306318,52.9933,-93.8375,347.02,21355.2
8860400,52.6469,-93.9483,346.95,21698.6
9344398,52.0422,-94.9175,346.69,21325.4
8599742,52.6719,-94.4383,346.68,21911.9
11258233,52.1622,-94.6008,346.56,20053.6
10495039,52.6186,-94.5933,346.55,20527.7
11841625,52.785,-93.2525,346.41,19717.2
8333762,52.8664,-94.6078,346.38,22134.6
11560143,52.7403,-93.2233,346.24,19878.1
11130237,52.9956,-93.8228,346.18,20129.7
9340550,52.8539,-94.9844,346.18,21328.4
8197470,53.01,-93.7625,346.12,22255.2
11345735,52.9503,-92.57,346.1,19999.5
7431664,52.8403,-90.9469,346.03,22976.4
11625595,52.1072,-94.6108,345.89,19839.6
11758924,52.1175,-94.6333,345.66,19765.6
6335254,53.0994,-91.1578,345.58,24184.1
11847220,52.1303,-94.6636,345.5,19714.0
11404918,52.8106,-92.8608,345.1,19967.6
10295788,52.5842,-94.4358,344.98,20660.8
10375509,53.0578,-91.3083,344.95,20605.2
11045644,52.0872,-89.1692,344.92,20183.4
11258241,51.9978,-95.0708,344.84,20053.6
9842343,52.9403,-93.7419,344.83,20966.9
11410146,52.7742,-94.1825,344.8,19964.4
11304190,52.9264,-94.2042,344.72,20025.0
9550808,51.9703,-95.0983,344.69,21175.5
11212174,53.0603,-94.4958,344.48,20082.2
11598778,52.8169,-92.7736,344.45,19855.6
10258608,52.8336,-94.7258,344.34,20682.3
8395836,52.8911,-93.4542,344.14,22082.7
6370464,53.0914,-94.0719,344.12,24139.3
6832299,52.8817,-93.8617,344.09,23605.5
11202153,52.8792,-93.6953,344.08,20088.5
8366877,52.9689,-94.2603,343.88,22108.7
10881255,53.0503,-93.7719,343.85,20284.2
8518325,53.0872,-94.1219,343.84,21978.6
11335216,52.6722,-89.9342,343.76,20005.9
10668665,52.0169,-94.9561,343.71,20415.7
10668664,52.0261,-94.9558,343.71,20415.7
9931487,52.9375,-94.5642,343.54,20906.0
9842349,52.6267,-94.4719,343.5,20966.9
11668948,52.7744,-93.6178,343.45,19813.9
9582433,52.9378,-93.7286,343.44,21151.4
11615007,52.8894,-93.3975,343.4,19846.0
11679594,53.0783,-91.2917,343.36,19807.5
10845714,52.0058,-94.9936,343.35,20303.0
11852732,52.9269,-94.5625,343.28,19710.7
11378896,52.8533,-94.6128,343.22,19983.6
11720269,52.8325,-93.0892,343.08,19788.1
9981912,52.99,-94.195,343.05,20869.4
11035763,52.1761,-95.3967,343.04,20189.7
11150044,52.83,-93.5194,343.02,20117.0
10091050,52.8353,-92.9694,342.89,20796.0
8528328,52.9311,-93.6519,342.86,21969.9
4772925,53.0986,-91.9828,342.79,26437.0
10463185,51.9831,-95.1128,342.64,20549.4
6503458,52.9092,-93.5917,342.62,23980.4
7422795,52.0667,-95.2875,342.45,22981.9
10467643,53.0,-94.1069,342.21,20546.3
9637174,51.7583,-87.8467,342.17,21115.2
6931840,52.3136,-89.1583,342.13,23494.6
7707765,52.9183,-93.7292,342.1,22705.8
11742193,53.1894,-92.9194,342.02,19775.3
4472395,53.2192,-92.4103,341.94,26973.8
8904673,52.9197,-93.6925,341.77,21666.2
6973221,52.9325,-93.45,341.45,23451.2
4960872,52.9864,-93.35,341.41,26119.4
6469241,52.8536,-94.5503,341.29,24022.9
10750262,52.9025,-93.3086,341.19,20365.7
10043456,53.0681,-94.03,341.03,20829.7
5162749,53.1133,-94.4325,340.71,25792.9
10291277,52.8358,-92.8067,340.41,20663.8
11775333,52.9408,-92.3192,340.39,19755.9
10759703,52.8875,-93.4361,340.38,20359.4
11803050,52.7456,-95.2178,340.08,19739.8
11565492,52.6256,-94.575,340.0,19874.9
8901110,52.7422,-90.4308,339.94,21669.2
11819461,52.6428,-92.4719,339.53,19730.1
10617296,53.0111,-93.6811,339.46,20450.0
10326567,52.5844,-90.4328,339.4,20639.2
9082488,52.7031,-94.6519,339.36,21524.6
9017511,53.03,-93.9236,339.26,21577.8
6229137,53.2128,-93.5083,338.92,24312.9
6066010,53.0064,-93.5269,338.8,24521.6
4915481,53.0133,-93.3408,338.73,26194.9
9348265,52.6144,-90.3553,338.7,21322.4
11227633,52.9303,-93.9653,338.69,20072.6
9693675,52.9931,-93.7092,338.47,21072.9
9111653,52.8875,-92.8383,338.1,21500.9
9789305,52.9553,-94.2294,338.02,21006.3
9624402,52.9503,-94.1369,338.02,21124.3
11363354,52.8764,-94.0211,337.9,19993.1
8091655,53.165,-91.6094,337.69,22349.4
8122537,52.9528,-90.8236,337.26,22320.9
9150809,52.0861,-95.2567,337.19,21474.3
9454652,53.2158,-93.4558,337.13,21244.6
5982345,53.0622,-93.0244,336.98,24627.9
11852736,52.8011,-93.5517,336.9,19710.7
9302428,52.0867,-95.39,336.8,21358.2
7623745,51.9661,-95.4719,336.67,22787.0
11652398,53.4356,-92.9719,336.52,19823.5
5579176,53.4356,-93.62,336.36,25172.9
5829295,53.3264,-92.3003,336.24,24831.4
6829944,52.8794,-93.9594,336.24,23608.2
10326559,52.8439,-92.8925,336.21,20639.2
11764270,52.8186,-92.7344,336.02,19762.4
9097182,53.0447,-94.1308,335.66,21512.8
8314656,53.2608,-94.4133,335.51,22151.9
7367530,53.0903,-93.9086,335.43,23040.0
11139992,53.2361,-91.4733,335.43,20123.4
10778522,53.0033,-94.21,335.28,20346.9
10069962,53.2942,-94.675,335.21,20811.3
9825726,53.3242,-91.5461,335.19,20979.0
10245499,52.9492,-94.0044,335.14,20691.6
11620360,52.8258,-94.4669,335.1,19842.8
4869005,53.0289,-93.2903,335.1,26272.6
11222470,52.9019,-93.7942,335.08,20075.8
7500987,52.8553,-91.2436,335.06,22904.2
148494,59.8256,-80.0133,334.97,65332.1
11641740,52.8419,-94.5292,334.62,19830.0
4013441,53.5469,-93.1783,334.47,27886.6
7589488,53.11,-93.7586,334.4,22817.8
8213033,53.1908,-93.2092,334.27,22240.9
10449605,52.1992,-95.3658,334.17,20558.7
8085652,52.8519,-93.8967,334.16,22355.1
8157380,53.07,-93.5661,334.15,22292.4
11813964,53.0933,-91.085,334.01,19733.3
8498775,53.0572,-93.6483,334.0,21996.0
7931043,53.1708,-92.4536,333.82,22494.4
6205205,52.8667,-93.5592,333.81,24344.3
10564655,53.2039,-93.2667,333.8,20481.1
10121302,52.9906,-93.86,333.77,20774.5
9632400,53.1292,-94.1786,333.75,21118.2
11420663,52.9319,-93.3544,333.46,19958.1
7011492,53.2033,-93.7169,333.12,23407.7
10778520,53.1056,-94.5308,333.09,20346.9
11457563,53.2531,-94.2561,333.06,19935.7
10998353,52.0542,-95.3011,333.05,20208.7
10589569,53.145,-91.8919,333.03,20468.7
10223483,52.9419,-93.5283,332.77,20707.0
11202179,52.1167,-95.2928,332.67,20088.5
211891,63.1681,-91.5889,332.64,60418.6
4732110,53.1581,-93.5194,332.56,26506.8
11587752,53.1539,-94.1358,332.55,19862.1
11538798,52.9519,-93.6444,331.86,19890.9
7878556,53.2772,-93.6261,331.85,22545.3
11105172,53.3633,-94.6594,331.84,20145.5
10458602,52.9358,-93.4994,331.76,20552.5
11685010,52.5958,-92.5128,331.65,19804.2
6381715,53.4183,-93.3619,331.62,24128.7
11813997,52.1728,-95.3353,331.56,19733.3
11764259,53.0978,-94.9944,331.27,19762.4
9365859,52.9447,-93.3194,331.26,21313.4
11105185,53.0789,-94.3667,331.25,20145.5
10802562,52.9672,-94.2186,331.18,20331.3
5515698,53.5253,-93.1719,331.14,25263.8
6519320,52.0025,-88.6486,330.94,23964.5
8541555,53.4475,-93.0417,330.8,21958.3
7404180,52.9061,-93.4611,330.68,23001.3
11384110,53.1747,-93.0394,330.32,19980.4
10407214,52.8631,-90.6836,330.25,20583.5
8586389,52.9583,-93.5628,330.11,21923.5
6565736,53.4867,-93.7103,329.93,23908.6
10309105,53.27,-93.6192,329.86,20651.5
10726659,52.7842,-90.7094,329.6,20381.3
10276280,52.8144,-94.4658,329.53,20670.0
7878552,53.4056,-93.3978,329.41,22545.3
8936580,51.9364,-88.1503,328.64,21639.8
10973894,53.11,-94.2353,328.56,20224.4
5190816,53.5392,-93.2611,328.4,25750.9
8706115,53.4639,-93.6861,328.39,21824.5
7545382,53.5314,-93.2803,328.33,22862.4
8954295,53.4467,-93.7303,328.3,21625.0
7197800,53.0617,-94.3883,328.01,23213.6
9021146,53.2214,-93.8128,327.93,21574.9
11625576,52.8219,-90.7136,327.89,19839.6
3536937,53.6894,-94.9428,327.81,28980.1
11679602,52.8111,-90.7017,327.79,19807.5
7875676,53.4697,-93.7517,327.7,22548.1
6503450,53.4731,-93.31,327.66,23980.4
10726701,51.8764,-95.3728,327.6,20381.3
8933064,53.1978,-92.0083,327.18,21642.7
10993462,53.1303,-94.4567,327.01,20211.8
6247969,53.2275,-93.6492,327.0,24291.9
11478707,53.4667,-93.7333,326.86,19922.9
11129851,63.1669,-91.5456,326.72,20129.7
11394450,53.0664,-94.4219,326.7,19974.0
10420780,52.9839,-93.5386,326.57,20574.2
6469235,53.5272,-93.2442,326.52,24022.9
7351783,53.505,-93.2553,326.1,23056.6
11197127,53.4253,-93.6308,326.04,20091.7
5678935,53.5625,-93.7569,325.44,25033.3
9042612,53.4494,-93.6344,325.22,21557.2
9024739,53.5736,-93.2017,325.08,21571.9
7610035,53.5683,-93.2625,324.99,22801.0
10245482,53.5619,-93.1886,324.23,20691.6
10330950,52.9717,-91.8117,324.07,20636.1
7169039,53.2142,-93.6758,323.9,23241.0
11841606,53.1958,-92.1,323.35,19717.2
6814082,53.0925,-92.7425,323.3,23627.1
11483953,53.0603,-94.2033,323.24,19919.7
10954232,53.0844,-94.4525,323.14,20237.0
7056712,53.6136,-93.3278,323.03,23361.3
11278518,53.2822,-93.3578,322.99,20040.9
10585006,53.0264,-92.4833,322.98,20471.8
9964897,53.2875,-92.4736,322.96,20881.6
11786473,53.0597,-94.2992,322.64,19749.5
10472181,52.8989,-93.8219,322.62,20543.2
8524974,53.4625,-93.5986,322.54,21972.8
9546793,53.2344,-92.485,322.42,21178.5
7997159,53.4947,-93.14,322.42,22434.8
5647789,53.1431,-93.4242,322.36,25079.1
11620333,53.4694,-92.8753,322.15,19842.8
11742186,53.4458,-93.0283,321.99,19775.3
7707780,52.0867,-88.1425,321.89,22705.8
9006801,53.235,-92.295,321.76,21586.7
11324760,53.2508,-93.5369,321.72,20012.3
11217365,53.4344,-93.2061,321.7,20079.0
8444492,52.3847,-88.6553,321.64,22039.4
10636066,53.19,-92.5844,321.56,20437.5
5820146,53.1403,-93.4869,321.44,24844.2
8518321,53.2208,-92.1475,321.14,21978.6
11841615,53.0525,-94.2425,321.1,19717.2
11258192,53.215,-93.5753,321.07,20053.6
8424748,53.6044,-93.1183,320.98,22056.8
9385170,53.5911,-93.3683,320.98,21298.5
9150771,53.5878,-93.1458,320.64,21474.3
7985132,52.9719,-93.4125,320.52,22446.2
8709501,52.9944,-92.8303,320.47,21821.5
7327218,53.4522,-93.9186,320.45,23078.7
11018128,53.4625,-93.7436,320.43,20196.1
8716293,53.6439,-92.7294,320.33,21815.7
10855381,52.5625,-88.5653,320.14,20296.8
7537158,53.1158,-93.5083,320.1,22870.7
11139983,53.4822,-93.2925,320.07,20123.4
10934498,58.3161,-96.4092,319.91,20249.6
10034947,53.4889,-93.2678,319.84,20835.8
9097205,52.0475,-88.3475,319.83,21512.8
11085261,53.5236,-93.22,319.68,20158.2
10788210,52.9356,-92.8219,319.65,20340.7
8408509,53.4481,-93.5386,319.65,22071.2
9867057,53.2189,-94.0294,319.64,20948.6
9748632,53.3772,-93.4161,319.51,21036.6
9685639,53.2319,-92.2261,319.46,21079.0
7518193,53.5381,-93.2019,319.42,22890.2
8330642,53.4483,-93.3278,319.26,22137.5
6978008,53.5997,-93.2325,319.26,23445.7
10532384,53.5111,-93.3378,319.11,20502.9
9172973,53.4892,-93.2444,319.04,21456.4
9336719,53.5069,-93.2861,318.99,21331.4
9669348,53.1722,-93.5853,318.93,21091.1
7796195,53.1817,-93.5478,318.93,22621.5
6341330,53.0125,-93.3775,318.87,24176.2
11100256,53.4258,-92.4183,318.86,20148.7
8488424,53.1825,-92.1108,318.85,22004.7
11494358,53.4072,-94.8778,318.83,19913.3
6364168,53.0169,-92.9575,318.76,24147.2
11797479,53.3856,-94.8586,318.69,19743.0
9232682,53.5339,-93.3433,318.61,21408.9
7681919,53.5925,-93.7917,318.6,22728.2
9249883,52.8464,-93.4933,318.52,21400.0
11528110,53.1828,-94.2975,318.44,19897.3
10170916,53.5931,-93.1569,318.33,20743.8
10069955,53.4561,-93.7225,318.07,20811.3
10564634,53.535,-93.8503,317.93,20481.1
8042054,53.5469,-93.1528,317.9,22392.2
11065446,53.4203,-93.1033,317.8,20170.8
10944501,53.6067,-93.3808,317.65,20243.3
8609638,53.5639,-91.6211,317.24,21903.1
11657972,53.06,-93.4275,317.19,19820.3
11528114,53.1542,-92.0836,317.13,19897.3
9404471,53.4486,-93.8528,316.83,21283.5
7349165,52.1178,-88.3261,316.71,23059.4
7409461,53.5692,-94.9417,316.7,22995.8
8626524,53.4964,-93.7103,316.59,21888.6
10811991,53.4369,-93.5361,316.44,20325.0
7256202,53.5672,-93.0275,316.39,23150.4
10125619,53.0969,-92.7903,316.38,20771.5
8831825,53.4956,-93.4542,316.14,21722.0
6007827,53.4608,-93.2761,315.98,24596.8
9914752,53.6219,-93.1844,315.97,20918.2
11620332,53.5236,-93.3944,315.88,19842.8
10286881,52.0686,-88.105,315.76,20666.9
10472158,53.5467,-93.2328,315.68,20543.2
11420657,53.0728,-92.3794,315.68,19958.1
7102140,53.0347,-93.0411,315.66,23314.9
8137851,53.4569,-93.2942,315.62,22306.6
10472204,52.1081,-88.3894,315.19,20543.2
7228050,53.0336,-93.3169,315.17,23180.6
11253108,53.1308,-93.4869,314.88,20056.8
11139988,53.3258,-93.7411,314.85,20123.4
9838236,53.0464,-92.6617,314.68,20969.9
10522337,53.61,-93.4111,314.53,20509.1
11018119,53.6211,-93.8742,314.38,20196.1
11283686,53.5017,-91.585,314.28,20037.7
9854709,58.3269,-96.3858,314.2,20957.7
11630941,53.1558,-93.5917,314.17,19836.4
10445074,53.6328,-93.0925,314.04,20561.8
7562175,52.9883,-93.46,313.96,22845.7
10701497,53.5211,-93.4142,313.94,20393.8
11139997,53.0944,-93.0761,313.78,20123.4
10963998,53.3242,-91.8892,313.65,20230.7
7738600,53.0253,-93.3436,313.35,22674.9
5221633,53.6586,-93.2517,313.23,25701.4
9049846,53.0275,-93.5944,313.15,21551.3
9833990,53.4819,-93.2742,313.12,20972.9
11769723,53.3192,-93.6933,313.11,19759.1
7813427,52.9953,-93.4092,313.1,22604.6
9582416,53.4786,-92.9983,313.01,21151.4
10654746,53.5336,-93.6319,312.9,20425.0
9956479,52.6242,-90.2117,312.77,20887.7
10375511,53.0372,-93.2525,312.76,20605.2
7916390,53.0814,-92.6653,312.76,22508.5
9511493,53.2389,-93.6158,312.55,21205.6
9764893,53.4642,-91.4061,312.33,21024.5
10236526,53.5086,-91.615,312.3,20697.7
5298440,53.725,-91.3567,312.21,25584.6
10645391,53.5533,-93.0553,312.15,20431.3
9748635,53.3117,-91.8678,311.99,21036.6
6430029,53.3244,-91.9086,311.46,24067.9
11725603,53.4547,-93.2478,311.34,19784.9
8663565,52.9342,-89.9583,311.3,21856.5
7910536,53.8767,-92.3575,311.07,22514.2
8548194,53.0256,-93.0328,310.82,21952.5
8633134,53.1914,-93.6133,310.58,21882.8
11582291,53.4208,-93.425,310.15,19865.3
10603377,52.1292,-88.4008,310.13,20459.3
11242830,52.6353,-88.6261,310.0,20063.1
11668915,53.6347,-93.2453,309.88,19813.9
3565386,56.4431,-96.4208,309.5,28909.6
10183974,53.4497,-93.3817,309.29,20734.6
10013444,53.2786,-93.5719,309.17,20851.1
9249874,53.0253,-92.9183,308.94,21400.0
9935668,53.5158,-93.7508,308.84,20902.9
9017492,53.6556,-93.6561,308.78,21577.8
9355920,53.0158,-93.1644,308.66,21316.4
7156576,53.6469,-93.2369,308.54,23254.7
9454657,53.0286,-93.3278,308.42,21244.6
9906409,56.4411,-96.3692,308.27,20924.3
10069960,53.3,-91.9325,308.22,20811.3
9590516,53.4578,-93.3811,308.16,21145.4
8747099,53.3442,-91.1175,308.1,21789.4
9246105,52.5175,-88.0728,307.96,21402.9
11489140,53.4439,-93.4367,307.74,19916.5
10973886,53.5878,-93.3128,307.35,20224.4
4445523,54.4481,-92.1278,307.25,27023.3
9785198,53.6,-93.3003,307.07,21009.4
11175122,53.2733,-93.5778,306.89,20101.2
11304181,53.1869,-93.4908,306.44,20025.0
11358136,53.4261,-93.8753,306.32,19996.3
8006134,52.4594,-88.0011,306.22,22426.3
9104485,53.0586,-89.9294,306.17,21506.9
11314132,63.1961,-91.5572,306.09,20018.6
7784842,53.6419,-93.4558,306.05,22632.7
11358144,53.1472,-93.5458,305.9,19996.3
10584998,53.205,-93.6319,305.89,20471.8
11389270,53.3053,-93.7686,305.87,19977.2
10607873,53.0261,-93.1208,305.84,20456.2
9491896,52.2636,-88.5592,305.79,21220.6
183293,60.7383,-78.6,305.58,62400.2
11373659,53.5061,-93.8142,305.52,19986.8
10175215,53.5328,-94.6511,305.33,20740.8
6421513,53.6075,-94.7067,305.28,24078.5
9474007,52.4814,-88.0483,305.21,21229.6
7298894,53.5086,-93.5183,305.15,23109.1
10481231,53.9828,-92.2553,304.96,20537.0
11070364,53.0372,-92.7786,304.92,20167.6
8596266,53.5192,-93.5553,304.2,21914.8
11457574,53.0483,-93.2753,304.19,19935.7
11813953,53.2992,-93.5561,304.06,19733.3
11609597,53.025,-92.8425,303.92,19849.2
11780845,53.1606,-93.4728,303.62,19752.7
10840840,52.4547,-88.2408,303.27,20306.2
9423762,52.7844,-90.0269,303.26,21268.6
9657187,53.405,-91.3583,303.13,21100.1
11598786,52.6153,-95.9661,303.13,19855.6
9956456,53.5786,-93.2833,303.07,20887.7
10973884,53.6489,-93.1211,302.62,20224.4
7332408,54.3942,-92.1919,302.52,23073.2
7529068,52.2922,-87.6986,302.13,22879.1
11549504,53.4789,-95.0569,301.98,19884.5
11528126,52.6436,-96.0453,301.78,19897.3
8828298,53.6794,-93.2367,301.78,21725.0
10463142,53.6533,-93.1942,301.55,20549.4
9454644,53.4242,-91.7444,301.42,21244.6
8349509,53.5617,-93.5611,301.41,22120.2
8954289,53.6956,-93.9036,300.71,21625.0
7367529,53.1161,-89.7167,300.49,23040.0
11457598,52.3306,-87.6792,300.34,19935.7
11582287,53.5278,-94.8133,300.31,19865.3
11363329,53.5925,-93.4444,300.05,19993.1
8462274,53.5308,-93.5786,300.02,22027.9
9093529,53.5825,-93.9992,299.87,21515.7
8366852,53.8725,-91.7167,299.84,22108.7
10797784,53.2553,-92.1775,299.35,20334.4
11008314,53.4486,-94.2992,299.07,20202.4
11319635,53.5347,-93.6042,298.91,20015.4
9867092,52.1983,-88.7086,297.97,20948.6
2486376,54.4656,-92.0844,297.97,32180.2
11410145,52.8811,-89.8436,297.86,19964.4
1776550,56.5925,-95.7178,297.66,35424.0
11253103,53.2242,-89.7703,297.28,20056.8
2092567,54.5636,-92.3583,297.25,33823.1
11504831,53.5056,-93.4994,297.08,19906.9
8965105,53.7369,-91.2678,296.99,21616.2
10764387,53.6228,-93.3875,296.91,20356.3
10179350,60.74,-78.5739,296.7,20737.7
3953631,56.5669,-95.715,296.59,28014.2
5034380,58.0486,-96.1219,296.55,25997.1
8472042,53.5478,-93.5944,296.51,22019.2
2853474,56.5242,-96.0953,296.24,30903.6
10504157,52.3642,-87.945,295.77,20521.5
10436114,53.8211,-92.8558,294.86,20568.0
10526980,53.6456,-93.3453,294.58,20506.0
9833975,53.8892,-91.6525,294.16,20972.9
4420432,59.8078,-80.0467,294.11,27072.8
10607860,53.5975,-93.9625,293.89,20456.2
10925012,53.6947,-95.4694,293.52,20255.9
10241031,52.4564,-87.6828,293.29,20694.6
11808477,53.56,-94.7961,293.07,19736.6
8689264,52.7028,-87.8278,292.42,21839.0
11452311,53.0128,-89.5367,291.63,19938.9
11457555,53.6192,-95.4283,291.54,19935.7
10678129,53.7128,-95.3642,291.43,20409.4
9881526,52.7039,-87.8836,291.29,20942.5
10214740,53.7258,-91.7919,290.74,20713.1
10153436,53.1656,-89.06,290.61,20756.1
11679582,53.4906,-94.0603,290.32,19807.5
11698235,52.2894,-88.0669,290.12,19801.0
11742202,52.9494,-89.8275,290.08,19775.3
8692633,53.6183,-94.7644,289.97,21836.1
5415038,53.9022,-94.2803,289.23,25409.7
5307755,53.7508,-93.9417,289.08,25569.7
8441140,52.5811,-87.6344,288.55,22042.3
9124982,53.4397,-94.2519,288.4,21495.0
6339305,54.4575,-92.2375,288.36,24178.8
11110275,53.1578,-89.8858,288.17,20142.4
8911760,52.1825,-87.7694,287.96,21660.4
4758918,58.2092,-96.2744,287.03,26458.7
11736601,53.5558,-93.4969,286.79,19778.5
9100764,53.7203,-90.9711,286.4,21509.8
11468027,53.7236,-93.6575,286.35,19929.3
4102560,53.7886,-94.6092,286.22,27700.9
11050535,53.695,-93.5044,286.06,20180.3
10850564,53.5956,-94.5703,285.68,20299.9
10166700,52.2281,-87.9919,285.47,20746.9
11207159,53.6544,-95.3744,285.43,20085.3
8719652,53.9094,-94.0944,285.04,21812.8
11425904,52.2217,-88.1753,284.98,19954.9
11085300,52.4725,-87.6767,284.84,20158.2
3050989,54.5792,-92.4367,284.38,30295.7
10170910,53.6547,-94.04,284.12,20743.8
11499623,52.6283,-87.8817,283.66,19910.1
11242837,52.5697,-87.6728,283.39,20063.1
11436481,53.6586,-94.775,283.17,19948.5
11720282,52.5239,-87.6078,282.79,19788.1
11135054,53.9481,-95.8925,282.6,20126.5
4566144,53.7703,-94.5483,282.38,26803.2
10517845,52.9575,-89.2767,282.09,20512.2
11544072,53.6878,-93.9633,281.9,19887.7
7807688,53.82,-93.9836,281.85,22610.2
11791948,53.695,-91.1011,281.7,19746.2
11554818,53.7506,-91.3436,281.56,19881.3
8940040,53.1922,-88.5819,281.36,21636.8
11175090,53.9222,-95.9492,281.33,20101.2
9960660,53.6289,-95.0969,281.29,20884.7
8386183,53.7292,-93.7583,281.28,22091.4
10895772,53.9344,-92.5394,281.24,20274.8
11242792,53.6889,-95.7725,281.09,20063.1
9028412,52.0975,-87.4669,280.93,21569.0
7862910,53.8589,-93.9217,280.49,22556.6
9867036,54.0364,-91.4019,280.38,20948.6
9558754,52.5403,-87.9417,280.1,21169.5
11803008,53.7267,-95.6686,280.08,19739.8
11494348,53.8108,-93.9992,279.66,19913.3
11720086,57.945,-96.1467,279.37,19788.1
10850546,53.9942,-91.3217,279.34,20299.9
9748650,52.5856,-87.9167,279.23,21036.6
11217351,53.8978,-94.4567,279.12,20079.0
11100216,54.2036,-92.04,278.65,20148.7
11560120,53.1294,-90.0178,278.43,19878.1
9977536,53.8922,-94.0125,278.34,20872.4
11538796,53.0247,-89.2969,278.29,19890.9
9450724,53.9911,-95.0692,278.02,21247.6
10526981,53.6189,-95.1375,277.85,20506.0
11358124,53.7444,-91.0442,277.68,19996.3
9075105,53.7406,-94.1286,277.21,21530.5
10715461,53.4808,-94.2269,277.14,20384.5
11852286,63.1317,-91.5728,277.11,19710.7
10840837,52.5619,-87.9,276.86,20306.2
11504816,53.8794,-91.23,276.45,19906.9
10069978,52.7831,-88.4436,276.34,20811.3
6853269,58.2472,-96.2608,276.32,23581.2
7146527,53.8311,-94.9011,276.1,23265.7
11139966,53.8647,-95.3258,276.07,20123.4
9994711,53.5864,-94.125,276.02,20860.2
5517358,57.5342,-96.3717,275.92,25261.3
11389133,57.8847,-96.0969,275.84,19977.2
8441132,52.9372,-88.4278,275.83,22042.3
7412178,53.9794,-94.7361,275.41,22993.0
7159110,54.3806,-92.2878,275.41,23252.0
9416125,52.5533,-87.4208,275.15,21274.5
11685007,52.6836,-87.7317,274.99,19804.2
5876135,53.8219,-94.2753,274.15,24769.8
11489124,53.8228,-90.9619,274.11,19916.5
10326551,53.0011,-89.0069,273.93,20639.2
11415481,52.0861,-87.5208,273.92,19961.2
10362072,52.9975,-88.6458,273.79,20614.4
9606289,53.7047,-93.8358,273.72,21133.3
8904616,54.4383,-92.0353,273.62,21666.2
10575658,52.1731,-87.4853,273.61,20478.0
2337456,57.0533,-94.9569,273.45,32762.9
10047764,54.4217,-92.0575,272.97,20826.6
6127262,53.9647,-94.8008,272.89,24443.5
5356021,57.1678,-94.5628,272.75,25497.3
11709382,52.3078,-87.9028,272.75,19794.6
6675375,58.2308,-96.2594,272.33,23783.0
6647717,52.8936,-88.0036,272.19,23812.4
10840826,52.9308,-88.5442,271.93,20306.2
9523269,53.9019,-91.0611,271.54,21196.5
6958896,53.9111,-94.7617,271.53,23467.5
10317827,52.7622,-88.4511,270.98,20645.3
8771217,53.3122,-88.3053,270.95,21768.9
7581294,54.0289,-94.6978,270.85,22826.1
7346587,52.8414,-88.3553,270.73,23062.2
6682078,53.7781,-94.6511,270.36,23774.9
10398086,53.0775,-88.3683,270.17,20589.7
11775294,53.7653,-95.0067,269.86,19755.9
10886089,53.2661,-88.3169,269.86,20281.1
11319618,53.9408,-94.9861,269.7,20015.4
8947220,53.7472,-94.7419,269.37,21630.9
11090217,53.9767,-94.7144,269.28,20155.0
9017516,52.7856,-88.22,269.15,21577.8
11013320,53.1767,-88.0425,269.07,20199.2
10398061,54.0819,-93.8042,268.92,20589.7
7096246,53.8367,-94.7033,268.67,23317.7
4979371,54.9969,-96.2244,268.13,26087.7
9842308,54.1792,-93.2608,268.04,20966.9
7393683,53.8531,-94.8883,267.56,23012.4
8972164,52.8581,-88.6069,267.49,21610.3
10969004,52.9239,-88.4569,267.48,20227.6
10330764,59.7856,-80.0719,267.45,20636.1
7463615,53.7322,-94.205,267.31,22943.1
7492937,53.9928,-94.7417,267.2,22912.5
10840823,52.9586,-88.2744,267.16,20306.2
7503699,53.8503,-94.0375,267.16,22901.4
7531724,53.8572,-94.1244,267.07,22876.3
11340412,54.0731,-95.2986,266.94,20002.7
10295760,53.7331,-93.9408,266.72,20660.8
5742298,56.8644,-95.1353,266.68,24946.6
7659541,53.8422,-94.9783,266.62,22750.6
7790464,53.9342,-94.7408,266.18,22627.1
10286842,53.8481,-94.3608,266.17,20666.9
7796179,53.8758,-94.8725,266.16,22621.5
10731356,52.9578,-88.2342,266.12,20378.2
7824851,53.7703,-94.4142,266.06,22593.3
7848448,53.8478,-93.9967,265.98,22570.7
11384083,54.1239,-95.1508,265.84,19980.4
9086207,54.0153,-94.685,265.82,21521.7
8706107,53.8481,-94.7694,265.35,21824.5
8554831,53.7672,-94.5211,265.3,21946.7
11120172,53.8453,-94.115,265.09,20136.0
10783312,53.7936,-94.8736,265.02,20343.8
8173265,53.8506,-94.1092,264.95,22278.1
8203606,53.8619,-94.9203,264.85,22249.5
8216242,53.7619,-94.0844,264.81,22238.0
8219319,53.8719,-94.3942,264.8,22235.1
11857727,53.8453,-94.9308,264.6,19707.5
1392887,55.5186,-93.6783,264.47,37885.2
8330633,53.7611,-94.1167,264.46,22137.5
8408497,53.8381,-94.2925,264.23,22071.2
10201519,53.7758,-94.0319,264.06,20722.3
10353049,54.1458,-95.1017,264.03,20620.6
8544799,53.8858,-94.7211,263.83,21955.4
8633120,53.7269,-93.8503,263.58,21882.8
8660053,53.7556,-94.2108,263.5,21859.5
10910314,53.1181,-88.3186,263.46,20265.3
8716289,53.8533,-94.9033,263.35,21815.7
8240927,52.8203,-88.4317,263.17,22215.1
9718061,53.7842,-94.8628,263.14,21054.8
8289198,53.0539,-87.795,263.13,22174.9
9785193,53.7764,-94.0736,263.06,21009.4
8867475,53.7811,-94.9042,262.93,21692.7
8870936,53.7017,-94.41,262.92,21689.8
10407215,52.7814,-88.5233,262.46,20583.5
9064346,53.7783,-94.8283,262.41,21539.4
9064348,53.7736,-94.3517,262.41,21539.4
11065415,54.2928,-92.9808,262.21,20170.8
11494347,53.8314,-94.43,262.15,19913.3
6400547,56.6125,-95.9828,262.08,24104.9
10384460,54.0914,-95.2569,262.06,20599.0
9209942,53.9306,-94.7492,262.03,21426.7
9249856,53.8308,-93.9992,261.94,21400.0
9298556,53.7789,-94.3203,261.81,21361.2
9306297,53.8139,-94.3283,261.79,21355.2
9416076,53.9447,-94.8153,261.52,21274.5
9431515,53.8075,-94.1317,261.48,21262.6
9495735,53.8083,-94.2669,261.33,21217.6
10715424,54.7289,-96.0786,261.22,20384.5
9558707,53.8947,-94.7558,261.17,21169.5
9562590,53.8411,-94.2983,261.16,21166.5
9616399,53.8086,-94.3111,261.04,21130.3
9616403,53.6689,-94.3883,261.04,21130.3
8663570,52.845,-88.6128,260.99,21856.5
9657181,53.7478,-93.8094,260.94,21100.1
9685630,53.7503,-94.55,260.87,21079.0
9689692,53.7769,-94.1569,260.86,21076.0
11780763,55.04,-96.1117,260.55,19752.7
10416294,54.6331,-96.345,260.51,20577.3
10108260,54.0536,-95.2453,260.5,20783.7
9867037,53.9683,-94.8161,260.44,20948.6
9893933,53.8406,-94.2442,260.39,20933.4
11554852,52.8442,-88.3675,260.28,19881.3
9943905,53.8025,-94.7692,260.27,20896.9
8311492,54.0644,-95.2278,260.25,22154.8
8936559,52.8056,-88.4953,260.25,21639.8
9325332,52.9008,-88.5425,260.24,21340.3
9998823,53.8614,-94.4011,260.14,20857.2
10030480,53.7425,-94.085,260.08,20838.8
10188299,53.74,-94.46,259.73,20731.6
8926047,53.1636,-87.7136,259.61,21648.6
10309091,53.7658,-94.0411,259.47,20651.5
10317793,53.8172,-94.575,259.45,20645.3
10339780,53.8019,-94.8294,259.4,20629.9
10402632,53.7625,-94.2542,259.26,20586.6
10420755,53.8394,-94.4394,259.22,20574.2
10436113,53.8292,-94.8236,259.2,20568.0
10467613,53.8342,-94.7886,259.13,20546.3
10472152,53.7311,-93.9067,259.12,20543.2
10472150,53.7644,-94.5853,259.12,20543.2
10490330,53.8214,-94.1892,259.08,20530.8
11090259,52.8489,-88.2678,258.93,20155.0
10575610,53.8403,-94.1519,258.91,20478.0
10607853,53.7514,-94.1733,258.84,20456.2
10631358,53.8253,-94.0158,258.79,20440.6
10636043,53.8514,-94.0678,258.78,20437.5
11447003,54.1186,-95.2494,258.73,19942.1
10731330,53.8006,-94.1992,258.59,20378.2
10736076,53.8567,-94.9286,258.58,20375.1
6834573,54.6972,-92.4342,258.51,23602.8
10773833,53.7967,-94.3,258.5,20350.0
10807253,53.7433,-94.0669,258.43,20328.1
10659442,54.1897,-93.6928,258.4,20421.9
10864950,53.8431,-94.8494,258.31,20290.5
10881223,53.8989,-94.7342,258.29,20284.2
10915223,53.7189,-94.5808,258.22,20262.2
6249891,54.1964,-95.1311,258.19,24289.3
10954203,54.0011,-94.7544,258.14,20237.0
10968972,53.8175,-94.0428,258.11,20227.6
10998304,53.8192,-94.7103,258.05,20208.7
7643105,54.3039,-95.5108,258.02,22767.4
11268357,54.2261,-95.1367,257.93,20047.2
11144913,53.7986,-94.205,257.77,20120.2
10402611,54.5169,-92.3603,257.69,20586.6
11319629,53.7319,-94.455,257.44,20015.4
11040641,54.3011,-95.4583,257.41,20186.6
11363324,53.7764,-94.7083,257.37,19993.1
8897637,54.2942,-95.645,257.33,21672.1
5678920,54.5233,-91.9667,257.28,25033.3
11425868,53.7247,-94.625,257.25,19954.9
11522780,53.8908,-94.7725,257.08,19900.5
11593162,53.9022,-94.7503,256.95,19858.9
11614969,53.8556,-94.6594,256.91,19846.0
11620317,53.9192,-94.7236,256.9,19842.8
11636338,53.7464,-94.0103,256.87,19833.2
11652385,53.8183,-94.6236,256.84,19823.5
11753287,53.7728,-94.0925,256.67,19768.8
11764230,53.8472,-94.4308,256.65,19762.4
9922967,54.3847,-93.9353,256.39,20912.1
7334992,57.3228,-94.9692,256.13,23070.4
10138587,54.5086,-96.2008,256.05,20762.3
7171492,57.0408,-94.5325,255.72,23238.3
840707,54.3011,-84.4892,255.67,43303.1
9017480,54.1358,-93.5292,255.54,21577.8
10295738,54.2894,-94.2586,255.54,20660.8
10445052,54.3286,-95.2483,255.22,20561.8
11212019,57.9531,-95.9433,254.8,20082.2
9846412,54.2564,-95.6753,254.49,20963.8
6924707,52.9336,-87.9142,254.35,23502.7
11747713,52.8219,-88.6517,254.18,19772.0
4512174,57.2872,-95.8633,253.92,26900.5
11394460,52.8842,-88.1925,253.84,19974.0
6443586,54.3097,-94.7333,253.75,24054.7
8663563,52.9917,-87.6303,253.15,21856.5
6982745,54.2633,-94.6403,253.07,23440.3
7011473,54.4039,-94.9369,252.45,23407.7
10835966,54.1197,-93.685,252.37,20309.3
6125321,54.35,-94.8119,252.27,24446.1
11298912,54.2631,-95.4419,252.01,20028.2
9813441,54.2547,-94.52,251.78,20988.1
6392241,54.3314,-94.7783,251.56,24115.5
11045612,52.9772,-88.075,251.33,20183.4
11384111,53.1169,-87.7203,251.15,19980.4
11582316,52.8453,-87.735,251.05,19865.3
10532353,54.3903,-95.0828,249.84,20502.9
10750259,52.9547,-87.6311,249.27,20365.7
11560130,52.9142,-87.6894,249.25,19878.1
11598719,54.5064,-92.3553,248.5,19855.6
6067897,55.9122,-96.23,248.41,24519.0
11436500,53.0003,-87.7608,248.27,19948.5
9404447,54.4781,-92.0303,247.72,21283.5
10541427,57.5842,-95.2703,247.61,20496.7
8472021,54.2531,-94.58,247.48,22019.2
9730260,54.4789,-91.9983,247.32,21045.7
4446756,54.3067,-84.4942,247.27,27021.0
10313439,52.9078,-88.1217,246.96,20648.4
10463118,54.3581,-93.8561,246.8,20549.4
10706183,53.8217,-90.4692,246.41,20390.7
11192065,54.2775,-94.5258,246.06,20094.9
11499563,54.2822,-94.6175,245.22,19910.1
9071524,54.6033,-95.8019,244.95,21533.5
11050416,57.5686,-95.9383,244.88,20180.3
7859999,54.6939,-94.8667,244.77,22559.4
10179589,52.9372,-87.7744,244.75,20737.7
10467601,54.2911,-95.7011,244.63,20546.3
11538803,52.8981,-88.1533,244.55,19890.9
983708,54.5781,-84.9633,244.54,41570.5
11100270,52.8856,-87.6719,244.48,20148.7
8301752,63.0581,-91.3672,244.38,22163.4
11170052,56.5569,-96.2528,244.19,20104.4
10517801,54.5839,-95.1019,243.64,20512.2
11394314,56.8017,-95.5386,242.63,19974.0
11237799,52.9653,-87.8883,242.6,20066.3
8619637,54.5119,-92.0183,242.6,21894.4
11420603,54.4503,-96.1508,241.37,19958.1
10431606,53.7825,-89.9742,241.21,20571.1
6548084,57.8589,-95.46,241.01,23929.9
11335140,54.5319,-95.6478,240.96,20005.9
6039921,54.5467,-94.4308,240.93,24552.8
9632358,54.6322,-95.4878,240.15,21118.2
10074121,54.9692,-95.2883,239.98,20808.2
11636318,54.4378,-91.3219,239.9,19833.2
10047770,54.3133,-94.875,239.42,20826.6
11263379,54.5461,-95.9928,239.42,20050.4
8373199,54.395,-94.9517,239.31,22102.9
10411738,54.4664,-96.1708,238.94,20580.4
1089895,56.26,-91.0767,238.89,40459.9
7752626,54.2978,-94.7869,238.8,22660.9
11647009,54.4747,-91.3411,238.63,19826.7
10175170,55.0456,-95.1644,238.55,20740.8
11533439,54.5844,-94.7569,238.28,19894.1
10550837,54.5944,-95.2978,238.24,20490.4
10663900,55.2897,-95.13,237.85,20418.8
8103969,54.2786,-94.7975,237.66,22338.0
11425891,52.8217,-87.4658,237.13,19954.9
11358099,54.5361,-95.1786,236.92,19996.3
4213657,52.6172,-86.3536,236.4,27474.6
10467595,54.5483,-91.9628,235.88,20546.3
11319601,54.2786,-94.7783,235.85,20015.4
10988537,54.4281,-94.41,235.65,20215.0
5365961,52.1503,-85.5536,235.65,25482.3
10245382,57.0242,-95.6803,235.29,20691.6
10821427,54.8275,-94.79,235.24,20318.7
6209180,54.6325,-91.9353,235.24,24339.0
11841559,54.5139,-91.3794,234.97,19717.2
11319632,53.6092,-88.9458,234.44,20015.4
9242317,56.8636,-94.7525,234.31,21405.9
7859967,56.7414,-95.5808,234.16,22559.4
8036050,54.5597,-94.4711,234.03,22397.9
8824856,54.7569,-95.8703,233.93,21727.9
11373602,55.2708,-96.0619,233.51,19986.8
330962,59.6558,-80.265,233.23,54515.0
9031954,52.6153,-86.3669,233.05,21566.0
8877938,53.0256,-87.53,232.9,21683.9
9582390,54.4939,-95.2928,232.68,21151.4
8997444,52.9228,-87.3442,232.58,21589.7
6125344,52.3831,-86.1619,231.82,24446.1
6629934,59.6544,-80.2975,231.35,23833.8
10227805,57.7803,-95.0953,231.34,20703.9
11130234,53.0586,-87.4903,230.65,20129.7
8094535,59.7939,-80.0719,229.53,22346.6
11614941,54.37,-92.6275,229.5,19846.0
10086794,54.4833,-95.7458,229.27,20799.1
9927258,54.5136,-94.9711,229.16,20909.0
8012004,59.1028,-96.4842,228.17,22420.6
7154128,53.6097,-88.0969,227.97,23257.5
7343939,54.8364,-95.6675,227.25,23064.9
3199501,59.8544,-79.9733,227.04,29870.0
6172306,56.7403,-94.7644,227.04,24383.5
4161922,51.8156,-85.2967,226.94,27581.1
11703744,52.8731,-87.4108,226.76,19797.8
10726526,57.1111,-95.5444,226.12,20381.3
8085657,52.4042,-86.16,226.01,22355.1
6884623,52.4058,-86.1875,225.7,23548.8
11576896,54.7386,-95.4,224.36,19868.5
8157396,52.4922,-86.3958,224.26,22292.4
5274445,56.1919,-90.5303,224.21,25619.4
9546704,56.2736,-96.3725,224.21,21178.5
8317791,54.7931,-95.8142,224.0,22149.0
10494968,54.8992,-92.4,223.99,20527.7
11533443,54.4814,-95.0394,223.29,19894.1
8824855,54.7722,-95.7569,222.55,21727.9
7006658,54.6575,-94.1267,222.02,23413.1
9408326,52.2936,-86.2453,221.92,21280.5
10778428,55.9517,-95.4644,221.62,20346.9
9195349,54.7797,-95.7069,221.57,21438.6
9734362,52.3536,-86.1992,221.21,21042.7
7422668,59.7789,-96.3575,220.71,22981.9
10668518,56.0556,-95.9319,220.7,20415.7
6668654,54.3197,-84.5086,219.7,23791.0
2596037,54.0647,-84.1044,219.61,31775.8
6385921,56.5692,-95.4728,219.32,24123.4
4769638,56.03,-90.3678,218.97,26439.4
11003437,54.5656,-94.455,218.54,20205.5
10559970,54.7722,-95.9894,218.43,20484.2
11144888,54.4906,-92.2442,218.22,20120.2
10864921,54.8392,-95.5378,217.81,20290.5
10326394,59.0367,-96.4592,217.62,20639.2
11065391,54.8597,-95.5333,217.43,20170.8
11334968,59.6547,-96.3369,217.05,20005.9
10254040,59.9361,-96.3975,216.95,20685.4
11431145,54.8933,-94.3117,216.94,19951.7
11604087,54.8075,-95.6969,216.43,19852.4
8750547,54.5644,-94.4875,216.25,21786.5
6860300,59.8175,-79.9842,216.17,23573.1
11764192,54.7997,-95.8744,216.15,19762.4
6100554,56.0744,-90.3803,215.28,24474.8
10129979,52.5792,-86.3653,214.43,20768.4
1342606,59.7122,-80.2108,213.33,38266.8
6951720,55.3889,-94.5125,213.27,23475.6
2785101,54.4803,-84.9125,212.94,31123.4
11802960,54.8742,-95.1567,212.63,19739.8
5905855,60.7947,-96.3011,212.55,24728.6
6800095,56.6072,-95.2033,212.46,23643.3
3852046,60.6606,-96.2239,212.04,28238.5
8067457,52.1869,-84.9375,211.82,22372.2
10944470,54.4567,-90.3225,211.75,20243.3
11384059,54.8344,-95.0458,211.26,19980.4
11303997,59.2186,-96.24,211.23,20025.0
408909,62.8928,-81.9594,210.86,51834.7
7256012,63.1983,-91.8689,210.27,23150.4
11478662,54.6125,-94.3661,210.15,19922.9
9867087,52.3622,-85.0367,210.1,20948.6
3319309,54.4806,-84.8544,209.81,29541.8
10617306,52.5206,-85.1953,208.72,20450.0
3000153,54.3664,-84.5992,208.37,30448.8
9922956,54.855,-95.0319,208.32,20912.1
10949302,54.8658,-95.045,208.25,20240.2
8376417,56.6333,-95.0278,207.98,22100.0
9531110,54.1378,-83.9758,207.4,21190.5
8757449,54.5167,-84.9494,207.2,21780.6
5278039,56.4783,-95.1383,207.2,25616.9
10536921,54.8661,-94.9536,206.98,20499.8
10687390,54.8469,-94.9767,206.67,20403.2
4911311,56.1872,-90.3419,206.59,26202.2
11758926,51.9903,-85.4228,206.29,19765.6
10924979,54.8775,-94.8258,206.2,20255.9
11652182,58.8386,-96.4486,205.66,19823.5
8295433,60.8542,-96.4233,205.24,22169.1
11227507,56.2472,-96.2028,205.23,20072.6
3204006,54.4436,-84.7678,204.84,29857.2
11709270,54.8425,-94.9519,204.75,19794.6
8424690,56.1019,-96.465,204.68,22056.8
6284436,60.9953,-95.8794,204.49,24244.6
10175199,54.1333,-89.3053,204.03,20740.8
8804112,56.1028,-96.2211,203.61,21745.5
11560144,52.7069,-86.3525,203.51,19878.1
7495484,59.1353,-95.985,203.35,22909.7
8222319,56.1442,-90.3108,202.1,22232.3
9562441,59.8497,-79.9817,200.83,21166.5
8061246,60.8772,-96.35,200.66,22377.9
11253130,52.2758,-84.8108,199.44,20056.8
3083465,62.455,-95.8711,199.21,30203.0
9442981,59.0381,-96.3817,199.05,21253.6
9419869,55.0564,-92.7575,199.02,21271.5
11217276,56.1556,-96.1067,198.14,20079.0
10541310,60.8603,-96.4811,198.11,20496.7
5793705,59.8311,-80.0817,197.92,24877.6
2551416,63.1167,-91.0344,197.83,31937.8
9922949,55.3706,-94.7003,197.45,20912.1
10631192,59.2797,-96.2269,196.99,20440.6
8678859,63.1603,-91.8733,196.52,21847.8
3314566,59.7686,-80.1036,196.17,29554.8
7987900,60.8889,-96.3689,195.03,22443.3
7215405,60.6361,-96.4711,194.08,23194.4
7512686,62.5172,-95.6789,193.55,22895.8
6231034,54.4764,-84.8853,193.53,24310.2
7362083,63.2953,-95.5711,193.3,23045.6
9776990,55.4858,-92.8358,192.51,21015.4
6454105,56.1989,-90.1903,191.47,24041.4
10900562,56.0508,-90.7978,191.46,20271.6
6706760,52.4011,-84.5944,189.83,23745.5
10983683,51.745,-86.1558,189.58,20218.1
8143682,63.0928,-96.2311,189.46,22300.9
6612340,63.2789,-95.5072,189.31,23855.2
10103875,56.1633,-91.485,189.25,20786.8
8323951,63.125,-96.3394,189.12,22143.2
9677322,60.9414,-95.8056,189.1,21085.0
10026252,51.7475,-86.1303,189.09,20841.9
10440231,63.0581,-96.2794,188.85,20564.9
11211834,61.4747,-96.2044,188.57,20082.2
8636457,58.9178,-96.355,187.75,21879.9
3692971,56.0972,-91.6111,187.58,28603.9
10271708,58.9594,-96.2667,187.44,20673.1
10654417,63.1981,-95.9767,187.33,20425.0
10463125,54.1997,-89.0261,187.11,20549.4
10210131,63.0708,-91.1611,186.83,20716.2
8979131,56.5861,-95.1975,186.76,21604.4
11780891,51.7225,-84.8644,186.03,19752.7
3206878,59.6856,-80.2336,185.45,29848.6
10267293,59.2025,-95.955,183.08,20676.2
7264690,62.2208,-96.2806,183.0,23144.9
4069529,61.665,-95.8494,182.6,27769.8
11345684,54.2131,-88.9586,182.02,19999.5
10308816,62.3833,-96.0439,181.94,20651.5
8993822,55.755,-89.9961,181.82,21592.6
2633274,62.2344,-95.6317,180.49,31643.2
10095316,56.4844,-94.9075,179.93,20792.9
2625996,62.14,-95.7439,179.68,31667.3
7233066,54.4014,-88.0944,178.5,23175.2
3958148,63.0175,-96.4633,177.91,28007.4
11708938,63.0492,-91.035,177.75,19794.6
7520829,56.5731,-94.9442,177.64,22887.5
5252734,54.4172,-84.7128,176.88,25654.2
3618867,53.3078,-84.2292,176.73,28779.3
9562339,62.3444,-96.4722,174.74,21166.5
5834681,56.9636,-94.2011,174.29,24823.7
7526140,62.5775,-95.74,174.18,22881.9
3274273,63.0389,-95.0622,174.1,29662.4
10910329,52.5897,-84.6569,173.92,20265.3
7710337,62.5364,-95.5939,173.91,22703.0
10174884,63.0908,-95.0861,173.62,20740.8
11329918,54.5033,-88.3861,173.54,20009.1
8082440,62.5694,-95.7456,173.39,22358.0
10919941,60.4956,-96.3756,173.12,20259.1
7976048,62.3061,-95.7189,172.73,22454.7
7948483,61.0489,-95.635,172.54,22477.4
11791993,52.6278,-84.7778,172.33,19746.2
10811886,56.5583,-94.7994,171.76,20325.0
11684859,56.3728,-94.9708,171.57,19804.2
8285957,60.3178,-96.015,171.12,22177.7
7656629,62.1475,-96.2333,171.08,22753.4
625248,59.4475,-80.465,171.01,46680.4
629239,56.1847,-78.8169,170.48,46608.0
9897953,62.9858,-96.2583,169.65,20930.4
10444833,60.3742,-96.3133,169.29,20561.8
11115245,54.5119,-84.8917,168.52,20139.2
8961405,55.9342,-91.9975,168.43,21619.1
9829627,61.1286,-95.7172,166.95,20976.0
6445619,59.4561,-95.955,166.29,24052.0
5823805,55.3242,-89.5875,166.24,24839.1
692837,51.7683,-78.9644,165.9,45490.1
10095254,59.82,-80.115,165.87,20792.9
11846750,63.2969,-95.3633,165.8,19714.0
11554542,61.005,-95.5544,165.46,19881.3
11404817,55.5575,-93.6942,165.19,19967.6
11065427,54.0986,-83.9136,164.95,20170.8
5996449,63.0639,-96.4111,164.94,24612.4
8771002,62.8372,-95.1694,164.77,21768.9
6065873,63.045,-96.4483,163.76,24521.6
10696499,61.1211,-95.9439,163.41,20397.0
11329881,55.5633,-93.6861,162.74,20009.1
696098,59.9186,-79.9378,162.0,45434.0
5726307,61.8992,-96.4922,161.95,24969.6
9725958,62.5906,-95.7222,161.8,21048.7
10594045,56.5497,-94.8653,161.75,20465.6
10214440,63.0833,-91.8283,161.32,20713.1
5454843,63.2464,-95.3489,160.88,25351.9
9877079,59.3328,-95.9744,160.87,20945.6
11012954,62.9036,-95.1761,160.64,20199.2
11389192,55.6269,-94.1419,160.39,19977.2
7895718,63.0347,-96.4122,160.29,22528.3
5557139,62.1353,-96.2522,160.28,25205.8
715157,59.4144,-80.5269,159.8,45124.5
10845331,63.1219,-94.8639,158.85,20303.0
4589991,62.7183,-95.4694,158.67,26758.0
5764832,62.9964,-95.7017,158.08,24918.5
7390869,63.0294,-91.7678,157.7,23015.1
8747081,54.4172,-84.6686,157.59,21789.4
739399,59.6767,-80.5386,157.11,44743.1
1873848,54.7983,-79.1017,157.01,34902.2
4492590,55.6925,-91.8369,156.48,26938.3
5974554,63.2703,-95.1878,156.17,24638.2
9693430,62.2772,-95.7828,155.92,21072.9
11324718,54.2078,-86.4336,155.9,20012.3
9939692,55.8703,-91.6844,155.9,20899.9
6013384,63.2875,-91.2283,155.52,24589.1
6619016,56.7364,-94.3033,154.73,23847.2
7044427,56.6933,-94.52,154.31,23375.0
2818488,59.6889,-80.2717,154.23,31014.8
5629377,62.025,-96.4594,152.93,25101.9
8103952,55.1408,-91.3936,152.11,22338.0
8929472,56.7494,-94.3317,150.53,21645.6
9772936,56.5953,-94.7194,150.3,21018.5
2824655,54.8108,-78.9944,149.77,30994.2
11399283,63.1347,-94.7328,149.68,19970.8
7014401,54.3586,-78.5069,149.05,23404.9
7595010,55.2769,-87.4853,148.84,22812.2
10121260,54.4156,-84.6778,148.69,20774.5
10166542,56.7522,-94.3186,147.94,20746.9
8424737,54.1083,-84.7375,147.92,22056.8
9176411,63.1653,-94.3122,147.81,21453.5
8939989,55.3086,-91.915,147.61,21636.8
8373172,55.4536,-91.2478,147.51,22102.9
6695461,54.69,-84.2892,147.33,23758.9
9645116,54.6889,-84.26,147.18,21109.2
11008201,56.7625,-94.2944,147.0,20202.4
10129852,56.7061,-94.3886,145.87,20768.4
9355652,62.7378,-95.9361,145.78,21316.4
3500284,62.0808,-95.5133,145.75,29072.3
3383452,54.7575,-78.5933,145.3,29371.0
865885,59.3825,-80.5511,144.93,42973.7
6691007,54.8014,-79.0878,144.74,23764.2
7954532,54.4672,-78.5419,144.66,22471.7
9104228,62.1625,-95.7694,144.22,21506.9
11252712,61.9914,-96.3794,143.91,20056.8
10335038,62.0697,-95.5244,142.86,20633.0
11273063,63.1347,-94.3539,141.37,20044.1
3492843,62.07,-95.6044,141.26,29092.0
10449548,53.8944,-83.7467,140.87,20558.7
3997994,62.0197,-95.55,139.99,27920.8
3284471,54.8094,-78.9625,139.21,29634.4
8157351,54.7531,-78.5294,138.78,22292.4
5373925,62.1014,-95.6294,138.54,25469.8
2776114,62.2347,-94.2478,137.87,31154.1
8547943,62.7597,-94.1361,137.81,21952.5
2939754,62.2775,-95.515,137.8,30632.4
10245454,54.735,-84.5044,137.7,20691.6
11797428,54.7019,-84.2242,137.07,19743.0
11410070,54.8081,-79.0378,136.94,19964.4
11504486,62.0789,-95.5556,136.83,19906.9
976214,59.1019,-80.5575,136.17,41654.7
10366274,61.9947,-96.2994,136.13,20611.4
10740399,62.6683,-95.2711,135.74,20372.0
5341451,62.1058,-95.6178,135.62,25519.8
10082721,54.6425,-78.6233,134.55,20802.1
7994035,56.575,-94.2853,134.41,22437.6
6355748,54.3164,-78.5111,134.36,24157.8
9578191,63.195,-95.4867,133.32,21154.4
7964450,55.6869,-91.6883,132.75,22466.0
1030964,59.7064,-80.3919,132.32,41061.7
3230283,62.0317,-94.9883,131.54,29782.4
3536049,62.6619,-83.1561,131.34,28982.3
6829779,62.9392,-93.4333,131.24,23608.2
10508635,54.7881,-78.7217,129.9,20518.4
10706207,53.0447,-84.7258,129.87,20390.7
11774920,62.7842,-93.8156,129.85,19755.9
6221036,54.8817,-78.7894,129.62,24323.3
5046656,54.4522,-78.6411,129.38,25980.0
1079511,59.9392,-79.8594,129.13,40563.7
11409754,62.0772,-96.23,129.1,19964.4
1964476,56.3153,-78.6667,129.0,34437.3
11730719,62.0531,-95.4806,128.58,19781.7
10649984,54.8586,-78.7519,127.91,20428.2
2181791,56.3994,-78.6717,127.83,33419.5
9846156,62.1061,-95.6261,127.41,20963.8
3873576,61.97,-95.29,126.53,28191.1
2473930,56.3,-78.7703,126.34,32227.7
1132372,62.2072,-79.6394,125.88,40050.0
8856838,54.3028,-78.6208,125.76,21701.5
4782222,62.2114,-95.3917,125.25,26420.1
3225941,59.6678,-80.57,125.04,29795.2
6539309,62.7817,-93.4694,124.97,23940.5
3287518,51.7028,-78.5794,124.45,29625.8
6408726,61.9214,-95.4111,124.41,24094.4
7651294,54.8236,-78.9236,123.94,22759.0
8975344,62.0436,-95.5789,123.74,21607.4
10536931,54.475,-78.725,122.75,20499.8
7081157,56.3978,-78.7178,121.91,23334.1
6083226,62.4761,-93.7689,121.71,24498.2
11808074,62.56,-94.5944,121.64,19736.6
6688784,51.7072,-78.5925,121.56,23766.9
5361161,54.8336,-78.8794,120.9,25489.8
4344493,59.4292,-80.52,120.88,27218.3
11273088,62.5603,-94.8356,120.82,20044.1
8163937,54.7069,-78.5483,120.78,22286.6
6507604,62.4442,-94.6594,120.56,23975.1
11635976,62.6294,-82.6283,120.34,19833.2
5004050,61.8667,-95.1039,120.19,26048.6
1240871,56.3953,-78.9617,119.89,39085.5
10612575,53.9425,-83.3736,118.87,20453.1
5078614,59.7958,-80.1258,117.96,25926.0
10393393,59.8636,-80.0286,117.72,20592.8
1284652,59.7561,-79.9603,117.67,38721.9
5896300,62.4347,-94.9367,117.43,24741.5
8131455,62.4803,-94.9922,117.41,22312.4
7107094,53.8444,-83.1383,117.02,23309.5
1612452,56.2772,-79.0917,116.96,36394.5
5930087,59.7231,-80.1608,115.74,24695.1
9336734,53.0469,-78.5253,115.58,21331.4
10598427,62.5131,-94.5889,114.91,20462.4
10047533,62.3856,-94.9783,114.8,20826.6
3065101,62.3956,-93.1733,114.35,30255.7
7061668,51.7178,-78.6083,114.21,23355.9
10121002,62.4592,-94.7556,113.52,20774.5
11124865,62.1578,-95.6183,113.27,20132.9
7406592,62.3156,-95.1044,113.27,22998.5
8073238,61.7833,-95.0544,113.2,22366.5
11217082,60.845,-95.1978,113.14,20079.0
10792657,62.0067,-95.8878,112.91,20337.5
8498547,61.945,-94.2822,112.89,21996.0
9104447,54.4256,-78.5942,112.75,21506.9
10692068,54.6156,-78.7817,112.22,20400.1
10850241,62.4128,-93.25,111.78,20299.9
8612920,54.3925,-78.7675,111.76,21900.2
8626308,62.0564,-95.8128,111.72,21888.6
4895631,56.3547,-78.6703,111.63,26226.5
6337172,62.1994,-94.4567,111.29,24181.5
2684417,56.2253,-78.6658,111.2,31465.5
4757438,61.8472,-95.8294,111.19,26461.1
4717181,62.2,-95.2311,111.14,26530.8
8408382,59.9111,-79.9428,110.84,22071.2
10205658,61.9342,-95.1606,110.42,20719.3
11045238,63.1233,-92.0806,110.18,20183.4
10082593,59.7631,-79.9508,109.93,20802.1
6994691,54.7819,-79.1736,109.93,23426.7
10701182,62.6933,-93.5489,109.18,20393.8
5355957,62.3047,-94.7372,109.04,25497.3
11708941,62.9633,-93.0678,107.97,19794.6
5856593,62.2869,-95.2256,107.87,24792.9
7761077,53.3556,-78.5086,107.76,22652.4
6574176,61.8297,-95.8417,107.73,23897.9
11420256,62.9247,-93.6506,107.46,19958.1
7512693,61.9142,-95.2894,107.32,22895.8
10631067,61.7478,-94.9883,107.2,20440.6
9586548,53.45,-78.5808,107.0,21148.4
10017706,51.7056,-78.6353,106.89,20848.0
2783927,51.73,-78.6975,106.49,31127.5
6858012,56.3661,-78.7292,106.27,23575.8
8279779,54.3089,-78.7558,106.18,22183.5
9689663,54.9211,-78.5236,106.12,21076.0
6427744,61.8122,-95.76,106.05,24070.6
8308236,62.3314,-94.4239,106.03,22157.6
1562635,59.5664,-80.3036,105.78,36713.5
2654998,59.4767,-80.4778,105.17,31566.6
4735959,59.6653,-80.4367,104.89,26499.6
8965083,54.75,-78.7411,104.88,21616.2
10895501,62.0517,-94.1844,104.85,20274.8
7523452,61.7808,-95.2261,104.23,22884.7
11763888,61.7081,-94.9717,104.17,19762.4
11571345,61.6431,-95.0728,104.03,19871.7
10402349,62.4014,-94.7506,103.99,20586.6
5449880,61.8239,-95.5467,103.74,25359.5
5574036,59.6806,-80.4292,103.54,25180.5
10370733,62.2958,-94.7611,102.73,20608.3
9283268,56.3544,-78.6933,102.71,21373.1
2877716,61.9275,-79.7267,102.22,30825.2
6481936,59.9553,-79.84,101.91,24007.0
1674785,59.2883,-80.5778,101.79,36014.4
6193083,61.8661,-95.8183,101.76,24360.0
1678699,59.0747,-80.5861,101.65,35989.6
9628107,62.3753,-94.7389,101.38,21121.3
7078598,62.3711,-94.7744,101.38,23336.8
1697745,52.4403,-78.7519,101.01,35876.2
10476483,61.7631,-95.22,100.8,20540.1
10687397,54.7222,-78.6392,100.6,20403.2
11663105,62.4778,-94.0383,100.45,19817.1
9709793,54.5519,-78.8553,100.42,21060.8
8018254,51.7286,-78.5219,99.79,22414.9
9772733,62.2753,-94.4,99.68,21018.5
11554783,54.6028,-78.745,99.62,19881.3
8986629,51.7311,-78.7094,99.42,21598.5
8685584,62.2964,-94.6156,99.21,21842.0
9495709,54.3767,-78.8067,99.05,21217.6
7693795,61.8714,-95.2606,98.91,22719.8
7578361,62.9539,-92.1033,98.45,22828.9
11035397,61.6817,-95.1267,98.39,20189.7
10166343,62.0131,-95.6944,98.02,20746.9
7930865,62.3944,-94.6733,97.77,22494.4
10580333,54.735,-78.9442,97.47,20474.9
9701816,54.6217,-78.7967,97.3,21066.9
5733306,63.2639,-92.8111,97.23,24959.4
1818907,56.015,-78.9719,97.21,35194.9
11410080,54.6108,-78.7817,97.19,19964.4
8897448,61.6156,-94.3844,97.11,21672.1
7667836,54.3717,-78.8892,97.11,22742.2
1827301,59.0575,-80.5978,96.95,35147.8
7439517,61.8936,-95.8106,96.83,22968.0
8925794,62.3764,-94.6794,96.57,21648.6
1850533,62.6658,-91.0794,96.27,35024.3
11641785,51.7314,-78.6808,96.15,19830.0
7498286,53.0133,-78.5044,95.99,22906.9
9534746,61.8383,-95.6017,95.81,21187.5
2932618,56.1753,-78.6783,95.09,30655.2
7845632,51.7597,-78.9808,94.92,22573.5
11319597,54.4161,-78.7561,94.41,20015.4
3705648,56.4903,-79.23,93.97,28572.7
6985182,53.8439,-78.6125,93.8,23437.6
11211804,62.4856,-94.3722,93.45,20082.2
7827674,54.5269,-78.8633,93.32,22590.5
9550515,62.3292,-94.3394,93.2,21175.5
10541525,54.5144,-78.8869,93.11,20496.7
10214472,62.0258,-95.3517,93.05,20713.1
6554639,61.8761,-95.7189,92.91,23921.9
10905207,62.3553,-94.3756,92.8,20268.5
8780199,56.0181,-78.955,92.65,21766.0
10616955,61.8167,-95.62,91.87,20450.0
2011149,59.8825,-79.8758,91.84,34208.9
7620831,61.99,-94.0661,91.49,22789.8
11725249,62.0042,-95.7806,91.45,19784.9
11278164,62.3583,-94.4161,91.42,20040.9
4710751,56.3153,-79.0861,91.37,26542.8
10807230,54.3989,-78.8269,91.01,20328.1
2344677,56.1844,-79.0242,90.62,32735.7
9290865,54.7186,-78.97,88.93,21367.2
3980132,55.9703,-79.0328,88.18,27957.3
4071584,56.0339,-79.0058,88.17,27765.2
6728085,56.2853,-78.685,88.07,23724.0
10663953,53.8608,-78.5058,88.05,20418.8
10802524,54.0519,-78.6186,88.0,20331.3
11212179,52.9486,-78.5236,87.91,20082.2
11609546,53.9331,-78.575,87.47,19849.2
11130137,56.1372,-79.0558,87.32,20129.7
11268282,56.2817,-78.7408,87.02,20047.2
2219411,59.4944,-80.4558,86.79,33255.1
10348705,52.8714,-83.7044,86.38,20623.7
4384819,53.0086,-78.7492,86.28,27141.0
11415385,54.7772,-79.0317,85.89,19961.2
6616806,56.0106,-79.1311,85.27,23849.9
4952427,62.2711,-93.5678,84.89,26134.0
8743569,56.5244,-79.2736,84.29,21792.3
11538732,54.4978,-78.9178,84.18,19890.9
11135023,54.5203,-78.8983,84.09,20126.5
4044951,56.0267,-78.9286,84.0,27820.3
11013213,56.4175,-79.2953,83.92,20199.2
11472946,62.2794,-94.7978,83.66,19926.1
7553938,62.6453,-92.945,83.55,22854.0
11674251,53.4003,-78.5678,83.5,19810.7
3931783,55.9508,-79.2069,83.29,28064.2
7324647,52.9836,-78.6517,83.26,23081.5
11528089,53.8261,-78.5036,82.92,19897.3
9325303,54.1211,-78.7544,82.19,21340.3
7409446,54.6656,-78.785,82.02,22995.8
8012053,56.3381,-78.6961,81.99,22420.6
5786361,55.9622,-79.1508,81.9,24887.8
3100834,56.2861,-78.965,81.86,30150.2
5922631,54.6922,-78.9344,81.74,24705.4
11808099,62.0853,-93.7628,81.71,19736.6
2472948,59.4642,-80.4958,81.53,32231.6
6563396,62.2803,-93.68,81.5,23911.2
7343917,56.2678,-78.9728,81.45,23064.9
11120124,55.0606,-84.85,81.16,20136.0
2501610,56.6611,-79.1967,80.98,32122.7
11528076,54.1014,-78.6878,80.79,19897.3
11139901,56.1414,-79.4186,80.77,20123.4
11549507,53.4056,-78.6311,80.68,19884.5
7827640,56.3392,-78.945,80.61,22590.5
3275088,59.7739,-79.9342,80.59,29660.2
10978814,51.7428,-83.1403,80.59,20221.3
10726673,52.4356,-78.7328,80.47,20381.3
10495013,53.245,-78.7067,80.34,20527.7
10541467,56.4853,-79.1325,80.12,20496.7
3629242,51.7064,-78.8717,80.09,28757.2
7398970,56.1783,-78.8592,79.93,23006.8
7049280,55.9928,-79.0244,79.46,23369.5
11298594,63.0356,-92.5917,78.83,20028.2
6691011,54.6267,-78.8594,78.12,23764.2
2662705,59.2308,-80.6169,78.06,31538.3
8656658,54.6089,-78.8208,78.05,21862.4
7463559,56.1864,-78.6944,77.89,22943.1
7343915,56.3103,-78.7186,77.8,23064.9
7787519,62.3206,-93.8539,77.67,22629.9
5591927,56.5883,-79.2644,77.55,25157.7
7037258,54.6378,-78.8836,77.38,23383.2
2707280,51.9361,-79.415,77.31,31386.4
8619580,56.5594,-79.2711,77.25,21894.4
7848486,51.7489,-78.5944,77.2,22570.7
10890952,54.4886,-78.9567,77.0,20277.9
4970788,52.9867,-78.6661,76.43,26102.3
8122566,51.9033,-82.8342,76.1,22320.9
8015123,59.4836,-80.4678,75.81,22417.8
8682257,62.3011,-93.5539,75.68,21844.9
11736571,54.5875,-78.8708,75.63,19778.5
4473603,56.1356,-79.2858,75.58,26971.4
9325355,51.7417,-78.6058,75.4,21340.3
8140848,56.365,-78.9361,75.26,22303.8
6276431,56.03,-79.165,75.19,24255.1
11663464,52.8406,-78.5367,74.88,19817.1
5397232,55.895,-79.4917,74.81,25437.2
2881596,59.2628,-80.4117,74.51,30812.8
2931000,55.7214,-79.1978,73.76,30657.3
11242780,54.0456,-78.7392,73.63,20063.1
7458135,62.4481,-92.8622,73.18,22948.6
4004122,56.2142,-79.005,72.79,27907.1
9943827,56.4917,-79.1869,72.36,20896.9
9877186,54.6581,-79.0108,72.35,20945.6
10335044,61.8369,-93.9544,72.1,20633.0
3050982,56.2722,-79.0219,72.03,30295.7
7556753,51.8667,-78.505,71.53,22851.2
3105289,58.6264,-78.5586,71.29,30139.6
10998271,54.6511,-78.8603,71.26,20208.7
11165074,53.7797,-78.7094,70.88,20107.5
9854802,54.6917,-78.8411,70.74,20957.7
9385220,51.7206,-78.6869,70.7,21298.5
7710332,62.6406,-92.2094,70.38,22703.0
3258909,52.9128,-79.0203,69.24,29703.1
9616133,62.1947,-93.6878,68.73,21130.3
10575625,53.3278,-78.7708,68.62,20478.0
3313815,56.0811,-78.8458,68.56,29556.9
3328502,55.9175,-80.0842,68.37,29515.9
8922428,51.9233,-82.6211,68.29,21651.5
6762237,54.5706,-79.0758,67.88,23683.7
10308806,62.6958,-92.6183,67.24,20651.5
8317765,55.9767,-79.1942,67.11,22149.0
7819081,56.0661,-78.9453,66.94,22598.9
11253003,55.8592,-79.0569,66.75,20056.8
3468550,58.8356,-78.9233,66.7,29153.2
4820297,56.2442,-78.9844,66.64,26354.9
10371005,54.6608,-78.8453,66.44,20608.3
8626470,56.0375,-78.9578,66.33,21888.6
10807286,52.6172,-78.5019,66.19,20328.1
6946771,62.0714,-93.4872,65.59,23481.0
11105189,53.0272,-78.78,65.43,20145.5
11389228,54.6747,-78.9025,65.24,19977.2
5600514,52.4331,-78.5078,65.21,25145.0
7027536,54.6258,-79.2969,64.95,23394.0
8846417,55.9225,-79.0494,64.78,21710.3
10692013,56.2286,-92.7333,64.66,20400.1
4558282,59.805,-80.1025,64.55,26815.1
10788245,51.9247,-82.6603,64.47,20340.7
9657157,54.4058,-78.9469,64.41,21100.1
10480945,62.3547,-93.4167,64.2,20537.0
11452330,52.5822,-78.515,63.79,19938.9
8468744,55.9872,-79.3561,63.58,22022.1
9935391,62.2744,-93.2467,63.55,20902.9
3785165,59.3514,-80.5661,63.25,28389.3
11847077,55.8694,-79.065,63.07,19714.0
9053368,52.9644,-78.6753,62.97,21548.3
6187146,58.6097,-78.545,62.76,24367.8
3853937,55.715,-79.3283,62.56,28234.0
4193905,52.9594,-78.9036,61.85,27516.3
7523637,52.5447,-78.5442,61.81,22884.7
8940053,52.5667,-78.6117,61.75,21636.8
3938740,59.0231,-80.6236,61.74,28048.3
7051787,51.7228,-78.7692,61.7,23366.8
6616879,51.7747,-78.8444,61.47,23849.9
11278472,54.6678,-79.1883,61.21,20040.9
10792799,59.3211,-80.5753,61.19,20337.5
4014408,56.2258,-80.0894,61.02,27884.3
9082444,54.5331,-79.0475,60.86,21524.6
6891461,59.0192,-80.6094,60.78,23540.7
8997210,61.9253,-93.8128,60.74,21589.7
4057961,56.1022,-78.9658,60.63,27795.1
8485038,52.7789,-78.515,60.52,22007.6
10969002,53.0097,-78.7975,60.49,20227.6
10564700,51.9733,-82.4833,60.42,20481.1
11079972,62.37,-92.9011,60.33,20161.3
4130086,52.9122,-78.9953,59.98,27645.7
4137514,59.4069,-80.2633,59.91,27629.5
4138617,60.7569,-78.6661,59.9,27627.2
11636418,51.9561,-82.5275,59.37,19833.2
7195200,55.9981,-79.6878,59.21,23216.4
10914862,62.6397,-92.7372,59.06,20262.2
5894585,59.9125,-79.8919,58.96,24744.0
4256162,56.5608,-79.1358,58.87,27388.7
10891001,52.6869,-78.5311,58.8,20277.9
4290855,59.9303,-79.9894,58.58,27321.1
4297637,56.7164,-79.5358,58.52,27307.1
8692656,52.7711,-78.5861,57.71,21836.1
4420443,58.6231,-78.665,57.52,27072.8
6963546,56.2075,-80.1019,57.15,23462.0
4474802,58.66,-78.6675,57.08,26969.1
11598789,52.5261,-78.5167,57.04,19855.6
4586321,56.6647,-78.7458,56.22,26765.1
4590060,55.7275,-79.1753,56.19,26758.0
4638882,53.3353,-79.9511,55.82,26669.7
4894244,55.8431,-79.2278,55.56,26228.9
10645292,56.2392,-79.5517,55.38,20431.3
7484904,55.9464,-79.9644,55.37,22920.8
11742097,56.0925,-79.7675,55.08,19775.3
6601535,56.5956,-79.145,55.01,23868.6
8481787,56.1556,-79.3203,54.93,22010.5
4798347,55.7506,-79.9294,54.66,26391.2
6189161,59.4119,-80.2594,54.39,24365.2
4854365,62.8297,-91.9661,54.26,26294.4
4860442,59.3297,-80.615,54.23,26287.2
11835929,56.2742,-78.6586,54.19,19720.4
11149859,58.6136,-78.6519,53.91,20117.0
7500994,52.4444,-78.7217,53.81,22904.2
8767713,56.1956,-80.045,53.6,21771.8
8110070,56.5958,-79.2633,53.05,22332.3
5078645,55.9322,-80.0342,52.75,25926.0
11155112,53.2653,-78.8667,52.7,20113.9
7964516,52.1472,-82.0,52.61,22466.0
5114492,52.2517,-79.4367,52.52,25869.4
8383029,52.1489,-82.0203,52.31,22094.3
10476839,52.5339,-78.5417,52.14,20540.1
5187738,56.0022,-79.5819,52.06,25755.8
5195355,59.4483,-80.5133,52.01,25743.5
5224646,59.4836,-80.6383,51.82,25696.4
10740658,55.8328,-79.0917,51.75,20372.0
5278080,52.3989,-78.5578,51.5,25616.9
8586264,58.6461,-78.5167,51.49,21923.5
5336863,54.8581,-79.3853,51.14,25527.3
9842249,56.1606,-79.7111,50.86,20966.9
10389017,56.9286,-93.1717,50.79,20595.9
5405270,62.8122,-91.8444,50.73,25424.7
10603306,54.9092,-79.135,50.63,20459.3
11018046,56.2111,-80.0744,50.46,20196.1
5490363,62.7431,-92.1778,50.24,25301.6
5490362,62.8028,-92.3194,50.24,25301.6
9039102,52.4192,-78.7844,50.14,21560.1
6215045,58.745,-78.5236,50.12,24331.2
5517373,56.0556,-78.8017,50.08,25261.3
5682364,56.2147,-79.0544,50.02,25028.2
10821486,52.7997,-78.6233,49.78,20318.7
5572434,56.1575,-78.7086,49.77,25183.0
5624370,56.0397,-79.6267,49.48,25109.5
7529062,52.5236,-78.5708,49.47,22879.1
8498797,52.2064,-81.9125,49.47,21996.0
10621885,55.8156,-79.0886,48.98,20446.9
6045562,58.9147,-78.5153,48.95,24545.0
10963916,55.6906,-79.2419,48.92,20230.7
11830457,58.6167,-78.5728,48.75,19723.6
8511698,55.9444,-79.4578,48.66,21984.4
10344235,52.5667,-78.6561,48.62,20626.8
8675612,58.875,-78.5425,48.6,21850.7
10309113,52.9281,-78.7278,48.54,20651.5
7907560,56.2825,-78.8069,48.41,22517.0
11708974,62.0756,-93.325,48.11,19794.6
5896288,63.2747,-83.6844,48.04,24741.5
11268055,62.0114,-93.4644,48.01,20047.2
6421424,59.905,-79.8992,47.82,24078.5
8929420,59.3767,-80.2611,47.69,21645.6
6026735,62.7633,-92.2617,47.38,24570.9
6039953,52.0892,-78.965,47.31,24552.8
10330953,52.9225,-78.7033,46.66,20636.1
6185171,59.3867,-80.3103,46.61,24370.4
7970424,56.2558,-78.6758,45.69,22460.4
6460671,56.0481,-78.8575,45.33,24033.5
9450752,52.75,-78.5775,45.07,21247.6
7997056,59.3981,-80.3008,44.91,22434.8
6931813,53.9478,-79.1469,44.64,23494.6
8803936,62.6872,-91.2306,44.47,21745.5
9726202,55.7972,-79.1033,44.16,21048.7
7816150,58.5883,-78.5878,44.13,22601.7
11268430,51.7672,-78.8969,43.98,20047.2
6773997,53.1186,-79.8503,43.97,23670.2
6797839,59.5236,-80.3853,43.88,23646.0
6797849,58.8825,-78.9386,43.88,23646.0
9412141,56.1564,-78.9,43.75,21277.5
9531061,55.9992,-79.43,43.24,21190.5
10895801,52.9728,-78.7992,43.16,20274.8
11604117,54.0225,-78.9894,42.99,19852.4
9582431,52.9914,-78.8253,42.97,21151.4
7243413,52.4272,-78.5692,42.8,23164.2
7187650,59.3167,-78.5533,42.33,23224.6
9396823,52.9933,-78.8753,42.05,21289.5
7280734,56.0383,-79.5903,41.98,23128.4
10125531,56.3656,-78.9969,41.83,20771.5
11415298,56.9147,-93.0619,41.77,19961.2
7354218,61.8678,-93.2883,41.71,23053.9
7370211,52.8719,-81.1375,41.65,23037.3
7417380,59.0883,-80.6053,41.47,22987.4
11786484,52.7242,-78.7217,41.46,19749.5
10864792,58.6467,-78.6475,41.25,20290.5
9257200,55.9428,-80.0078,41.07,21394.0
9100523,62.8022,-92.2089,40.93,21509.8
7581266,55.6719,-79.2794,40.89,22826.1
7645819,55.9844,-79.5958,40.67,22764.6
10736008,55.9822,-79.455,40.58,20375.1
11614794,58.6464,-78.5769,40.41,19846.0
10816640,55.9578,-79.4625,40.41,20321.9
7758269,56.125,-79.7811,40.28,22655.2
7758270,56.1194,-79.9794,40.28,22655.2
10890900,55.9103,-79.4792,40.27,20277.9
10056078,62.0969,-92.9994,40.24,20820.5
7772170,62.7911,-92.1072,40.23,22641.2
7810468,58.5636,-78.5333,40.11,22607.4
7848487,51.7236,-79.1275,39.98,22570.7
10736099,53.0178,-78.9369,39.74,20375.1
8173242,55.7861,-78.7542,38.95,22278.1
8191216,58.8653,-80.4217,38.89,22260.9
8282930,56.0953,-78.7625,38.61,22180.6
8286048,56.5786,-78.7783,38.6,22177.7
8320917,59.6367,-80.6261,38.49,22146.1
8501919,55.9606,-79.9783,37.96,21993.1
8528264,55.9325,-80.1483,37.88,21969.9
8569816,52.8194,-79.1553,37.77,21938.0
10192501,59.4708,-80.6558,37.47,20728.5
8747048,56.1531,-79.7594,37.26,21789.4
10343897,62.7572,-92.255,37.21,20626.8
11140000,52.9325,-78.9633,37.13,20123.4
11431082,56.9178,-92.9328,36.24,19951.7
9165404,58.7836,-78.6986,36.15,21462.4
11258179,53.7372,-78.6461,35.06,20053.6
9620333,56.1686,-78.7017,35.03,21127.3
9632141,61.8508,-92.6756,35.0,21118.2
9649080,56.2314,-78.8836,34.96,21106.2
9693705,51.9881,-79.2103,34.85,21072.9
10864643,62.4297,-92.6183,34.84,20290.5
9797357,51.7364,-79.1067,34.61,21000.3
9986059,57.54,-79.7553,34.17,20866.3
10026127,56.0433,-79.5411,34.09,20841.9
10513150,53.2853,-78.9719,33.78,20515.3
10389050,55.7736,-79.1233,33.71,20595.9
10227621,62.8167,-92.2367,33.64,20703.9
10313265,59.2083,-80.6408,33.46,20648.4
11560151,52.5294,-78.7069,33.37,19878.1
11522843,52.2272,-81.8053,33.31,19900.5
10420688,55.9222,-78.6492,33.22,20574.2
10682882,52.2383,-81.78,33.18,20406.3
10472205,52.0994,-79.0608,33.12,20543.2
10485606,59.36,-80.2861,33.09,20533.9
10631420,51.9422,-79.2994,32.79,20440.6
10678047,55.7714,-79.3333,32.69,20409.4
10715398,55.9653,-80.12,32.61,20384.5
10850488,55.9231,-79.6342,32.34,20299.9
11652299,56.0297,-79.5544,32.27,19823.5
10905420,56.0489,-78.8219,32.24,20268.5
10929796,54.7494,-79.7819,32.19,20252.8
11242699,56.1219,-78.7703,32.17,20063.1
10939498,56.9233,-92.8186,32.17,20246.5
10949266,56.0872,-78.9292,32.15,20240.2
11070201,58.67,-78.6225,31.92,20167.6
11217243,57.5408,-78.51,31.64,20079.0
11278422,55.9897,-79.1486,31.52,20040.9
11298947,53.3047,-79.6625,31.48,20028.2
11314320,59.2917,-78.5061,31.45,20018.6
11368479,53.4989,-79.7083,31.36,19990.0
11598666,56.1042,-79.5242,30.94,19855.6
11730865,59.3303,-78.5336,30.71,19781.7
11747704,52.9406,-79.0178,30.68,19772.0
11841620,52.9364,-79.0367,30.51,19717.2
