134,-53.1036,73.5175,2750.4,187206.8
1268192,-53.0922,73.5483,2385.83,38859.9
10843957,-53.0847,73.5072,2370.26,20306.2
2219295,-53.1164,73.5533,2364.03,33257.0
984,-49.5942,69.4939,1664.53,145636.3
1147397,-49.5844,69.49,1623.63,39909.7
9282048,-53.08,73.5647,1424.24,21376.1
6659030,-49.5933,69.4875,1398.43,23804.4
5142671,-49.5714,69.4961,1343.03,25827.5
3130414,-53.1456,73.5325,1287.88,30067.7
5594,-49.6092,68.8653,1237.25,116087.2
2476184,-49.6033,69.5033,1200.02,32219.8
3519572,-49.6131,69.4933,1173.76,29026.2
93931,-49.6797,68.8333,1164.74,71892.5
2985177,-49.5953,68.8678,1163.98,30494.8
1958974,-49.5869,68.8808,1163.27,34466.9
6124637,-49.6053,68.8456,1159.06,24448.7
724369,-49.6267,68.8708,1158.2,44978.8
775450,-49.5761,68.89,1146.15,44207.3
5166850,-49.5869,68.8642,1139.67,25788.0
10739149,-53.155,73.5225,1126.34,20375.1
11016577,-49.5875,68.8717,1105.55,20199.2
1851780,-49.5639,69.5169,1095.15,35018.8
17357,-49.1308,68.9833,1089.95,97994.1
7969466,-49.6044,69.5111,1086.8,22463.2
5341077,-49.56,69.4936,1081.88,25522.3
7849,-49.0842,69.1289,1079.94,110694.9
1552065,-49.6053,68.8905,1078.96,36782.8
590550,-49.5544,69.5389,1047.89,47357.9
11656118,-49.08,69.1328,1047.4,19823.5
6122756,-49.69,68.8439,1046.2,24451.3
5654134,-49.6097,68.8919,1031.28,25071.4
28732,-49.3128,69.1092,1029.57,89994.4
82687,-49.3597,69.2692,1023.27,73796.5
9437882,-49.6867,68.8294,1006.44,21259.6
5163756,-49.6142,69.5394,998.94,25792.9
9285908,-49.6342,68.8531,995.18,21373.1
3762153,-49.3069,69.1633,993.82,28443.1
89450,-49.4636,68.9919,990.92,72622.5
21515,-49.4972,69.3975,986.77,94611.5
67988,-49.3875,69.2922,977.68,76757.9
12709,-49.2942,69.9811,967.5,102900.3
31551,-49.5064,69.4494,964.26,88487.3
11773486,-49.5958,69.4767,957.71,19759.1
10012052,-49.3119,69.1703,957.57,20854.1
6401973,-49.6919,68.8264,950.98,24104.9
2769908,-49.3797,69.2822,949.1,31174.6
84755,-49.395,69.2222,948.02,73430.4
892317,-49.2208,69.0994,944.53,42643.3
8359522,-49.59,69.5114,937.72,22117.3
519257,-49.3489,69.2289,934.55,48893.6
285014,-49.0506,69.0983,934.54,56470.2
1300638,-49.6497,68.8497,932.94,38595.0
322340,-49.1886,69.0145,931.93,54861.0
9857540,-49.6178,68.8467,930.27,20957.7
2652567,-49.4022,69.2294,927.36,31576.6
9029,-49.5722,70.1681,926.35,108417.6
3511839,-49.4669,69.0072,925.41,29043.8
9787898,-49.5864,69.5139,922.56,21009.4
2064822,-49.3875,69.2242,914.88,33954.7
468993,-49.4269,69.2239,912.07,50139.1
2241279,-49.0658,69.1233,910.3,33161.1
5465940,-49.4181,69.2283,909.41,25336.9
861125,-49.1461,68.9772,908.29,43037.4
965973,-49.4108,69.24,904.8,41770.8
5417703,-49.2092,69.0911,904.7,25407.2
728671,-49.3772,69.3356,903.93,44907.9
1232708,-49.3589,69.2422,903.03,39157.1
85107,-49.3061,69.945,901.07,73369.7
695972,-49.5672,68.9111,898.05,45436.8
2471793,-49.5739,68.8595,892.92,32237.6
28307,-49.6314,69.6414,891.69,90226.4
736053,-49.5908,68.9061,890.84,44794.3
35287,-49.5419,69.6111,888.72,86824.3
2314772,-49.6117,68.9083,888.71,32858.1
5834150,-49.3911,69.312,884.8,24826.3
244106,-49.4911,69.3533,884.71,58512.6
412194,-49.2744,69.9614,877.58,51733.8
1674697,-49.0525,69.1214,876.67,36016.2
89947,-49.3369,69.3164,875.07,72540.9
825597,-49.0858,69.0819,874.78,43504.2
904159,-49.3047,70.0044,868.79,42496.6
150233,-49.4172,69.3456,865.98,65163.2
5975992,-49.33,69.3125,865.79,24638.2
574828,-49.5728,68.9353,865.01,47678.3
2914753,-49.5606,69.45,862.11,30711.3
4840244,-49.5956,69.4556,861.27,26321.1
839553,-49.6967,68.8733,858.78,43317.8
636514,-49.3117,69.2119,858.57,46475.2
15434,-49.6158,69.0422,854.96,99840.7
1344592,-49.5681,69.4364,854.8,38253.4
9967738,-49.3531,69.2411,854.1,20881.6
2116304,-49.455,68.9944,853.69,33715.6
621897,-49.425,69.032,852.88,46745.9
5968438,-49.6386,69.6444,852.3,24648.6
170646,-49.5364,68.8989,850.32,63373.8
587806,-49.5511,68.9769,846.51,47414.4
1230178,-49.6925,68.8653,845.99,39178.3
8553720,-49.6661,68.8317,844.86,21949.6
3903962,-53.16,73.5925,837.82,28125.5
37540,-49.1219,68.8839,837.01,85836.9
1645608,-49.595,69.6344,831.6,36190.9
35865,-49.1036,68.8322,827.63,86565.7
5628917,-49.6031,69.6339,824.65,25104.5
13588,-49.7044,70.0089,821.44,101838.5
1391146,-49.2828,69.9678,820.73,37900.4
2043627,-49.5769,69.6531,820.57,34054.0
15602,-49.6439,69.0703,819.75,99675.3
56437,-49.4475,69.3603,819.33,79563.6
918600,-49.5481,68.9556,817.33,42319.4
10016296,-49.2764,69.9536,816.75,20851.1
50484,-49.4617,69.4719,813.92,81285.1
2290502,-49.0756,69.0969,812.0,32956.8
1689222,-49.6997,70.0145,811.59,35927.6
104204,-49.0633,68.8614,811.32,70391.5
103196,-49.2269,68.8275,806.62,70535.3
6663456,-49.5364,68.8878,804.88,23799.1
14971,-49.6872,69.0428,803.69,100311.2
5331510,-49.6139,69.6361,793.14,25537.2
6710464,-49.6444,68.8761,792.95,23742.8
2484315,-49.4869,69.3722,792.72,32190.1
1138166,-49.5667,70.1386,790.87,39997.4
3982848,-49.5961,69.4386,790.46,27952.8
626987,-49.4617,69.3905,789.92,46650.4
358268,-49.5286,68.9669,788.29,53495.7
6483430,-49.4592,69.4892,788.12,24007.0
8124608,-49.5958,68.8083,787.6,22320.9
2238233,-49.5444,68.9239,785.79,33174.6
254893,-49.1722,68.9217,785.74,57941.5
3885988,-49.5425,68.9139,781.94,28163.9
21116,-49.2322,69.9722,781.62,94899.9
9743205,-49.6183,69.6431,778.07,21042.7
3530762,-49.3792,69.3844,775.47,28997.7
4949114,-49.0547,69.078,773.85,26141.3
914594,-49.2342,69.16,773.84,42367.5
2790434,-49.5408,68.9436,770.84,31107.1
895281,-49.1575,68.9258,766.79,42605.9
1311092,-49.3992,69.1408,766.7,38514.0
3653455,-49.1997,69.025,765.85,28697.3
8208844,-49.5253,68.9617,765.49,22246.6
2413641,-49.0978,68.812,762.96,32462.1
6745671,-49.0956,68.8197,759.95,23705.2
9212402,-49.5678,70.1303,759.75,21426.7
1956793,-53.0653,73.4347,758.95,34476.1
8960290,-49.2003,69.0414,757.63,21622.1
94978,-49.2061,69.9747,755.13,71736.3
159388,-49.0994,68.9025,754.48,64335.7
4540436,-49.5747,69.422,751.55,26850.7
6292176,-49.6044,69.6219,751.17,24236.7
6210485,-49.4586,69.3347,750.99,24339.0
1733404,-49.3625,69.3114,750.15,35671.4
1717230,-49.6589,68.8672,750.01,35764.1
1083147,-49.3092,69.8953,749.73,40529.1
68282,-49.0731,68.79,748.81,76694.0
87108,-49.505,69.5639,746.75,73024.1
223490,-49.4369,69.2744,746.37,59687.7
755066,-49.1767,69.0433,744.06,44507.5
61791,-48.9272,68.9564,743.88,78203.5
5122968,-49.4922,69.4703,742.59,25857.1
4680063,-49.4519,69.4478,737.78,26598.0
237464,-49.5092,68.9661,736.93,58878.4
22632,-48.8506,68.8244,736.25,93796.5
9383925,-49.56,68.9064,735.72,21301.5
1311697,-49.6908,70.0217,735.04,38509.1
411194,-49.0931,68.8578,732.59,51765.9
886412,-49.7025,68.8875,732.27,42718.0
6275786,-49.6875,69.0617,730.34,24257.8
189875,-49.6811,69.9003,730.25,61915.4
63914,-49.5375,70.1425,729.88,77689.4
68144,-49.2767,69.9203,728.32,76721.4
8163011,-49.6744,69.8964,727.8,22289.5
10072778,-49.6311,68.9036,726.67,20811.3
3719387,-49.2681,69.9194,726.13,28543.7
3314353,-49.3369,69.1961,725.99,29556.9
10662453,-49.5836,68.9367,725.81,20421.9
6685776,-49.2392,69.1408,725.66,23772.3
159700,-49.1989,70.0692,722.45,64308.9
5800296,-48.8556,68.82,722.02,24869.9
20409,-52.9989,73.3122,721.11,95398.8
283500,-49.0397,68.9031,717.38,56540.1
461384,-49.4381,69.1292,716.92,50344.5
216206,-49.4806,68.9608,711.59,60142.8
73333,-48.9106,68.865,710.95,75640.9
955484,-49.6067,69.67,710.8,41889.6
3836190,-49.7014,68.8492,710.42,28276.8
114859,-49.2528,70.0106,710.42,68987.3
1001847,-49.3522,69.1811,709.65,41372.4
1112734,-49.2167,69.9872,709.54,40240.4
83487,-49.0244,68.8575,708.98,73654.8
1382778,-49.6531,69.875,708.5,37960.8
2627437,-49.6667,69.8858,708.02,31663.3
7585862,-49.4542,69.4364,706.88,22823.3
3857539,-49.2089,68.9669,702.73,28227.2
392094,-49.6825,69.9661,702.07,52361.8
145373,-49.5389,69.4364,700.61,65632.8
1101743,-49.46,68.9503,698.14,40344.8
10699942,-49.3872,69.1225,695.93,20397.0
191697,-49.4661,69.2567,694.89,61785.6
1276838,-48.9058,68.9475,694.17,38787.7
764725,-49.4103,68.9675,692.56,44364.1
1651693,-49.4081,68.95,692.12,36153.9
38616,-49.1433,69.2719,691.98,85385.9
390140,-49.5917,70.1725,690.95,52422.6
1874419,-49.1328,68.9436,690.75,34900.4
440257,-49.2328,69.9361,689.6,50914.6
8907049,-49.2569,70.0136,689.45,21666.2
11650640,-49.4225,69.0625,689.07,19826.7
305937,-52.9972,73.2908,688.58,55542.0
9569202,-49.6947,69.0383,688.13,21163.4
2835047,-49.4328,69.0506,687.2,30963.4
9917527,-49.3036,69.2275,686.29,20918.2
3181665,-49.435,69.0072,686.27,29921.1
23105,-49.0094,69.2514,685.28,93445.4
11487376,-49.5883,69.5261,684.01,19919.7
6886090,-49.4611,68.9572,683.88,23548.8
1042821,-48.9422,68.9458,682.24,40942.0
6986814,-49.215,70.0031,681.99,23437.6
573852,-49.1792,69.2064,681.26,47699.7
361266,-49.6369,69.855,679.88,53392.0
5925728,-49.2172,68.8072,679.6,24702.8
10819953,-49.4447,69.2728,679.58,20321.9
3544570,-49.3489,69.3053,678.73,28964.7
1221343,-49.5908,69.5431,678.71,39254.6
64409,-49.5364,69.3347,677.97,77571.2
1177866,-49.1492,69.2378,677.48,39632.6
724118,-49.0036,68.8664,676.81,44983.1
2300034,-49.1067,68.8905,676.73,32918.1
1085418,-49.6767,69.9872,676.69,40505.5
9391684,-49.4597,68.9411,675.57,21295.5
3380874,-49.6597,68.8106,675.49,29379.6
1809094,-49.3981,69.3708,675.47,35249.1
673480,-49.2303,69.9206,672.23,45816.6
393263,-48.9564,68.9486,671.49,52325.3
3248147,-49.5217,68.9794,671.21,29735.3
55487,-49.6536,69.9511,669.57,79808.3
2044857,-49.6408,68.8142,668.83,34048.4
2096294,-49.4467,68.9597,668.81,33806.2
1113511,-49.4906,69.2592,668.47,40232.5
165007,-49.4764,69.4292,667.98,63842.6
1885023,-49.0811,68.8531,667.73,34845.6
1281366,-49.5269,69.4311,667.24,38751.5
361023,-49.1942,68.8075,667.21,53399.2
2732874,-49.1653,69.2244,665.91,31299.0
9037868,-49.1628,68.93,665.11,21563.1
1460037,-49.1072,68.7761,664.51,37406.3
2517821,-49.1558,68.9494,663.83,32063.2
11429482,-49.6092,69.6486,663.82,19954.9
9350823,-49.4647,68.9747,663.79,21322.4
10625172,-49.6861,69.9064,663.72,20446.9
49777,-49.6417,69.9995,663.32,81495.6
25485,-49.6619,69.7694,662.79,91899.2
1493628,-49.0447,69.0644,662.4,37173.9
942111,-49.4258,69.0942,661.47,42041.4
10815108,-49.4233,69.0733,661.16,20325.0
4287249,-49.4414,69.1497,660.85,27330.4
7209644,-49.5419,69.3406,659.79,23202.6
9282080,-49.5336,68.9097,658.37,21376.1
160774,-49.4458,68.9217,656.86,64209.8
10583447,-49.1908,69.0811,656.77,20474.9
4254738,-49.0128,68.8745,655.59,27393.3
1690635,-49.185,70.0706,654.36,35918.8
2876923,-49.4528,68.9767,653.95,30829.3
300078,-49.5531,70.0739,653.81,55790.3
403184,-49.1481,69.0594,653.0,52012.7
7853371,-49.2197,70.0047,652.88,22567.9
141361,-49.355,69.4233,651.63,66040.2
1241374,-49.4322,68.9808,648.56,39082.2
10962371,-49.4319,68.9761,648.48,20233.9
736958,-49.2178,68.7803,647.98,44780.1
146728,-49.6119,69.9631,647.73,65504.5
79223,-49.2325,70.1506,645.88,74439.5
1769794,-49.4717,69.3292,642.09,35465.4
10137151,-49.4383,69.0131,642.04,20765.3
1247172,-49.5961,70.1847,641.43,39033.3
3112060,-49.6253,69.8381,641.26,30120.6
891175,-49.5631,70.0775,641.02,42658.3
6826859,-49.1894,68.8256,640.48,23613.6
2086551,-49.3736,68.9514,639.57,33851.4
200071,-48.9867,68.93,638.77,61195.0
1409174,-49.2156,68.8569,636.59,37767.3
637271,-49.7214,68.9019,635.55,46462.9
58231,-48.9244,69.0,635.36,79088.2
3826076,-49.2133,68.8147,635.01,28297.1
2923087,-49.2494,70.1144,633.9,30684.3
4281503,-49.2372,70.1322,633.29,27342.1
818864,-49.1828,68.8167,632.46,43596.3
85463,-49.2525,69.3922,630.24,73314.1
357911,-53.0111,73.3408,628.44,53507.6
10325120,-49.0481,68.9111,627.75,20642.2
989075,-49.2042,70.0153,627.74,41512.3
31720,-49.7106,68.9725,626.54,88406.7
4827999,-49.7211,68.8975,625.98,26342.8
1503729,-49.6867,69.9292,624.84,37105.3
251195,-48.9508,68.8986,623.98,58136.8
3309487,-49.1897,69.1792,623.98,29567.7
380063,-48.9767,69.3356,623.44,52752.1
5246230,-49.6883,69.9478,620.53,25666.6
1083327,-49.6756,69.0558,618.89,40527.5
11734721,-49.4386,69.2928,618.86,19781.7
8467700,-49.6983,69.8967,617.85,22025.0
257332,-49.5108,68.8867,617.3,57819.3
11773488,-49.035,69.0983,617.2,19759.1
2797160,-48.9703,68.9225,616.57,31086.6
40294,-49.5631,69.1047,616.38,84755.3
1775844,-49.6922,69.9831,616.27,35429.4
4182022,-49.5119,68.8755,616.17,27539.4
8718536,-49.2517,69.3853,616.17,21815.7
89213,-49.6247,69.9014,615.54,72662.9
61754,-49.1542,69.1639,614.93,78212.5
4002820,-49.2219,68.8636,613.61,27911.7
3257935,-49.4317,68.995,611.49,29707.4
1050947,-49.1461,68.8211,610.67,40857.9
9967737,-49.7061,69.9928,609.2,20881.6
32630,-49.3486,68.6797,607.46,87979.7
9667983,-49.7147,68.8981,607.19,21094.1
6710465,-49.5883,69.5381,606.92,23742.8
313662,-49.1864,69.1225,606.56,55217.5
7085358,-49.5225,69.4392,606.36,23331.3
3778342,-49.6972,69.9878,604.21,28407.2
9676207,-49.6853,69.9508,603.88,21088.1
188260,-49.4881,68.9089,602.68,62034.7
1951496,-49.5147,68.8558,600.49,34503.8
278780,-49.3297,69.4561,599.48,56760.6
2773417,-49.6014,69.8328,598.19,31162.3
153342,-49.3036,69.3836,597.14,64875.1
1830169,-49.0686,68.8942,596.57,35135.1
2736421,-49.0303,69.2503,596.56,31286.8
3730422,-49.2114,68.7794,596.06,28516.9
1370809,-49.4889,68.9928,595.86,38053.0
11118540,-49.0625,68.9017,595.18,20139.2
45619,-48.8064,68.9114,595.04,82841.7
1148969,-49.1322,68.7958,594.55,39897.0
8896493,-48.9886,68.9167,594.32,21675.1
2023881,-49.3639,69.4339,592.74,34147.4
1562300,-49.6153,69.8056,592.39,36717.0
2335512,-49.1436,68.8592,592.23,32772.7
6919107,-49.2403,70.1667,591.8,23510.9
348731,-49.45,69.0556,591.22,53842.4
2945937,-48.9247,68.8678,590.14,30613.7
2360615,-49.4289,68.9628,589.4,32673.4
284035,-49.2483,68.8081,588.89,56515.3
828298,-49.2053,68.9053,588.66,43469.0
3822231,-49.0411,69.2578,588.46,28306.1
5789505,-49.5747,70.1939,586.62,24885.2
1960409,-49.2314,68.7947,585.85,34459.5
1448177,-48.9639,69.3611,585.79,37489.7
154980,-49.5614,70.2403,585.44,64730.6
5323026,-49.6058,68.9297,582.29,25547.2
4705052,-49.5408,69.4214,582.21,26554.8
4293850,-49.7064,70.0933,581.96,27316.5
5890355,-49.0247,69.2675,581.78,24751.8
658719,-48.9953,69.3028,581.09,46074.6
10434617,-49.3269,69.4642,580.96,20571.1
10839208,-49.1678,68.953,580.71,20309.3
4892214,-49.3472,68.665,580.61,26233.8
9138469,-48.975,68.9228,580.58,21486.1
5518556,-49.6444,69.9553,580.24,25261.3
1089718,-49.06,69.1525,579.73,40463.0
1686052,-49.4906,68.9461,579.02,35947.1
3509382,-49.5517,69.1033,578.82,29050.3
9391685,-49.2217,68.7883,578.7,21295.5
416963,-49.0278,68.9581,578.48,51590.8
258145,-49.0631,68.9592,577.27,57777.4
1533794,-48.8981,68.9995,577.09,36903.9
646628,-49.2417,70.0353,576.56,46291.2
7398126,-49.7083,68.9836,575.32,23009.6
759624,-49.6867,70.1544,574.5,44440.2
1007624,-49.1975,68.8761,574.45,41310.7
328229,-49.59,69.5875,573.45,54622.4
9942526,-49.6989,70.0683,573.34,20899.9
3784002,-49.1289,68.8469,572.0,28393.7
10012053,-49.0753,68.7592,569.36,20854.1
10611090,-49.6061,68.7964,568.39,20456.2
6265448,-49.3464,69.3978,568.14,24270.9
1740971,-49.2039,68.8633,566.33,35628.5
3660806,-49.5044,68.9828,565.22,28681.7
813782,-48.8875,68.8775,564.37,43666.4
8796352,-49.6847,69.8761,563.89,21754.3
1332159,-49.51,69.2594,563.67,38348.2
1670926,-49.6508,70.0867,562.56,36037.4
8060427,-49.0703,68.7394,561.61,22380.8
11729281,-49.5569,68.9461,560.61,19784.9
653745,-49.5358,69.0155,559.78,46161.6
219021,-49.4719,68.9092,559.55,59969.9
3245115,-49.1892,68.9467,559.1,29743.9
8504114,-48.9203,68.8656,557.81,21993.1
957943,-49.0281,68.8203,557.43,41860.7
10072780,-49.2428,70.0453,557.08,20811.3
7754519,-48.9536,68.9692,556.64,22660.9
253842,-49.0036,69.0042,556.24,57998.6
94012,-49.475,69.1725,554.98,71877.4
1692726,-49.3619,69.3875,554.33,35908.1
5350749,-49.6717,70.1122,554.3,25507.3
8423680,-49.1247,68.8572,553.75,22059.6
406190,-49.4689,69.0844,552.72,51918.2
74528,-49.6272,68.9989,551.99,75389.5
920941,-49.2464,68.8381,551.6,42292.3
6167837,-49.1653,70.0936,551.5,24391.3
6069185,-48.8994,68.8786,550.17,24519.0
5863389,-53.0111,73.3347,549.18,24785.2
6184559,-49.1436,68.8353,548.46,24373.1
95932,-48.6942,69.02,548.23,71593.2
3690866,-49.4517,69.2531,547.51,28610.6
8115215,-49.4922,68.9567,547.12,22329.5
62596,-48.8944,69.0569,545.87,78005.3
5601607,-49.6283,68.9928,544.73,25145.0
8820265,-49.1922,68.9031,544.21,21733.8
69439,-49.5017,69.1672,542.99,76449.4
422877,-49.4939,69.0314,540.99,51416.4
2054170,-49.4814,68.9292,540.53,34005.3
4428462,-49.4725,69.1658,537.64,27058.7
808593,-49.5186,69.2486,537.29,43736.4
935608,-48.9717,68.895,537.16,42118.7
10982032,-49.6286,68.9958,535.94,20221.3
11048908,-49.525,68.9256,535.79,20183.4
703848,-49.0042,68.968,535.03,45307.7
4361872,-49.1794,69.1714,534.97,27185.5
5688947,-49.2194,70.0161,534.53,25020.6
141278,-49.6044,68.9914,534.13,66048.9
980508,-49.1367,68.9092,533.71,41607.3
11696422,-49.1914,68.8931,533.48,19804.2
1235949,-49.5158,68.9089,533.47,39127.8
984061,-48.9953,68.9008,532.75,41567.5
8718535,-49.3261,69.2039,532.75,21815.7
1838899,-49.4719,69.0939,532.72,35087.9
2065160,-49.3594,68.9322,532.26,33952.8
56021,-49.4933,68.843,530.27,79666.1
2942115,-49.4803,68.9439,530.01,30626.1
8461196,-49.5461,68.9928,528.84,22030.7
5489939,-49.0247,68.9697,527.76,25304.2
470293,-49.2992,69.4964,527.45,50104.8
315701,-49.4894,68.88,527.11,55130.9
2311390,-49.5836,70.1283,525.72,32869.7
3546288,-49.6706,68.8814,525.45,28960.3
430031,-49.1261,69.1272,524.5,51204.0
429372,-49.5792,68.97,523.02,51223.9
49397,-48.6375,68.6392,522.88,81625.3
3297523,-49.3708,69.4978,521.28,29602.2
1784358,-49.4906,68.8953,521.16,35382.6
8671272,-49.4761,69.0414,520.64,21856.5
1677806,-49.2889,69.2678,519.9,35996.7
10347216,-53.0108,73.3297,518.99,20626.8
669140,-49.2439,68.8811,518.71,45891.7
6565061,-49.4917,68.9055,517.8,23911.2
11163408,-49.4503,69.3925,517.48,20110.7
4612788,-49.0144,68.9125,516.86,26719.9
3137553,-49.2347,68.875,515.59,30046.5
3890735,-48.9608,68.8947,515.14,28152.6
1623397,-49.7131,70.047,512.75,36327.9
64534,-48.9578,69.0886,512.67,77541.6
1990485,-49.1547,68.8536,509.72,34311.2
1614831,-49.2811,70.0839,509.62,36382.3
7387536,-49.5222,69.2517,508.79,23020.7
125547,-48.6783,68.9483,507.85,67708.4
5793170,-49.3519,68.9206,507.46,24880.1
10475255,-49.1964,70.0878,505.61,20543.2
8562186,-49.2503,68.8881,505.46,21946.7
4389051,-49.2303,70.1892,504.02,27133.9
603487,-48.8525,68.9675,502.24,47101.6
5794987,-48.9289,68.9303,501.97,24877.6
110725,-49.4994,69.0625,501.91,69520.9
2267626,-49.5478,69.5722,501.57,33051.4
206155,-48.7336,69.0139,501.31,60795.0
6198462,-49.1403,68.8942,500.41,24354.7
2172862,-48.9411,68.8856,498.5,33459.5
389725,-48.7336,68.9506,497.12,52436.0
789848,-49.7036,68.9939,496.11,44002.2
3110020,-49.3081,69.4617,495.88,30127.0
3536652,-48.7439,68.9892,494.93,28982.3
56995,-48.5872,68.7872,494.91,79412.1
5060755,-49.3147,69.4864,493.18,25957.9
1351203,-48.8806,68.9453,492.8,38201.8
11011663,-49.5917,69.5533,491.69,20202.4
10137150,-49.4622,69.0739,491.15,20765.3
2049097,-49.065,68.99,491.01,34027.8
9875881,-49.6514,69.7675,489.17,20948.6
10434616,-49.36,69.3378,488.73,20571.1
2876924,-49.0178,68.9411,488.41,30829.3
11623823,-48.8686,68.9933,488.25,19842.8
6222349,-49.3558,69.3617,487.96,24323.3
2916795,-49.4819,68.9217,487.93,30705.1
629910,-48.9719,69.0672,487.55,46595.7
6435772,-49.3075,69.4717,486.03,24062.6
1095927,-49.5961,69.9025,485.48,40401.6
6226461,-48.9781,68.9639,485.22,24318.1
6533981,-49.0867,69.1697,484.68,23948.5
9219757,-49.2242,68.8908,484.35,21420.8
2362916,-49.0803,68.9294,482.6,32663.6
99935,-49.4911,69.1217,480.42,71004.3
595364,-48.7878,68.9197,474.95,47262.3
10115546,-53.0156,73.345,473.21,20780.7
1130676,-49.5672,68.9597,472.96,40067.5
2993087,-49.2422,69.3831,470.67,30469.7
1744902,-49.2022,68.7711,470.62,35605.2
278363,-49.2156,69.2544,470.36,56780.8
1983038,-48.8022,68.9314,468.55,34348.3
578695,-49.5139,69.0431,468.11,47599.4
3175180,-49.5361,69.4025,467.67,29940.3
3550590,-48.8806,69.0672,467.09,28949.3
66794,-48.9642,69.175,465.5,77016.5
11220733,-48.8742,69.0736,465.32,20079.0
7118609,-53.0083,73.3242,464.56,23298.5
11580541,-49.2431,69.3914,463.26,19868.5
8859198,-49.47,68.8939,461.01,21701.5
7760150,-49.0869,69.1742,460.86,22655.2
3462312,-48.9525,69.3786,460.23,29168.5
1320584,-48.9394,69.0047,460.09,38439.5
737402,-49.4217,69.4658,459.83,44773.0
72737,-49.5644,69.1992,459.43,75768.0
1041480,-49.2778,68.9142,459.08,40956.0
894478,-48.9208,69.1769,458.83,42616.4
4377428,-48.9669,69.1667,458.19,27157.4
1989750,-49.7181,70.0622,455.98,34314.9
70914,-49.0986,69.3944,455.23,76138.7
950748,-49.5817,70.0792,455.21,41944.3
687209,-48.8433,68.8719,454.19,45583.8
373229,-49.3281,68.6683,453.34,52977.5
4833403,-48.9722,68.9839,452.35,26333.2
2468356,-49.2556,68.8978,452.33,32251.4
4313706,-49.4569,69.2394,451.67,27279.1
9569205,-48.9089,68.8386,451.61,21163.4
2407923,-49.7125,68.9944,451.36,32485.6
123095,-48.7767,69.1325,451.21,67983.5
771865,-48.8272,68.9206,450.03,44259.2
1102707,-49.5294,69.0161,449.1,40336.9
2519903,-48.64,68.6161,448.25,32055.2
862531,-48.9414,69.2908,448.14,43018.2
8335904,-49.6511,70.1783,446.82,22134.6
4421239,-49.5756,70.1081,445.59,27072.8
5360614,-49.5383,68.8689,445.45,25492.3
8338990,-49.2275,69.2236,445.28,22131.7
737873,-49.3908,68.9125,445.01,44767.3
586828,-48.9872,69.0392,444.95,47431.8
772251,-49.6328,69.0772,444.67,44253.4
8813312,-49.3186,69.3517,442.84,21739.6
5683571,-48.91,69.0467,442.21,25028.2
868442,-49.185,69.9642,439.9,42944.1
5464306,-48.7233,68.975,438.15,25339.4
3006513,-48.5811,68.7847,437.28,30430.0
8956694,-49.3664,68.9175,436.58,21625.0
1633544,-49.5933,70.2342,434.56,36264.7
2728185,-49.1739,70.0005,433.01,31315.3
5145711,-49.6067,69.605,432.09,25822.6
6371867,-49.0975,69.3636,431.44,24139.3
412645,-49.6489,68.9292,430.08,51721.5
152820,-48.9656,69.0122,428.81,64923.2
2195013,-49.2344,69.2033,428.4,33362.2
410073,-49.2472,69.3183,427.62,51799.1
758659,-48.8556,69.0372,427.2,44454.5
509640,-48.7639,68.9361,425.92,49122.4
3521274,-49.3794,69.5386,424.72,29021.8
94942,-49.1503,69.3944,422.98,71741.7
5707790,-49.6525,68.9256,421.49,24997.6
4942963,-49.4039,68.9011,420.79,26148.6
10848915,-49.5697,69.6183,420.64,20303.0
1516969,-49.4439,69.4181,420.24,37015.9
7392838,-49.1961,68.7914,419.12,23015.1
11333412,-49.5575,69.3411,418.16,20009.1
843776,-48.7839,68.9767,417.82,43263.3
5141189,-48.8653,68.7983,416.52,25830.0
2930782,-49.1356,70.0883,415.76,30659.4
5824987,-48.8797,69.0189,414.07,24839.1
963175,-49.3178,68.9133,413.57,41802.8
3364920,-48.9667,69.2617,413.04,29423.0
4611544,-49.3414,68.9286,413.03,26722.2
387359,-48.9211,68.9008,411.13,52512.5
2812863,-48.7664,69.0336,410.87,31035.3
5096364,-49.3083,69.5175,409.88,25901.4
1771830,-49.1714,68.8844,409.04,35452.8
4702487,-49.6281,68.9853,408.45,26559.6
5244763,-49.2122,69.9494,407.31,25669.1
10734497,-49.5528,68.8928,407.12,20378.2
358723,-49.3864,69.5067,407.06,53479.0
8618487,-49.4447,69.0408,406.51,21897.3
4304593,-49.3331,69.5228,406.33,27297.8
4522817,-49.4547,69.0722,405.66,26881.5
4011030,-49.2347,69.2214,405.16,27893.4
800904,-49.0439,68.7761,405.11,43845.5
289460,-49.3167,69.7314,404.67,56263.4
421402,-49.1069,69.4567,404.55,51459.7
2617615,-49.52,69.0272,404.45,31699.5
135531,-48.6681,69.0311,404.25,66634.7
250275,-49.3956,68.8767,403.54,58185.0
1086821,-48.8631,69.025,401.1,40491.4
4478111,-49.2981,69.3353,400.25,26964.3
817380,-49.3536,68.703,399.19,43616.8
9700498,-49.4872,69.3328,398.62,21069.9
423843,-48.705,68.9539,397.96,51389.1
5995966,-49.3317,68.6814,397.52,24615.0
4193529,-49.6683,68.8917,396.97,27518.6
3333644,-49.4831,69.4117,396.71,29503.0
10059174,-49.5447,69.4072,395.58,20820.5
8256812,-49.0092,68.9553,394.94,22206.5
5025350,-49.6578,69.7594,394.51,26014.3
4189709,-48.9283,69.3203,394.33,27523.2
8517219,-49.5778,68.8097,394.02,21981.5
4993686,-49.6586,68.7881,393.85,26068.1
3376068,-48.7717,69.1611,393.78,29392.6
10639131,-48.635,68.65,393.45,20437.5
1766908,-53.0958,73.6664,393.42,35479.7
355817,-49.6144,70.1194,392.41,53581.4
1059692,-49.2411,69.2794,392.1,40767.4
2007750,-49.2517,69.3531,392.06,34227.6
3843913,-49.1111,69.0778,391.97,28258.8
2301376,-48.8008,69.0789,391.6,32912.3
11021466,-49.2533,69.9003,391.26,20196.1
5549936,-49.2567,69.3653,391.21,25218.4
7614678,-48.8067,69.0744,391.11,22798.2
173539,-49.6672,69.8306,390.89,63150.3
1170701,-49.4578,69.1067,390.52,39696.8
5812967,-48.7739,69.0058,390.45,24851.9
3752893,-48.8111,69.0439,390.41,28465.5
10791424,-49.4456,69.0667,390.21,20340.7
2671675,-49.0072,68.8958,388.88,31510.0
885135,-49.6286,68.9697,388.65,42732.9
652327,-49.4967,68.82,387.19,46186.4
3910936,-48.9081,69.3397,386.89,28109.6
10169495,-48.9808,69.0547,386.86,20746.9
975431,-49.34,68.6997,386.65,41665.5
496667,-49.6483,68.9842,386.33,49430.1
2634861,-49.1117,69.4761,386.32,31639.1
293973,-49.0528,69.4036,386.27,56061.5
10333953,-48.9078,69.0278,386.1,20636.1
2236896,-49.2908,69.3378,385.34,33180.3
1456130,-49.0781,69.2428,384.9,37435.2
1161281,-49.7125,68.96,382.93,39783.4
4274583,-49.3378,68.9347,381.26,27356.1
8461198,-49.3917,69.1686,380.33,22030.7
2848534,-49.3464,69.5444,378.99,30918.1
7031617,-49.3036,69.5317,378.11,23391.3
722105,-49.2092,69.3769,377.39,45014.2
2111001,-49.3419,68.8981,376.64,33738.2
3222805,-48.9856,68.8592,376.43,29805.9
3392284,-49.47,69.145,376.25,29351.4
9430270,-49.5481,68.8714,375.65,21265.6
7473418,-48.8547,68.9908,374.32,22934.7
1351202,-49.3594,68.9017,373.09,38201.8
820172,-49.6436,68.9931,372.97,43578.8
3245114,-49.5069,69.0214,372.81,29743.9
1362963,-49.5544,70.2792,372.35,38113.3
6024291,-49.3047,70.1211,371.93,24576.1
5830473,-49.36,69.9536,370.73,24831.4
6186554,-49.4197,69.4269,370.65,24370.4
10734498,-49.4917,69.2889,369.95,20378.2
10325121,-48.9658,69.0275,369.24,20642.2
11762355,-48.9761,69.2206,368.11,19765.6
8029172,-48.9175,69.3308,367.11,22406.4
789534,-49.2,69.3978,367.01,44006.5
6269589,-49.705,69.8761,366.29,24265.6
1374433,-49.2622,69.2597,364.31,38024.6
3635930,-49.5908,68.9692,363.63,28741.7
11563663,-49.7031,69.8811,363.57,19878.1
9182900,-49.4936,68.8783,361.93,21450.5
5650713,-49.3897,68.925,361.52,25076.5
2283721,-49.6156,68.7764,360.88,32983.9
1000875,-49.3244,69.6042,360.82,41383.1
9884178,-49.2469,70.2028,359.73,20942.5
201494,-49.4806,69.6233,359.56,61099.2
1691823,-49.2819,69.3575,359.35,35911.7
3055604,-49.2842,69.3364,359.17,30283.0
454550,-49.4192,69.6167,359.06,50526.4
1267393,-49.325,69.5756,358.23,38866.4
1764756,-49.5675,69.7853,357.33,35492.3
338691,-49.5358,69.3647,356.08,54212.6
4942964,-48.9189,69.0342,356.03,26148.6
7234834,-49.3422,69.4442,356.02,23175.2
10639130,-49.2589,70.1914,354.89,20437.5
8133738,-49.1956,69.9503,354.36,22312.4
6804046,-48.8103,68.8933,354.26,23640.6
351070,-49.5828,70.29,353.76,53757.1
4101158,-49.0008,68.797,353.46,27705.5
6562796,-49.6417,69.0528,353.13,23913.9
1680298,-48.98,68.7911,352.65,35980.8
4761210,-49.3489,68.9017,352.33,26456.3
1364236,-48.8917,68.8445,349.02,38103.2
1955699,-49.7283,70.0728,348.76,34481.6
8480719,-49.5864,69.6842,347.32,22013.4
2026109,-49.0811,69.2608,345.81,34136.2
4223239,-49.4803,68.9006,343.26,27456.0
10430104,-49.3803,69.2092,343.07,20574.2
190786,-49.3033,68.8692,341.55,61850.6
2723019,-48.9864,69.2097,340.64,31333.6
255098,-49.5308,69.1158,339.73,57930.5
157247,-49.2925,69.5522,339.23,64525.5
3240636,-49.2675,68.9047,338.32,29756.7
1327525,-49.3522,69.578,337.35,38384.8
2668307,-49.3903,69.5617,336.9,31522.1
413142,-49.2778,69.6136,336.1,51706.7
149540,-49.1914,69.5503,333.94,65231.6
4459993,-49.2592,68.9142,333.81,26999.8
10182501,-49.4147,69.593,333.07,20737.7
10725088,-49.3139,69.8139,332.76,20384.5
1037081,-49.3383,69.6042,332.7,41001.1
6857285,-48.5969,68.7847,331.43,23578.5
4255808,-49.2458,69.2911,331.41,27391.0
786082,-49.5258,69.3864,331.19,44055.7
160423,-48.8981,68.9061,330.22,64242.5
613840,-49.3386,69.6989,330.22,46899.6
2577091,-49.7144,68.9539,329.06,31843.9
2740009,-49.3119,69.5675,329.04,31276.6
10054887,-49.385,68.9431,328.62,20823.5
1993817,-49.3978,69.4469,328.0,34296.4
1167971,-49.3575,69.5225,326.67,39720.9
7305782,-49.5947,69.6861,322.99,23103.6
6359345,-49.04,69.215,322.87,24155.1
7517339,-49.5711,69.1986,321.95,22893.0
322546,-49.2633,69.6894,321.69,54851.7
10274786,-49.3331,68.9253,321.61,20673.1
7826746,-49.4947,68.9281,321.45,22593.3
703540,-49.5983,69.0267,319.37,45313.3
1612107,-49.5333,69.1778,318.25,36398.0
241485,-49.3539,68.8308,317.52,58657.3
10050632,-49.6306,68.9811,317.08,20826.6
2192108,-49.2983,68.8828,316.49,33375.6
7709637,-49.5094,69.3261,315.55,22705.8
1737270,-49.3214,69.765,315.37,35648.1
4123110,-49.2161,69.2994,314.91,27661.8
6029985,-48.8403,69.0947,314.63,24568.3
7165714,-48.8408,69.0811,313.36,23246.5
174619,-49.3714,69.9236,312.17,63069.5
270287,-49.4917,69.7239,311.64,57167.7
9836841,-49.4733,69.1342,311.2,20972.9
184349,-48.8603,69.1314,310.97,62322.6
323029,-49.5511,69.1383,310.85,54830.8
3116873,-49.2822,69.6061,310.5,30105.8
1979279,-49.3981,69.1781,310.49,34365.0
6313672,-49.4464,68.9406,310.42,24213.1
3020660,-49.1822,69.5747,308.81,30388.1
11392715,-49.2622,68.9175,308.62,19977.2
267645,-49.565,69.2664,307.02,57294.6
1095608,-49.3481,69.6822,306.98,40404.7
6186553,-49.4936,68.87,306.56,24370.4
1083773,-49.6058,69.0158,306.25,40522.8
7704121,-49.3,69.8058,305.75,22711.4
9131159,-49.105,69.4342,304.91,21492.0
9724903,-49.2783,69.3392,304.87,21051.8
1798442,-49.4142,69.6392,304.56,35306.9
10796202,-48.9169,69.0464,304.39,20337.5
289847,-49.2819,69.7719,304.28,56245.3
2426654,-49.3425,68.88,303.88,32411.0
5771445,-48.9917,68.8197,303.8,24910.8
9529818,-49.2608,69.2322,303.53,21193.5
5716957,-49.3722,68.9033,302.92,24984.9
8931922,-49.3336,68.6953,301.94,21645.6
6253269,-49.5683,70.0314,301.85,24286.6
6330525,-49.0125,69.2103,301.06,24192.0
1446224,-49.3017,69.7558,299.29,37501.6
2601269,-49.3511,69.6981,299.26,31757.7
3398753,-49.5947,68.9558,298.38,29334.1
4762516,-49.2569,68.85,297.86,26453.9
8310486,-49.1489,69.9989,297.57,22157.6
3296773,-49.1928,69.5358,296.49,29604.3
5133833,-49.4181,69.6372,293.02,25842.3
5345923,-49.3361,69.7942,292.78,25514.8
11634584,-49.2892,69.3578,292.05,19836.4
5469266,-49.4925,69.0758,291.33,25331.8
596760,-49.4258,69.6872,290.99,47235.3
4442712,-49.5867,68.9914,290.78,27030.4
692480,-49.445,69.7195,290.52,45497.1
1057092,-49.3503,69.8086,290.3,40793.9
9651880,-48.76,68.9572,290.18,21106.2
3662588,-49.4286,69.65,290.11,28677.3
7932970,-49.5542,69.1456,289.74,22494.4
1379559,-49.6819,69.0164,289.68,37986.0
207143,-49.6325,69.7436,289.44,60730.0
6188567,-49.1567,69.1339,289.03,24367.8
10553906,-49.6244,69.6914,288.84,20490.4
1242594,-49.4361,69.6014,288.68,39070.8
9930085,-49.2839,69.5353,288.61,20909.0
6357191,-49.5392,69.1842,287.87,24157.8
698637,-49.3964,69.685,287.39,45394.8
964669,-49.1631,69.1069,286.8,41786.1
2458681,-49.2683,69.8358,285.59,32286.9
6607326,-49.3272,69.8186,285.21,23863.2
9573187,-48.7394,69.0819,284.76,21160.4
3882022,-49.4017,69.4883,283.77,28173.0
4761209,-49.6403,68.9781,282.82,26456.3
5596467,-49.5486,69.1533,282.79,25152.6
3959887,-49.0683,69.1792,281.42,28005.1
9134813,-49.1925,69.5297,280.89,21489.1
5025351,-49.3525,69.5044,280.49,26014.3
997759,-49.1147,69.0328,280.22,41417.0
7517341,-49.0819,69.4183,279.82,22893.0
8841312,-49.4011,69.1667,279.07,21716.2
224862,-53.0414,72.5906,278.85,59608.6
282575,-49.6781,68.9747,278.15,56582.9
11521028,-49.2108,69.3456,277.57,19903.7
4044657,-49.2378,69.3331,275.41,27822.5
7214691,-49.4453,69.6197,271.59,23197.1
10024724,-49.3147,69.6108,271.24,20845.0
11392713,-49.6008,68.9619,270.77,19977.2
2727069,-49.2253,69.3311,269.47,31319.3
11210454,-48.775,68.9408,269.43,20085.3
10076987,-53.04,72.5958,269.18,20808.2
1099098,-49.3122,69.6286,268.23,40371.6
8581983,-49.2061,69.3883,267.94,21929.3
1598435,-49.6719,68.9261,267.92,36485.4
8956693,-49.4272,69.6367,266.49,21625.0
1502497,-49.3583,70.0256,265.78,37113.9
250559,-49.5806,69.9883,265.56,58170.8
3208895,-49.4342,69.5694,265.33,29844.4
4714262,-49.4997,69.1078,264.81,26538.0
360403,-48.9725,69.5436,264.51,53421.8
8520559,-49.3467,69.4789,264.24,21978.6
6479201,-49.4775,68.8892,264.1,24012.3
10588061,-49.6036,68.9639,263.96,20471.8
3300521,-49.515,69.1347,263.88,29593.5
2078720,-49.4064,69.5367,263.85,33889.0
3725843,-49.3506,69.8597,263.42,28528.1
9832643,-49.5039,69.3297,263.19,20976.0
5043261,-49.5114,69.3553,263.17,25987.3
2938932,-49.3853,69.4739,263.0,30636.5
8671271,-49.5528,70.2936,262.76,21856.5
965721,-49.0978,69.5344,261.5,41773.9
264505,-49.2003,69.8842,261.42,57452.3
433822,-49.5608,69.0478,261.18,51094.4
303858,-49.3422,68.7744,260.38,55631.4
4047693,-49.4111,69.5086,260.09,27815.7
563835,-49.5744,69.1469,259.44,47910.3
5563557,-49.5356,69.3192,259.39,25198.2
7029173,-49.0889,69.4692,258.99,23394.0
11058908,-49.6006,68.9739,258.67,20177.1
1333601,-49.5725,69.0528,258.41,38336.6
6633781,-49.1636,69.18,258.25,23831.2
1115918,-48.9447,69.0233,258.12,40208.7
7031618,-49.2856,69.6395,257.46,23391.3
1048450,-48.9989,69.0997,257.41,40882.8
5979796,-49.4514,69.5353,257.29,24633.1
7266584,-49.5686,69.1539,256.7,23144.9
9832645,-49.3308,69.6078,256.32,20976.0
4862873,-49.6944,70.2164,256.24,26284.7
4539233,-49.0719,69.3844,255.94,26853.1
520767,-49.1847,69.3183,255.48,48858.4
10182500,-49.4325,69.6097,254.0,20737.7
1063878,-49.1925,69.1486,253.93,40723.6
817494,-49.2731,68.8619,253.89,43615.3
1066773,-49.3403,68.8661,253.46,40692.3
1125626,-49.2828,69.5808,253.23,40115.1
1342337,-49.4783,69.7347,253.0,38270.1
3523838,-49.5675,70.2869,252.54,29015.2
5485016,-49.3542,69.6811,251.8,25311.7
9659841,-49.3383,68.9125,250.56,21100.1
508353,-49.3814,69.7233,250.3,49152.2
7996138,-49.7086,69.0044,248.76,22437.6
4040525,-49.3614,70.0492,247.42,27831.7
777672,-49.5194,69.1603,246.96,44174.1
3834268,-48.9328,69.2728,246.93,28281.3
1532286,-49.1278,69.5417,246.6,36914.2
824996,-49.0397,69.5108,246.53,43513.0
7636707,-48.8881,69.18,246.4,22775.8
6833816,-48.9867,68.9783,246.32,23605.5
1441858,-49.0239,69.4411,246.15,37533.8
11450501,-49.2183,69.3486,246.01,19942.1
2918715,-49.0997,69.2114,245.52,30698.9
310578,-49.4464,70.3808,245.44,55343.2
972294,-49.6625,68.9917,245.12,41700.6
6536580,-49.4036,68.9142,244.93,23945.8
3227875,-49.2642,68.8569,244.89,29790.9
3213911,-49.1092,69.5333,244.81,29829.4
480040,-49.2453,68.7814,244.57,49852.3
1551349,-49.1272,69.0447,243.58,36788.0
4452727,-49.4481,69.703,243.5,27013.9
2891775,-49.0789,69.4939,243.21,30783.8
1321832,-49.14,69.0869,242.4,38429.6
7909607,-49.0064,68.8258,241.1,22517.0
1816379,-49.2306,69.3614,240.12,35207.5
2479243,-49.3428,69.6383,239.97,32207.9
5739941,-49.2867,69.3797,239.59,24951.7
3326761,-49.3381,69.7444,239.12,29522.4
4149180,-49.3339,69.6636,238.56,27606.5
11677786,-49.4464,69.7386,238.53,19810.7
9840940,-48.8828,69.1981,238.49,20969.9
3163383,-49.2053,69.2228,238.43,29972.2
787170,-48.7206,68.9044,236.98,44039.8
1856413,-49.3622,69.7355,236.83,34993.3
577954,-49.5922,69.1478,236.18,47615.5
2062929,-49.5981,69.0017,235.98,33964.1
2892397,-49.09,69.275,235.87,30781.8
10597200,-49.5217,69.1456,235.67,20465.6
324023,-48.8414,69.4044,235.6,54791.3
666269,-48.9981,69.5447,235.37,45941.6
3206677,-49.6272,70.2769,234.68,29850.8
11236126,-49.0011,68.8233,234.43,20069.5
4919253,-49.4153,69.5575,234.23,26190.0
4843044,-49.1258,69.1703,234.08,26316.2
9106822,-49.2853,69.4019,234.04,21506.9
8020181,-49.3064,69.3053,233.36,22414.9
4584607,-49.4528,69.7325,232.89,26769.9
2070574,-49.3844,69.6519,232.74,33926.6
10991815,-49.4572,69.6475,232.62,20215.0
5416131,-48.8406,69.1339,232.3,25409.7
11492634,-49.4269,69.5589,232.3,19916.5
6130476,-49.3553,69.7439,232.09,24440.9
10611091,-49.4244,69.5706,231.7,20456.2
10511723,-49.5683,70.2808,231.21,20518.4
5690735,-49.5808,69.0028,230.06,25018.0
10265940,-49.3861,69.7361,230.01,20679.2
3106497,-49.2642,69.3156,229.64,30137.5
3510207,-49.0831,69.2894,229.51,29048.1
754520,-49.5147,69.6656,229.14,44516.1
3237440,-49.5108,69.3403,228.17,29763.1
3833242,-49.3681,68.8503,227.76,28283.6
2214910,-49.1714,69.6147,227.34,33274.3
1002285,-49.6642,68.9789,227.02,41367.7
1353902,-49.3419,68.7219,226.9,38180.1
5380646,-49.3633,69.5539,226.07,25464.8
8345242,-49.1975,69.3853,225.52,22126.0
7924212,-49.2022,69.5683,224.82,22502.9
3436819,-49.2992,69.3097,224.75,29234.0
9553491,-49.3625,69.5722,224.07,21175.5
1827855,-49.5136,69.6858,223.45,35145.9
1430729,-49.4103,69.7106,223.19,37611.8
7883521,-53.1603,73.4431,222.14,22542.5
777673,-49.1003,69.6222,221.62,44174.1
3409942,-49.4356,69.6397,221.31,29303.6
2002426,-49.3689,69.7297,221.27,34251.8
370177,-48.9936,69.4719,221.12,53080.8
5452777,-49.2003,69.3708,220.7,25357.0
11508394,-49.3631,69.7003,220.59,19906.9
6146268,-49.5261,69.0406,219.57,24420.1
6257257,-48.9644,69.54,219.06,24281.4
11508393,-49.5772,69.2047,218.88,19906.9
11190391,-49.2456,69.8997,218.82,20098.0
507002,-49.54,69.9078,218.62,49185.9
2151297,-49.46,69.6894,218.48,33556.5
5591423,-49.2381,69.8692,218.29,25160.2
4009986,-48.9292,69.2083,217.56,27895.7
3311018,-49.6419,69.7358,217.55,29563.4
3987870,-49.0167,68.9906,217.46,27941.4
1110263,-49.3814,69.815,217.11,40264.2
6367694,-49.1908,68.7669,216.55,24144.6
435870,-49.5878,69.1617,215.54,51037.0
2619232,-49.0464,69.5328,214.86,31693.5
7856206,-49.4353,69.6314,214.79,22565.1
3577421,-49.5169,69.6822,213.81,28883.2
4288357,-49.1194,69.5128,213.01,27328.1
2390390,-49.4622,69.6778,212.51,32554.2
6001526,-49.1622,69.2947,212.31,24607.2
2600207,-49.2286,69.4108,212.28,31761.7
9627037,-49.6747,68.9217,212.28,21124.3
5437913,-53.0383,73.3997,211.95,25379.6
2933082,-49.3689,69.7394,211.91,30655.2
7963514,-49.5458,68.8494,210.97,22468.9
3681585,-49.4158,69.6814,209.9,28630.6
1304938,-49.5314,68.8417,209.67,38562.0
8300937,-49.0372,69.4442,209.42,22166.3
4702488,-49.6125,70.2772,209.04,26559.6
928541,-49.0617,69.5786,207.13,42203.3
6661223,-49.3847,69.6403,206.95,23801.7
687721,-49.5886,69.04,206.84,45575.4
3428617,-48.9078,68.9194,205.37,29255.8
1091198,-49.4119,69.7547,204.05,40447.3
1672920,-49.3744,69.7733,203.14,36025.0
7287699,-49.3753,69.6353,202.95,23122.9
484379,-49.1569,69.6119,202.1,49739.8
3473346,-49.1975,69.9125,202.08,29142.3
7975264,-49.5914,69.0411,201.47,22457.5
3121671,-49.105,69.3072,200.82,30091.0
810326,-49.3503,68.7894,199.61,43713.1
8883722,-49.4408,69.65,199.44,21680.9
778076,-49.0486,69.5911,199.38,44168.4
3729503,-49.37,69.8986,199.15,28519.1
861340,-49.3664,69.9942,199.06,43034.5
10016247,-53.0411,73.4081,197.91,20851.1
11553112,-48.8525,69.0039,197.83,19884.5
8430264,-49.1378,69.1044,197.73,22053.9
6376863,-49.5206,69.6817,197.4,24136.6
9464985,-49.4781,69.7542,196.66,21238.6
5385381,-49.3619,69.7575,196.09,25457.3
2004379,-49.4714,68.8636,195.23,34244.3
1099730,-49.5089,69.7586,194.95,40365.3
4034334,-49.2244,69.3856,194.58,27845.4
11497836,-49.3717,69.5756,194.48,19913.3
1438526,-49.3992,69.7322,194.01,37555.9
9585142,-49.1742,69.5942,193.08,21151.4
1188750,-49.1514,69.4408,192.92,39536.0
805618,-49.2233,69.8561,192.45,43777.2
1543409,-49.5206,69.8553,192.26,36839.9
500221,-49.6058,69.7314,191.64,49346.2
2424259,-53.0472,72.5992,191.12,32420.9
4762515,-49.4839,69.1592,191.1,26453.9
800991,-49.4081,69.7817,189.98,43844.1
6531653,-49.4517,69.6642,189.91,23951.2
8275705,-49.3767,69.8086,189.52,22189.2
2648145,-49.2728,69.6597,188.98,31592.8
1295161,-49.3786,69.8344,188.35,38637.9
10903912,-48.9706,69.5592,188.1,20271.6
5198259,-49.1222,69.2369,188.04,25741.0
8259932,-49.3358,69.765,187.73,22203.6
1062434,-49.3786,68.8558,187.35,40737.6
3521276,-49.0847,69.5869,187.24,29021.8
1161605,-49.175,69.3603,185.41,39780.2
1998862,-49.3811,69.7589,185.29,34270.4
1231839,-49.2189,70.4161,185.03,39165.3
9880065,-49.1708,69.1053,185.0,20945.6
2612046,-49.3328,68.7881,184.78,31717.6
1033773,-48.8142,68.9553,184.16,41035.3
4387885,-49.4469,69.5519,183.51,27136.3
7868952,-49.0622,69.5164,182.91,22556.6
1936996,-48.8797,69.4614,182.73,34577.6
7661389,-49.3653,69.7333,182.54,22750.6
7748818,-49.0592,69.5283,182.39,22666.5
1809723,-49.3639,69.8392,180.85,35245.5
3824096,-49.2094,69.5756,180.47,28301.6
5780374,-49.5244,69.9119,180.25,24898.0
3178030,-49.4728,69.6997,179.78,29931.8
8866339,-49.3869,69.8219,179.21,21695.6
9585141,-49.5453,69.3217,178.63,21151.4
2228964,-49.5144,69.0886,177.58,33213.0
939460,-49.3936,69.9047,177.45,42074.8
4949113,-49.2236,69.4019,177.03,26141.3
4688280,-49.5056,69.7725,177.0,26586.0
4533006,-49.4431,69.6872,176.86,26864.9
6890782,-49.4389,69.6906,176.49,23543.4
4218826,-49.1025,69.5942,176.4,27465.3
6545260,-49.5222,69.6758,176.4,23935.2
8578649,-49.4103,69.7028,175.23,21932.2
11302452,-49.4561,69.7192,175.09,20028.2
3426938,-49.3844,69.7989,174.17,29260.1
10374021,-49.4394,69.6819,173.11,20608.3
2270719,-49.1825,70.2322,173.02,33037.9
3341019,-49.4089,69.7267,172.18,29485.7
5803829,-49.4544,69.5867,171.27,24864.8
1300209,-49.5194,69.1095,171.23,38598.3
3906914,-49.6544,69.6239,171.08,28118.7
11403116,-49.3281,69.5528,170.75,19970.8
3563374,-49.3131,68.8769,169.71,28916.2
3793374,-49.6194,68.9639,169.18,28371.3
3012317,-49.6158,69.0081,168.92,30411.1
3187501,-49.1017,69.6456,168.79,29904.1
9573184,-49.5111,69.1414,168.77,21160.4
4817198,-49.3039,69.6303,168.53,26362.2
1191551,-49.4333,69.7578,168.42,39511.8
3100587,-49.2831,69.7917,168.36,30152.3
3907885,-49.3917,69.8306,167.87,28116.4
10077038,-49.4172,69.7219,167.36,20808.2
11073646,-49.45,69.5572,167.14,20167.6
5655809,-49.3731,69.7492,166.98,25068.9
1352019,-49.3667,70.0181,166.92,38195.1
8239879,-49.5389,69.3597,166.88,22217.9
656822,-49.0375,69.6178,166.84,46107.7
6182605,-49.6089,70.2883,166.66,24375.7
1216005,-49.6953,68.9586,166.15,39300.0
10226471,-49.7078,69.8864,165.89,20707.0
666747,-49.4886,69.9161,165.58,45933.3
6736500,-49.0942,69.0247,165.21,23715.9
803590,-49.1233,69.6131,164.29,43806.3
5515208,-49.6997,69.0183,163.97,25266.4
10443585,-48.9194,69.2125,163.88,20564.9
10257153,-49.1861,70.24,163.85,20685.4
7734795,-49.5272,69.6772,163.72,22680.5
689918,-49.4783,69.8117,163.36,45539.1
685109,-49.1175,69.6686,163.32,45618.8
8520558,-49.3997,69.7495,163.11,21978.6
10815107,-49.4536,69.6744,162.96,20325.0
1423592,-49.2856,68.8158,162.92,37662.6
5434668,-49.4181,69.7753,162.74,25384.6
1009701,-49.5653,69.2964,162.3,41289.1
2735290,-49.4747,69.6494,162.27,31290.9
1400154,-49.6911,68.9364,161.29,37833.1
10151948,-49.2958,68.8892,161.17,20759.2
8136822,-49.5714,69.0867,160.97,22309.5
961751,-49.4558,69.8,160.72,41818.1
10493468,-49.3272,69.6525,160.54,20530.8
1583487,-49.0247,69.5897,160.31,36579.6
1436735,-49.395,69.765,159.8,37569.5
8202614,-49.3583,69.8558,159.75,22252.3
1544169,-49.0161,69.5231,159.48,36834.8
2010706,-49.1533,69.6325,158.36,34212.7
4837533,-49.1933,69.24,157.85,26325.9
3060689,-49.3742,69.8531,157.8,30270.4
735862,-49.4072,69.9469,157.49,44797.1
6433602,-49.6569,69.6333,157.07,24065.3
1183163,-49.7022,68.9269,156.99,39585.9
1594909,-49.1192,69.1928,156.92,36506.4
6489848,-49.3697,69.7894,156.62,23999.0
1656088,-49.3014,68.8189,156.6,36125.7
6073121,-49.3908,69.7606,156.17,24513.8
4038387,-49.3703,69.8239,155.9,27836.3
2195879,-49.3683,69.9772,155.36,33358.4
9627038,-49.5936,69.0036,155.25,21124.3
7815363,-49.3911,69.7675,154.98,22604.6
1125625,-49.6633,68.9472,154.62,40115.1
2498343,-49.1864,69.3867,154.58,32136.6
2996644,-49.295,69.6125,154.57,30461.3
2434026,-49.5917,69.1336,154.43,32383.5
10839207,-49.6089,69.0197,154.38,20309.3
1726155,-49.2897,68.8311,154.3,35712.4
6275788,-49.2981,68.8236,154.22,24257.8
7165712,-49.3739,69.7847,153.95,23246.5
8694891,-49.6647,69.6469,153.66,21836.1
2956597,-49.2008,69.2989,153.15,30582.4
3205228,-49.5758,69.3739,153.0,29855.0
5711351,-49.1328,69.1947,152.98,24992.5
5520273,-49.6603,69.0022,152.78,25258.8
1932174,-49.59,69.1039,152.69,34601.5
10235128,-49.3917,69.7389,152.64,20700.8
5012280,-49.3608,69.8042,152.51,26036.3
8678007,-49.6633,69.6428,152.39,21850.7
4416475,-49.3689,69.6972,151.07,27082.2
7326357,-49.4811,69.7694,150.88,23081.5
6754602,-49.2631,69.3361,150.54,23694.4
806829,-49.4969,70.1561,150.28,43759.7
807547,-49.49,69.9722,150.22,43751.0
1495875,-49.4067,69.8403,150.04,37158.5
11784611,-48.7139,69.0147,149.02,19752.7
9747259,-49.4108,69.8392,148.83,21039.7
823756,-48.8958,69.4147,148.71,43530.5
827421,-49.465,69.8786,148.37,43480.7
6777883,-49.3517,68.8639,148.14,23667.5
2611022,-49.6914,68.9689,147.72,31721.6
4791070,-49.6681,69.6517,147.26,26405.6
7594147,-49.5536,69.9544,146.66,22815.0
7500062,-49.5131,69.7475,146.42,22906.9
1465140,-49.435,69.8167,146.3,37370.5
9804092,-49.4522,69.6542,146.26,20997.2
1505146,-49.4819,69.8814,146.2,37095.0
11011666,-49.4297,69.6758,146.0,20202.4
3868487,-49.55,69.9411,145.26,28204.6
7310992,-49.2106,69.5939,145.02,23098.0
10289816,-49.1903,70.2628,144.94,20666.9
7041295,-49.4525,69.5956,144.93,23380.4
1539664,-48.8806,69.1189,144.87,36865.9
10606333,-49.3656,69.6436,144.02,20459.3
1058197,-49.4311,69.8625,143.03,40781.4
6061490,-49.5389,69.0381,142.59,24529.4
9073906,-49.3892,69.7,142.39,21533.5
5771444,-49.4,69.7869,142.38,24910.8
2771077,-49.4122,69.7936,142.18,31170.5
6418719,-49.3619,69.8283,141.67,24083.8
5907226,-49.485,68.8597,141.47,24728.6
8816786,-48.9353,69.0922,141.1,21736.7
5776853,-49.3697,69.7081,141.06,24903.2
9175460,-49.1392,69.1925,140.63,21456.4
9103216,-49.14,69.1986,140.51,21509.8
7237439,-49.3844,69.7764,140.43,23172.4
5521956,-48.8606,69.4208,140.32,25256.3
8275704,-49.4075,69.188,140.25,22189.2
3360682,-49.2833,68.8486,140.22,29431.6
2043628,-49.4486,69.8319,139.7,34054.0
933990,-49.5367,69.7156,139.34,42136.8
4397192,-49.4925,69.6528,139.34,27117.5
6627146,-49.0325,69.64,138.93,23839.2
10791425,-49.3544,68.8678,138.63,20340.7
947343,-49.4342,69.9425,138.32,41982.3
11508395,-49.3611,69.7742,138.1,19906.9
1145671,-49.4406,69.8478,137.66,39925.7
7792409,-49.19,69.3972,137.64,22627.1
11487374,-49.6906,68.9744,137.63,19919.7
1595448,-49.1656,69.6403,136.99,36502.9
985938,-53.0075,73.4139,136.85,41546.0
2589853,-49.6692,68.9114,136.31,31797.8
2455287,-49.4014,69.8569,136.3,32300.8
1174057,-53.0328,73.3675,135.92,39666.3
11757006,-49.3683,69.8292,135.81,19768.8
5938135,-49.5192,69.1783,135.66,24689.9
9938409,-49.2867,69.6736,135.28,20902.9
11508396,-49.2356,69.3167,134.51,19906.9
11701823,-49.5964,69.1028,134.24,19801.0
11392714,-49.5806,69.0978,134.22,19977.2
5334640,-49.3697,69.8403,134.14,25532.2
6288008,-49.4744,69.6581,133.35,24242.0
3212508,-49.1808,69.3508,133.12,29833.7
1770951,-49.6089,69.1097,132.76,35458.2
4651633,-49.0081,69.1181,132.33,26650.6
9921687,-49.0939,69.2406,131.99,20915.1
7250368,-48.9297,69.0958,131.77,23158.7
4043634,-49.5933,69.0533,131.51,27824.8
9976156,-49.1089,69.6736,131.48,20875.5
5678405,-49.6647,68.9689,131.41,25035.8
4045634,-49.4042,69.6631,131.0,27820.3
5513495,-49.375,69.7347,130.77,25268.9
1233251,-49.4383,69.8969,130.55,39152.2
9123839,-49.4256,69.7408,130.22,21498.0
10657907,-49.0831,69.3208,129.44,20425.0
1075585,-48.7511,68.7175,129.38,40602.9
3985802,-49.5481,69.7214,129.06,27945.9
11261662,-49.5206,69.1839,128.93,20053.6
7279921,-49.4653,69.6258,128.66,23131.1
4995097,-49.26,69.4528,128.59,26065.7
6857280,-49.3911,69.8639,128.54,23578.5
2359719,-49.2439,69.4783,128.42,32677.3
6470649,-49.4881,69.1778,128.38,24022.9
3774657,-49.4542,69.8294,128.27,28416.2
6847877,-49.3992,69.8489,127.75,23589.3
9081241,-49.3717,69.8333,127.74,21527.6
6150244,-49.1306,69.1831,127.68,24414.8
2108247,-49.3392,68.7428,127.67,33751.5
4302315,-49.4058,69.827,127.54,27302.5
2065159,-49.6739,68.9908,127.25,33952.8
5288549,-49.0753,70.395,126.78,25602.0
3491803,-49.415,69.9417,126.07,29096.4
5854281,-49.3803,68.8755,125.08,24798.0
5475924,-49.6406,69.805,124.01,25321.8
5304178,-49.4614,69.8361,123.66,25577.1
5370290,-49.2214,69.8931,123.2,25477.3
1189114,-49.5114,69.9928,122.65,39532.8
9635821,-49.5861,69.1156,122.37,21118.2
1458212,-49.6797,69.0,122.02,37419.9
2389451,-49.2417,69.5258,121.86,32558.1
9110386,-49.1961,69.3511,121.69,21503.9
1278400,-49.0142,69.5708,121.48,38774.5
6048823,-49.1686,69.4119,121.43,24542.4
11343984,-49.4692,69.6245,121.2,20002.7
5987233,-53.0231,73.3725,121.0,24622.7
1220614,-48.6719,69.4817,120.97,39261.1
5311911,-49.5769,69.0025,120.46,25564.7
2728184,-49.2158,69.4169,120.44,31315.3
4598513,-49.5031,69.7897,120.21,26743.7
6381058,-49.5031,69.6975,120.15,24131.4
10767632,-49.2408,70.3572,120.06,20356.3
4150237,-49.6367,69.0128,119.99,27604.1
4019480,-49.4236,69.7639,119.78,27875.2
1244635,-49.4792,70.0486,119.7,39054.5
6886091,-49.3772,68.865,119.24,23548.8
11148296,-49.4722,69.8925,118.6,20120.2
11038988,-49.4383,69.9506,118.36,20189.7
10050636,-49.3261,69.6886,118.27,20826.6
4917874,-49.2903,68.8117,117.01,26192.5
7361399,-49.6625,69.6281,116.93,23048.3
1515743,-48.8844,69.2353,116.75,37024.5
7871877,-49.3933,69.8375,116.31,22553.8
1315223,-49.3958,69.9886,116.21,38480.9
5627253,-49.5908,69.0867,115.31,25107.0
4320702,-49.2839,68.8228,115.06,27265.1
8115216,-49.3692,69.6633,114.67,22329.5
8813311,-49.4267,69.7689,113.51,21739.6
4855350,-49.5011,69.9947,113.48,26294.4
5852415,-49.3,68.8311,112.92,24800.6
4305753,-52.9814,73.2642,112.88,27295.5
1394527,-49.8283,68.8064,112.57,37873.5
2626373,-48.6936,69.065,112.21,31667.3
8002121,-49.0842,69.3275,112.16,22432.0
8820264,-49.2133,69.4094,112.14,21733.8
7530848,-49.3675,69.8336,112.05,22879.1
4556677,-48.8242,68.8694,111.33,26819.8
3870347,-49.5017,69.8267,111.31,28200.1
6609526,-49.4208,69.7567,111.14,23860.5
6052712,-48.6736,69.0075,110.91,24537.2
1458213,-49.6283,69.4,109.89,37419.9
2996643,-49.6153,69.1261,109.56,30461.3
5771443,-49.5061,69.9806,109.49,24910.8
10667060,-49.5039,69.6589,109.25,20418.8
7838311,-49.0728,70.3161,109.24,22582.0
10195598,-49.2933,69.6328,109.01,20728.5
1521510,-49.1425,69.3622,108.74,36984.9
8345241,-49.4356,69.7719,108.15,22126.0
3094968,-49.3831,69.8828,108.14,30169.2
4642303,-49.4331,69.8778,107.77,26665.0
8732210,-49.5086,69.1878,107.53,21804.0
5357171,-49.4761,70.0408,107.24,25497.3
11696421,-49.2861,68.8394,107.07,19804.2
4535568,-49.2183,69.8583,106.93,26860.2
7975263,-49.6356,68.9533,106.73,22457.5
11205469,-49.4361,69.7692,106.68,20088.5
3550588,-49.6253,69.0208,106.59,28949.3
2693472,-49.5786,69.3017,106.36,31435.1
8970947,-49.4111,69.8686,104.0,21613.2
2107841,-49.3753,69.8653,103.9,33753.3
2899284,-48.9811,69.6114,103.64,30759.0
9380080,-49.6406,68.9511,103.61,21304.5
3615928,-49.4461,69.7581,102.49,28788.2
2075950,-49.0608,69.6397,102.32,33902.1
8845357,-49.4336,69.9072,102.29,21713.2
1666484,-49.6144,69.2389,102.08,36065.7
10274785,-49.7175,69.9961,102.06,20673.1
4974583,-48.9767,69.6044,102.01,26097.4
9320291,-49.4642,69.8064,101.65,21346.3
5433026,-48.9906,69.6011,101.41,25387.1
9256053,-49.5486,69.2789,100.83,21397.0
8236770,-49.555,69.0344,100.03,22220.8
4124214,-49.3928,69.8792,99.56,27659.5
5914595,-49.5383,69.7858,99.18,24718.3
9316539,-49.5747,69.0228,98.9,21349.3
3084652,-49.0728,69.6281,98.3,30200.9
1998513,-49.2281,69.4561,98.29,34272.2
11482178,-49.4747,69.7661,98.08,19922.9
2084703,-53.0128,73.4989,98.02,33860.8
9186637,-49.0558,69.6433,97.79,21447.5
7361401,-48.875,69.1061,97.7,23048.3
4963231,-48.905,69.4086,96.9,26116.9
4200085,-49.5386,69.6839,96.81,27504.7
2485241,-49.1886,69.9047,96.46,32186.2
5469267,-49.3661,68.7719,95.88,25331.8
8523900,-49.5178,69.7442,95.67,21975.7
1873397,-49.2442,69.5483,95.62,34905.8
7614677,-48.9236,69.3653,95.52,22798.2
5417704,-48.9183,69.3689,95.32,25407.2
5778648,-49.4397,69.7753,95.28,24900.6
3550589,-49.2261,69.8708,94.9,28949.3
6104186,-49.2764,69.4436,94.77,24472.2
9324020,-49.2008,69.4242,94.59,21343.3
5175975,-49.4064,69.805,93.7,25773.2
11058909,-49.2478,69.4722,93.49,20177.1
1954272,-49.2306,69.5131,93.35,34489.0
1966115,-49.4711,70.1072,93.03,34429.9
9205198,-49.4486,69.7889,92.64,21432.7
2725883,-49.51,69.7119,92.44,31323.4
9476624,-49.2525,69.4636,92.14,21229.6
3846896,-49.4283,69.8378,92.08,28252.0
6603045,-49.4072,69.8006,92.04,23868.6
6703766,-49.4194,69.7039,91.92,23750.8
4952059,-48.9014,69.2233,91.85,26136.5
4335969,-49.4494,69.8878,91.69,27237.0
7055921,-49.6506,68.9544,91.31,23364.1
3854590,-53.0758,73.3725,91.2,28234.0
4875458,-49.1172,69.0625,89.55,26262.9
4084854,-48.6889,69.4797,88.89,27737.7
11333413,-49.4833,68.8658,88.38,20009.1
9156996,-49.4386,69.7822,88.3,21471.3
3442833,-49.0725,69.6528,88.19,29220.9
2820161,-49.6069,69.1342,87.66,31010.7
2186146,-49.2142,69.548,87.55,33400.4
5782232,-49.5447,68.8169,87.25,24895.5
2995337,-49.5936,69.3858,86.12,30465.5
4960417,-49.4739,69.8686,85.86,26121.8
2281929,-49.4572,70.0083,85.42,32991.6
7743309,-49.3425,68.7361,84.75,22672.1
2342053,-49.4669,69.7747,84.15,32745.4
2651491,-49.2536,69.4872,84.11,31580.7
2348240,-49.0108,69.6517,84.03,32722.1
2368967,-49.54,69.7472,83.6,32638.3
9692358,-49.4275,69.715,82.89,21076.0
10244023,-49.4658,69.8536,82.33,20694.6
2451828,-53.1139,73.7158,81.95,32314.6
2452311,-49.2108,69.5286,81.94,32312.6
4795048,-49.3475,68.8417,81.77,26398.4
9248631,-49.7072,69.8956,81.49,21402.9
2633112,-49.2231,69.4842,81.16,31645.2
2841313,-49.4594,69.9914,81.02,30942.8
4889444,-49.4228,69.8719,80.69,26238.6
7987090,-48.9478,69.0531,80.49,22446.2
3941415,-49.7003,68.9514,80.43,28043.8
8799718,-48.8822,68.8094,79.99,21751.4
2614319,-49.5178,70.2594,78.92,31711.5
7622786,-49.4547,69.9847,78.88,22789.8
7245148,-49.4308,69.7261,78.71,23164.2
10743908,-49.1469,69.6417,78.71,20372.0
4142593,-49.0481,69.3364,78.63,27620.3
6782466,-49.6492,69.0106,78.58,23662.1
2652568,-48.5964,68.7553,78.25,31576.6
9138468,-49.0606,69.6111,77.82,21486.1
2690586,-49.4553,69.8892,77.6,31445.2
2727606,-49.3933,70.0289,76.97,31317.3
2963779,-52.965,73.3042,76.69,30559.5
9256054,-49.4428,69.7731,76.2,21397.0
8938917,-49.5256,69.7564,75.49,21639.8
7821110,-49.695,68.9542,75.37,22598.9
8378700,-49.4769,70.0872,75.13,22100.0
2871803,-49.4425,70.0125,74.67,30845.9
9875883,-49.2086,69.4122,74.29,20948.6
6449150,-49.4217,69.8792,74.23,24049.4
11487375,-49.5989,69.1281,74.0,19919.7
7242630,-49.6144,69.7442,73.23,23166.9
4796458,-49.3725,70.0211,72.85,26396.0
7484086,-49.42,69.82,72.06,22923.6
9747260,-48.9169,69.1017,71.66,21039.7
3383976,-49.5972,69.2339,70.44,29371.0
3180183,-49.47,69.9469,70.28,29925.4
8190306,-49.4692,69.9372,70.09,22263.8
9896782,-49.6064,69.1,69.68,20933.4
3844914,-49.38,69.9467,69.33,28256.5
8310485,-49.4736,69.9325,69.21,22157.6
6024290,-49.6694,68.9372,69.12,24576.1
11011665,-49.4975,69.9303,69.09,20202.4
9179163,-49.6428,69.0145,68.86,21453.5
4478109,-49.3633,70.0808,68.19,26964.3
4534297,-48.9481,69.5764,68.07,26862.5
3357352,-48.4528,68.8011,68.02,29440.3
9142044,-49.5417,69.7731,67.9,21483.2
4297272,-49.2508,69.5911,67.48,27309.5
3425383,-49.0956,69.6983,67.21,29264.5
3477492,-49.2178,69.5147,66.6,29131.4
3486483,-49.5483,69.0756,66.49,29107.3
6888459,-49.355,70.0775,66.32,23546.1
10810435,-49.195,69.6403,66.08,20328.1
7564067,-49.6756,68.937,65.22,22845.7
11292084,-49.3611,68.7822,65.07,20034.5
5256794,-49.31,69.6969,64.98,25649.3
3646373,-48.7208,69.4678,64.71,28715.0
6931012,-49.7247,68.9225,64.5,23497.3
9106821,-49.4197,69.8739,64.28,21506.9
3917000,-49.3222,68.8475,63.97,28096.0
6099942,-49.3269,70.4464,63.6,24477.4
8942418,-53.1003,73.6875,63.35,21636.8
7041294,-49.4658,69.9406,63.18,23380.4
3802237,-49.4864,70.0714,63.09,28353.3
4808631,-49.3678,68.8081,62.57,26374.3
11650591,-53.0964,73.6908,61.72,19826.7
5056384,-49.6906,69.0053,61.39,25965.3
5452775,-49.6306,69.1208,60.95,25357.0
4048733,-49.175,69.4542,60.71,27813.4
5989147,-49.2014,69.4331,60.66,24620.1
5028199,-49.1803,69.46,60.47,26009.4
4111917,-48.6408,68.7367,60.14,27682.5
9577144,-49.6289,69.1403,59.87,21157.4
5375112,-48.8456,69.1158,59.69,25469.8
4177634,-49.315,68.8256,59.56,27548.7
4363069,-49.3661,68.7558,58.22,27183.2
4344186,-49.4225,69.9853,58.15,27220.7
4378552,-49.5644,70.3339,57.87,27155.0
6547451,-49.4233,69.8919,57.57,23932.5
8615193,-49.4956,70.0894,57.53,21900.2
4787127,-49.1839,69.4806,57.31,26412.9
11734720,-49.5939,69.2297,57.23,19781.7
9976159,-48.7783,68.9094,57.06,20875.5
4481800,-49.4928,70.0178,57.03,26957.2
8715187,-49.5247,70.27,56.87,21818.6
5832270,-49.3036,69.6997,56.75,24828.9
4539232,-49.4742,68.8372,56.59,26853.1
10786561,-49.4769,68.8517,56.29,20343.8
4607723,-49.2175,69.4722,56.07,26729.4
4655467,-49.5211,69.7236,55.71,26643.4
5241641,-49.5508,69.055,55.7,25674.1
6573632,-49.3561,68.7553,55.43,23900.6
7572233,-49.6861,68.9653,55.06,22837.3
4811410,-49.3028,68.8006,54.57,26369.4
4836163,-48.6369,68.7211,54.4,26328.3
4836160,-49.4069,70.0086,54.4,26328.3
7323767,-48.8511,69.1161,53.08,23084.3
9896783,-49.3219,68.6714,52.87,20933.4
11455824,-49.5433,69.8025,52.72,19938.9
7298035,-49.4169,69.8292,52.6,23111.8
7010698,-49.245,69.5408,52.2,23410.4
5362250,-48.9339,69.3519,50.99,25489.8
5398331,-49.4486,69.9922,50.78,25437.2
5470938,-49.5053,70.2345,50.35,25329.3
11108554,-49.5314,69.2922,50.12,20145.5
5596466,-49.6919,68.75,49.65,25152.6
10493469,-49.3122,69.6906,49.52,20530.8
5766094,-49.5344,69.2008,49.34,24918.5
9716700,-49.3792,69.8789,49.28,21057.8
11158431,-49.4153,69.8678,48.71,20113.9
7358729,-49.4678,70.0106,48.45,23051.1
5940072,-48.6283,68.7475,47.83,24687.3
5972187,-49.2078,69.6872,47.66,24643.4
5981711,-49.4956,69.9564,47.61,24630.5
9565205,-49.6692,69.0,46.95,21166.5
10544638,-49.5739,69.0342,46.85,20496.7
6159924,-49.0103,69.505,46.73,24401.8
7160852,-49.1467,70.1822,46.3,23252.0
7356130,-48.9372,69.1105,46.04,23053.9
6328470,-49.5083,70.0414,45.94,24194.6
9259812,-49.4658,69.9458,45.82,21394.0
6533980,-49.1425,70.1808,45.01,23948.5
8172301,-49.1433,70.1864,44.1,22280.9
7611897,-49.4725,70.0597,43.55,22801.0
7043696,-49.18,69.4192,42.89,23377.7
11542285,-49.5128,69.8983,42.78,19890.9
7121027,-52.9197,73.5833,42.59,23295.8
7266585,-49.4889,68.8075,42.04,23144.9
7292823,-49.4444,69.9806,41.94,23117.3
7308360,-48.7211,69.1872,41.88,23100.8
10957421,-49.0922,69.3086,41.69,20237.0
7400758,-49.4617,70.075,41.54,23006.8
11168535,-49.4847,68.8192,41.04,20107.5
11068753,-49.4561,69.7725,40.66,20170.8
11001706,-49.5967,69.1608,40.54,20208.7
7717918,-49.5947,69.2803,40.43,22697.4
11123538,-49.41,69.8914,39.33,20136.0
8156353,-48.9308,69.6178,39.01,22295.2
8172300,-49.3989,69.8114,38.96,22280.9
8326392,-49.4097,69.8233,38.48,22143.2
9205201,-48.9061,69.4378,37.46,21432.7
8711719,-49.615,68.7369,37.37,21821.5
9905111,-49.4783,68.8314,34.37,20927.3
10739150,-53.0311,72.5997,34.11,20375.1
10068473,-49.5942,69.3017,34.0,20814.4
10351639,-49.1806,69.3817,33.38,20623.7
10448101,-49.2181,69.5364,33.18,20561.8
10530878,-49.0233,69.4992,33.0,20506.0
10558487,-49.2122,69.6339,32.94,20487.3
10748686,-49.1942,69.7083,32.56,20368.8
10762859,-49.5136,70.1911,32.53,20359.4
11297216,-49.8114,68.7992,31.49,20031.3
11371964,-49.1422,69.4325,31.36,19990.0
