19026,-71.8764,6.67,3143.5,96513.6
184774,-71.8864,6.5617,3109.97,62291.9
326311,-74.4161,-6.0317,3085.44,54700.5
238222,-71.8608,6.8358,3075.97,58837.3
3785811,-71.9008,6.7242,3064.51,28389.3
190699,-71.9286,6.6183,3056.93,61856.7
4851303,-71.8917,6.74,3056.03,26301.7
1033909,-71.9031,6.5925,3039.68,41033.7
1909639,-71.8831,6.6375,3027.63,34717.3
4162585,-71.8928,6.6692,3023.14,27581.1
808381,-71.9208,6.7833,2999.47,43739.3
44307,-71.99,7.3517,2992.04,83290.4
1502961,-72.0036,7.3617,2985.59,37110.5
4108669,-71.9125,6.7383,2985.24,27689.4
86006,-72.0019,7.57,2968.14,73212.3
10072661,-72.0081,7.57,2966.85,20811.3
4195606,-71.8644,6.7667,2930.68,27514.0
412525,-71.9594,6.0608,2927.82,51725.2
4960371,-71.9667,6.1042,2927.21,26121.8
1394521,-71.9178,6.625,2924.47,37873.5
121500,-71.95,6.2125,2923.21,68173.5
5440,-71.8175,6.91,2919.05,116511.8
11291940,-74.1353,-3.6108,2916.87,20034.5
8480635,-71.9656,6.0767,2914.11,22013.4
63236,-72.5492,0.6542,2899.31,77859.8
60262,-71.9067,5.975,2898.14,78564.4
7063194,-72.0292,7.6158,2898.0,23355.9
9728796,-71.9164,6.7458,2894.32,21048.7
402298,-71.9333,6.155,2893.06,52039.6
10217520,-71.9319,6.1592,2883.75,20713.1
944470,-72.5503,0.6333,2876.63,42014.2
235120,-71.9422,6.9183,2875.14,59011.4
129498,-71.9853,7.6192,2862.04,67279.8
9585020,-71.8606,6.7908,2860.18,21151.4
419692,-71.9339,6.8808,2855.5,51510.5
196966,-71.8953,6.01,2853.72,61409.1
7338,-71.7619,6.91,2852.79,111687.9
4899330,-71.9811,7.3742,2850.67,26221.6
1412087,-72.0306,6.1483,2847.33,37747.1
224910,-71.9172,6.0192,2847.24,59605.4
1459608,-71.9061,6.0475,2847.16,37409.7
119855,-72.4222,1.1342,2845.81,68365.7
9160514,-72.0097,7.3875,2834.79,21468.3
222514,-71.8833,6.0042,2820.72,59750.6
4172234,-72.0069,6.0883,2819.88,27560.3
7140690,-72.5453,0.6233,2818.4,23273.9
6667866,-72.0478,7.6258,2811.53,23793.7
2145151,-71.9158,5.9633,2806.4,33583.0
1763584,-71.9786,7.3992,2803.22,35499.5
2349700,-72.1247,4.1775,2799.46,32716.2
1554686,-72.0856,6.9333,2798.54,36765.5
945770,-72.0414,4.8833,2798.47,41999.0
419436,-72.4831,1.2267,2794.88,51517.9
5776787,-72.0594,5.0125,2793.81,24903.2
1848362,-72.0722,4.0442,2791.96,35035.2
39516,-72.5706,0.4667,2790.76,85040.5
7125813,-72.0642,4.9483,2789.71,23290.3
4585905,-71.9831,6.0392,2788.41,26767.5
1011183,-72.055,4.8025,2788.4,41272.1
5249170,-71.9847,6.015,2788.23,25661.7
5895770,-72.0778,6.1967,2785.29,24744.0
1714273,-72.0503,4.9208,2783.59,35781.9
2734688,-72.1325,6.9475,2782.8,31292.9
2515342,-72.0733,4.775,2781.53,32073.1
8945900,-72.4114,1.1392,2781.44,21633.9
6001476,-71.9394,6.1917,2780.89,24607.2
6073046,-72.0958,4.1075,2780.1,24513.8
7757289,-72.1719,4.2167,2779.06,22658.0
907226,-72.0967,4.6667,2773.15,42457.7
2610488,-72.0997,4.765,2770.48,31723.6
8792884,-72.0072,7.515,2768.21,21757.2
8988916,-72.0808,6.9183,2765.2,21598.5
631847,-71.9411,6.0983,2764.33,46561.5
358306,-71.9667,6.2675,2761.89,53494.5
568275,-72.0464,4.7533,2761.8,47815.8
9525747,-72.5769,0.4725,2758.75,21196.5
10068354,-72.0836,4.6575,2758.49,20814.4
69587,-71.9086,5.485,2754.1,76423.5
747522,-72.0997,4.3317,2751.27,44620.4
165465,-71.8583,6.6325,2745.44,63804.7
1670918,-72.1169,4.3583,2745.3,36037.4
357977,-74.6583,-10.9283,2744.98,53505.2
5305642,-71.7589,6.9008,2739.74,25574.6
596757,-71.915,5.5275,2739.31,47235.3
9959176,-72.0472,4.8717,2739.1,20887.7
5072248,-72.4339,1.1067,2738.51,25938.3
5783976,-72.0181,5.1542,2738.48,24892.9
5925666,-71.9064,5.4725,2733.51,24702.8
10507040,-72.0078,7.4925,2732.37,20521.5
7530760,-72.0364,5.24,2724.8,22879.1
21622,-72.0297,3.1858,2722.19,94550.9
19112,-72.58,-3.3833,2721.78,96446.2
2275837,-71.9331,6.0967,2717.95,33018.6
1097533,-72.0622,5.34,2715.21,40387.4
4944269,-72.0044,6.2583,2714.78,26146.2
8159884,-72.0269,3.1825,2713.87,22292.4
8002035,-71.9747,6.2683,2709.5,22432.0
2919961,-72.0647,4.7333,2708.97,30694.7
163349,-72.1739,2.7308,2708.45,63989.1
144337,-71.9742,7.7158,2708.32,65734.6
4992208,-72.0683,6.9342,2704.99,26070.6
5446070,-71.76,6.8908,2703.48,25367.0
11016436,-71.9183,5.545,2701.82,20199.2
7058299,-72.4306,1.1942,2699.88,23361.3
48139,-71.9994,4.4992,2699.46,82013.1
201697,-74.7608,-11.625,2699.16,61086.7
235012,-72.515,0.5733,2697.92,59017.8
9372086,-74.5492,-7.5825,2696.78,21310.5
765603,-72.5994,0.9592,2693.02,44351.2
2495152,-72.0614,6.99,2692.15,32146.5
1432166,-74.7467,-11.4042,2691.27,37601.7
11048769,-72.6056,0.9625,2688.77,20183.4
1577115,-72.1856,2.7517,2688.68,36619.7
274613,-72.4756,0.69,2687.05,56960.0
109819,-71.9922,4.8258,2686.34,69637.2
2092050,-71.8997,5.4667,2686.34,33826.9
472985,-72.0881,4.2967,2685.36,50034.8
1071838,-71.9222,5.4017,2684.97,40640.6
2450333,-72.5633,0.6217,2683.91,32320.5
27426,-72.6519,-3.2792,2682.71,90755.8
3245094,-72.6514,-3.2292,2682.41,29743.9
3522973,-71.9222,6.8742,2679.1,29017.4
9541533,-72.0714,6.0533,2676.79,21184.5
608522,-74.4864,-8.1383,2675.42,47002.8
818743,-74.7903,-11.5233,2674.32,43597.8
10479680,-71.9767,6.2825,2673.89,20540.1
150458,-72.2403,2.4042,2668.72,65142.7
5981653,-72.0478,4.9825,2668.36,24630.5
1164283,-72.0411,4.9592,2667.48,39756.2
1033908,-72.3875,1.1675,2665.58,41033.7
2156968,-74.7708,-11.5825,2663.46,33529.9
969295,-71.9036,5.4075,2662.88,41734.2
432776,-71.9667,4.4942,2659.04,51124.3
816957,-72.5928,0.5217,2656.11,43622.6
9016170,-72.5681,1.0017,2655.09,21580.8
11845073,-72.0636,6.9458,2655.08,19717.2
4076385,-71.9356,6.9325,2653.63,27756.1
2127019,-71.9728,7.6283,2650.25,33666.4
762658,-71.9786,7.75,2648.16,44395.7
580728,-72.0556,4.5492,2645.25,47556.6
1026118,-72.4083,1.3008,2641.97,41112.8
2801342,-72.0058,6.0008,2641.79,31072.2
1495386,-74.8489,-11.3842,2641.03,37161.9
7082798,-72.3919,1.145,2640.26,23334.1
663373,-72.0192,4.8808,2639.7,45991.5
1922053,-72.5803,0.5183,2639.35,34653.0
808273,-72.2561,2.4775,2639.07,43740.8
9044996,-72.0683,6.0208,2638.49,21557.2
352608,-72.6117,0.4308,2636.93,53702.5
2557656,-72.5728,-3.3967,2635.2,31915.8
2224349,-72.0086,4.4975,2633.84,33234.0
584631,-72.5944,0.4342,2632.27,47477.5
598592,-74.1247,-6.23,2629.25,47198.9
6923851,-71.9017,6.015,2629.05,23505.4
4905355,-72.0467,4.5867,2628.97,26214.3
7664151,-74.8611,-8.875,2628.57,22747.8
730390,-72.38,1.0758,2627.99,44882.4
4851302,-74.7956,-11.4908,2627.56,26301.7
2190468,-72.5239,0.575,2624.97,33383.2
780901,-72.4697,0.6642,2622.08,44128.0
8446572,-72.425,1.2783,2616.39,22039.4
1511049,-72.0683,4.5458,2615.57,37055.5
9647697,-72.5789,0.5075,2614.76,21109.2
833751,-72.2144,2.7142,2614.39,43397.1
266495,-71.7492,6.9108,2613.5,57352.4
2634259,-72.1306,4.7392,2613.24,31641.1
6020393,-72.0131,4.9308,2613.04,24581.3
572825,-71.9731,7.6767,2612.85,47721.1
2958484,-72.4836,0.7192,2612.82,30576.2
10419165,-74.7942,-11.4808,2612.82,20577.3
2854514,-74.8286,-11.3033,2610.49,30901.6
43426,-72.6347,-3.4517,2609.48,83603.4
1359330,-71.8278,6.9417,2609.05,38140.0
2307291,-72.0117,4.5242,2602.54,32887.2
702243,-71.995,7.4758,2598.32,45334.4
3680636,-74.8758,-10.4942,2598.11,28632.8
887561,-74.7478,-11.5958,2593.86,42703.0
1532023,-72.3886,1.1967,2592.8,36916.0
32949,-71.9319,7.2175,2591.15,87839.1
3735924,-71.9131,6.8442,2589.82,28503.5
10041895,-72.0053,5.9792,2588.34,20832.7
741237,-72.5278,-3.5767,2587.0,44717.4
298469,-71.9517,8.7933,2585.02,55858.8
1086044,-72.0164,4.8158,2583.78,40499.2
748318,-72.195,8.13,2583.09,44607.6
7219640,-72.6047,0.4117,2581.13,23191.6
523673,-74.8389,-11.4492,2580.4,48793.1
6810852,-72.2053,2.7067,2578.33,23632.5
435332,-71.9911,5.055,2577.88,51052.0
4497065,-72.0217,4.5092,2577.87,26931.2
5470890,-72.1742,2.8433,2576.9,25329.3
43060,-72.7544,-3.5083,2573.88,83738.9
8742403,-71.8711,5.9783,2572.73,21795.2
992340,-71.8908,5.4,2571.79,41476.9
3766776,-72.385,1.1058,2571.24,28431.9
40212,-72.7056,-3.7467,2570.38,84786.9
289727,-72.0567,4.1592,2568.98,56250.9
209382,-72.0878,3.6683,2568.36,60580.8
6624888,-72.4739,0.65,2567.68,23841.8
339741,-71.7997,6.9075,2563.66,54175.0
3886960,-72.55,0.7217,2562.13,28161.7
1255113,-73.5433,-3.7392,2561.4,38967.9
5393396,-72.0817,3.6575,2561.13,25444.8
5875525,-72.5286,0.61,2558.41,24772.3
2837507,-71.9258,6.52,2557.44,30955.1
3578273,-72.0297,4.5625,2557.16,28881.0
417537,-74.6164,-10.0183,2555.69,51573.5
10360443,-72.0267,4.53,2554.89,20617.5
7297964,-71.9864,4.5517,2553.02,23111.8
250501,-72.1144,3.8167,2552.67,58173.0
1267584,-74.6222,-9.9842,2552.17,38864.8
1411400,-72.5431,-3.4542,2551.95,37752.2
2607695,-72.5233,-3.6067,2551.72,31733.6
6747865,-72.0725,5.3883,2551.43,23702.5
7285089,-72.2467,2.4458,2548.35,23125.6
3534155,-71.9464,8.7683,2544.99,28988.9
9663777,-71.7617,6.8583,2544.12,21097.1
2232940,-74.1558,-6.22,2541.35,33197.6
3816619,-73.2675,-1.4117,2541.11,28319.6
5857899,-71.9283,6.9525,2538.91,24792.9
5331459,-71.9394,7.2067,2533.98,25537.2
8568697,-71.9931,7.4642,2533.68,21940.9
9565092,-73.2464,-1.7542,2530.79,21166.5
56574,-72.7206,-3.8308,2529.67,79526.0
11596673,-74.1208,-6.2567,2526.69,19858.9
1072749,-72.6436,0.92,2526.31,40631.2
161334,-72.3281,1.4067,2525.8,64163.1
1093580,-71.9483,7.2017,2525.58,40425.2
430594,-72.6517,0.4542,2525.58,51187.9
5213366,-74.6208,-9.9417,2524.72,25716.2
3049379,-72.0136,5.0417,2522.02,30302.0
969046,-72.6928,-3.7008,2520.86,41737.3
3054209,-72.1917,8.0692,2516.78,30287.3
11811883,-71.9725,7.4192,2516.47,19736.6
4975996,-73.1631,-1.6175,2516.42,26095.0
229068,-71.9819,5.6283,2516.36,59356.9
2144345,-72.6825,-3.6467,2513.76,33586.8
4996451,-71.9092,5.9092,2512.76,26063.2
5302515,-72.6231,0.4525,2512.33,25579.6
5079670,-72.5661,-3.4225,2510.93,25926.0
1135908,-72.6169,0.5625,2509.88,40018.1
74537,-72.7169,-3.9258,2509.8,75386.9
821028,-72.6703,-3.3183,2507.75,43567.1
8996100,-72.5897,0.9283,2506.91,21592.6
212936,-74.0997,-6.2567,2499.68,60351.1
377288,-72.4175,0.9067,2494.04,52842.7
827956,-73.6236,-4.2142,2493.0,43473.4
5469220,-71.9658,6.96,2488.82,25331.8
4273467,-72.1933,8.05,2487.12,27358.4
2072397,-73.7192,-4.5483,2485.55,33917.2
698804,-72.07,3.1908,2483.26,45391.9
11723666,-72.41,0.895,2481.93,19788.1
665177,-72.0919,3.7533,2478.27,45961.0
4272314,-74.4958,-8.2067,2473.68,27360.7
4138293,-72.5986,0.5483,2472.33,27629.5
10597080,-73.6289,-4.19,2466.82,20465.6
3506805,-73.7319,-4.4692,2465.83,29056.9
7348241,-72.3292,1.4208,2465.21,23062.2
45501,-72.6075,-2.9917,2464.97,82882.4
3394656,-73.1958,-2.0825,2462.1,29344.9
690579,-71.8531,6.6017,2461.46,45527.9
8635327,-72.11,3.6675,2461.33,21882.8
488528,-72.2969,1.465,2459.81,49632.0
570012,-71.9528,4.4758,2459.51,47781.1
1289656,-72.6072,-3.38,2458.94,38682.4
8310395,-71.9839,4.8542,2458.8,22157.6
9967620,-72.6136,-3.3708,2454.94,20881.6
2769893,-72.7428,-3.5775,2453.88,31174.6
2184087,-74.0453,-5.5883,2453.25,33410.0
1877460,-71.7722,6.895,2453.0,34883.9
1659871,-73.3775,-0.7117,2448.37,36104.5
1463112,-72.6628,-3.6883,2444.65,37385.9
39229,-71.8889,8.3567,2444.37,85144.6
2722414,-71.8611,6.6375,2440.01,31335.6
2852034,-74.0831,-5.7142,2439.29,30909.8
3845875,-72.3022,1.4775,2438.52,28254.3
68602,-71.8664,8.3283,2438.51,76621.7
834467,-72.6975,-3.3425,2435.79,43386.9
66312,-71.9411,8.3992,2435.19,77122.3
425392,-72.0211,3.295,2434.37,51343.2
69244,-72.9769,-3.8175,2431.74,76489.4
2873729,-71.8592,8.3317,2430.23,30839.7
3131835,-73.7853,-5.0017,2429.69,30063.4
2166070,-72.6319,-3.1625,2427.95,33489.9
1264276,-72.3803,0.9883,2423.69,38891.0
1996755,-72.6903,-3.34,2421.59,34281.5
6442846,-74.0906,-6.2275,2421.58,24057.3
107505,-72.7878,-3.7217,2421.12,69951.2
148611,-72.7161,0.265,2418.97,65321.4
1297135,-72.2433,2.3508,2418.43,38621.4
9896651,-72.9725,-3.7975,2415.81,20933.4
3556505,-71.9578,4.4725,2415.65,28933.9
5508438,-72.6494,-3.6575,2415.23,25276.4
5491548,-71.945,6.5475,2413.67,25301.6
37004,-72.9225,-3.4825,2413.33,86072.6
408471,-72.0192,7.7325,2413.05,51848.3
4546721,-73.17,-2.125,2408.18,26838.8
1429612,-72.025,7.7242,2408.05,37620.3
636575,-72.6469,-3.5025,2404.34,46473.8
545536,-72.3061,1.3783,2403.67,48299.7
9270824,-74.7406,-11.6233,2402.69,21385.1
8239808,-73.785,-5.0333,2402.16,22217.9
5921953,-73.8314,-5.1208,2396.27,24708.0
53069,-72.0778,2.8125,2395.68,80524.3
249086,-72.6189,-3.4892,2395.54,58246.3
5383758,-71.8075,6.9175,2395.15,25459.8
3414937,-72.7083,-3.3308,2394.83,29292.8
1109612,-72.3103,1.4258,2393.87,40270.5
137301,-72.8419,-3.8517,2392.34,66451.8
4453862,-74.8675,-11.4033,2387.28,27011.5
559091,-72.1539,2.7292,2386.83,48009.9
44724,-72.5439,-2.9808,2384.31,83145.7
1639373,-72.6456,-3.3075,2380.15,36229.6
2637565,-73.2208,-2.1433,2379.05,31629.1
7678163,-72.0644,2.8133,2377.47,22733.8
4279097,-72.2919,1.4525,2373.75,27346.8
11073501,-72.0042,4.8033,2373.1,20167.6
592190,-72.3881,0.805,2370.2,47324.3
2915389,-72.1817,8.1108,2369.64,30709.2
691254,-71.9658,8.7792,2365.32,45516.7
7348240,-72.6286,-3.1492,2364.56,23062.2
8615101,-71.9533,7.1967,2363.89,21900.2
7371859,-71.9578,7.2033,2361.01,23037.3
189041,-71.9208,5.3083,2359.68,61977.1
299553,-71.8533,5.9842,2359.24,55813.2
3793340,-71.8825,5.4075,2359.11,28371.3
4327658,-72.0831,2.8442,2355.32,27251.1
4025175,-72.6558,0.4767,2353.04,27866.0
9263415,-72.6581,-3.7192,2352.78,21391.0
9149452,-71.98,4.8592,2348.81,21477.2
6654356,-73.3797,-3.3575,2348.48,23809.8
6861846,-71.965,7.7567,2347.33,23573.1
10676361,-73.8683,-5.2375,2346.45,20412.6
9372089,-72.2047,2.6533,2345.41,21310.5
509056,-71.8408,6.7708,2343.48,49136.6
3051434,-72.8331,-3.8442,2343.33,30295.7
1559209,-72.7719,-3.6025,2343.27,36737.8
86379,-71.9075,8.3767,2342.7,73147.0
200815,-72.7281,-5.8008,2339.34,61144.0
3037073,-73.8275,-5.1675,2338.82,30339.8
4801909,-72.0356,3.305,2331.04,26386.3
9743094,-71.8819,6.0292,2330.52,21042.7
11423950,-72.0797,2.8342,2329.64,19958.1
11618346,-72.03,3.305,2327.24,19846.0
820647,-72.7236,-3.9742,2327.09,43572.9
10320603,-73.1281,-1.8408,2325.66,20645.3
95821,-72.5289,-2.9008,2323.12,71610.1
1584327,-74.0836,-6.1775,2323.1,36574.4
630686,-71.8819,8.3467,2318.27,46583.4
65448,-71.8472,5.38,2317.2,77322.8
3644581,-73.8972,-5.3033,2315.53,28719.5
5824930,-71.9486,8.4017,2311.32,24839.1
5462581,-72.3689,1.1542,2309.12,25341.9
8332661,-73.8628,-5.2283,2303.27,22137.5
150280,-71.8308,6.8158,2299.27,65158.3
5196398,-71.7422,6.8783,2299.22,25743.5
3164821,-73.7697,-5.0533,2293.27,29967.9
1515509,-72.1578,8.0267,2292.02,37026.3
9327772,-72.2747,2.2933,2291.36,21340.3
4141516,-73.7772,-5.0483,2289.93,27622.6
437278,-72.7128,0.1825,2284.55,50995.8
9201378,-74.6136,-11.0408,2278.02,21435.6
472393,-73.5211,-3.8775,2277.71,50051.3
2387359,-71.8756,6.0492,2274.76,32564.0
3145205,-73.4956,-3.7883,2273.8,30023.2
3486455,-73.8875,-5.34,2273.2,29107.3
7918218,-73.4908,-3.7917,2269.3,22508.5
57373,-72.1711,2.375,2269.26,79306.2
5647182,-72.5053,0.52,2269.05,25081.6
7762890,-71.8353,6.9608,2267.14,22652.4
2323872,-72.1839,8.0342,2265.37,32819.3
6620488,-71.95,6.5175,2264.44,23847.2
9984620,-71.9275,5.85,2263.16,20869.4
6455512,-72.7278,-3.5575,2262.82,24041.4
728944,-74.9389,-11.8392,2261.79,44903.7
1223336,-74.3844,-9.5817,2258.98,39236.8
655334,-72.0919,2.8733,2258.72,46134.0
794287,-71.9656,4.82,2258.11,43937.0
443068,-72.2789,1.3425,2257.38,50835.7
408603,-72.3372,1.34,2256.83,51844.6
3595696,-72.7044,-3.9408,2254.78,28836.8
5462582,-72.1508,8.0442,2254.64,25341.9
9368262,-72.5389,-3.0075,2250.38,21313.4
58341,-72.5394,0.3683,2244.18,79059.1
8300856,-72.18,8.0467,2244.0,22166.3
528817,-71.8269,8.2733,2243.49,48672.9
4541625,-72.1639,8.0258,2243.03,26848.3
463117,-72.5214,0.5142,2242.61,50297.7
1408248,-72.8128,-3.8092,2240.97,37774.1
159826,-72.6536,-4.0692,2239.33,64297.0
978685,-72.5219,-3.3833,2236.96,41627.2
2760423,-72.1183,8.0567,2236.9,31207.3
5596413,-72.2394,2.2742,2234.56,25152.6
329512,-74.8619,-11.6033,2234.42,54575.7
1620685,-72.3683,0.7575,2231.02,36343.7
723100,-72.8422,-4.2317,2230.81,44997.2
2395688,-73.1422,-4.48,2230.61,32532.7
738722,-71.845,8.2308,2229.01,44754.5
6146200,-72.1328,8.0783,2227.56,24420.1
117002,-72.2197,1.35,2226.56,68720.8
10620221,-72.9258,-5.69,2226.38,20450.0
150045,-72.0264,3.9775,2222.52,65181.8
6607278,-73.3717,-3.4233,2221.93,23863.2
3690840,-71.8556,8.2358,2221.93,28610.6
2391796,-72.6622,-3.3633,2220.95,32548.3
1518734,-73.2947,-0.7258,2220.73,37003.9
233565,-74.74,-11.6892,2219.46,59102.0
8368840,-72.5539,0.4392,2219.16,22108.7
3643713,-72.8208,-3.785,2218.09,28721.7
8642077,-72.2439,2.1892,2218.05,21876.9
2374578,-71.9503,6.5,2217.92,32616.8
1373539,-72.7319,0.3592,2217.42,38031.3
1789047,-74.9278,-11.8817,2216.53,35357.4
402248,-72.9656,-3.8825,2211.82,52040.8
1562803,-72.6353,-3.65,2211.77,36713.5
505814,-74.0669,-6.3242,2211.0,49213.1
841960,-72.2694,1.3283,2208.9,43286.9
153480,-75.1158,-12.77,2207.12,64860.4
6324320,-72.5894,-3.0075,2203.87,24199.9
2615967,-75.0533,-12.3275,2201.6,31705.5
5451027,-72.5506,0.4242,2201.47,25359.5
369642,-71.9119,5.1858,2201.17,53101.2
841319,-72.6483,-4.0575,2200.2,43295.7
4521597,-73.0564,-4.2925,2199.99,26883.9
4302288,-72.0606,2.7633,2199.88,27302.5
627297,-72.5717,-3.2817,2199.86,46644.9
3075162,-72.2081,1.3733,2199.84,30226.2
470117,-71.9461,4.64,2198.89,50109.8
275784,-72.2067,2.5367,2198.26,56904.1
10874703,-74.9539,-11.825,2197.79,20290.5
1805775,-72.1556,2.3717,2196.95,35265.4
3185251,-73.1519,-1.4925,2196.92,29910.5
9160515,-71.8508,8.2375,2196.15,21468.3
8992535,-73.3483,-0.7292,2191.13,21595.6
7120975,-71.845,6.6,2190.29,23295.8
4346438,-72.1119,8.0892,2189.86,27216.0
11536874,-73.9519,-5.4083,2188.72,19894.1
118894,-72.8506,-3.37,2186.76,68483.0
4807214,-74.9319,-11.855,2186.45,26376.7
6598590,-72.2764,1.5483,2185.6,23873.9
595085,-71.7497,6.8008,2182.93,47267.7
7285090,-72.2161,1.3283,2182.7,23125.6
6429267,-74.5897,-10.1875,2177.85,24070.6
7588550,-73.0633,-4.2792,2177.71,22820.5
8628639,-73.4103,-3.5192,2177.14,21888.6
400583,-72.6389,-3.7633,2175.96,52094.7
91155,-72.9047,-3.2992,2175.82,72343.0
11471412,-71.875,6.5508,2174.02,19929.3
5409552,-71.9786,4.8025,2172.23,25419.7
277937,-73.0689,-1.9058,2171.7,56803.2
6485511,-72.6197,-3.19,2170.99,24004.3
7282518,-72.1772,3.6483,2170.84,23128.4
251523,-74.9661,-12.4217,2169.75,58119.3
8208755,-72.5364,-2.9108,2165.68,22246.6
1699954,-71.8669,8.2392,2164.18,35863.7
8291266,-72.7028,0.21,2163.5,22174.9
10962222,-72.7186,0.3358,2162.02,20233.9
4997879,-73.0756,-1.89,2161.89,26060.8
585013,-72.5981,-3.1692,2161.33,47469.4
5796724,-71.8694,8.3383,2160.89,24875.0
1078810,-71.8461,6.9458,2160.54,40571.5
1868653,-74.3369,-9.7325,2159.89,34929.6
2965101,-71.9567,7.7067,2159.67,30555.3
4331000,-71.8358,8.255,2157.66,27244.1
6393563,-74.0908,-6.3008,2156.71,24115.5
4366644,-71.9644,8.4367,2154.2,27176.2
7160765,-71.8661,5.9533,2154.19,23252.0
6589703,-73.4047,-3.55,2154.18,23884.6
2875644,-72.7886,0.2608,2153.79,30833.5
1402150,-72.7822,-3.6575,2153.79,37817.9
5240063,-73.8172,-5.2083,2153.48,25676.6
3779303,-72.5161,-3.385,2153.11,28405.0
4652879,-71.9158,5.5892,2151.66,26648.2
3580904,-72.2581,1.3208,2151.36,28874.4
5243151,-72.2658,1.3167,2151.25,25671.6
1343748,-73.3894,-3.6008,2147.32,38260.1
11563521,-73.1614,-2.1942,2144.41,19878.1
5253720,-71.9286,5.305,2142.84,25654.2
454723,-71.9519,7.2592,2142.1,50521.4
1311691,-72.7303,-4.0342,2141.26,38509.1
10884315,-71.9614,8.4133,2141.13,20284.2
878750,-71.9361,4.6042,2138.43,42814.8
744336,-71.8375,5.3583,2138.21,44669.0
541121,-72.9317,-3.7575,2135.1,48395.9
350207,-72.7133,-3.5142,2133.07,53787.9
798637,-72.0431,4.1308,2132.33,43876.0
3330507,-72.6961,-3.9483,2132.03,29511.6
829658,-74.9931,-12.3208,2130.38,43449.9
2255145,-72.6336,-3.7767,2127.84,33103.4
53553,-72.1133,1.42,2127.27,80388.9
8477328,-72.2075,2.5575,2126.75,22016.3
1863280,-75.0508,-12.3858,2126.32,34958.7
8550343,-72.8342,-4.2433,2125.86,21952.5
4476819,-73.3944,-3.5683,2125.57,26966.7
699488,-72.6256,-3.8475,2124.75,45380.7
8156273,-72.6572,-3.5392,2123.86,22295.2
2946544,-74.8444,-11.5525,2123.86,30611.6
248998,-73.1047,-1.5608,2123.13,58251.8
7207050,-71.8914,8.4,2122.46,23205.4
4365430,-72.3308,1.3583,2122.01,27178.5
3307216,-73.3344,-3.2258,2119.49,29574.2
1406680,-71.9147,8.415,2118.14,37785.9
3965785,-72.0517,4.1333,2117.62,27991.5
4366642,-73.9558,-5.7,2117.6,27176.2
4492153,-73.8469,-5.2975,2117.59,26940.7
2793553,-72.0131,7.78,2117.24,31098.9
8598481,-75.0469,-12.3975,2115.38,21914.8
1059842,-72.6994,-3.8317,2115.24,40765.8
6890713,-71.9086,5.5667,2114.89,23543.4
234384,-73.0944,-1.5675,2112.51,59054.5
4478067,-72.7986,-3.7492,2106.38,26964.3
195049,-71.9425,7.7858,2103.51,61549.0
379652,-75.06,-12.6283,2101.26,52766.6
412642,-72.1975,2.3858,2101.08,51721.5
4136067,-71.9228,7.2317,2100.45,27634.1
5493311,-72.9594,-3.9008,2099.76,25299.1
3702548,-72.05,2.7258,2098.97,28581.6
3344921,-72.175,2.6392,2096.42,29474.9
562363,-71.7844,6.7783,2094.73,47940.9
796140,-72.1239,2.2517,2094.4,43910.9
874054,-71.7661,6.9525,2092.73,42871.3
165501,-71.8189,6.5258,2090.19,63800.7
1157571,-72.6911,0.1842,2089.46,39817.0
2444736,-71.785,6.7933,2088.44,32340.2
1722853,-74.6233,-10.7075,2087.0,35732.0
7348242,-72.0547,3.0808,2086.25,23062.2
10303137,-71.9397,7.7758,2083.75,20657.7
1639372,-74.6217,-10.6858,2080.42,36229.6
2221035,-72.6439,-3.7367,2078.52,33249.4
140103,-71.9011,7.2967,2077.55,66161.6
11508230,-75.0058,-12.1842,2076.2,19906.9
359356,-72.3331,1.0875,2074.15,53457.6
9521920,-72.5822,-3.0042,2073.61,21199.5
3104344,-71.9892,8.38,2073.54,30143.9
736130,-72.6872,-3.9883,2072.54,44792.9
6756895,-72.6189,-3.745,2071.57,23691.7
10429967,-74.9992,-12.2642,2071.31,20574.2
982138,-71.9561,5.0283,2071.23,41587.4
4229058,-71.9142,6.4558,2069.48,27446.8
6741014,-71.9383,7.2375,2068.27,23710.5
2097458,-71.8778,8.2283,2067.51,33800.5
9783708,-71.9083,5.1692,2066.34,21012.4
2501447,-72.6639,-4.0783,2064.94,32124.7
151629,-71.9747,3.3142,2063.29,65034.0
1351406,-72.3339,1.0133,2061.32,38200.1
216407,-72.6606,0.1842,2061.05,60131.1
4428432,-72.7158,0.1583,2060.82,27058.7
3968783,-71.9219,5.2175,2059.35,27984.7
81313,-71.7842,5.8467,2056.89,74045.6
7574845,-72.7242,-4.0033,2056.68,22834.5
9088545,-71.9528,7.7275,2056.24,21521.7
9215986,-74.9867,-12.36,2056.06,21423.8
6277784,-74.6311,-10.7083,2055.06,24255.1
4536751,-71.8981,5.1533,2054.73,26857.8
3887874,-73.9028,-5.9133,2052.95,28159.4
3431061,-73.9192,-5.3375,2051.74,29249.2
5865188,-72.9464,-3.7933,2050.96,24782.6
8184192,-72.9331,-3.7475,2050.29,22269.5
4593437,-72.6242,-3.8083,2047.03,26753.2
893201,-71.8336,6.5608,2046.11,42632.9
5331460,-71.7725,6.7683,2045.03,25537.2
1918982,-72.3214,1.0533,2044.38,34669.6
2473763,-72.1028,2.9483,2043.96,32229.7
1549843,-72.1867,2.3733,2039.17,36798.4
2208127,-75.1067,-12.7142,2033.97,33304.9
70637,-72.3019,0.3483,2032.18,76201.5
340239,-72.5147,-3.6733,2031.92,54155.0
1312680,-74.9422,-12.3992,2029.45,38500.8
5403227,-71.9867,4.4375,2025.16,25429.7
2826178,-75.0672,-12.6008,2023.15,30990.1
1380817,-75.0336,-12.4067,2023.09,37975.9
3500880,-72.2044,1.4725,2022.89,29072.3
3933447,-72.5961,0.3583,2022.6,28062.0
302666,-72.8786,-3.295,2022.29,55679.4
286625,-71.8347,5.5092,2021.78,56394.6
2656461,-74.7286,-11.6408,2021.68,31562.5
1201079,-72.6686,-4.1708,2021.09,39427.9
1473051,-72.7894,0.215,2019.39,37314.2
6527133,-72.6925,-3.8517,2016.87,23956.5
7835334,-71.9689,7.7725,2015.53,22584.8
263725,-71.8189,5.84,2014.09,57490.0
3675187,-71.9847,7.9858,2014.09,28646.2
6876726,-71.9228,7.2525,2012.66,23559.6
4137174,-72.1275,2.295,2012.45,27631.8
150074,-72.0236,2.8492,2012.31,65177.9
656971,-72.6353,-4.2,2010.07,46105.0
5337896,-72.0033,8.7683,2007.41,25527.3
1834637,-72.8639,-3.3725,2001.76,35109.7
2331363,-72.0453,3.89,1998.79,32790.2
677470,-74.7397,-11.7742,1998.06,45749.9
842923,-71.9286,7.7617,1997.35,43273.6
2008452,-74.9406,-12.3608,1994.85,34223.8
994260,-72.685,0.1525,1994.4,41455.4
226339,-72.0525,2.5992,1994.28,59519.8
3264968,-72.695,-4.0408,1994.22,29690.3
250301,-72.5108,-2.8267,1993.96,58184.0
3324413,-74.7428,-11.745,1993.9,29528.9
2688841,-73.1117,-1.5758,1992.95,31451.3
5419256,-72.7867,0.235,1990.29,25404.7
4379748,-72.5433,-2.9475,1988.75,27152.7
2557123,-71.88,6.07,1988.16,31917.8
212360,-72.5703,-4.17,1987.58,60390.2
972668,-74.3139,-9.7133,1987.25,41696.0
1378522,-71.9092,5.2917,1981.26,37994.4
985377,-74.2986,-9.5867,1981.05,41552.1
3029411,-71.8967,8.1867,1980.73,30360.8
10307511,-71.9556,5.0158,1980.67,20654.6
663989,-74.9303,-12.15,1979.49,45980.4
3136835,-72.1408,2.7667,1978.99,30048.6
832025,-75.0958,-12.7842,1978.95,43419.1
486518,-72.1347,2.7492,1978.22,49683.4
889666,-71.9144,6.1908,1977.26,42677.7
490908,-72.4411,0.5792,1975.77,49571.7
2991067,-72.0131,3.2983,1974.98,30476.0
10957288,-72.0369,3.9717,1973.55,20237.0
10767503,-72.0558,2.6108,1971.54,20356.3
8820167,-71.8439,5.9267,1967.64,21733.8
147011,-71.9697,3.2758,1966.38,65474.3
4829333,-71.8981,8.2042,1964.81,26340.4
341624,-71.9319,4.9625,1962.24,54105.6
5353926,-72.6572,-3.9592,1961.02,25502.3
329844,-71.9192,4.5742,1960.35,54561.7
5897649,-72.0072,3.1625,1960.17,24741.5
5341036,-71.9567,7.605,1957.69,25522.3
3890703,-72.7142,0.1392,1955.27,28152.6
1292044,-74.5281,-9.9783,1954.63,38664.3
2018383,-75.1367,-12.7533,1951.45,34175.4
3478264,-72.9042,-3.4683,1949.65,29129.2
9812057,-71.7636,6.9767,1949.37,20991.2
6459947,-72.0744,3.7692,1948.36,24036.1
3857512,-72.0617,2.6183,1948.12,28227.2
663287,-71.7378,6.7417,1947.55,45992.9
2804304,-71.8661,5.3633,1944.19,31062.0
4807215,-71.9233,8.3983,1943.36,26376.7
7090315,-72.1814,2.3783,1942.64,23325.9
7743228,-74.7331,-11.7867,1937.52,22672.1
11271546,-72.6167,0.3792,1935.52,20047.2
1167129,-74.4242,-9.92,1934.31,39728.9
4638434,-74.3086,-9.7358,1932.45,26672.1
11033871,-73.0864,-1.8783,1930.93,20192.9
1472309,-72.4342,0.5467,1926.1,37319.3
5037241,-71.7783,5.8375,1923.34,25997.1
10360444,-71.8217,6.5067,1920.8,20617.5
2568171,-72.6144,-3.8625,1919.67,31877.9
5272320,-72.8875,-3.4992,1919.62,25624.4
287791,-71.9247,4.4225,1918.46,56339.2
185187,-72.29,0.7908,1916.18,62262.2
485508,-72.5117,-3.8892,1911.47,49709.0
5185690,-72.4983,-3.4708,1908.3,25760.8
8562088,-72.8853,-3.4483,1906.37,21946.7
9379964,-72.0656,2.6258,1905.68,21304.5
2251957,-72.5239,0.3808,1904.91,33116.9
1541222,-74.5903,-10.8133,1904.11,36855.5
4796415,-72.6181,-4.16,1903.89,26396.0
2623091,-72.5544,-3.625,1900.22,31679.4
705916,-71.9161,4.6633,1900.09,45275.3
813568,-72.7075,0.0975,1899.77,43669.3
568212,-71.7981,5.8642,1894.54,47817.1
1160431,-71.84,5.9942,1890.62,39791.4
1275284,-71.8144,8.2708,1889.58,38800.8
3469104,-71.8547,5.4525,1888.87,29153.2
11466153,-73.0075,-3.8592,1888.47,19932.5
10898915,-72.8108,-3.6075,1888.1,20274.8
1673744,-72.3731,0.6633,1887.3,36019.7
5148707,-71.9475,7.6392,1886.58,25817.6
8598482,-72.0011,2.8758,1886.42,21914.8
3295260,-74.5525,-10.0758,1881.4,29608.6
1176310,-72.5506,-3.69,1879.14,39647.1
5599861,-72.5428,0.3425,1878.14,25147.6
1479184,-74.4153,-9.89,1876.72,37271.5
8752809,-71.8742,6.8625,1874.27,21786.5
2584626,-71.9556,7.4108,1874.26,31817.8
7457351,-71.7483,6.74,1873.8,22951.4
1410037,-71.8467,8.1083,1873.23,37760.6
3708078,-72.0108,3.1025,1871.89,28568.2
8708269,-71.8175,8.2767,1869.36,21824.5
1526766,-72.5947,-4.22,1868.47,36950.5
1789709,-72.0867,2.7708,1868.0,35353.8
9879957,-71.9603,7.7875,1865.78,20945.6
1760572,-71.9258,4.675,1865.26,35517.4
2705942,-72.5553,-2.9458,1864.52,31392.5
1432684,-74.4278,-10.125,1864.51,37600.0
767592,-71.9022,4.56,1863.67,44322.4
5622042,-72.6106,-4.16,1863.4,25114.6
3439428,-71.9219,4.6575,1861.94,29229.6
1616933,-72.4992,-2.83,1861.62,36368.3
5258333,-72.225,2.2042,1861.28,25646.8
1530768,-74.5925,-10.88,1858.36,36922.9
8142836,-72.5456,-6.1992,1853.54,22303.8
6393564,-72.1372,2.4467,1851.78,24115.5
689657,-72.0286,2.5875,1851.32,45541.9
4375095,-72.515,0.3833,1849.51,27162.1
1678888,-72.0289,2.8525,1849.45,35989.6
4081564,-71.9089,7.1683,1848.8,27744.6
6930927,-72.4897,-3.4358,1848.12,23497.3
5501543,-72.4011,-5.5675,1845.57,25286.5
10853665,-71.9167,5.6175,1843.96,20299.9
2914730,-71.9106,4.5817,1843.93,30711.3
7580316,-72.2017,2.3542,1842.73,22828.9
7204521,-71.8281,6.7483,1840.54,23208.1
1216180,-71.8117,5.8917,1839.51,39298.4
2112233,-71.9514,7.395,1838.45,33734.5
601277,-72.8094,-3.2233,1837.62,47146.2
11839595,-71.9106,4.6683,1836.82,19720.4
1138998,-72.4897,-3.8617,1836.8,39989.5
4081563,-72.5931,-2.9508,1835.68,27744.6
832657,-72.5422,0.3008,1835.4,43410.3
466053,-72.7897,-3.1517,1834.58,50217.8
2733500,-72.0056,3.9708,1827.55,31297.0
9194047,-72.2261,2.1508,1827.12,21441.6
2968256,-72.3089,1.0533,1827.11,30544.9
9113939,-74.7656,-11.6958,1825.4,21500.9
536558,-74.6867,-11.3442,1825.13,48497.1
10369446,-72.0197,4.4217,1824.77,20611.4
8615100,-72.0647,3.6467,1824.34,21900.2
3462293,-71.9156,7.2717,1819.55,29168.5
3833213,-75.0242,-12.45,1818.14,28283.6
1821756,-71.8283,5.6,1817.05,35180.4
8256728,-71.8917,8.1667,1816.28,22206.5
1331545,-71.9164,8.7592,1811.54,38353.2
10072660,-72.0592,3.6425,1810.39,20811.3
7760071,-72.0064,3.9608,1808.86,22655.2
5558308,-71.8061,5.8883,1808.82,25205.8
7628306,-72.0111,3.9433,1805.35,22784.2
1661009,-72.4456,0.3408,1804.76,36097.5
8388185,-71.9336,4.465,1804.51,22091.4
10991676,-72.1747,2.3883,1803.01,20215.0
2408849,-72.5406,-3.7483,1801.3,32481.7
1442058,-72.2606,1.2742,1800.07,37532.1
7055836,-71.8311,6.6,1799.44,23364.1
7823863,-72.5561,-3.6675,1794.72,22596.1
95590,-72.1981,-2.9742,1794.51,71648.4
3347126,-71.8369,6.0067,1791.03,29468.4
4307999,-72.3819,-5.5667,1789.13,27290.8
3173747,-72.5442,0.2683,1786.25,29944.5
630083,-71.8928,4.5383,1784.3,46594.3
8988914,-72.29,0.37,1783.63,21598.5
3213189,-71.9033,4.6833,1783.45,29831.6
1390510,-72.8075,-3.1967,1778.75,37905.4
2453749,-72.0053,3.1975,1777.45,32306.7
8032085,-72.5708,-4.1442,1775.45,22403.5
534864,-71.7406,6.9767,1775.18,48535.2
2406532,-72.1194,2.39,1771.82,32491.5
1627487,-76.9892,-22.635,1771.3,36301.6
4758454,-71.8306,5.91,1770.62,26461.1
2477725,-71.8211,6.6175,1768.59,32213.9
2832582,-72.8017,-3.1742,1765.94,30971.6
6090367,-74.6906,-11.4092,1764.32,24490.4
266110,-71.9619,2.8742,1763.53,57371.3
8977881,-71.8103,6.5425,1760.16,21607.4
8517126,-72.4378,0.3425,1759.32,21981.5
2492172,-72.6606,-3.1408,1759.29,32158.4
9131044,-72.4444,0.3483,1758.9,21492.0
9622977,-78.3717,-15.145,1754.78,21127.3
9041315,-71.9497,4.8342,1753.96,21560.1
10054768,-74.6936,-11.4033,1752.15,20823.5
2571264,-71.8847,5.035,1751.73,31865.9
1638452,-71.8778,4.5375,1751.28,36233.1
2237344,-72.2808,0.7625,1751.19,33178.4
858084,-74.8556,-12.2192,1749.36,43077.4
2649792,-72.8786,-3.2208,1745.71,31586.7
876049,-71.8014,8.785,1744.77,42847.5
3161974,-71.8958,5.2675,1743.28,29976.4
10981881,-71.8653,6.0633,1741.73,20221.3
1133008,-74.5725,-11.0183,1741.02,40046.8
6622732,-72.1108,2.2158,1738.42,23844.5
6696898,-71.9242,4.9758,1738.28,23758.9
3746390,-72.4594,0.2625,1730.69,28481.1
933160,-71.9547,2.8575,1729.12,42147.4
3775571,-71.8361,6.9925,1728.73,28413.9
11178231,-75.0794,-12.7317,1728.26,20101.2
5958813,-72.3758,-5.5733,1727.67,24661.5
3583506,-74.8708,-12.2425,1727.55,28867.7
10734353,-71.8,8.7808,1725.05,20378.2
4961762,-72.1347,2.4733,1724.61,26119.4
7366572,-71.8208,6.9917,1724.05,23042.8
4196667,-74.86,-12.2233,1723.95,27511.7
75336,-72.1039,-2.3708,1722.62,75226.2
3024030,-74.695,-11.3542,1717.22,30377.6
11083460,-71.8711,7.0767,1715.73,20161.3
9063059,-71.9344,7.6558,1712.1,21542.4
10369447,-71.8833,4.5483,1709.89,20611.4
7853290,-72.4775,-6.4192,1706.27,22567.9
3766777,-72.0761,2.6092,1704.66,28431.9
10986790,-72.4314,0.3583,1703.7,20218.1
9708347,-72.4972,-3.9492,1702.22,21063.9
9110279,-71.85,8.3925,1701.02,21503.9
2566636,-72.2164,1.2475,1700.84,31883.9
949589,-71.8136,5.2258,1698.98,41956.5
3213886,-72.1272,2.4742,1698.88,29829.4
6483378,-74.8989,-12.235,1698.77,24007.0
4471956,-72.3347,0.7642,1697.51,26976.1
234780,-72.2628,-3.4317,1696.29,59030.8
395141,-72.1431,-3.1783,1694.04,52265.6
2452297,-75.0964,-12.84,1689.0,32312.6
9055736,-71.8597,6.07,1688.69,21548.3
7242552,-71.8772,4.5183,1685.04,23166.9
1461416,-72.0494,2.5275,1683.27,37396.1
7930048,-71.8944,4.6717,1680.26,22497.2
11817493,-71.9686,3.2892,1679.34,19733.3
3750078,-71.9811,2.9,1676.44,28472.2
4579402,-71.8325,5.2342,1676.32,26779.4
160151,-72.0986,-2.845,1672.01,64266.3
868888,-71.7067,7.9667,1670.52,42938.1
458621,-71.7283,8.3417,1665.03,50415.3
1470429,-72.7375,-2.0867,1660.94,37333.0
8420257,-71.84,5.275,1660.93,22062.5
7428110,-72.4872,-2.8492,1660.15,22981.9
4823880,-71.9783,2.8883,1659.15,26350.1
10539870,-71.8672,5.0108,1657.11,20499.8
3535813,-74.9278,-12.3633,1655.51,28984.5
4546723,-71.8097,4.9375,1653.15,26838.8
1772444,-71.7356,7.1125,1651.89,35449.2
1378298,-74.2878,-9.5967,1650.97,37996.1
4589665,-72.4764,0.1692,1650.81,26760.4
1867302,-71.7761,8.2183,1649.38,34936.9
4289361,-71.9603,2.8892,1648.11,27325.8
559212,-72.1039,-2.695,1646.88,48007.3
8300858,-71.8706,4.4758,1646.21,22166.3
1983409,-75.0242,-12.7442,1644.31,34346.5
3819469,-72.2097,1.1992,1639.96,28312.9
942965,-72.2864,-3.235,1639.71,42032.4
7033917,-71.8039,4.9483,1637.06,23388.6
7279854,-71.8133,8.325,1632.08,23131.1
5222591,-75.0492,-12.6725,1631.48,25701.4
3019965,-72.1061,-2.7317,1629.18,30390.2
85920,-72.2633,-0.4117,1628.27,73228.9
11397824,-72.8264,-1.0992,1626.08,19974.0
8892858,-74.5656,-11.04,1626.04,21678.0
2208903,-72.0919,2.215,1626.0,33301.1
461380,-74.55,-11.1283,1624.37,50344.5
3928536,-71.7925,5.1967,1622.7,28073.3
1447223,-72.2725,-3.3175,1622.67,37496.5
557579,-72.1867,-2.7883,1621.41,48043.1
1230362,-72.2814,-3.4275,1620.96,39176.6
2325690,-72.0853,2.195,1618.08,32811.5
1850428,-72.0989,1.3833,1616.99,35026.1
8348370,-72.2106,1.2108,1613.87,22123.1
11778862,-71.8011,8.2908,1613.76,19755.9
1032910,-72.2464,-3.3992,1610.51,41044.6
9186522,-72.2697,-3.3658,1610.33,21447.5
3610710,-72.1639,-3.0333,1609.62,28801.4
5358684,-72.2558,-3.3892,1604.4,25494.8
3951267,-74.2811,-9.6258,1602.18,28021.1
7068013,-72.2569,-0.4242,1602.12,23350.4
2245830,-72.1133,-2.7533,1601.97,33143.8
3081164,-71.9903,2.8133,1597.79,30211.4
891726,-72.0344,1.6267,1597.53,42650.8
3331289,-71.7694,5.1408,1593.24,29509.5
10923281,-72.3756,-3.7675,1591.44,20259.1
57752,-72.1242,-0.3217,1591.27,79200.9
3140342,-71.9933,-4.9458,1589.69,30038.0
6192487,-74.6825,-11.155,1585.99,24362.6
496874,-72.0731,-2.4142,1584.21,49426.2
296912,-74.5883,-11.1483,1582.63,55929.5
3701613,-72.2044,1.1117,1581.35,28583.8
8615097,-74.7119,-11.6475,1578.72,21900.2
11623677,-72.2808,-3.325,1577.51,19842.8
11033875,-71.7219,7.785,1576.99,20192.9
11108384,-75.0194,-12.765,1569.78,20145.5
8348371,-72.0394,1.6333,1566.32,22123.1
10208773,-71.7306,6.9117,1566.26,20719.3
3923049,-72.0839,1.7208,1565.74,28082.4
10681225,-72.1103,-2.7508,1564.96,20409.4
1574298,-72.1328,-2.7475,1563.86,36638.8
544523,-72.0631,-2.7242,1560.22,48320.8
2260631,-71.7314,8.3992,1559.87,33082.3
4376284,-75.015,-12.79,1559.34,27159.7
4927577,-72.6281,-2.9383,1559.01,26175.4
4550420,-71.7061,7.7933,1558.74,26831.7
5299368,-75.0164,-12.8175,1556.34,25584.6
5332974,-72.185,-3.0108,1549.77,25534.7
466876,-72.1878,-3.4508,1548.45,50196.2
1347853,-71.7031,8.4425,1546.2,38226.8
3186763,-74.7081,-11.8042,1543.2,29906.2
394209,-74.5883,-11.22,1541.66,52294.8
4763823,-72.1064,-2.7717,1540.36,26451.5
1191924,-72.6186,-2.8692,1536.4,39508.6
4659303,-72.1658,1.1358,1535.09,26636.3
4996450,-71.9469,2.8342,1534.95,26063.2
7055834,-72.0883,-2.3983,1534.72,23364.1
1582405,-72.0661,-2.415,1534.2,36586.6
2626907,-74.56,-11.08,1520.95,31665.3
5752390,-72.2883,-6.04,1520.63,24933.8
8227406,-72.2961,-3.8592,1519.48,22229.4
2325691,-72.0842,1.435,1518.56,32811.5
273921,-72.1758,-0.0758,1517.9,56992.4
6393562,-74.6733,-11.3658,1517.69,24115.5
8655484,-72.3031,-3.7892,1515.96,21865.3
4192396,-72.0597,1.6242,1514.41,27520.9
3371336,-72.2208,-3.415,1513.57,29405.6
3292892,-72.6344,-2.9233,1513.01,29615.1
2001335,-71.6947,8.4275,1512.73,34257.3
11118403,-71.7244,6.9142,1507.61,20139.2
1800048,-72.1367,-3.3033,1507.24,35297.9
1657863,-72.0817,-2.3692,1505.14,36116.9
9134701,-74.3208,-9.8017,1504.68,21489.1
8806379,-72.1258,-3.2908,1500.71,21745.5
1025412,-71.6067,7.055,1499.77,41120.6
7720709,-72.2169,-3.425,1498.72,22694.6
2834415,-72.2725,-0.4192,1492.23,30965.4
3997709,-72.2156,-2.9392,1491.81,27923.1
8759693,-71.7083,7.7742,1490.46,21780.6
431843,-74.565,-11.2633,1489.5,51151.8
1420826,-72.1983,-3.45,1483.93,37682.9
3555634,-72.2814,-3.8008,1474.31,28936.1
6330459,-72.2781,0.2992,1473.23,24192.0
6708165,-74.5561,-11.0967,1472.89,23745.5
2810792,-72.2806,-3.9192,1472.53,31039.4
4545496,-72.2875,-3.9208,1469.75,26841.2
5972135,-71.7017,8.3567,1464.21,24643.4
1126213,-72.0808,1.3325,1463.0,40108.8
6715058,-71.6858,8.0217,1462.76,23737.4
6059419,-72.0353,2.4767,1461.66,24532.0
11083461,-71.6881,8.025,1454.34,20161.3
519376,-72.1197,-0.3817,1446.25,48891.0
10516153,-72.0944,-2.7325,1443.85,20515.3
5150177,-72.4689,-2.8475,1439.39,25815.1
380339,-72.4247,-2.3067,1439.2,52742.5
3699852,-74.5669,-11.2367,1438.04,28588.3
2021298,-72.0944,1.2167,1435.39,34160.5
8715087,-72.0842,1.3475,1431.64,21818.6
4732957,-71.8614,2.8258,1430.6,26506.8
3561606,-72.2461,-3.4642,1429.66,28920.7
10615515,-72.2772,-0.4158,1426.03,20453.1
182139,-72.3653,-1.9925,1423.32,62482.9
2889572,-72.0714,1.3217,1413.68,30788.0
3165586,-74.5939,-11.1167,1413.44,29965.8
3191824,-72.1658,-0.0475,1411.08,29891.3
1081137,-72.0075,2.53,1409.05,40548.0
7173133,-74.59,-11.1817,1405.33,23238.3
1283805,-71.6339,8.4458,1404.97,38730.1
8300857,-72.1689,-0.0575,1404.2,22166.3
10709172,-71.6819,7.7975,1402.44,20390.7
952388,-72.0467,-2.7858,1401.77,41924.6
4555339,-71.67,8.46,1401.65,26822.2
5970276,-72.05,-2.7967,1400.01,24646.0
6474887,-72.0025,2.525,1399.0,24017.6
3945359,-71.5989,7.0433,1387.05,28034.7
605192,-72.0078,-2.5367,1385.51,47067.8
1883600,-72.4386,-2.7575,1385.43,34852.9
5419257,-72.5814,-2.4383,1378.74,25404.7
9113940,-72.1389,-2.6275,1376.78,21500.9
420464,-71.9903,-2.5892,1376.11,51488.2
4868492,-71.6608,8.4667,1375.05,26275.0
3914054,-72.0581,-2.65,1373.37,28102.8
4546722,-72.0875,-2.3608,1373.18,26838.8
1668747,-72.0556,-2.4483,1369.19,36051.5
7781029,-72.22,-3.4567,1368.18,22638.4
6169755,-71.9403,2.78,1367.92,24388.7
10986791,-72.1103,-2.405,1367.69,20218.1
701203,-72.0386,-3.3825,1358.1,45352.6
780708,-72.0536,-3.405,1350.33,44130.8
4751686,-72.0506,-2.7608,1349.51,26473.1
5949492,-72.0769,1.165,1348.17,24674.4
7400683,-72.0656,1.3183,1346.77,23006.8
5250687,-71.6342,8.4233,1346.51,25659.2
9934178,-71.6736,8.0683,1346.26,20906.0
3693569,-71.6481,8.4517,1343.68,28603.9
1056524,-72.0756,-3.4175,1340.04,40800.2
2394235,-71.9917,-2.57,1339.4,32538.5
699063,-72.2372,-0.2917,1336.6,45387.7
4949078,-72.0142,-3.38,1323.01,26141.3
2668294,-72.1192,-3.2975,1322.8,31522.1
2309153,-72.1522,-0.2383,1318.77,32879.4
11682998,-72.1269,-3.1867,1316.13,19807.5
2762182,-72.0883,-3.2958,1314.54,31201.1
10466061,-72.1172,-2.3892,1309.46,20549.4
3045330,-74.5328,-11.4433,1309.41,30314.6
8385067,-74.6806,-11.92,1305.38,22094.3
2023870,-72.3575,-1.9875,1305.1,34147.4
11178234,-72.1383,-0.2817,1303.53,20101.2
10625007,-72.0069,-2.5492,1303.1,20446.9
539492,-72.1097,-0.1983,1302.97,48432.7
3067599,-72.1256,-0.3992,1302.85,30249.4
7505452,-74.5536,-11.2725,1302.75,22901.4
10748547,-71.6314,8.7692,1299.91,20368.8
3387425,-72.1694,-0.0983,1299.02,29364.4
617291,-72.1383,-2.2792,1293.77,46834.4
6273660,-74.6717,-11.9733,1292.64,24260.4
775093,-72.0347,-2.7983,1289.01,44213.1
7123421,-71.6253,8.4108,1287.46,23293.1
7706745,-71.9986,-2.5408,1278.49,22708.6
1287699,-71.8761,-2.5992,1259.66,38698.9
590020,-72.2472,-0.485,1243.77,47368.7
375675,-71.9233,-2.9583,1233.68,52895.7
5882909,-71.8361,-5.6992,1232.32,24762.0
1289073,-71.9967,-3.375,1217.17,38687.3
2385001,-72.2306,-0.5217,1216.21,32573.8
8008003,-71.8769,-2.57,1215.15,22426.3
1502744,-72.0394,-3.5275,1214.48,37112.2
1311512,-72.2386,-0.4617,1213.16,38510.7
1714574,-74.6169,-14.3692,1210.5,35780.1
3447809,-72.1344,-2.3483,1210.31,29207.8
1016799,-71.3486,7.675,1206.14,41211.9
5525220,-71.9786,0.5208,1202.54,25251.2
3012298,-71.9903,-3.3633,1199.43,30411.1
1151481,-71.3347,7.6042,1194.79,39873.0
8575275,-72.1547,-0.1075,1190.06,21935.1
8924758,-72.245,-0.505,1187.84,21651.5
775447,-72.0161,-3.5108,1187.11,44207.3
3364897,-72.0372,-3.5067,1186.13,29423.0
2489222,-71.9133,-2.97,1165.85,32170.3
88036,-73.36,-14.1175,1147.71,72866.9
11466154,-71.9303,-2.9767,1141.87,19932.5
11596675,-72.1106,-0.4017,1140.65,19858.9
6059420,-71.9561,0.4908,1137.52,24532.0
6466384,-74.6167,-14.6633,1136.46,24028.2
1385664,-71.8244,-1.7242,1135.02,37940.7
5459324,-71.8664,-1.7567,1127.24,25346.9
5489890,-72.1628,-0.2475,1120.22,25304.2
1215828,-72.0814,-0.255,1120.15,39301.7
1038824,-71.9653,-3.3775,1119.4,40982.5
6808615,-71.8728,-1.715,1110.88,23635.2
701694,-73.4664,-14.6483,1100.34,45344.2
6977116,-71.9319,-2.94,1094.93,23448.5
3569391,-74.6061,-14.4917,1094.37,28900.8
11361429,-71.9519,-2.0158,1094.2,19996.3
771857,-71.6369,-1.2392,1086.66,44259.2
5819516,-72.0169,-3.55,1082.3,24846.8
2310915,-71.7039,-1.5183,1074.75,32871.7
463727,-71.5928,-1.1525,1070.68,50282.5
680133,-71.8947,-3.2275,1066.54,45705.3
2118557,-72.0636,-0.2783,1063.81,33704.2
7229672,-72.3183,-1.9583,1055.9,23180.6
6598591,-71.8636,-2.6983,1052.16,23873.9
2259332,-71.7706,-1.355,1052.0,33088.0
3970747,-71.9628,-3.3358,1050.9,27980.1
6257185,-71.9594,-3.3242,1048.29,24281.4
5033931,-72.0703,-0.2667,1041.13,25999.6
4795014,-71.5953,-1.1692,1038.8,26398.4
4465909,-71.6483,-1.2317,1032.62,26987.9
1628048,-71.7586,-2.82,1031.43,36298.1
9339174,-71.6422,-1.2275,1026.43,21331.4
3604673,-71.7564,-2.7775,1018.46,28816.9
10685722,-71.2464,8.2217,1001.32,20406.3
7821036,-71.9556,-3.3192,993.06,22598.9
4455083,-72.2992,-1.9417,982.66,27009.2
5396669,-72.0047,-3.5433,982.14,25439.8
3430218,-71.8992,-2.9742,972.96,29251.4
7549878,-71.8917,-3.2242,968.94,22859.6
1721969,-71.5872,-1.1925,958.63,35737.4
7609060,-71.6075,-1.2533,953.0,22803.8
8809865,-74.2053,-12.5933,946.5,21742.6
2241272,-71.6594,-1.5733,941.33,33161.1
3473319,-73.4278,-14.0342,916.84,29142.3
9521925,-71.955,-3.3942,908.56,21199.5
8362614,-71.5764,-1.13,892.47,22114.5
200015,-73.2297,-13.8367,891.06,61199.2
9123708,-74.5847,-14.3417,890.18,21498.0
5650661,-71.7525,-2.8558,866.92,25076.5
3759328,-71.6739,-2.8442,859.58,28449.8
11596677,-71.6083,-1.3958,816.94,19858.9
7033916,-73.6758,-14.5742,810.06,23388.6
7847410,-73.39,-13.91,803.32,22573.5
6238322,-73.6914,-14.7717,783.35,24302.4
3884938,-73.7075,-14.9533,779.45,28166.2
4568138,-71.5308,-1.0192,775.45,26800.8
170141,-73.7447,-14.76,762.0,63418.1
2519887,-71.5556,-2.1783,747.23,32055.2
6029926,-73.7078,-14.8867,742.27,24568.3
2021656,-73.7281,-15.0408,742.24,34158.6
220634,-73.7739,-14.9642,719.79,59869.9
3491778,-73.72,-14.7358,715.01,29096.4
2077490,-73.7367,-14.9817,707.0,33894.6
559342,-71.1761,-6.7575,697.58,48004.6
5416075,-73.7236,-14.7075,696.01,25409.7
4834750,-73.7231,-14.6892,692.99,26330.7
8011076,-71.5392,-2.8217,674.86,22423.4
209158,-73.7842,-14.8717,671.98,60595.5
4656689,-71.5233,-0.9992,661.97,26641.1
8208754,-73.7319,-15.1108,654.82,22246.6
757539,-73.7722,-15.1167,633.09,44470.3
1920978,-73.7753,-15.0617,621.34,34658.6
278846,-73.0347,-13.4217,599.31,56757.2
11215453,-73.205,-13.8158,595.83,20082.2
8109054,-73.7289,-14.73,594.87,22335.2
1580807,-73.7828,-15.0292,575.1,36597.0
2181667,-73.7508,-14.7283,552.32,33421.4
9327770,-73.7831,-15.01,547.6,21340.3
322039,-73.8953,-15.6225,544.71,54872.6
4996448,-73.7558,-14.7208,514.37,26063.2
330039,-73.8056,-14.9208,510.67,54553.5
11103387,-73.7989,-14.9233,504.28,20148.7
1456563,-71.4892,-3.245,496.35,37431.8
5538242,-73.7433,-14.9583,471.98,25236.1
248258,-71.4889,-11.8825,468.57,58290.1
1673195,-73.9167,-15.7283,459.18,36023.3
1245732,-73.9147,-15.6517,453.4,39044.7
1580036,-73.9231,-15.6433,449.34,36602.2
11856355,-73.9192,-15.64,437.09,19710.7
4954777,-73.8883,-15.6825,417.83,26131.6
6230400,-71.4817,-3.2017,400.76,24312.9
10466058,-73.9108,-15.6375,399.67,20549.4
137872,-70.4028,-3.0275,398.77,66390.4
3763980,-73.9242,-15.7575,396.52,28438.6
9549393,-73.9219,-15.66,378.85,21178.5
191252,-70.3678,4.3617,352.88,61817.6
8281816,-73.9247,-15.7742,351.84,22183.5
5615256,-73.7608,-14.7442,351.08,25124.8
4941527,-73.9208,-15.5942,334.4,26151.1
331921,-74.4161,-20.5883,285.79,54478.8
622549,-70.9956,-10.1367,278.25,46732.2
1756478,-74.0431,-20.9958,274.39,35538.9
348838,-70.5311,-6.0608,273.01,53837.6
449147,-70.9175,-2.6042,270.35,50670.0
356408,-70.1281,1.1925,266.98,53561.2
430694,-70.5075,2.9717,262.19,51185.4
4660612,-71.0603,-2.6392,259.83,26633.9
1634065,-70.7564,-3.0533,251.8,36261.2
514783,-72.6394,-16.2967,236.06,48997.7
863838,-70.2475,7.6717,230.85,43000.4
8550345,-71.785,-0.7892,204.14,21952.5
1419220,-71.1731,-3.23,190.91,37694.7
1057615,-70.27,5.64,183.16,40787.7
1125619,-72.1092,-12.76,169.9,40115.1
4481762,-71.4422,-1.6825,157.96,26957.2
11487230,-71.3394,-3.4133,146.64,19919.7
3213190,-70.1556,6.4525,124.09,29831.6
7628308,-71.2997,-3.9108,111.78,22784.2
3548811,-70.6444,2.045,107.95,28953.7
7026686,-73.9669,-17.3783,104.03,23396.8
10316180,-71.4317,-1.7633,103.87,20648.4
5695998,-70.1806,-1.8458,100.31,25010.4
5666241,-70.7003,-7.8333,86.39,25053.6
10199909,-72.76,-13.0633,85.48,20725.4
6113954,-75.7494,-23.6033,83.33,24459.2
6787050,-72.7572,-17.6717,82.75,23656.7
8546942,-70.2136,-2.15,82.73,21955.4
4492152,-75.7461,-23.5975,81.51,26940.7
9027065,-73.5625,-20.5258,78.02,21571.9
11450337,-73.9644,-17.4592,74.97,19942.1
11073499,-72.5644,-15.0492,74.81,20167.6
10239341,-73.9544,-17.4558,73.84,20697.7
7013486,-75.7456,-23.7992,73.52,23407.7
6768669,-75.5156,-20.6942,68.86,23678.3
10573975,-75.5142,-20.6383,67.78,20481.1
10829382,-70.54,-8.5033,64.4,20315.6
8032084,-75.7375,-23.6058,62.74,22403.5
7111116,-73.9203,-17.3283,62.63,23306.7
9525748,-70.1325,7.325,61.05,21196.5
11038836,-73.9172,-17.3183,60.63,20189.7
11445083,-75.0642,-18.6275,60.53,19945.3
8178237,-71.3028,0.45,56.93,22275.2
10729609,-73.9556,-17.4258,55.91,20381.3
8109053,-75.4367,-20.0167,55.46,22335.2
10908576,-75.7292,-23.6558,54.05,20268.5
11356291,-75.4381,-20.0333,51.13,19999.5
9921574,-75.7003,-23.0783,50.88,20915.1
7160763,-74.4344,-20.8658,50.08,23252.0
10918376,-75.6383,-22.61,49.96,20262.2
7981091,-75.6797,-23.2942,49.09,22451.8
9816091,-75.4578,-21.2783,48.46,20988.1
7889101,-74.3358,-20.925,47.23,22536.8
8020106,-74.3953,-20.8792,45.95,22414.9
9884053,-74.3222,-20.925,42.84,20942.5
9403131,-74.2975,-20.9483,42.24,21286.5
10662324,-74.3728,-20.8917,40.66,20421.9
