7,-78.4092,-85.8658,4918.81,250353.6
3932,-78.5256,-85.6175,4895.12,121805.1
1279206,-78.5264,-85.575,4866.8,38769.6
592458,-78.5317,-85.5058,4836.08,47318.9
1507838,-78.5256,-85.5467,4826.8,37077.8
404030,-78.5467,-85.6533,4786.49,51986.9
7524,-78.4633,-85.725,4732.83,111321.7
1452694,-78.5275,-85.465,4719.12,37457.4
2692334,-78.545,-85.5917,4673.14,31439.1
1286941,-78.5503,-85.525,4641.44,38705.4
42068,-78.4025,-85.9783,4638.31,84086.7
830862,-78.5583,-85.5725,4636.59,43435.3
303611,-78.4256,-85.8942,4555.48,55640.5
808272,-78.5164,-85.6942,4521.81,43740.8
689844,-78.5389,-85.4033,4509.88,45540.5
3479084,-78.5667,-85.5833,4509.61,29127.0
10020285,-78.5469,-85.71,4496.93,20848.0
447561,-78.4439,-85.8367,4493.2,50713.9
7204520,-78.5094,-85.7008,4473.46,23208.1
29581,-78.6083,-85.3075,4462.31,89516.0
4934445,-78.5942,-85.2867,4429.32,26163.3
1920977,-78.6236,-85.2658,4378.84,34658.6
4637091,-78.6178,-85.2742,4361.22,26674.5
952529,-78.6331,-85.2292,4355.35,41923.1
11778860,-78.3992,-85.9633,4300.15,19755.9
4956105,-78.6006,-85.24,4247.52,26129.1
2786133,-78.4033,-85.9475,4236.86,31121.4
2949107,-78.4036,-85.93,4200.29,30603.2
5655754,-78.5756,-85.3092,4150.41,25068.9
4097997,-78.3831,-85.9733,4138.37,27712.4
2488,-78.1483,-86.1858,4126.87,129577.2
291217,-78.1781,-86.1633,4109.53,56184.1
21533,-78.2897,-86.0883,4067.99,94604.7
6294185,-78.5783,-85.29,4064.81,24234.1
3549691,-78.3022,-86.08,4063.86,28951.5
187887,-78.3264,-86.1042,4052.3,62064.4
20850,-78.2025,-86.1658,4023.26,95075.0
937097,-78.1633,-86.1983,4002.09,42100.5
135112,-78.2244,-86.1525,3977.01,66679.6
7350835,-78.5789,-85.4017,3951.67,23059.4
10874700,-78.1583,-86.1858,3947.27,20290.5
4988837,-78.2233,-86.1617,3936.84,26073.0
9997333,-78.4506,-85.6725,3926.81,20860.2
5419255,-78.1683,-86.1792,3917.42,25404.7
138862,-78.3594,-86.0767,3897.03,66288.6
7781026,-78.225,-86.1417,3895.66,22638.4
4214382,-78.3708,-86.0233,3815.94,27474.6
371721,-78.3478,-86.1092,3798.96,53029.2
4923409,-78.2894,-86.1158,3771.57,26182.7
42923,-78.3072,-85.9158,3754.22,83787.6
1745218,-78.5108,-85.3792,3747.67,35603.4
849163,-78.2906,-86.1392,3740.29,43191.1
7413868,-78.2144,-86.1833,3735.69,22993.0
7250310,-78.4583,-85.5258,3694.25,23158.7
6014694,-78.3428,-86.0975,3691.55,24589.1
3401,-78.015,-85.9825,3681.7,124188.4
8524,-78.1203,-85.9025,3670.01,109399.8
7987010,-78.2911,-86.1158,3663.41,22446.2
7005802,-78.1156,-85.8917,3658.72,23415.8
11195334,-78.4483,-85.6533,3652.54,20094.9
2271801,-78.1058,-85.8708,3636.05,33036.0
647926,-78.0953,-85.8758,3592.45,46267.8
7972363,-78.6261,-85.165,3556.39,22460.4
12120,-78.5033,-84.8792,3521.08,103648.0
22339,-78.2644,-86.16,3511.94,94010.9
14431,-78.1136,-86.2517,3506.4,100903.3
10470513,-78.4328,-85.7592,3490.13,20546.3
140638,-78.5544,-85.1075,3474.34,66109.6
5575180,-78.1142,-86.2608,3467.21,25180.5
8873247,-78.5594,-85.1283,3445.75,21689.8
185727,-77.9831,-85.9883,3442.3,62224.4
200633,-78.6056,-85.6233,3417.2,61156.5
4382111,-78.2189,-86.1283,3394.32,27148.0
97645,-78.4961,-85.9433,3366.38,71339.1
1730375,-78.2547,-86.12,3364.49,35689.2
6498407,-78.4306,-85.7417,3362.93,23988.4
6194456,-78.4286,-85.7292,3353.66,24360.0
5159206,-78.305,-85.975,3352.09,25800.3
7033915,-78.1158,-86.2183,3334.32,23388.6
747002,-78.1628,-86.035,3333.18,44629.0
5803776,-78.1669,-86.0583,3330.6,24864.8
5662702,-78.1294,-85.9367,3330.14,25058.7
61693,-77.9522,-86.0567,3317.52,78228.0
2791000,-78.4233,-85.7,3313.6,31105.0
1145363,-78.1556,-85.9958,3307.85,39928.9
3319773,-78.4944,-85.9108,3292.39,29541.8
5945813,-77.9931,-85.9758,3282.55,24679.6
2309152,-77.9417,-86.0475,3236.1,32879.4
7655,-78.6961,-85.0225,3224.33,111085.6
34379,-78.46,-84.9208,3190.11,87197.1
2030689,-78.5078,-84.9408,3183.37,34115.7
6367632,-78.6356,-85.37,3183.23,24144.6
75216,-78.6433,-85.4875,3162.42,75249.1
2378788,-78.5442,-85.0667,3160.5,32599.2
653665,-77.9292,-86.0492,3159.86,46163.0
893447,-78.2183,-86.0383,3135.05,42629.9
974251,-78.4889,-85.8675,3134.16,41677.7
3161255,-78.44,-85.5992,3125.25,29978.6
1569435,-78.0208,-86.0875,3122.53,36670.1
618980,-78.0944,-86.2192,3101.45,46803.1
452713,-78.0303,-86.1133,3094.79,50574.3
634361,-78.2431,-86.1825,3076.33,46513.6
9553366,-78.2744,-86.0217,3070.85,21175.5
11531538,-78.2194,-86.0675,3064.73,19897.3
7029109,-77.9681,-85.9775,3051.27,23394.0
86658,-78.4933,-85.0075,3039.85,73100.0
11634411,-78.4314,-85.5658,3026.77,19836.4
226736,-78.5222,-84.9917,3025.03,59496.3
558365,-78.0761,-85.8608,3023.89,48025.9
8625328,-78.035,-86.1042,3023.23,21891.5
62394,-78.0822,-85.7017,3019.34,78054.3
2703648,-78.075,-85.6767,3014.13,31400.6
5007877,-78.0928,-86.2625,3011.22,26043.7
192792,-78.4786,-85.3008,3008.87,61707.2
8127578,-78.0433,-86.1017,3004.92,22318.1
150792,-78.0731,-86.1983,3003.54,65110.4
970702,-78.1492,-86.3067,2993.18,41717.4
544185,-78.1931,-86.0025,2971.62,48328.7
202213,-78.4686,-85.2525,2956.35,61055.4
50367,-78.0542,-85.6967,2944.98,81321.9
1210642,-77.9239,-86.1017,2940.45,39345.4
338723,-78.1011,-85.7883,2937.46,54211.5
3727658,-78.1944,-86.0208,2925.94,28523.6
9231324,-78.4156,-85.6933,2919.38,21411.9
10587920,-78.4681,-84.95,2915.37,20471.8
1637890,-78.2,-86.0708,2910.61,36236.6
1975705,-78.0956,-86.3358,2894.67,34383.6
3977739,-78.4325,-85.9975,2892.61,27964.2
2506999,-78.6144,-85.71,2884.46,32102.9
742458,-78.0561,-86.1158,2872.84,44697.5
114278,-78.2944,-85.8,2864.86,69061.1
1485264,-78.5858,-85.105,2848.92,37230.5
8262918,-78.1975,-86.0492,2847.55,22200.7
807544,-78.6042,-85.0758,2845.69,43751.0
44633,-77.89,-86.155,2842.63,83176.3
3085318,-78.0442,-85.7283,2831.09,30198.8
33505,-78.2611,-85.5633,2826.82,87595.1
5671444,-78.55,-85.9125,2821.79,25046.0
3744476,-78.5325,-85.0133,2816.76,28485.6
79632,-78.6725,-85.1292,2813.64,74354.7
6096044,-78.5339,-85.0342,2807.64,24482.6
10239340,-78.3828,-85.8883,2805.18,20697.7
171727,-78.3481,-85.6083,2800.49,63287.3
3055585,-78.0664,-86.15,2795.36,30283.0
198845,-77.9639,-85.8808,2790.56,61282.4
46622,-78.3664,-85.0442,2788.12,82514.9
894473,-78.2636,-85.9108,2784.78,42616.4
24860,-78.1161,-85.435,2778.74,92301.1
9888214,-78.3917,-85.7058,2778.29,20939.5
6346749,-78.6528,-85.5375,2777.38,24170.9
11751225,-78.3681,-85.0517,2776.21,19772.0
1714896,-78.5022,-84.7667,2760.86,35778.4
744954,-78.1439,-86.4225,2756.5,44659.0
1111315,-78.5694,-85.9158,2755.73,40253.1
641640,-78.5364,-84.9625,2753.47,46383.3
1708876,-78.1258,-85.4758,2748.19,35812.2
756619,-78.3586,-85.5992,2745.01,44484.6
1411619,-78.6489,-85.5833,2741.62,37750.5
117811,-77.8708,-86.1358,2740.17,68619.7
2228512,-78.5642,-85.8667,2737.92,33214.9
2114279,-78.2847,-85.8192,2735.56,33725.0
4688239,-78.3894,-85.695,2733.35,26586.0
3366,-77.6114,-86.0492,2729.77,124354.5
1467422,-78.6858,-84.9583,2729.29,37353.5
226978,-78.255,-85.8625,2727.12,59482.4
126487,-78.145,-85.4383,2726.12,67607.6
31532,-78.3281,-85.07,2715.66,88496.0
101780,-78.1278,-85.5942,2704.64,70731.0
2297176,-78.3817,-85.81,2704.48,32927.8
4332141,-77.8664,-86.1283,2701.63,27241.7
476171,-78.6283,-85.04,2700.92,49951.9
3734093,-78.6267,-85.02,2699.09,28508.0
93302,-78.4719,-84.6675,2698.04,71996.1
6136409,-78.27,-85.95,2696.44,24433.1
11038834,-78.3547,-86.24,2695.19,20189.7
11856354,-78.4811,-84.9917,2689.74,19710.7
52464,-77.6517,-86.0442,2681.55,80695.9
3315138,-78.6769,-85.1633,2681.26,29554.8
468222,-78.5775,-85.0067,2669.63,50160.7
1698790,-77.9567,-86.1283,2663.7,35870.8
703933,-78.3817,-85.7208,2658.54,45306.2
2946543,-78.2739,-85.7925,2657.49,30611.6
369482,-77.9822,-86.0933,2656.25,53107.2
2164813,-78.1483,-85.5242,2656.15,33495.7
2182885,-78.3397,-85.6517,2650.26,33415.7
280324,-78.4817,-86.0317,2649.15,56686.4
984739,-78.3656,-85.7108,2640.37,41559.8
77081,-78.1211,-86.6683,2639.09,74874.7
3431862,-78.3603,-85.645,2625.16,29247.1
89686,-78.1903,-85.3142,2624.78,72583.1
990302,-78.0044,-86.1258,2623.88,41498.4
5683516,-78.4486,-84.87,2621.0,25028.2
9009063,-78.3575,-85.5725,2619.61,21586.7
59434,-77.5828,-85.7092,2614.62,78783.9
1604269,-78.4692,-84.6392,2614.59,36447.0
431841,-78.6147,-84.9508,2608.36,51151.8
455467,-78.0381,-85.6217,2603.73,50502.4
8368838,-78.4394,-85.4675,2603.32,22108.7
427488,-78.5317,-84.905,2601.3,51278.6
111949,-78.1764,-85.3358,2600.93,69362.1
827108,-77.5742,-85.7725,2600.37,43485.1
6907311,-78.1789,-85.3525,2600.19,23524.4
315889,-78.3389,-85.5183,2598.54,55122.8
3853601,-77.5744,-85.8042,2596.92,28236.2
187865,-78.3403,-85.0275,2596.43,62065.5
416999,-78.4267,-85.3608,2594.34,51589.6
72615,-77.8033,-86.2825,2592.65,75793.2
1148455,-78.4167,-85.3883,2589.95,39901.7
246477,-77.9236,-86.185,2588.38,58385.1
118471,-78.3281,-85.1467,2586.71,68537.9
9149449,-78.4097,-85.3908,2584.93,21477.2
2852033,-78.1486,-85.42,2581.15,30909.8
198887,-78.3842,-85.1883,2579.53,61280.3
6618265,-78.0789,-85.6317,2577.36,23849.9
9179053,-78.1886,-85.9708,2573.0,21453.5
196728,-78.4375,-84.8075,2572.29,61426.8
536799,-78.6478,-85.125,2565.06,48491.9
1294943,-78.1697,-85.3083,2563.7,38639.5
2203910,-78.4019,-85.6192,2561.47,33324.0
3652547,-78.005,-86.1733,2554.51,28699.5
418465,-69.1392,-71.0167,2550.67,51545.1
573920,-69.1158,-71.0906,2549.63,47698.4
215382,-78.6144,-84.8617,2545.14,60196.8
8745865,-77.5717,-85.8267,2543.53,21792.3
335960,-77.6372,-86.0708,2542.89,54318.3
336842,-78.3928,-85.2792,2535.46,54285.4
10221912,-78.2958,-85.865,2529.68,20710.0
299009,-78.0692,-86.3533,2526.77,55836.0
151169,-77.7892,-86.3092,2524.19,65074.2
345163,-77.8508,-86.1825,2523.94,53974.7
643149,-78.1403,-86.5017,2521.74,46354.4
5695995,-78.0667,-85.6292,2521.72,25010.4
2346846,-78.6561,-85.0958,2521.08,32727.9
4463525,-78.4553,-85.21,2519.06,26992.7
9716596,-78.6836,-84.9058,2518.58,21057.8
3471678,-78.6714,-84.9775,2518.51,29146.7
603788,-77.8731,-86.1883,2515.25,47094.8
4719432,-78.6781,-84.985,2513.11,26528.4
6320265,-69.1269,-71.0733,2512.57,24205.2
8799611,-78.3872,-85.2783,2509.92,21751.4
166069,-77.8281,-86.2317,2505.73,63751.7
3944406,-78.4997,-86.0442,2501.93,28037.0
1978150,-78.5411,-84.8125,2501.63,34370.6
590743,-78.0614,-86.2425,2499.86,47353.9
3482363,-78.5275,-84.8558,2498.66,29118.2
197495,-77.8672,-86.0508,2490.76,61373.8
2545958,-78.3372,-86.2842,2489.81,31959.7
11006570,-78.5967,-84.9925,2485.87,20205.5
2720766,-78.6508,-85.08,2485.26,31341.7
1187173,-78.4478,-85.1975,2481.01,39550.5
158488,-77.9397,-85.7758,2476.53,64415.8
7650336,-77.6681,-86.0067,2475.13,22761.8
10829380,-77.9833,-86.0517,2474.68,20315.6
3955291,-78.5378,-84.8333,2471.6,28012.0
1366306,-78.2683,-85.76,2470.86,38086.5
583004,-77.8136,-86.26,2469.03,47509.7
3017949,-77.9061,-86.1142,2468.45,30396.4
6826789,-78.1333,-85.4833,2466.51,23613.6
2423264,-78.1769,-86.3967,2466.4,32424.8
298627,-78.1619,-85.3825,2464.31,55852.0
10549132,-78.05,-85.6583,2464.11,20493.6
1124985,-78.1072,-85.5233,2460.79,40121.5
7740370,-78.1667,-85.2825,2460.48,22674.9
4354550,-78.0614,-85.6058,2459.2,27199.6
7650335,-78.4811,-86.0792,2458.59,22761.8
6012876,-78.5769,-85.8192,2457.48,24591.6
537339,-78.0261,-86.31,2452.69,48480.1
392667,-77.7692,-86.3283,2451.62,52343.6
5261456,-78.3364,-84.9842,2451.4,25641.8
950988,-78.1597,-85.4633,2450.71,41941.3
3742642,-78.5942,-85.7825,2450.14,28490.1
5133790,-78.3669,-86.2242,2447.61,25842.3
289128,-78.6686,-85.5642,2447.31,56279.2
1537574,-78.0319,-86.2317,2442.78,36878.0
7993017,-78.2494,-85.8717,2442.48,22440.5
380102,-77.5753,-85.9942,2441.63,52750.9
8057257,-78.1467,-85.3942,2430.13,22383.6
380607,-77.9128,-86.2058,2426.21,52734.0
4256935,-78.3694,-84.9975,2425.82,27388.7
311184,-78.5214,-86.8117,2421.68,55319.0
1077052,-78.3775,-85.1167,2420.63,40587.2
425067,-77.9447,-85.8808,2420.44,51353.1
1439965,-78.4072,-85.2708,2416.46,37547.4
11740183,-78.1792,-85.385,2416.42,19778.5
4384405,-78.38,-85.1375,2414.08,27143.3
1342329,-78.4431,-85.1792,2413.29,38270.1
1015408,-78.1378,-85.8142,2410.39,41227.3
3435976,-78.6197,-84.8875,2406.91,29236.2
482565,-78.3103,-85.1425,2402.68,49784.6
935348,-77.7781,-86.3142,2402.41,42121.7
3382374,-78.4814,-84.7092,2402.27,29375.3
4844406,-77.8539,-86.155,2394.12,26313.8
1753692,-77.8342,-86.1917,2387.79,35555.1
2086178,-78.18,-85.4242,2387.37,33853.2
1935662,-78.2481,-85.6508,2387.11,34585.0
2383575,-78.0883,-86.4292,2384.85,32579.6
5145672,-78.1194,-86.7283,2380.26,25822.6
175921,-77.6878,-86.0558,2378.97,62966.4
4716763,-78.1333,-85.3975,2378.82,26533.2
672440,-78.4164,-84.935,2377.69,45836.1
8779026,-78.5989,-85.8333,2375.45,21768.9
4724714,-78.5189,-86.7558,2371.53,26518.8
7734711,-78.1281,-85.5225,2370.64,22680.5
1557639,-78.2631,-85.7067,2369.83,36748.2
8638634,-78.4689,-84.5758,2368.63,21879.9
1392814,-78.0164,-85.5942,2368.25,37886.9
9775607,-78.1308,-86.3842,2368.0,21018.5
756263,-77.82,-86.2408,2367.67,44490.3
3529895,-78.3694,-85.1317,2365.18,28999.8
808894,-78.0728,-85.5725,2364.93,43732.0
1157411,-78.2028,-85.2442,2360.23,39818.6
849281,-77.5683,-86.0075,2360.04,43189.6
842514,-77.8333,-86.1225,2358.86,43279.5
11190254,-78.2456,-85.8583,2358.66,20098.0
2749176,-78.5186,-86.6958,2357.64,31244.0
5151695,-69.1058,-71.11,2355.16,25812.7
4699855,-78.4536,-85.0108,2352.99,26564.4
26306,-77.91,-85.5317,2352.94,91393.8
11526238,-78.6961,-84.8942,2352.76,19900.5
11552952,-77.6842,-86.0583,2350.26,19884.5
3978742,-78.2583,-85.7083,2346.86,27961.9
4817167,-78.2372,-86.3325,2346.81,26362.2
7478654,-78.4942,-86.885,2346.0,22929.2
5132276,-77.9428,-86.1475,2345.66,25844.7
1588903,-78.1847,-85.2725,2342.83,36546.5
1962907,-78.0517,-86.2533,2342.27,34446.5
2450817,-78.3297,-85.4658,2342.22,32318.5
6210429,-77.5644,-85.91,2340.81,24339.0
23436,-77.5892,-86.2967,2338.46,93217.4
245526,-78.0483,-86.5042,2338.42,58436.3
247829,-77.9222,-86.3517,2338.07,58313.0
9865535,-78.3697,-85.0875,2337.91,20951.7
704266,-77.8314,-86.0483,2337.8,45300.6
218073,-78.2128,-85.2183,2336.87,60028.3
656516,-78.1522,-86.6825,2330.79,46113.3
2885710,-78.545,-86.8283,2330.73,30800.4
537283,-78.1497,-85.2908,2330.72,48481.4
5293272,-78.0267,-85.6017,2329.69,25594.6
6249213,-78.2389,-85.8267,2326.52,24291.9
565907,-78.5525,-84.7658,2325.37,47866.4
4152311,-78.3756,-85.3367,2324.91,27599.5
1586167,-78.1283,-86.5933,2315.93,36562.2
4805890,-77.8961,-86.0817,2315.6,26379.1
9820179,-78.6631,-85.3775,2312.22,20985.1
3180912,-77.7947,-86.2717,2306.44,29923.2
989522,-77.5564,-85.7708,2304.71,41507.7
10991675,-78.6764,-84.8867,2302.01,20215.0
4855314,-78.1411,-85.3592,2300.57,26294.4
5310333,-77.5506,-85.7783,2300.17,25567.2
1799044,-78.6564,-84.9033,2299.39,35303.3
11163227,-78.0231,-86.275,2299.29,20110.7
667955,-78.6622,-84.7917,2299.0,45913.9
8439910,-78.2006,-85.2642,2292.66,22045.2
5929475,-78.1994,-85.2867,2292.27,24697.6
1392601,-78.1197,-85.6475,2291.32,37888.6
6808611,-78.6736,-84.875,2289.68,23635.2
6090366,-77.8383,-86.1442,2288.21,24490.4
4025174,-78.5194,-86.6267,2286.14,27866.0
5576850,-78.1347,-86.5717,2285.91,25177.9
5983586,-78.3497,-85.0583,2280.09,24627.9
881156,-78.0531,-85.5517,2280.02,42783.5
1372852,-77.7519,-86.3725,2278.98,38036.3
4718099,-78.1622,-85.4267,2278.44,26530.8
6140336,-77.5681,-85.9275,2276.94,24427.9
8011071,-78.0669,-85.5317,2272.88,22423.4
2440822,-77.6894,-86.1033,2269.01,32355.9
10378302,-78.0992,-85.6475,2268.51,20605.2
4178667,-78.2192,-85.18,2262.96,27546.4
10016169,-77.9581,-85.8142,2259.63,20851.1
2888863,-77.7581,-86.3525,2257.18,30790.0
1007072,-78.5333,-86.2142,2255.65,41316.9
468687,-77.9414,-85.7225,2252.9,50148.0
4517865,-77.8303,-86.2742,2252.15,26891.0
7544471,-78.215,-85.1942,2246.96,22865.2
3106475,-78.0989,-85.4625,2246.53,30137.5
3549692,-78.1131,-86.795,2242.93,28951.5
7194343,-78.1194,-86.7775,2242.69,23219.1
748045,-78.3117,-85.035,2242.45,44611.9
1701128,-77.9989,-86.2675,2241.1,35856.6
1407315,-78.4542,-84.6317,2239.61,37780.8
408388,-78.0311,-86.5483,2237.55,51850.7
11569742,-78.6628,-84.9208,2235.07,19874.9
3132525,-77.5867,-86.0467,2233.62,30061.3
11178227,-78.525,-86.5867,2228.87,20101.2
595674,-78.1861,-85.19,2225.47,47256.9
246435,-77.9108,-86.4808,2222.32,58387.3
10908573,-78.1003,-85.4758,2221.55,20268.5
7181776,-78.1944,-85.2258,2218.7,23232.8
2376445,-78.6847,-85.2617,2213.19,32609.0
1618005,-78.4217,-84.8075,2211.77,36361.2
4889399,-77.6981,-86.0333,2211.11,26238.6
3340162,-77.9967,-86.3392,2209.58,29487.9
809197,-78.5628,-86.1175,2208.12,43727.7
8852124,-78.5239,-86.1342,2204.08,21707.4
1224952,-77.8328,-86.3008,2195.25,39222.1
233706,-77.9672,-87.2158,2190.1,59093.4
5553203,-78.6681,-84.8358,2189.23,25213.3
2019087,-77.9433,-86.2783,2185.65,34171.7
177863,-77.7464,-85.875,2185.41,62808.3
241283,-77.9222,-87.41,2184.04,58668.1
8523797,-77.6211,-85.6908,2180.42,21975.7
3424550,-78.3053,-85.0517,2173.29,29266.7
564129,-77.9619,-87.3542,2168.39,47903.6
8381875,-78.5378,-86.5383,2168.04,22097.2
154726,-78.3683,-84.9158,2166.68,64754.2
871324,-78.5822,-86.08,2166.41,42906.9
564060,-78.68,-85.5258,2159.8,47905.0
5459322,-78.5511,-86.5092,2157.11,25346.9
3778320,-78.6794,-84.7633,2156.95,28407.2
325364,-78.2172,-85.1225,2155.9,54737.8
1319080,-77.7178,-85.9783,2154.73,38451.1
1059841,-78.3194,-85.4308,2152.37,40765.8
26762,-78.2664,-85.1458,2149.62,91116.6
2928836,-78.0556,-86.44,2144.69,30665.6
2447188,-78.3344,-84.9392,2142.38,32330.3
349773,-78.0167,-86.5733,2141.51,53803.3
6003330,-78.3256,-84.9833,2140.6,24604.6
291282,-77.74,-86.3875,2139.0,56180.7
7043639,-78.6783,-84.795,2138.03,23377.7
2071293,-78.0592,-85.4867,2134.38,33922.8
3917952,-77.5414,-85.8075,2133.55,28093.7
621237,-77.9261,-86.4508,2133.5,46759.5
5875524,-77.7047,-85.9975,2132.85,24772.3
43433,-78.6072,-84.5325,2127.59,83600.4
568081,-78.0889,-85.4167,2127.22,47819.8
1173337,-77.8056,-86.41,2127.17,39672.8
3885951,-77.5961,-86.3242,2123.12,28163.9
1639071,-78.0333,-85.5575,2121.92,36231.4
2787418,-77.9814,-86.2942,2113.72,31117.3
2784280,-78.1122,-86.9667,2112.45,31127.5
1723167,-78.2,-85.1767,2106.55,35730.2
3901996,-77.9653,-87.1875,2104.86,28130.0
6479130,-77.8108,-86.1225,2100.81,24012.3
7889099,-78.6486,-84.8517,2097.4,22536.8
8571966,-78.1906,-85.2042,2094.37,21938.0
1100774,-78.1675,-85.1875,2092.24,40354.2
7829634,-77.9219,-86.4592,2086.68,22590.5
240019,-78.6633,-86.2875,2081.89,58738.7
2286544,-77.8019,-86.4467,2081.57,32974.2
2994656,-78.0183,-86.37,2078.36,30467.6
1346004,-78.6794,-85.6425,2077.9,38241.8
4720770,-78.1294,-85.2917,2077.06,26526.0
9141927,-78.5506,-86.4575,2074.06,21483.2
5090393,-78.1708,-85.2075,2072.65,25911.2
11740184,-78.0344,-85.5825,2071.22,19778.5
5856066,-78.3764,-87.9867,2067.59,24795.5
461663,-78.5944,-85.9542,2066.25,50336.9
11575056,-78.5575,-84.7192,2065.58,19871.7
1730655,-78.3206,-84.9492,2064.33,35687.4
2290944,-77.6667,-86.17,2061.62,32954.9
358235,-78.3506,-84.9192,2058.88,53496.9
3840904,-78.4783,-84.5325,2057.89,28265.6
616414,-77.8342,-86.3708,2057.67,46850.7
9529703,-78.1633,-87.0,2041.64,21193.5
7361324,-78.1633,-85.1708,2040.34,23048.3
1459817,-78.3653,-84.8667,2039.68,37408.0
2694017,-78.3319,-84.91,2039.27,31433.1
1690628,-78.0389,-87.0508,2038.71,35918.8
359577,-77.7083,-86.5383,2037.3,53449.2
1857074,-77.8994,-85.9225,2037.16,34989.7
565506,-77.7164,-86.4417,2037.02,47873.0
8480631,-78.3672,-88.0617,2035.21,22013.4
1807389,-77.9692,-86.4567,2033.92,35256.4
1594627,-78.2647,-85.1017,2031.46,36508.1
7762889,-78.4269,-84.745,2024.52,22652.4
4670975,-77.9522,-87.2525,2022.26,26614.7
68913,-77.4744,-86.0033,2021.65,76557.6
3074432,-78.0858,-85.395,2020.62,30228.3
1421529,-78.4386,-84.5817,2017.81,37677.8
4181986,-78.6581,-85.6717,2016.62,27539.4
5246187,-77.5783,-86.3167,2013.71,25666.6
9088543,-77.9767,-87.24,2011.28,21521.7
11021293,-78.0556,-85.46,2008.02,20196.1
9406902,-77.9528,-87.3533,2007.71,21283.5
11088407,-78.3519,-84.9425,2005.63,20158.2
6427124,-77.9961,-87.1625,1996.34,24073.2
8246021,-78.6428,-85.7458,1995.78,22212.2
5053459,-69.16,-71.0494,1994.93,25970.2
6265396,-78.0217,-87.0675,1993.47,24270.9
118186,-77.6231,-86.7217,1993.07,68572.3
8779027,-77.9706,-86.3967,1992.79,21768.9
2249756,-78.6189,-84.8025,1987.8,33126.5
498871,-78.4953,-84.4917,1987.07,49378.5
324022,-78.5875,-84.6675,1984.97,54791.3
2120972,-78.57,-86.1675,1980.64,33692.9
1583207,-77.7175,-86.4908,1980.09,36581.4
5718,-69.2353,-71.4106,1977.14,115683.2
202548,-69.2264,-71.4672,1973.1,61033.4
416609,-77.5506,-86.3758,1972.62,51601.9
1076599,-78.5842,-84.63,1972.39,40591.9
9875754,-77.7078,-86.5633,1971.44,20948.6
1544164,-77.9392,-85.6667,1971.09,36834.8
449429,-77.5642,-86.3375,1968.84,50663.7
2281028,-77.7217,-86.4067,1968.55,32995.5
730865,-77.7997,-86.5058,1967.49,44875.3
2639211,-77.8036,-86.4883,1964.78,31623.0
200418,-69.2381,-71.5522,1964.45,61169.0
1102060,-77.9183,-86.6133,1964.42,40341.6
11271543,-77.9361,-87.2608,1962.55,20047.2
4583274,-78.0039,-86.6208,1958.64,26772.3
4387855,-77.5647,-85.6942,1958.37,27136.3
415871,-77.8917,-86.6833,1957.32,51624.1
1743093,-77.8108,-86.5225,1955.29,35615.9
1546531,-77.54,-86.3675,1954.36,36819.2
1330379,-77.7914,-86.515,1950.97,38363.2
791862,-77.8122,-86.61,1949.42,43973.2
316642,-77.6933,-86.595,1944.75,55093.9
7029110,-77.7047,-86.5225,1943.82,23394.0
4224274,-77.6944,-86.6217,1943.31,27453.7
5344204,-78.6556,-86.2717,1941.7,25517.3
1289265,-69.095,-71.1617,1941.64,38685.7
4398357,-77.7808,-86.5392,1939.76,27115.1
6644735,-78.3775,-84.9958,1935.27,23817.8
1948262,-78.6731,-86.2583,1931.51,34520.4
4497063,-77.8828,-86.3717,1929.14,26931.2
3561604,-77.8117,-86.6367,1928.86,28920.7
188225,-77.6447,-86.6667,1928.5,62037.7
790999,-78.5967,-84.5992,1925.45,43984.8
11073496,-78.6572,-84.7017,1925.15,20167.6
1278187,-78.5561,-84.5958,1923.74,38776.2
4804596,-77.6147,-86.7317,1918.05,26381.5
5850548,-69.2358,-71.5689,1915.56,24803.2
10059064,-77.9214,-86.6508,1913.44,20820.5
1543911,-78.2297,-85.0875,1911.98,36836.5
9593039,-77.9678,-87.1408,1911.63,21145.4
5280606,-77.8061,-86.0625,1910.82,25614.5
9387669,-77.8119,-86.68,1909.55,21298.5
6204460,-77.9333,-87.2142,1907.67,24346.9
421399,-77.6764,-86.605,1901.65,51459.7
2816507,-69.2322,-71.4244,1900.71,31023.0
8568695,-77.6111,-86.7292,1900.43,21940.9
2178758,-77.8108,-86.7158,1896.43,33434.7
759718,-77.6378,-86.6842,1890.03,44438.7
11492447,-78.2825,-85.4483,1889.86,19916.5
223489,-77.6761,-85.5617,1889.69,59687.7
1282096,-77.8158,-86.7542,1888.78,38744.9
3829913,-78.5914,-84.5375,1888.23,28288.1
1244453,-74.5519,-71.6292,1882.16,39056.1
7395431,-78.5939,-84.5642,1877.45,23012.4
3565091,-74.5667,-72.2075,1877.35,28911.8
4610198,-77.8642,-87.2958,1873.97,26724.6
10507035,-77.9167,-87.2275,1872.5,20521.5
1426595,-78.3081,-84.935,1863.21,37642.3
6923849,-77.8442,-86.4833,1855.55,23505.4
2961821,-77.8631,-87.2492,1855.16,30565.7
7723461,-78.6397,-86.3658,1854.76,22691.8
10967227,-77.7753,-86.5625,1848.34,20230.7
7868860,-77.8367,-86.465,1847.11,22556.6
10169363,-78.3103,-84.945,1845.65,20746.9
9034253,-78.6842,-86.28,1842.97,21566.0
10347129,-77.945,-85.5575,1839.07,20626.8
694942,-77.6011,-86.7617,1832.96,45455.1
3242080,-77.76,-85.8308,1829.89,29752.4
11450335,-77.5619,-86.3583,1828.06,19942.1
5057800,-78.5425,-86.255,1822.23,25962.8
7377137,-77.6961,-86.6592,1821.22,23031.8
1321398,-69.2394,-71.5056,1819.93,38432.9
4159367,-77.5289,-86.385,1819.52,27588.0
489901,-77.5886,-86.7667,1813.47,49596.1
628204,-77.6581,-86.6333,1808.79,46628.5
3754731,-77.5933,-86.3742,1807.3,28461.0
4620570,-77.6036,-86.7892,1806.55,26705.5
2057956,-77.6967,-86.7342,1800.54,33986.6
3961835,-78.1583,-85.1383,1798.14,28000.6
6902592,-77.6492,-86.6942,1797.05,23529.8
10839060,-77.5311,-85.7617,1791.47,20309.3
148748,-77.4553,-86.3525,1791.3,65305.8
2499342,-77.9614,-85.4825,1784.71,32132.7
2124158,-77.8797,-85.8917,1781.13,33677.8
7912,-69.4958,-71.5639,1774.47,110561.3
4590946,-78.3042,-85.0075,1767.64,26758.0
423392,-69.0617,-71.0794,1764.6,51401.5
1358240,-77.6936,-86.865,1761.68,38148.4
3378406,-74.4164,-72.415,1760.38,29386.1
346849,-78.2339,-85.0033,1759.26,53912.1
6277783,-77.7778,-86.7458,1757.18,24255.1
4206529,-77.46,-86.3567,1748.99,27490.8
3749171,-77.5772,-86.7658,1743.68,28474.4
4799191,-74.4089,-72.1242,1743.49,26391.2
206042,-69.5181,-71.5378,1741.96,60803.4
7465272,-77.5978,-86.2108,1740.88,22943.1
4453861,-77.585,-86.755,1739.21,27011.5
1986740,-78.4353,-84.4992,1737.61,34329.8
2979102,-77.7061,-86.8567,1730.37,30513.6
667089,-74.8794,-71.2308,1728.66,45927.8
3061375,-69.2069,-71.4528,1728.58,30268.3
3588677,-69.2133,-71.4678,1727.78,28854.5
817271,-77.9703,-85.4508,1727.67,43618.2
8562086,-77.6525,-86.7075,1727.56,21946.7
1412969,-77.7392,-87.4308,1727.17,37740.3
54808,-69.6089,-71.4694,1724.34,80007.6
655977,-74.8369,-71.5392,1716.36,46122.9
426179,-77.5369,-86.8583,1713.52,51317.1
7765690,-78.2319,-85.0292,1711.76,22649.6
47691,-69.1719,-71.4572,1696.52,82167.5
1101902,-77.4447,-86.3,1696.19,40343.2
2300868,-77.6072,-86.3825,1693.86,32914.3
3436788,-77.6853,-86.9183,1691.22,29234.0
271837,-74.8919,-71.4558,1689.0,57090.7
277477,-69.1969,-71.6244,1687.87,56824.5
1514725,-77.5603,-86.45,1687.65,37029.7
296725,-77.8247,-85.6758,1684.47,55938.6
51258,-73.6525,-94.095,1681.61,81045.6
5383755,-74.8769,-71.2108,1679.69,25459.8
3774629,-78.2417,-84.9742,1677.16,28416.2
133919,-73.5228,-94.135,1674.36,66803.7
9395318,-77.6681,-86.6392,1673.76,21292.5
454373,-77.5117,-86.765,1673.6,50530.2
5296409,-77.8225,-85.9542,1670.89,25589.6
1450799,-77.5419,-86.4683,1668.59,37471.0
1222609,-77.47,-86.4467,1662.2,39243.3
10834226,-77.5581,-86.4267,1660.61,20312.4
3228536,-77.4517,-86.3042,1657.19,29788.8
7318550,-77.6372,-86.28,1653.6,23089.8
10587968,-69.1975,-71.4567,1653.31,20471.8
105096,-77.3847,-86.3192,1645.36,70278.3
296170,-77.4342,-86.555,1641.05,55963.6
148612,-69.2733,-71.7044,1639.2,65321.4
1051,-68.8275,-90.6317,1639.08,144518.6
4320664,-77.4672,-86.3867,1638.54,27265.1
186187,-69.2728,-71.2872,1631.72,62190.6
493376,-69.2256,-71.6656,1628.6,49509.9
26977,-69.2669,-71.915,1627.02,90983.7
5105229,-78.5047,-84.4442,1624.77,25886.6
531415,-78.5928,-84.4092,1624.6,48611.3
4759838,-78.3964,-84.7067,1623.4,26458.7
3672503,-78.6181,-86.3167,1623.19,28652.9
6234277,-77.6164,-86.86,1619.6,24307.6
115400,-69.1714,-71.7322,1618.63,68916.1
3659858,-78.3617,-84.825,1616.64,28684.0
7473331,-78.3272,-84.8308,1614.78,22934.7
146750,-69.5889,-71.4783,1614.17,65502.6
2562425,-77.5839,-86.8067,1606.36,31899.8
539030,-78.0933,-85.2042,1606.24,48441.9
7478655,-77.4683,-86.4308,1605.26,22929.2
4255790,-69.2758,-71.9144,1601.13,27391.0
374546,-69.0503,-71.1011,1596.51,52933.0
2116665,-77.5433,-87.0075,1595.47,33713.7
7478656,-74.8356,-71.5708,1592.72,22929.2
5704150,-77.5844,-86.4275,1591.92,25002.7
502023,-69.2458,-71.3394,1591.03,49304.9
2567649,-74.8417,-71.6167,1587.65,31879.9
9201421,-69.2642,-71.9228,1586.65,21435.6
761275,-69.2639,-71.7367,1585.75,44417.2
5033929,-77.48,-86.2042,1584.27,25999.6
1734009,-77.4358,-86.6058,1583.61,35667.8
3288957,-77.5503,-86.9958,1582.93,29625.8
1158254,-73.585,-94.1733,1578.02,39810.6
2395221,-78.0367,-85.3792,1569.78,32534.6
181945,-69.1569,-71.785,1566.89,62498.2
3372852,-69.5756,-71.4767,1565.41,29401.3
369255,-73.5008,-93.8908,1559.94,53115.6
1717509,-69.2239,-71.5444,1555.65,35762.3
3166278,-69.2139,-71.5722,1555.09,29963.7
162088,-75.1775,-71.4017,1553.51,64098.6
1695325,-78.4292,-84.4617,1553.49,35892.1
9775608,-77.5669,-86.8533,1552.37,21018.5
180277,-77.3497,-86.37,1549.89,62624.5
924143,-73.5333,-93.7308,1546.39,42254.6
9052128,-69.1731,-71.0833,1545.04,21551.3
147189,-78.0736,-84.995,1544.3,65456.8
1138807,-69.2297,-71.7306,1540.49,39991.1
4010999,-77.5153,-86.8125,1540.01,27893.4
8385065,-77.4297,-86.5383,1539.3,22094.3
9103108,-77.4442,-86.3367,1533.26,21509.8
5667955,-69.2544,-71.5578,1529.92,25051.1
6766037,-77.9381,-85.4367,1529.78,23681.0
737399,-77.4228,-86.4867,1528.24,44773.0
553219,-69.1886,-71.7133,1527.2,48134.5
447508,-78.4189,-84.38,1514.06,50715.2
2023164,-78.4267,-84.4283,1510.7,34151.2
232022,-69.5597,-71.5139,1507.74,59191.4
4325368,-74.9014,-71.2167,1507.29,27255.7
2494675,-69.4883,-71.5967,1506.54,32148.5
3751938,-69.2622,-71.8989,1505.53,28467.7
11392560,-73.6022,-93.7958,1504.77,19977.2
690271,-75.0964,-72.0225,1503.3,45533.5
112668,-78.3478,-84.4717,1500.69,69265.6
28716,-77.9894,-85.1842,1498.72,90008.6
888273,-78.0669,-85.0308,1497.24,42694.1
1420591,-75.0872,-72.0533,1496.77,37684.6
11455712,-69.1883,-71.6128,1495.44,19938.9
5329903,-74.9578,-72.1708,1493.87,25539.7
3015952,-69.2458,-71.3656,1493.21,30402.7
931540,-75.07,-72.0708,1491.9,42168.6
6033693,-78.3364,-84.8075,1489.37,24563.1
3394655,-78.6331,-84.4442,1488.35,29344.9
2907406,-69.2517,-71.3167,1484.92,30732.0
2793552,-77.3556,-86.3292,1478.48,31098.9
204600,-75.2589,-72.4167,1478.37,60897.6
2244080,-77.3842,-86.3708,1476.64,33151.5
94605,-78.1836,-84.7933,1475.76,71786.9
4231247,-74.9153,-71.3017,1473.48,27442.1
647236,-75.0611,-71.955,1471.74,46280.1
3152004,-74.9714,-72.1433,1470.22,30006.2
7981093,-73.6589,-94.5217,1468.78,22451.8
1412086,-78.5975,-84.3133,1468.47,37747.1
2440317,-77.4581,-86.1258,1467.74,32357.9
10024587,-74.8811,-71.4258,1467.5,20845.0
1656,-69.55,-72.7044,1467.42,136417.5
1593326,-75.0361,-72.0142,1466.98,36516.9
6092261,-77.4211,-86.4333,1464.42,24487.8
5380595,-78.0692,-84.9633,1464.27,25464.8
2269409,-78.1481,-85.05,1462.99,33043.7
1258900,-75.0903,-72.1658,1461.91,38935.2
1591471,-78.6922,-86.0917,1461.23,36529.1
11251269,-74.8047,-73.1092,1461.08,20059.9
918834,-78.1464,-84.8533,1456.13,42316.4
1716912,-75.0397,-71.9758,1454.9,35765.9
11148133,-74.9319,-72.1358,1451.53,20120.2
2995957,-78.0656,-85.05,1451.14,30463.4
6485510,-77.4889,-86.89,1451.11,24004.3
3305777,-69.5544,-71.5294,1447.39,29578.5
9925722,-77.3836,-86.3617,1446.42,20912.1
689399,-77.4308,-85.9967,1436.55,45546.1
2007397,-75.1856,-71.0858,1434.41,34229.4
634604,-78.6097,-84.2708,1433.43,46510.8
5734590,-69.1919,-71.4767,1433.31,24959.4
2569689,-75.0819,-72.1483,1432.74,31871.9
7577518,-77.9425,-85.2933,1429.56,22831.7
708362,-78.2003,-84.7542,1428.97,45235.9
6050699,-77.4178,-86.4208,1428.92,24539.8
814092,-75.1097,-72.0658,1425.54,43662.0
71475,-69.5139,-71.3989,1424.65,76029.0
6342682,-69.1633,-71.7356,1424.33,24176.2
7737573,-78.1533,-84.8425,1424.29,22677.7
6263325,-77.4139,-86.505,1420.67,24273.5
2537136,-73.6681,-94.6633,1420.42,31991.6
1023538,-69.1694,-71.7678,1418.42,41140.7
3062812,-69.2314,-71.7711,1416.61,30264.1
2133395,-78.0861,-85.1542,1416.41,33636.1
639756,-75.1044,-72.8608,1415.19,46417.6
690351,-69.5403,-71.535,1414.46,45532.1
9437772,-78.5564,-84.4992,1414.43,21259.6
2073522,-77.9964,-85.2092,1413.33,33911.5
6665624,-78.6417,-84.4267,1411.77,23796.4
4227942,-69.2342,-71.7578,1411.65,27449.1
10081264,-69.1747,-71.4394,1411.51,20805.2
2514840,-69.0467,-71.1283,1411.46,32075.1
11531539,-77.4267,-86.52,1410.45,19897.3
6255198,-75.0483,-72.1017,1409.57,24284.0
9954,-69.8575,-71.3217,1409.24,106783.4
190524,-78.4572,-84.1875,1406.93,61871.2
2224714,-75.1308,-72.6225,1406.39,33232.1
284340,-77.3036,-86.0775,1404.64,56502.9
11001528,-78.1383,-84.915,1403.71,20208.7
7021775,-75.0669,-72.1492,1402.59,23402.2
424751,-75.2817,-72.555,1402.15,51360.6
1487241,-69.175,-71.405,1395.87,37216.8
10257018,-75.0242,-72.2042,1395.84,20685.4
10392001,-76.7764,-93.1042,1395.12,20595.9
582945,-78.4417,-84.2842,1393.88,47511.0
3855558,-75.125,-72.6967,1389.24,28231.7
7282515,-78.1683,-84.82,1388.18,23128.4
4117281,-74.9783,-72.8192,1388.0,27671.0
2957880,-78.075,-85.0833,1387.73,30578.3
1370804,-78.2128,-84.7192,1383.48,38053.0
287334,-75.3181,-72.7358,1381.73,56361.8
3327472,-75.0164,-71.4117,1380.81,29520.3
2051040,-69.8436,-71.3822,1380.16,34020.3
5038673,-69.1747,-71.4267,1378.37,25994.7
1422652,-74.5617,-86.9158,1377.59,37669.4
124570,-73.4456,-93.5433,1375.23,67816.5
8945895,-78.4242,-84.3958,1374.75,21633.9
10329337,-77.3906,-86.32,1373.6,20639.2
3409918,-68.8233,-90.6106,1373.41,29303.6
5139730,-77.9975,-85.13,1372.86,25832.4
99276,-76.8481,-79.5458,1371.21,71101.2
1579776,-69.585,-71.4422,1369.65,36604.0
3230780,-78.195,-84.775,1368.37,29782.4
561212,-69.0422,-71.1433,1363.95,47964.8
1400144,-77.5142,-85.6858,1362.99,37833.1
11251267,-77.9939,-85.1642,1361.87,20059.9
9518110,-69.5436,-71.5328,1359.6,21202.5
3441970,-75.0211,-71.5342,1357.22,29223.1
9879953,-75.135,-71.2017,1354.75,20945.6
4585904,-75.1181,-72.0658,1352.22,26767.5
2137848,-78.4003,-84.52,1352.18,33617.2
3919025,-75.1339,-72.575,1351.84,28091.5
7553158,-73.5461,-94.2108,1350.33,22856.8
9267126,-77.3944,-86.2967,1348.2,21388.0
889057,-69.6278,-71.4978,1343.53,42683.6
1436731,-78.4025,-84.3617,1343.43,37569.5
52942,-69.9161,-71.3056,1343.33,80556.8
1189284,-78.0942,-84.9208,1343.25,39531.2
3597401,-75.1458,-72.5333,1342.96,28832.4
7981089,-77.4481,-86.0233,1339.93,22451.8
98530,-69.2053,-71.8811,1339.21,71202.4
5136801,-69.1731,-71.1061,1338.26,25837.4
1400587,-78.4147,-84.31,1337.51,37829.7
711394,-75.3072,-72.67,1337.08,45186.6
536135,-75.2406,-72.2317,1335.8,48506.3
837136,-78.3711,-84.42,1333.73,43351.6
5431335,-78.3989,-84.3508,1333.7,25389.6
720552,-78.6958,-84.3567,1332.83,45038.3
480669,-69.9431,-71.3028,1332.38,49835.7
5120024,-69.1583,-71.7256,1331.69,25862.0
5867009,-69.1778,-71.61,1330.92,24780.1
3341787,-69.1436,-71.1406,1330.4,29483.5
11241018,-78.2444,-85.3125,1330.35,20066.3
1204521,-78.3789,-84.4717,1329.09,39398.8
2459676,-78.3817,-84.5033,1327.84,32283.0
349413,-75.27,-72.2158,1318.83,53816.3
2739419,-69.2719,-71.5211,1315.36,31278.6
8992534,-75.8672,-87.035,1315.24,21595.6
3332864,-77.3247,-86.4258,1314.61,29505.1
7620048,-69.5653,-71.5133,1314.03,22792.6
1835262,-74.3483,-76.08,1313.22,35106.0
11531591,-69.1603,-71.7289,1310.28,19897.3
6156021,-78.0908,-84.9592,1308.69,24407.0
8227404,-77.3278,-86.4375,1304.71,22229.4
3315950,-69.2139,-71.8983,1304.29,29552.6
1179708,-69.4647,-71.5528,1301.48,39614.9
3305773,-75.2997,-72.6567,1300.73,29578.5
2498330,-75.2189,-72.5858,1300.4,32136.6
11281821,-76.6189,-93.795,1298.81,20040.9
3448575,-69.5714,-71.5128,1293.84,29205.6
5634056,-75.2456,-72.5958,1293.64,25096.8
3746399,-69.2597,-71.7756,1290.77,28481.1
222149,-77.3936,-86.0267,1289.71,59773.0
5558304,-75.2053,-73.0117,1289.42,25205.8
10757915,-75.1522,-73.1983,1288.11,20362.6
10699810,-76.9214,-103.9925,1286.64,20397.0
10558326,-77.42,-86.0258,1283.13,20487.3
7263919,-78.695,-84.3375,1280.88,23147.6
176216,-69.5606,-72.6511,1277.87,62943.1
6787049,-78.2744,-85.3417,1277.17,23656.7
7514659,-69.9089,-71.3011,1275.97,22895.8
9023383,-75.0994,-71.9658,1275.11,21574.9
6257212,-69.2792,-71.2989,1274.64,24281.4
9799944,-69.2781,-71.515,1273.66,21000.3
7255299,-78.0797,-85.1333,1273.29,23153.1
9016197,-69.1772,-71.3922,1271.17,21580.8
1502028,-75.2486,-72.3025,1269.98,37117.3
3312792,-75.2581,-72.69,1269.27,29561.2
1692719,-69.2694,-71.9639,1263.02,35908.1
955358,-77.29,-86.0392,1261.87,41891.2
7636602,-78.4486,-84.2375,1261.55,22775.8
11302333,-69.2875,-71.7017,1258.74,20028.2
7247694,-74.8303,-73.6875,1258.13,23161.4
260456,-69.0858,-71.2561,1257.5,57656.0
8823672,-75.2097,-72.5,1256.35,21730.8
4689539,-69.4736,-71.5539,1253.75,26583.6
116168,-69.4264,-71.1806,1251.67,68819.0
138288,-69.4975,-71.0822,1250.63,66348.2
3454128,-73.9394,-90.7942,1249.85,29190.4
4579400,-75.1986,-71.1008,1249.85,26779.4
783792,-75.2614,-72.2442,1249.65,44087.5
1396051,-75.5503,-71.04,1249.53,37861.7
486324,-75.3167,-72.2667,1248.22,49688.5
4430745,-74.8328,-73.9292,1247.89,27054.0
5318238,-75.1144,-72.1867,1246.7,25554.7
381906,-75.3453,-72.7867,1245.37,52691.7
1892810,-69.2686,-71.2428,1244.77,34805.3
4441456,-77.4003,-86.0267,1239.63,27032.8
8782391,-75.04,-71.5567,1239.13,21766.0
8319890,-69.0878,-71.2444,1238.8,22149.0
10903743,-74.8181,-73.9408,1238.0,20271.6
6012877,-75.3233,-72.7625,1237.45,24591.6
230622,-75.3603,-72.4483,1237.42,59273.1
10578668,-77.3047,-86.4883,1237.42,20478.0
4240091,-75.2744,-72.18,1236.99,27423.5
3682490,-69.8311,-71.31,1235.8,28628.4
3006493,-78.0025,-85.2475,1233.39,30430.0
1287131,-73.5197,-94.3708,1232.99,38703.8
1188567,-78.4917,-84.06,1232.68,39537.6
1966450,-69.2931,-71.9417,1231.85,34428.0
794632,-77.735,-85.3783,1231.41,43934.1
3597402,-75.1267,-72.0183,1231.41,28832.4
11108426,-69.17,-71.4256,1231.19,20145.5
6462149,-75.2894,-72.595,1228.42,24033.5
624175,-75.2972,-72.2533,1228.0,46702.2
5983587,-77.3328,-86.2133,1227.91,24627.9
1562290,-73.5194,-94.2983,1227.44,36717.0
2440319,-73.5181,-94.3317,1224.96,32357.9
4133879,-78.3617,-84.5017,1224.1,27638.7
669664,-75.3031,-72.41,1221.57,45882.0
3879144,-69.8233,-71.3667,1219.21,28179.8
10819804,-74.1328,-96.6467,1218.92,20321.9
67363,-69.1094,-71.8161,1216.24,76893.9
4092760,-69.2678,-71.3372,1215.78,27723.9
7538859,-77.3258,-86.1767,1215.21,22870.7
6661157,-77.0378,-78.2817,1214.25,23801.7
3876243,-78.4753,-84.075,1214.17,28186.6
6479162,-69.0719,-71.2039,1211.2,24012.3
7068008,-78.4686,-84.1433,1211.03,23350.4
4811362,-78.6394,-84.3917,1211.01,26369.4
3593056,-75.2325,-73.1858,1210.2,28843.4
476341,-75.3697,-72.605,1209.97,49946.8
2217969,-74.3506,-79.04,1209.63,33262.8
877126,-69.3017,-71.5144,1209.39,42834.1
6831474,-69.2931,-71.6983,1208.64,23608.2
2363378,-69.0186,-71.0011,1205.9,32661.7
662987,-68.9444,-71.0417,1201.99,45998.5
2023876,-68.9094,-71.0328,1199.71,34147.4
38362,-69.7286,-71.3406,1199.3,85481.4
1086668,-69.1589,-71.47,1199.26,40492.9
791000,-75.3619,-72.5042,1196.84,43984.8
1332554,-75.1633,-71.995,1196.0,38344.9
2355281,-77.3331,-86.1308,1195.77,32692.9
1824259,-75.2906,-72.1908,1195.04,35165.9
2352918,-68.9106,-71.0122,1194.8,32702.6
3591324,-69.1725,-71.6178,1194.24,28847.9
5523554,-77.2486,-86.495,1194.17,25253.7
4944277,-68.805,-90.6589,1192.84,26146.2
1511812,-75.2919,-73.0075,1188.42,37050.3
2028023,-69.0919,-71.2117,1184.84,34128.8
6230414,-69.6283,-71.5211,1182.14,24312.9
527802,-77.4944,-85.675,1178.35,48696.4
1098504,-69.1669,-71.3706,1178.02,40377.9
274023,-69.6619,-71.0272,1171.99,56988.0
2499343,-75.3628,-72.5867,1171.67,32132.7
8404156,-69.1011,-71.1917,1171.28,22077.0
5581911,-77.4278,-86.2725,1170.6,25170.4
9604903,-77.2392,-86.4725,1169.42,21136.3
2897317,-69.2633,-71.8,1168.13,30765.2
3182412,-69.2519,-71.2217,1167.35,29919.0
5124446,-77.2264,-86.3592,1166.97,25854.6
4487238,-74.8622,-74.0125,1166.64,26950.2
757634,-69.1614,-71.5994,1166.23,44468.8
10734399,-69.1681,-71.3567,1163.73,20378.2
6167797,-69.2906,-71.5261,1162.01,24391.3
765513,-69.4089,-71.1583,1159.16,44352.6
5538241,-77.4886,-85.6542,1158.93,25236.1
5188773,-69.2506,-71.2361,1157.16,25755.8
6459946,-75.5272,-71.0433,1156.35,24036.1
5202710,-75.3056,-72.585,1154.89,25733.6
3846868,-75.505,-71.09,1153.24,28252.0
3575662,-75.1492,-72.0,1152.25,28887.6
6581031,-69.2622,-71.9722,1151.03,23895.2
1223685,-74.6619,-75.865,1150.26,39233.5
10932825,-75.5256,-71.0683,1144.24,20252.8
2102659,-69.4794,-71.625,1142.19,33777.9
9884052,-78.3514,-84.3983,1140.58,20942.5
4481760,-75.4706,-71.1158,1139.31,26957.2
19896,-70.0225,-71.37,1138.85,95828.6
8284944,-77.7064,-85.41,1137.8,22180.6
5648893,-75.2722,-73.0533,1137.38,25079.1
1928397,-69.2939,-71.9644,1137.31,34621.8
6583162,-75.2864,-73.0475,1137.25,23892.6
9828309,-75.2778,-73.0808,1137.12,20979.0
9263414,-75.1594,-72.1667,1134.22,21391.0
433221,-77.3992,-85.8633,1133.02,51111.9
1306751,-75.7617,-71.7308,1133.0,38547.1
1161438,-68.9378,-71.0856,1131.47,39781.8
650511,-75.36,-72.7683,1128.77,46219.5
6565002,-69.5075,-71.4483,1128.56,23911.2
5620324,-77.2619,-86.07,1128.0,25117.1
4412896,-69.0647,-71.2239,1125.83,27089.3
5835946,-69.8708,-71.325,1120.32,24823.7
633795,-75.3903,-72.5717,1119.55,46524.5
445334,-69.4175,-71.2017,1119.34,50774.2
2542806,-75.7958,-71.6167,1117.68,31969.7
6876745,-69.5242,-71.3533,1117.04,23559.6
9573111,-69.5856,-71.0022,1116.41,21160.4
4526857,-69.3042,-71.7061,1115.28,26876.8
9828308,-75.7817,-71.625,1114.99,20979.0
1297941,-69.3939,-71.1594,1114.84,38616.5
8211912,-69.7328,-71.3528,1114.53,22243.7
7892018,-75.3917,-72.5467,1114.01,22534.0
3292891,-75.7906,-71.4708,1111.26,29615.1
4668397,-69.1525,-71.4761,1110.74,26619.5
4637106,-69.4358,-71.1778,1110.37,26674.5
398428,-69.3081,-71.2694,1108.19,52161.9
10443494,-69.0694,-71.2161,1107.88,20564.9
2429048,-69.945,-71.3744,1104.5,32401.2
1127038,-77.4417,-85.8517,1104.47,40100.8
6018526,-69.1683,-71.5989,1101.46,24583.9
663608,-70.0344,-71.3342,1101.03,45987.4
2732864,-69.1467,-71.7283,1101.01,31299.0
2813464,-75.2936,-73.2058,1100.76,31033.2
4841632,-77.665,-85.4675,1098.74,26318.6
5615255,-74.2342,-76.6158,1098.06,25124.8
8099793,-69.1611,-71.4411,1095.55,22343.7
4435524,-68.9089,-71.0556,1093.85,27044.5
338992,-69.5817,-71.0467,1092.68,54202.1
4500708,-74.6742,-76.7817,1092.49,26924.1
6946070,-69.0175,-71.0161,1091.31,23483.7
6320248,-74.2311,-76.6258,1091.17,24205.2
4762486,-69.6081,-71.4283,1088.99,26453.9
1165788,-77.3217,-85.9942,1088.65,39741.8
9589170,-75.8322,-71.3233,1085.61,21148.4
284247,-75.8469,-72.465,1084.7,56506.3
7377159,-69.2708,-71.3539,1082.13,23031.8
3135399,-69.875,-71.3322,1080.65,30052.8
1600280,-69.2867,-71.2583,1077.44,36473.2
127540,-69.7192,-71.41,1076.96,67488.8
2710414,-69.7117,-71.4189,1076.65,31376.3
5697834,-69.5536,-72.6772,1076.07,25007.8
1931499,-74.6897,-77.03,1074.19,34605.2
4247034,-74.215,-76.5225,1072.35,27409.6
3359069,-75.3211,-72.5175,1070.93,29436.0
8272477,-78.7,-84.2633,1068.09,22192.1
1833042,-69.6631,-71.0533,1067.25,35118.7
6253200,-75.3772,-72.4317,1064.4,24286.6
3732288,-69.4567,-71.5728,1063.85,28512.4
4935900,-75.3808,-72.6092,1062.1,26160.8
8401058,-69.7331,-71.4233,1060.42,22079.9
5029603,-78.4053,-84.2383,1059.67,26006.9
1495392,-69.535,-71.3328,1058.43,37161.9
1849795,-68.9306,-71.1139,1057.01,35029.7
601538,-74.1567,-76.3383,1055.01,47140.8
6389508,-69.1142,-71.8283,1054.85,24120.8
4654125,-75.315,-72.3992,1052.85,26645.8
3821285,-75.3031,-73.2867,1052.61,28308.4
10819854,-69.0636,-71.1828,1052.39,20321.9
3828019,-69.4889,-71.0511,1051.37,28292.6
238079,-78.51,-83.9258,1050.98,58844.9
7043640,-78.45,-84.1142,1049.56,23377.7
149311,-69.9475,-71.2539,1048.96,65250.1
6485537,-69.2103,-71.8078,1048.67,24004.3
3430221,-69.4403,-71.1922,1045.93,29251.4
97691,-69.6156,-71.6094,1043.87,71332.9
3282735,-69.6492,-71.0189,1041.95,29640.9
754516,-75.4883,-71.7475,1041.41,44516.1
1618548,-70.0283,-71.3492,1040.38,36357.7
536081,-69.8094,-71.3461,1039.01,48507.6
9055770,-69.6169,-71.4494,1038.08,21548.3
37619,-71.5692,-73.1742,1036.58,85802.8
1118136,-69.1397,-71.4889,1036.27,40188.1
3407562,-69.6203,-71.5867,1035.71,29310.2
378280,-75.4669,-72.7525,1034.85,52808.9
1020440,-69.3144,-71.6706,1034.27,41173.2
397414,-75.72,-71.7242,1033.0,52193.6
3929474,-69.8067,-71.3333,1032.4,28071.0
2955875,-75.3842,-72.5925,1031.44,30584.5
1194219,-77.8636,-85.3267,1030.19,39487.6
4575720,-69.0764,-71.2856,1029.7,26786.5
6725086,-76.7783,-83.14,1029.56,23729.3
1276438,-69.7083,-71.3422,1029.55,38790.9
649934,-69.1228,-71.8439,1029.44,46230.6
9537533,-77.4428,-85.8958,1028.56,21187.5
10889202,-76.2742,-94.855,1027.58,20281.1
745575,-74.035,-77.49,1025.3,44649.0
2620851,-69.7022,-71.4267,1024.2,31687.4
7859043,-69.0094,-71.0472,1021.96,22562.2
987972,-75.51,-71.7425,1019.63,41524.5
1008014,-68.8047,-90.6511,1019.31,41306.1
1009444,-69.2875,-71.5533,1019.29,41292.2
437450,-74.9392,-75.9608,1019.21,50990.8
4878136,-78.3978,-84.1592,1018.59,26258.1
2888872,-69.2828,-71.4767,1017.03,30790.0
6969951,-69.2894,-71.3217,1012.35,23456.6
5951342,-69.8944,-71.3672,1010.64,24671.8
9635742,-69.155,-71.6078,1010.01,21118.2
7835361,-69.0708,-71.2922,1007.68,22584.8
932358,-74.0622,-77.3467,1005.9,42158.0
157100,-69.6672,-71.5011,1004.71,64539.4
194799,-69.1475,-71.8817,1003.94,61565.6
3106476,-75.4453,-71.5675,1002.99,30137.5
62160,-69.1425,-72.0206,1002.64,78113.0
706640,-75.7344,-71.71,1002.57,45262.6
1904917,-75.8544,-72.4358,1002.1,34743.0
6741033,-69.7489,-71.3633,999.72,23710.5
123201,-69.5594,-72.5433,999.65,67970.4
4320675,-69.2881,-71.4583,999.09,27265.1
4327665,-69.9503,-71.2656,995.61,27251.1
2627424,-69.4792,-71.3967,993.4,31663.3
1902761,-69.3103,-71.3039,993.06,34754.0
8830572,-69.5417,-72.7422,990.1,21725.0
1713997,-69.6606,-71.0778,990.09,35783.7
798530,-74.9247,-75.9925,989.98,43877.5
5319890,-69.5575,-72.5311,988.68,25552.2
2339216,-75.5069,-71.7025,988.39,32757.1
85786,-74.8019,-99.2358,981.63,73252.3
531949,-69.1572,-72.0039,976.43,48599.5
4405461,-69.0506,-71.2489,974.99,27101.0
1857793,-69.9475,-71.4139,974.72,34986.1
1495131,-69.2139,-71.9561,974.09,37163.7
918710,-75.3694,-73.5625,972.71,42317.9
942109,-69.6911,-71.43,972.43,42041.4
1404191,-75.7408,-71.6675,971.94,37804.4
1233807,-69.3247,-71.4772,970.48,39147.4
844789,-75.4144,-72.6925,969.86,43250.1
5685369,-69.0553,-71.2417,969.53,25025.7
6451250,-75.4192,-72.6525,967.22,24046.7
1846003,-69.5164,-71.0811,964.52,35047.9
8375324,-69.2733,-71.365,964.42,22102.9
6277786,-74.1008,-77.4908,964.11,24255.1
2999911,-76.1014,-72.2367,961.22,30450.9
4255781,-75.4764,-72.8158,958.57,27391.0
6387270,-69.3119,-71.2378,958.51,24123.4
2411690,-75.5556,-71.1267,957.93,32469.9
35908,-68.8231,-90.5917,955.39,86547.3
3734095,-75.8594,-72.45,954.99,28508.0
9476543,-69.4256,-71.2306,953.03,21229.6
8684575,-75.5167,-71.7875,952.55,21844.9
57014,-69.5111,-72.5317,952.46,79406.5
7594083,-69.2967,-71.4472,951.5,22815.0
1132020,-75.4422,-72.6983,944.77,40054.7
893787,-69.3264,-71.4317,942.4,42625.4
5731106,-74.9239,-76.0117,941.0,24964.5
4283770,-69.4814,-71.3361,937.75,27337.4
10089520,-69.3067,-71.3128,937.2,20799.1
4511803,-69.3306,-71.4578,936.36,26902.8
755063,-69.3517,-71.4622,935.62,44507.5
1592510,-69.4875,-71.2189,935.26,36522.1
1799699,-75.4003,-73.07,931.02,35299.7
604268,-69.6628,-71.1117,930.65,47086.7
9510094,-69.2778,-71.7917,930.38,21208.6
6059416,-75.75,-71.6708,930.13,24532.0
221743,-70.0433,-71.3475,927.68,59798.6
1402829,-69.625,-71.0839,924.28,37812.9
10781626,-69.4542,-71.5267,924.02,20346.9
1261852,-69.6794,-71.4111,923.04,38912.3
3897144,-69.3189,-71.2956,922.66,28141.3
392359,-75.4514,-73.2667,920.99,52353.3
2522504,-75.4075,-73.1233,920.27,32045.3
5890303,-77.5456,-85.5858,919.6,24751.8
6921452,-75.4033,-73.1133,918.43,23508.2
1487240,-70.0069,-71.3733,918.07,37216.8
8779029,-75.3969,-73.0933,915.62,21768.9
864294,-69.3306,-71.3056,914.37,42996.0
3839967,-75.3708,-73.3325,914.04,28267.8
11038885,-69.6672,-71.1078,912.9,20189.7
104033,-69.8717,-71.2328,912.27,70415.1
1595183,-69.7983,-71.3122,909.76,36504.6
4634567,-69.4603,-71.1794,909.17,26679.3
3887873,-74.9192,-76.0317,907.43,28159.4
5169890,-69.8964,-71.2844,902.15,25783.0
4305734,-74.8814,-98.0867,901.88,27295.5
274502,-69.7286,-71.0928,898.45,56965.6
1973465,-75.7375,-71.9342,897.05,34394.7
4984567,-69.5336,-72.7561,896.96,26080.3
424280,-69.6878,-71.5244,895.62,51375.5
780394,-73.9239,-100.1892,894.94,44135.2
8127611,-69.3817,-71.155,892.23,22318.1
2085070,-69.5442,-71.2267,892.16,33858.9
8575304,-69.5531,-72.6122,891.61,21935.1
4811363,-75.5153,-71.6175,890.7,26369.4
2104202,-77.3936,-85.5775,890.52,33770.3
3419790,-69.6314,-71.0789,888.29,29279.7
4416455,-69.3408,-71.4556,885.09,27082.2
2246279,-69.2975,-71.8522,884.98,33141.9
11276731,-75.3683,-72.7658,884.78,20044.1
304486,-69.6969,-71.5306,884.42,55602.7
590484,-69.4119,-71.2844,882.22,47359.2
6759143,-69.725,-71.0806,880.73,23689.0
8513807,-77.3814,-85.9717,880.56,21984.4
3464984,-74.0572,-77.2208,879.74,29164.2
1148612,-75.4347,-73.2642,878.96,39900.1
10753283,-69.4811,-71.225,876.54,20365.7
6391506,-78.5217,-84.3558,876.1,24118.2
1213371,-73.7353,-80.4242,874.45,39321.1
9929953,-75.8486,-72.3575,873.7,20909.0
281630,-77.8994,-82.6317,873.41,56628.0
5722240,-75.5711,-71.1442,873.4,24977.2
491639,-69.7139,-71.0733,867.17,49553.7
2089338,-78.3081,-84.5117,863.98,33840.1
3224251,-69.9978,-71.3933,861.76,29801.6
2839421,-69.7042,-71.075,860.39,30949.0
10962268,-69.4883,-71.2333,860.0,20233.9
388749,-69.4456,-71.3639,859.85,52467.6
2620309,-69.5797,-71.2744,859.59,31689.4
2340606,-69.1464,-71.8433,855.89,32751.3
4694733,-69.3231,-71.3083,852.34,26574.0
6658972,-69.5461,-71.2156,847.02,23804.4
6052649,-77.4386,-85.51,845.52,24537.2
1770357,-73.9992,-99.9983,843.88,35461.8
4317214,-69.6517,-71.5144,841.2,27272.1
91958,-69.7914,-71.54,835.13,72210.8
1038374,-69.4,-71.2489,834.03,40987.1
3546273,-69.5906,-71.265,833.72,28960.3
4475590,-74.5431,-98.3317,833.29,26969.1
7308290,-69.8789,-71.2422,832.45,23100.8
3037774,-69.3158,-71.57,832.44,30337.7
199083,-74.5494,-99.1325,831.61,61264.7
250583,-71.6483,-73.18,830.6,58169.7
8063315,-73.4383,-94.0683,829.96,22377.9
101530,-71.6594,-73.8183,824.83,70772.5
11276779,-69.4139,-71.27,824.34,20044.1
15210,-72.2389,-99.0633,819.58,100062.5
1069853,-72.1922,-99.0133,818.08,40660.9
398858,-72.1603,-99.295,817.97,52148.4
4701156,-68.9211,-71.1467,816.45,26562.0
11033919,-69.1275,-71.6122,815.6,20192.9
6694673,-69.4478,-71.3522,813.68,23761.5
10648373,-75.8711,-95.0017,813.3,20431.3
4001773,-69.5672,-72.4983,813.05,27914.0
328228,-71.4928,-72.99,811.32,54622.4
5375067,-75.4289,-73.6908,809.79,25469.8
839658,-69.935,-71.2439,809.7,43316.3
6112052,-73.4256,-93.4842,809.61,24461.8
1372638,-69.6869,-71.0633,807.51,38038.0
529649,-72.3453,-97.7675,807.33,48651.9
6556205,-75.4094,-73.6875,805.44,23921.9
5263026,-69.4072,-71.2906,802.77,25639.3
904736,-69.4342,-71.37,802.73,42489.2
6234291,-69.5689,-72.49,802.04,24307.6
6708164,-75.4333,-72.5933,798.82,23745.5
4125307,-69.7225,-71.0672,797.87,27657.2
2441308,-78.5253,-83.8283,797.67,32354.0
1117675,-69.8872,-71.4144,797.55,40192.9
90586,-68.8342,-90.5517,796.15,72436.3
5780341,-69.3344,-71.6717,794.06,24898.0
643499,-73.2344,-98.75,794.01,46347.6
3350342,-69.5044,-72.5728,794.0,29459.8
5211915,-69.4392,-71.3567,792.45,25718.7
1681148,-69.4539,-71.4261,792.3,35975.5
601607,-68.82,-90.5956,789.57,47139.5
2603459,-69.3425,-71.3128,789.48,31749.7
840777,-74.8236,-98.8783,789.41,43303.1
5110981,-69.555,-72.5611,789.2,25876.8
156217,-73.5142,-77.7767,788.83,64614.3
165223,-72.1308,-100.52,788.45,63823.6
10470550,-69.3311,-71.6756,788.44,20546.3
1089565,-72.2433,-98.4892,788.14,40464.6
1259087,-68.8044,-90.6028,787.58,38933.6
220594,-69.3244,-71.9117,787.15,59872.0
804739,-68.7936,-90.65,784.35,43790.3
6142318,-69.6706,-71.1222,782.27,24425.3
1193517,-69.3075,-71.8317,780.79,39494.1
734369,-73.3775,-79.5558,780.56,44819.9
2914739,-69.3119,-71.8394,780.47,30711.3
5358697,-69.8889,-71.275,778.07,25494.8
332211,-74.8711,-99.4858,778.04,54469.4
2875652,-69.6683,-71.4006,777.77,30833.5
525030,-68.8389,-90.6733,777.34,48760.5
7038876,-69.6931,-71.0761,777.07,23383.2
1391137,-69.9594,-71.4433,776.67,37900.4
1118445,-68.8208,-90.5917,776.22,40185.0
42159,-69.4078,-71.645,775.89,84054.1
2426166,-68.8297,-90.675,772.78,32413.0
202919,-71.3775,-73.2367,772.42,61011.5
422105,-71.64,-73.695,772.38,51438.7
6224292,-73.9611,-100.5167,767.29,24320.7
3288963,-69.3581,-71.4456,766.62,29625.8
1284593,-68.8292,-90.6861,763.11,38723.5
513802,-69.5194,-71.6472,762.88,49022.4
1290040,-72.2528,-98.275,762.22,38679.1
761365,-69.7744,-71.3261,760.7,44415.8
1227885,-73.4375,-79.3758,755.51,39197.8
617352,-69.6008,-71.6711,751.46,46833.0
9113967,-69.6794,-71.5267,750.31,21500.9
1698239,-72.38,-96.365,748.95,35874.4
683209,-69.2069,-71.9978,745.75,45650.9
7723463,-72.1269,-100.5558,745.54,22691.8
726900,-69.3478,-71.6717,741.37,44937.7
2165219,-69.6036,-71.6567,740.82,33493.8
2297182,-69.4283,-71.3789,739.35,32927.8
1864921,-72.1911,-99.5933,737.99,34949.6
1965055,-68.8208,-90.5744,737.8,34435.4
9110276,-77.6917,-85.3592,734.37,21503.9
9692246,-73.435,-94.0575,733.62,21076.0
10488722,-69.5508,-72.5756,728.69,20533.9
6972343,-72.3761,-96.9808,727.41,23453.9
21080,-70.3408,-71.5642,727.37,94922.1
325507,-71.5592,-74.1,727.28,54731.9
225119,-69.815,-71.0228,721.54,59591.5
2928190,-78.535,-83.7917,719.62,30667.7
37860,-69.6536,-72.0883,719.59,85699.5
2248906,-72.1108,-100.6475,717.26,33130.4
465535,-72.1517,-98.8917,716.62,50231.7
3385574,-72.31,-97.4083,714.95,29366.6
5720480,-72.2156,-98.94,711.65,24979.8
6791694,-69.8819,-71.4267,711.09,23651.4
8184194,-72.2386,-98.4908,709.97,22269.5
4479272,-69.7047,-71.515,704.4,26962.0
5371874,-72.2369,-98.5017,702.61,25474.8
85720,-73.1439,-102.3883,702.39,73264.5
7553188,-69.3375,-71.4111,700.85,22856.8
10957287,-72.2167,-98.9242,699.35,20237.0
614801,-69.7514,-71.1289,695.76,46882.0
4211019,-72.0711,-100.9333,693.16,27481.6
117689,-69.5692,-72.8333,687.84,68635.5
770505,-69.3267,-71.88,686.93,44279.3
6367652,-69.5706,-71.595,686.88,24144.6
2465863,-69.3186,-71.8928,686.62,32261.3
9791851,-74.2075,-100.0083,683.99,21006.3
428882,-69.3344,-71.9339,683.81,51238.9
4043594,-78.5578,-84.4083,680.02,27824.8
5165268,-71.6356,-73.6783,679.99,25790.5
5046164,-69.3203,-71.8828,679.66,25982.4
11789970,-71.5606,-74.0883,677.41,19749.5
3666162,-68.8425,-90.6706,675.77,28668.4
1814764,-69.3008,-72.0056,674.89,35216.6
147062,-69.5886,-72.3606,670.65,65469.5
5454367,-72.15,-100.5933,669.65,25354.5
800278,-69.4294,-71.4378,668.86,43852.8
2126610,-71.6019,-72.6342,668.52,33668.3
2290950,-69.6078,-71.6417,667.51,32954.9
3130401,-73.1603,-101.1017,666.75,30067.7
207449,-73.5286,-77.2442,663.4,60709.0
2757990,-72.1781,-99.9383,663.24,31215.4
5966463,-72.1825,-99.9358,662.17,24651.2
3497550,-69.5056,-72.6117,659.72,29081.0
546093,-69.7711,-71.4528,657.96,48286.5
11645172,-69.2139,-72.0156,654.96,19830.0
2417004,-69.3706,-71.4622,654.44,32448.4
532936,-68.7972,-90.6444,653.66,48577.2
3389045,-69.4358,-71.4311,653.55,29360.1
597907,-69.5808,-72.4394,653.31,47213.7
34420,-72.905,-90.9908,652.57,87179.5
11707318,-72.1453,-100.5975,651.26,19797.8
34073,-73.25,-75.33,650.7,87331.4
129826,-69.6514,-72.0372,648.56,67241.9
10414663,-74.3978,-99.1625,648.06,20580.4
9490468,-69.4506,-71.4467,647.74,21223.6
7636633,-69.58,-72.4256,646.86,22775.8
9012565,-75.5253,-103.8942,645.77,21583.7
870103,-69.5578,-72.8633,643.75,42921.8
5310351,-69.865,-71.2928,640.11,25567.2
2825022,-72.0511,-101.5533,639.36,30994.2
5417661,-69.3661,-71.4656,638.93,25407.2
572031,-73.7742,-102.185,637.66,47738.4
2919309,-72.8608,-102.8875,636.59,30696.8
6224312,-69.1522,-72.0639,636.25,24320.7
3979783,-72.1133,-100.4792,635.21,27959.6
4464715,-72.2375,-98.2567,634.9,26990.3
1267191,-72.7244,-91.1617,632.74,38868.1
706985,-69.3589,-71.5556,628.77,45257.0
1637353,-68.8886,-90.63,628.39,36240.1
5805636,-74.9056,-98.7558,628.03,24862.2
5196411,-69.2983,-72.0122,627.96,25743.5
7184326,-69.4392,-71.4244,627.18,23230.1
7184301,-72.0642,-101.5567,626.1,23230.1
696843,-78.5458,-83.7733,624.7,45422.8
1065367,-72.1369,-98.9,620.46,40707.9
5616927,-74.4617,-99.0825,619.87,25122.2
136287,-69.65,-72.3144,616.66,66559.1
1426820,-69.3397,-71.8744,616.04,37640.6
5000767,-69.6514,-72.325,615.66,26055.9
74984,-69.6439,-72.1472,612.86,75293.1
1865929,-70.3428,-71.5433,611.18,34944.2
1445039,-69.7769,-71.4617,609.53,37510.1
7026718,-69.6497,-72.3072,608.58,23396.8
5583658,-73.8706,-99.8275,607.51,25167.8
645589,-69.3369,-71.7711,602.77,46309.0
353727,-71.4847,-73.38,602.12,53659.8
8631980,-69.2192,-72.0283,601.07,21885.7
11338492,-69.7869,-71.5156,594.36,20005.9
4006941,-69.9642,-71.2461,594.01,27902.6
175241,-69.64,-72.2228,593.58,63021.0
4083773,-69.73,-71.0556,593.06,27740.0
6285865,-74.015,-77.48,592.59,24244.6
7303144,-72.1753,-100.03,591.76,23106.3
879065,-69.8947,-71.19,591.25,42810.3
604778,-71.8731,-74.5608,586.41,47075.9
6893017,-70.0092,-71.3333,586.0,23540.7
10072659,-78.5392,-83.8942,585.11,20811.3
43774,-72.58,-94.7217,583.93,83485.2
154344,-69.6839,-71.9922,580.91,64787.6
10772254,-69.5561,-72.49,579.21,20353.2
10081263,-69.5547,-72.4828,578.34,20805.2
3781160,-71.4508,-73.2617,578.21,28400.5
1672315,-69.3731,-71.5244,576.78,36028.6
77724,-71.9292,-97.7292,575.55,74739.3
1043822,-73.35,-78.9125,574.51,40931.1
3135390,-75.4917,-99.1667,572.93,30052.8
527740,-74.7867,-99.7908,572.25,48697.7
1712204,-71.5036,-72.2908,571.08,35794.4
4554121,-72.1403,-98.9033,565.54,26824.6
469294,-69.6106,-72.4178,563.49,50130.2
6186506,-72.3181,-96.065,563.22,24370.4
5110980,-69.7858,-71.5022,562.46,25876.8
5416093,-69.9031,-71.1967,561.45,25409.7
3255651,-71.485,-73.3558,560.28,29713.9
4119462,-69.6569,-72.3406,558.95,27666.4
206808,-73.5875,-76.7883,558.34,60752.0
41502,-69.9961,-75.1256,557.7,84299.3
387995,-73.0361,-88.9008,557.65,52491.8
4784444,-72.1461,-98.8992,555.12,26417.7
10298646,-69.5717,-72.8239,553.83,20660.8
2620852,-69.1217,-72.0583,553.42,31687.4
5269287,-72.1319,-99.3133,552.53,25629.4
6679099,-69.7436,-71.1278,552.13,23780.3
4452691,-71.5483,-72.4525,550.99,27013.9
1075854,-69.6125,-72.3761,550.86,40599.8
1753131,-69.8817,-71.1911,550.86,35558.7
1693002,-72.5275,-97.9892,550.45,35906.3
49378,-72.6906,-78.0258,549.78,81632.3
11596724,-69.5694,-71.62,549.41,19858.9
3968782,-72.3889,-95.8133,549.28,27984.7
7720707,-72.5939,-94.8917,549.25,22694.6
5949508,-69.3614,-71.5644,547.87,24674.4
5783977,-71.5433,-72.4608,545.83,24892.9
1394085,-77.805,-74.8958,543.98,37876.8
1252013,-69.8311,-71.0089,540.3,38992.4
6864198,-69.7958,-71.5267,539.42,23570.4
2531048,-73.0419,-74.7025,535.79,32015.5
8782432,-69.8069,-71.4244,532.35,21766.0
2538716,-72.5136,-71.2008,527.08,31985.6
1978529,-69.6381,-72.2394,527.01,34368.7
7387488,-69.3292,-71.7178,522.83,23020.7
4879539,-69.5153,-72.4839,522.66,26255.6
7219639,-72.6192,-95.0892,520.49,23191.6
3276407,-72.8425,-88.7675,520.09,29658.1
5110982,-69.5206,-72.4661,518.97,25876.8
2161883,-69.8264,-71.025,518.53,33507.1
4743462,-72.4311,-72.6025,518.32,26487.6
4183089,-70.0025,-71.3142,517.98,27537.1
5162221,-75.4639,-98.4808,517.18,25795.4
2062065,-74.3761,-100.815,514.86,33966.0
6734223,-72.51,-72.0792,513.93,23718.6
778245,-71.9733,-96.5833,510.72,44165.5
117049,-68.8164,-90.6917,508.35,68715.2
4351112,-72.0344,-96.7883,507.84,27206.6
5750633,-72.1525,-101.1992,506.38,24936.4
58356,-70.8711,-74.7892,505.47,79055.9
7133201,-69.375,-71.5322,503.91,23282.1
2987740,-74.8614,-99.7808,500.15,30486.4
7569395,-73.5853,-76.8017,498.28,22840.1
1259524,-69.3578,-71.7467,490.83,38930.3
4650333,-69.6142,-72.3922,490.39,26653.0
6589705,-72.0078,-101.6883,490.03,23884.6
384794,-69.7439,-75.1628,487.88,52594.9
1229610,-72.9611,-78.875,486.92,39183.1
5368601,-70.9558,-75.72,485.84,25479.8
7036401,-72.5306,-96.1483,484.78,23385.9
3928537,-70.7503,-74.1158,483.81,28073.3
1920986,-69.6008,-72.455,479.58,34658.6
1890019,-71.1853,-72.3767,478.85,34818.1
900695,-71.9147,-98.68,473.57,42538.6
1287496,-69.6447,-72.1761,473.36,38700.5
128200,-69.235,-72.1167,473.1,67417.0
11613071,-69.6025,-72.4428,471.48,19849.2
6603005,-69.6053,-72.4294,470.39,23868.6
4236750,-69.6764,-72.0017,469.24,27430.5
4128713,-72.9319,-75.18,465.01,27650.3
721423,-72.1761,-95.9042,463.49,45025.5
288504,-69.2431,-72.11,462.02,56306.4
88281,-72.6767,-99.535,459.82,72824.0
1120014,-69.5217,-72.4411,456.8,40169.1
2194602,-75.1744,-103.1633,455.87,33364.2
417692,-69.2206,-72.0761,455.82,51568.6
3524653,-68.8214,-90.555,454.7,29013.0
10230724,-68.8531,-90.4578,451.84,20703.9
10054804,-69.1244,-72.0889,448.34,20823.5
3556511,-69.5708,-72.7294,439.25,28933.9
7528096,-69.3469,-71.7567,436.98,22881.9
8785896,-72.0444,-98.44,435.06,21763.1
8802908,-73.8458,-83.8983,432.66,21748.4
3518755,-69.3503,-71.7811,429.39,29028.4
7847435,-69.6442,-72.2133,426.76,22573.5
250363,-69.7658,-75.3772,423.89,58180.7
5554887,-69.6411,-72.1261,422.06,25210.8
843025,-69.6344,-72.3922,421.36,43272.2
5796740,-69.1242,-72.1122,418.99,24875.0
882052,-70.2983,-71.4417,416.61,42771.6
3043275,-69.1303,-72.1306,413.39,30320.9
4471955,-72.5386,-97.9667,412.86,26976.1
127925,-72.9897,-89.7283,412.55,67449.1
7558522,-69.6547,-72.0106,411.52,22851.2
90877,-69.3958,-71.8483,411.3,72394.1
1114325,-69.6867,-72.0556,404.02,40224.6
968235,-69.2153,-72.0678,401.58,41746.4
1282631,-70.3192,-71.4833,401.31,38740.0
6346751,-72.2075,-96.0142,400.72,24170.9
125640,-73.2172,-71.9358,400.15,67698.9
1895541,-72.0161,-102.0008,399.67,34790.7
1264084,-69.3581,-71.6928,396.79,38892.6
4401952,-69.9675,-71.2322,389.99,27108.1
9954931,-75.5033,-100.6433,389.05,20890.8
4589679,-69.6844,-72.0378,387.93,26760.4
128086,-73.2367,-78.0033,385.09,67431.1
2813465,-72.1686,-71.3975,381.85,31033.2
7358643,-72.5911,-95.105,381.1,23051.1
11158307,-72.12,-98.9217,378.51,20113.9
8190234,-69.6806,-71.5567,377.54,22263.8
8196365,-72.4258,-78.9292,377.43,22258.0
2717770,-69.2267,-72.1356,373.29,31349.8
5321465,-69.6428,-72.3722,368.0,25549.7
7715048,-69.3439,-71.9183,364.61,22700.2
531482,-71.8317,-98.315,363.5,48610.0
5382190,-72.2653,-96.4983,362.66,25462.3
2127808,-71.7089,-72.69,360.21,33662.6
1685201,-69.6322,-71.6911,356.77,35952.4
7812378,-73.8033,-83.8242,346.84,22607.4
692049,-73.0525,-90.1508,346.04,45502.7
3368982,-72.0144,-97.6633,342.97,29412.1
4670984,-69.6272,-71.6672,336.68,26614.7
11108425,-69.7389,-75.13,333.79,20145.5
4712930,-69.7622,-75.3917,332.55,26540.4
223110,-73.2594,-73.84,327.18,59712.2
10863178,-71.9275,-98.2058,322.93,20293.6
2497309,-72.0081,-102.0267,320.25,32140.6
2043616,-71.8958,-100.1983,308.61,34054.0
10767498,-73.6358,-84.7917,299.72,20356.3
2698443,-74.5889,-99.4575,297.39,31416.8
1360565,-73.1422,-73.7267,297.26,38130.0
9529706,-73.2942,-73.9525,296.71,21193.5
1426360,-69.7539,-75.2433,295.22,37644.0
11178233,-73.3736,-87.8575,293.96,20101.2
10858363,-76.0156,-76.9275,286.38,20296.8
11845071,-76.1297,-76.4817,283.34,19717.2
9095911,-73.2311,-71.955,283.17,21515.7
740033,-74.8558,-100.4183,280.33,44734.5
8057259,-74.4431,-100.0325,272.65,22383.6
4592193,-69.5358,-72.3383,271.31,26755.6
1246773,-69.1164,-72.1578,270.22,39036.5
5411173,-70.2897,-71.4175,260.17,25417.2
6156041,-69.3919,-71.8567,259.69,24407.0
4095929,-69.7575,-75.2622,257.86,27717.0
11397871,-69.5383,-72.3406,256.07,19974.0
407867,-72.5831,-93.2575,253.21,51867.9
405588,-72.8711,-93.9517,252.85,51936.7
7903673,-70.6639,-71.1117,250.66,22522.7
10479676,-73.7319,-83.9067,249.9,20540.1
1471844,-68.8628,-90.475,248.16,37322.7
7468009,-69.6897,-72.0717,246.4,22940.3
10657770,-75.2181,-103.905,241.12,20425.0
6130430,-73.6308,-84.5475,234.03,24440.9
1437811,-69.5997,-71.7222,230.15,37561.0
539796,-73.1892,-71.7392,222.92,48426.1
1688335,-69.5361,-72.3206,218.52,35932.9
10461491,-73.8742,-77.235,211.92,20552.5
626906,-74.4917,-102.3542,198.27,46651.7
620558,-72.69,-97.9125,198.08,46770.4
8297624,-72.5992,-93.3417,195.6,22169.1
795172,-73.1119,-90.31,195.07,43925.4
7350839,-73.2364,-87.7833,190.28,23059.4
7585776,-75.1544,-102.2242,182.73,22823.3
812524,-72.5528,-93.0833,181.71,43682.5
619479,-69.5356,-72.19,171.84,46793.5
630453,-74.17,-103.5858,170.33,46587.5
10347132,-70.295,-71.7467,159.7,20626.8
11356293,-73.2503,-88.24,158.77,19999.5
6991434,-71.8967,-100.6942,155.23,23432.1
10558328,-73.7197,-83.4925,154.39,20487.3
828167,-74.1233,-103.3,148.3,43470.5
9285794,-73.6839,-74.3342,146.2,21373.1
7987013,-71.9258,-99.9908,141.12,22446.2
7868863,-72.3753,-71.7133,127.38,22556.6
1113046,-73.1561,-71.7925,127.06,40237.2
1180319,-74.14,-103.6675,123.14,39611.7
2617063,-73.2244,-71.615,121.75,31701.5
4385580,-73.1453,-96.2592,119.82,27141.0
8284946,-73.7617,-82.7617,115.77,22180.6
8635326,-73.4789,-85.315,115.08,21882.8
2394234,-72.2097,-95.5425,114.06,32538.5
5315048,-73.1375,-96.1283,112.67,25559.7
2864158,-72.8956,-90.3133,110.43,30868.6
2783118,-73.2358,-71.5067,110.22,31131.6
3544544,-73.0258,-97.6442,110.18,28964.7
7331494,-73.6678,-74.4925,107.83,23076.0
5508437,-74.7125,-100.3075,106.03,25276.4
7984047,-75.1286,-101.935,104.87,22449.0
11773301,-70.9808,-71.0617,102.33,19759.1
3162663,-70.9528,-71.1242,102.03,29974.3
1680290,-74.1236,-103.4483,101.6,35980.8
1693869,-74.4678,-102.3492,101.15,35901.0
1747938,-74.4369,-102.5125,99.39,35587.3
1761757,-72.7083,-103.4342,98.96,35510.2
10610951,-74.7061,-100.025,98.07,20456.2
4148027,-73.1619,-85.8783,97.09,27608.8
6914334,-73.2097,-94.0442,97.07,23516.3
7308267,-73.2358,-71.5975,96.72,23100.8
5391743,-73.0378,-97.1608,96.22,25447.3
6028104,-73.3917,-73.8075,95.84,24570.9
7533442,-74.7125,-100.9942,95.72,22876.3
2918047,-71.0325,-72.525,94.29,30700.9
7924115,-75.1539,-101.9967,94.07,22502.9
1943591,-69.5231,-72.2767,93.64,34542.6
1945728,-73.1483,-71.815,93.58,34531.5
7726266,-73.1919,-96.7275,93.2,22689.0
8910468,-73.18,-96.9242,92.74,21663.3
7972366,-72.9536,-86.4883,91.71,22460.4
7680946,-73.0656,-91.9617,91.45,22731.0
8866224,-73.1525,-95.8367,91.12,21695.6
9635705,-73.1492,-95.9808,90.65,21118.2
7932879,-73.5458,-74.1525,90.62,22494.4
2079492,-74.3903,-102.6508,90.11,33885.2
6741013,-73.0697,-97.7508,90.1,23710.5
8391370,-73.07,-97.6717,89.55,22088.5
5637472,-73.6606,-101.3358,89.13,25091.8
11103388,-73.68,-81.0683,88.75,20148.7
5857898,-73.2956,-73.4408,88.44,24792.9
7446815,-73.0986,-92.335,88.05,22962.5
6933300,-73.6117,-101.3825,87.63,23494.6
11423949,-73.6269,-74.2083,87.63,19958.1
3431865,-70.8636,-71.2208,87.37,29247.1
5578536,-70.9431,-71.0658,87.14,25175.4
9861448,-73.1614,-96.9225,86.82,20954.7
10748546,-73.1892,-94.3083,86.35,20368.8
5375068,-73.1667,-73.4833,85.76,25469.8
6909561,-72.9908,-87.4242,85.73,23521.7
7558495,-74.6333,-101.5567,85.41,22851.2
8397827,-73.36,-100.5092,85.24,22082.7
5923801,-71.3514,-72.7617,85.24,24705.4
10378303,-73.0414,-91.94,85.19,20605.2
11508232,-73.1628,-92.7875,84.34,19906.9
11286933,-73.0364,-87.4083,83.88,20037.7
9208704,-73.1578,-95.71,83.36,21429.7
9476508,-73.0553,-97.6917,83.01,21229.6
7690289,-73.0094,-96.4892,82.92,22725.4
7760070,-73.0808,-93.2292,82.21,22655.2
11220577,-73.005,-96.705,82.17,20079.0
11220576,-73.5383,-74.2458,81.75,20079.0
2723002,-74.1358,-103.5042,80.92,31333.6
10128356,-73.1228,-92.2725,80.88,20771.5
9464872,-73.0456,-97.6333,80.71,21238.6
10307509,-73.7006,-100.3533,80.18,20654.6
10511584,-73.7422,-82.7608,79.5,20518.4
10853663,-73.1631,-93.3617,79.0,20299.9
10889205,-73.3269,-73.3017,77.92,20281.1
7628305,-72.9517,-95.6542,77.69,22784.2
10226344,-73.1614,-87.1325,77.25,20707.0
4469485,-70.1292,-74.47,75.66,26980.9
11246135,-73.2183,-94.7125,75.62,20063.1
9227655,-72.9839,-96.0717,75.56,21414.8
10884313,-72.8189,-92.3942,74.53,20284.2
8199472,-73.0025,-71.1375,73.66,22255.2
2941502,-74.3428,-102.8258,73.62,30628.2
9716597,-75.1322,-103.65,73.14,21057.8
11817491,-72.9678,-87.21,73.01,19733.3
10762721,-73.0692,-85.8517,72.93,20359.4
6564986,-73.0603,-71.245,72.91,23911.2
11563522,-72.7247,-92.3983,72.17,19878.1
8820163,-74.9447,-101.37,71.54,21733.8
9037764,-73.1022,-85.8033,71.17,21563.1
8156272,-73.4314,-73.1175,70.56,22295.2
11558179,-72.9461,-93.2808,70.44,19881.3
8591822,-72.7058,-92.56,70.06,21920.6
7690288,-73.3758,-72.5333,70.03,22725.4
3269426,-73.1611,-71.8317,69.12,29677.4
9938281,-70.965,-71.1558,69.04,20902.9
3284959,-74.1381,-103.6383,68.92,29634.4
8332660,-75.3233,-99.8817,68.59,22137.5
10767499,-73.6169,-76.0492,68.22,20356.3
9779748,-73.3606,-73.8558,68.21,21015.4
8970845,-73.4389,-73.0925,67.92,21613.2
8945897,-74.4656,-102.125,67.15,21633.9
11650469,-73.0778,-92.38,66.15,19826.7
9541534,-70.9683,-71.1933,65.71,21184.5
10329342,-73.0492,-93.3608,65.51,20639.2
8611781,-75.3333,-99.8983,63.87,21903.1
11834047,-74.8531,-100.9792,63.7,19723.6
10781578,-71.1378,-71.8425,61.47,20346.9
7229671,-73.0261,-71.5808,59.99,23180.6
11178229,-75.3467,-100.1083,57.85,20101.2
4385579,-73.1567,-71.8542,57.81,27141.0
8977880,-73.1042,-71.6025,55.51,21607.4
9368261,-73.0831,-71.4917,55.2,21313.4
8621801,-73.0514,-71.4708,55.12,21894.4
9308716,-70.9467,-71.185,53.39,21355.2
8598506,-69.6861,-72.3478,46.94,21914.8
7874695,-69.6908,-72.3206,46.59,22550.9
6412411,-72.7106,-103.3942,45.55,24091.7
6560542,-74.515,-102.4442,44.89,23916.6
7894868,-73.375,-72.86,44.06,22531.2
7085270,-73.1528,-71.8625,42.72,23331.3
7158217,-74.5108,-102.4392,42.44,23254.7
7530759,-74.1722,-103.1525,41.08,22879.1
7821033,-73.1786,-71.9783,40.08,22598.9
8732122,-72.7031,-103.5042,37.31,21804.0
9244770,-72.7139,-103.4283,35.96,21405.9
9857419,-73.6028,-103.0292,34.47,20957.7
