20307,-72.15,23.2608,3010.24,95487.6
389461,-72.1581,23.2108,3002.84,52443.3
852144,-72.3414,24.8658,2968.12,43152.7
5174449,-72.1692,23.185,2910.46,25775.6
52539,-72.2,24.6867,2908.44,80677.7
2141101,-72.3269,24.8675,2902.57,33602.0
11677617,-72.5825,44.8392,2897.42,19810.7
354232,-72.2342,24.995,2892.64,53642.0
6551790,-72.3278,24.845,2891.86,23927.2
1295155,-72.1761,23.1658,2888.24,38637.9
447366,-72.3011,24.6475,2886.99,50719.0
8040952,-72.1544,23.25,2884.62,22395.0
8029088,-72.1561,23.2417,2868.4,22406.4
435538,-72.135,23.3567,2855.49,51047.0
2318845,-72.3292,24.8208,2854.87,32840.6
3238143,-72.3644,24.7583,2853.71,29761.0
401244,-72.3153,24.3667,2848.86,52072.6
8193290,-72.3336,24.915,2846.29,22260.9
2848526,-72.2903,24.645,2845.01,30918.1
842381,-72.2708,24.6992,2843.79,43281.0
2912817,-72.2067,24.6733,2838.25,30717.5
1718397,-72.2436,25.0033,2836.58,35757.0
254294,-72.1969,23.2008,2835.04,57973.3
8562089,-72.3558,24.8267,2827.19,21946.7
7921219,-72.3331,24.8133,2824.97,22505.7
148413,-72.2164,24.7458,2823.94,65338.9
1887352,-72.14,23.3083,2822.22,34832.8
3966773,-72.2814,24.6558,2821.61,27989.2
879190,-72.3319,24.3533,2818.22,42808.8
712792,-72.2419,24.9358,2817.34,45162.6
8410607,-72.3275,24.7883,2817.29,22071.2
273255,-72.1892,24.7433,2816.19,57023.7
6263327,-72.2739,24.6975,2812.74,24273.5
9647698,-72.2106,24.7442,2809.63,21109.2
3037767,-72.2803,25.0792,2808.75,30337.7
822626,-72.2414,24.67,2808.19,43543.7
1125777,-72.2506,24.9167,2806.52,40113.5
1186158,-72.2642,24.7325,2801.12,39560.2
206340,-72.2497,24.6158,2798.69,60782.4
10324991,-72.5683,41.7058,2795.33,20642.2
9224036,-72.2431,24.9875,2791.52,21417.8
9179058,-72.3119,24.9475,2791.15,21453.5
4937346,-72.3022,24.4067,2789.98,26158.4
2336408,-72.2528,24.7133,2789.52,32768.8
57649,-72.1381,25.1333,2785.7,79227.4
1048720,-72.1933,23.1692,2783.21,40879.7
4642,-72.0794,23.1258,2783.05,119133.9
8184195,-72.1436,23.2858,2781.79,22269.5
7754444,-72.3078,24.39,2780.52,22660.9
885131,-72.13,23.3992,2773.64,42732.9
6803973,-72.2778,25.0508,2769.29,23640.6
3087379,-72.3478,24.6175,2768.67,30192.4
335436,-72.2033,25.0008,2767.46,54339.4
62718,-72.2869,26.5283,2761.43,77971.8
815204,-72.2411,24.74,2759.29,43646.0
2375072,-72.2181,24.78,2755.6,32614.8
8233648,-72.0778,23.1467,2755.54,22223.7
1949344,-72.3022,25.565,2745.61,34514.9
13409,-72.0919,25.705,2743.44,102082.2
3672505,-72.2256,24.7958,2742.59,28652.9
99411,-72.14,25.2117,2741.02,71083.3
767203,-72.2406,25.2108,2739.18,44328.2
91513,-72.4869,27.9783,2734.48,72283.1
596537,-72.2608,25.6067,2733.66,47239.4
4475591,-72.2953,25.5217,2733.6,26969.1
1099727,-72.225,24.9458,2733.58,40365.3
1548094,-72.7106,26.9308,2731.8,36810.5
849718,-72.3275,26.1192,2731.02,43183.7
2384529,-72.2958,25.435,2727.71,32575.7
100147,-72.1228,25.0175,2724.84,70976.5
1108159,-72.2533,25.1033,2724.02,40284.7
3628032,-72.2556,24.8433,2722.71,28761.6
9724790,-72.415,26.1692,2722.49,21051.8
376081,-72.1944,25.1425,2720.96,52882.4
2960439,-72.2344,24.7458,2718.34,30569.9
1655540,-72.2714,25.6642,2715.92,36129.2
1083140,-72.0953,25.68,2715.59,40529.1
3362486,-72.6981,26.9383,2715.56,29429.5
3272561,-72.2583,25.6475,2715.38,29668.8
4853984,-72.2681,24.7467,2714.62,26296.8
3747304,-72.1039,25.6808,2712.18,28478.9
4223211,-72.2742,25.65,2712.11,27456.0
6208478,-72.1958,25.1808,2708.63,24341.7
14711,-72.1317,24.5683,2706.41,100606.1
9383799,-72.1953,25.125,2705.99,21301.5
246932,-72.2833,26.5742,2703.23,58361.1
35202,-72.1061,25.9858,2702.7,86848.6
11707317,-72.1967,25.1617,2701.83,19797.8
9950756,-72.3817,26.2908,2701.39,20893.8
3609811,-72.1511,25.1475,2700.12,28803.7
771097,-72.2206,25.0183,2694.43,44270.7
3085319,-72.3444,26.0408,2692.75,30198.8
8527118,-72.1692,23.2308,2691.93,21972.8
4893803,-72.1044,26.0125,2690.12,26231.4
284438,-72.0831,25.9183,2689.25,56497.3
3295261,-72.0947,25.65,2688.31,29608.6
4897945,-72.3353,26.02,2687.33,26224.1
647928,-72.1114,25.0833,2687.09,46267.8
57099,-72.2667,22.7633,2685.35,79382.4
634903,-72.3097,26.1275,2683.47,46505.4
5687106,-72.2803,25.2242,2682.62,25023.1
149762,-72.2003,23.07,2679.77,65209.1
975297,-72.3567,25.9667,2679.56,41667.0
2642399,-72.1897,23.1458,2676.89,31610.9
3317522,-72.3383,26.1092,2676.71,29548.3
3824068,-72.2183,24.72,2676.26,28301.6
50729,-72.245,26.5767,2676.08,81216.1
350140,-72.2478,25.7875,2674.66,53790.3
1898543,-72.1158,25.0725,2673.75,34774.2
269003,-72.2478,25.9583,2671.08,57231.2
1864258,-72.2839,25.3758,2670.76,34953.3
3341781,-72.3044,25.65,2668.43,29483.5
4019454,-72.3042,25.6317,2668.02,27875.2
680605,-72.235,25.7133,2666.8,45696.9
2055674,-72.3736,26.325,2663.55,33997.8
808159,-72.0744,25.855,2662.43,43742.2
5752391,-72.2492,25.1458,2661.23,24933.8
72186,-72.095,24.955,2660.42,75875.5
1670919,-72.0697,25.8717,2659.31,36037.4
164624,-72.2717,26.3858,2657.49,63875.5
698803,-72.1311,24.9233,2657.32,45391.9
2600198,-72.3542,26.225,2656.64,31761.7
6516368,-72.2642,25.5792,2653.24,23969.8
1296552,-72.2414,25.8225,2652.5,38626.4
4844407,-72.2678,25.1583,2651.12,26313.8
5472612,-72.1444,23.3542,2650.46,25326.8
169463,-72.1544,25.0667,2649.31,63475.3
939576,-72.2339,25.66,2642.3,42073.3
11645127,-72.3431,26.1408,2640.94,19830.0
3771885,-72.1267,24.975,2639.52,28422.9
7544473,-72.2014,25.2158,2639.19,22865.2
232806,-72.2625,26.5008,2635.87,59146.2
1128349,-72.1636,25.0225,2634.96,40089.7
6367633,-72.1136,25.7183,2634.52,24144.6
9904973,-72.2314,25.6975,2634.24,20927.3
1465809,-72.1211,25.2083,2630.68,37365.4
1179189,-72.3272,26.1442,2628.85,39619.7
7441392,-72.2303,25.6775,2626.72,22968.0
1249188,-72.1331,24.8608,2625.33,39016.9
930144,-72.3172,25.7875,2625.18,42183.7
10208771,-72.4414,26.5083,2622.15,20719.3
6338573,-72.1019,25.9517,2621.28,24181.5
4085896,-72.2806,25.6075,2621.21,27735.4
274075,-72.6056,31.3008,2616.25,56985.7
2594650,-72.2967,25.715,2614.71,31779.8
9379963,-72.2322,25.2033,2614.5,21304.5
987547,-72.3153,25.8175,2608.18,41527.6
538596,-72.2344,23.945,2605.8,48451.1
10355968,-72.2389,25.8033,2604.76,20620.6
5854235,-72.0922,25.9092,2602.79,24798.0
5329904,-72.69,26.99,2599.36,25539.7
6014695,-72.1608,24.9733,2599.29,24589.1
831172,-72.0939,25.0817,2598.89,43430.9
1386077,-72.2814,26.3892,2598.39,37937.3
8721858,-72.2942,25.6825,2598.16,21812.8
4152314,-72.2511,25.7125,2597.01,27599.5
645160,-72.4044,27.58,2593.36,46317.3
304391,-72.2522,26.39,2593.13,55606.2
10488686,-72.2264,25.1608,2592.16,20533.9
755880,-72.2917,26.4533,2591.0,44496.0
1727881,-72.2747,25.4308,2590.8,35701.7
7143085,-72.4844,28.0008,2590.3,23271.2
3923047,-72.6872,27.0417,2588.98,28082.4
2623092,-72.2639,26.585,2587.36,31679.4
4663162,-72.2236,23.9592,2586.39,26629.1
699725,-72.2411,25.8658,2584.86,45376.5
2173261,-72.1667,24.9417,2584.5,33457.6
8608460,-71.9892,42.7767,2584.07,21906.0
327831,-72.5778,31.4092,2581.57,54638.7
927534,-72.2178,23.7692,2581.26,42215.4
1250679,-72.6086,31.2642,2580.77,39003.9
1775518,-72.1269,25.0825,2579.59,35431.2
1443818,-72.1106,25.6517,2579.21,37518.5
117401,-72.2817,26.6667,2575.15,68673.5
647154,-72.4094,27.8892,2574.57,46281.5
734111,-72.1608,23.8883,2574.26,44824.2
4860000,-72.3117,26.0858,2573.65,26289.6
117361,-72.1503,25.3742,2572.55,68678.1
3585199,-72.3272,25.765,2572.12,28863.3
4638436,-72.2075,23.7658,2570.26,26672.1
3383959,-72.2781,26.3525,2567.27,29371.0
10923282,-72.3231,25.73,2565.48,20259.1
2117427,-72.1917,24.785,2565.29,33709.9
8341979,-72.2697,26.3967,2564.55,22128.9
1531795,-72.2808,25.8525,2563.96,36917.7
4114017,-72.2614,25.74,2563.91,27677.9
10578671,-72.2361,23.9308,2562.23,20478.0
8184196,-72.0883,24.9467,2561.89,22269.5
1776753,-72.2661,26.4375,2560.75,35424.0
1664369,-72.4125,27.58,2560.52,36076.3
150366,-72.0869,24.2767,2558.56,65151.5
1057614,-72.5944,31.4133,2549.23,40787.7
353032,-72.3517,22.9408,2547.76,53685.9
84078,-72.0547,25.9458,2546.32,73555.3
1737559,-72.5994,31.3467,2542.8,35646.3
3553971,-72.6725,27.0583,2541.62,28940.5
10226345,-72.3269,25.8325,2537.19,20707.0
245395,-72.3897,27.9475,2535.45,58442.9
6194458,-72.2192,25.3,2534.66,24360.0
6210430,-72.2742,25.7958,2532.46,24339.0
314737,-72.1333,24.6225,2530.61,55173.7
3855559,-72.3564,25.8208,2529.87,28231.7
913980,-72.3828,27.695,2529.67,42375.0
108630,-72.1528,25.6817,2526.61,69799.8
2566635,-72.4331,27.74,2526.35,31883.9
5198217,-72.2144,24.105,2524.33,25741.0
5941912,-72.2453,25.6833,2523.5,24684.7
124090,-72.6139,31.0283,2522.96,67871.9
2520951,-72.3992,27.8433,2522.65,32051.3
7950603,-72.2492,25.9167,2522.21,22477.4
7795144,-72.1414,25.3492,2520.86,22624.3
1625276,-72.1656,25.3975,2518.73,36315.7
1991559,-72.2617,26.31,2518.28,34305.7
7990011,-72.2781,26.4517,2516.07,22443.3
1465602,-72.2153,23.1217,2515.34,37367.1
540047,-72.2325,26.0092,2514.92,48420.9
8595136,-72.2678,26.475,2514.23,21917.7
1113368,-72.1611,25.1917,2513.61,40234.1
3044653,-72.2828,25.8892,2512.65,30316.7
2640807,-72.5919,31.4492,2510.13,31617.0
385216,-72.6383,31.1567,2509.45,52582.8
2132179,-72.4358,27.5792,2508.98,33641.8
10695135,-72.8386,31.1908,2506.68,20400.1
35522,-72.1517,25.505,2504.85,86716.4
2782516,-72.5819,31.4858,2503.47,31133.7
4266617,-72.4683,27.9875,2503.16,27372.4
1703314,-72.2403,26.3592,2501.21,35846.0
5639291,-72.4642,27.9925,2501.2,25089.2
725291,-72.2497,26.615,2499.01,44963.2
54480,-72.5636,31.2275,2497.05,80123.8
2928191,-72.2042,23.125,2494.65,30667.7
9824292,-72.2181,24.8358,2492.96,20982.0
5754169,-72.3969,27.6767,2492.69,24931.3
478156,-72.1583,23.415,2492.57,49900.9
5501544,-72.0994,24.2658,2491.66,25286.5
4333266,-72.6039,31.4367,2488.48,27239.4
9084912,-72.2528,26.6275,2488.01,21524.6
1074381,-72.1142,24.2283,2486.66,40615.5
409196,-72.1306,26.115,2483.31,51826.1
8175205,-72.3939,27.8308,2480.46,22278.1
126475,-72.3756,27.0542,2479.18,67608.5
1037804,-72.1219,24.59,2476.25,40993.3
222978,-72.1439,24.83,2475.39,59720.7
8288054,-72.1844,23.8625,2475.1,22177.7
227097,-72.0569,25.805,2474.42,59474.9
1683446,-72.5747,31.51,2473.07,35963.1
494529,-72.2922,26.2592,2473.0,49482.9
11476785,-72.2236,23.14,2470.62,19926.1
10947535,-72.0797,24.295,2468.66,20243.3
11585781,-72.6033,31.3825,2467.42,19865.3
2027661,-72.1797,25.4567,2466.09,34130.6
1384338,-72.1819,25.28,2463.92,37950.8
1211179,-72.2933,26.2742,2458.58,39340.5
1049194,-72.2767,23.2642,2458.31,40875.0
279656,-72.27,22.8658,2457.18,56717.9
1147393,-72.3067,23.2517,2453.28,39909.7
10898916,-72.2975,26.6033,2452.66,20274.8
910849,-72.1297,25.4633,2449.41,42412.6
4260423,-72.1186,25.9433,2449.18,27381.7
1865583,-72.2967,25.9275,2447.16,34946.0
1018186,-72.1836,23.7367,2445.98,41198.0
1528248,-72.3756,22.94,2443.36,36940.1
2877525,-72.3558,25.8867,2443.0,30827.3
1131008,-72.1297,25.955,2442.96,40064.3
5962591,-72.1728,25.44,2442.87,24656.3
77726,-72.0806,26.1367,2439.64,74738.5
5809230,-72.0606,25.8275,2439.25,24857.1
1674975,-72.3231,26.5533,2435.58,36014.4
1649213,-72.3247,26.4808,2435.14,36169.8
2513771,-72.2947,23.26,2434.31,32079.1
2618124,-72.1081,24.9725,2433.88,31697.5
2023165,-72.6306,31.1558,2433.49,34151.2
11558180,-72.1694,25.1708,2432.39,19881.3
10928072,-72.1686,24.9067,2431.93,20255.9
3196305,-72.3192,26.5167,2431.28,29880.6
4814515,-72.1317,26.08,2427.26,26367.0
9704422,-72.9958,29.9542,2426.64,21066.9
310634,-72.4664,20.7625,2423.62,55340.9
4431977,-72.7028,31.175,2422.91,27051.6
10535337,-72.3689,22.9317,2421.86,20502.9
1084072,-72.4169,27.9725,2421.38,40519.7
6065328,-72.3686,22.9633,2420.62,24524.2
132390,-72.0503,26.0183,2420.24,66963.7
1417405,-72.0553,25.9175,2419.25,37706.6
385786,-72.1789,24.6642,2416.2,52563.4
288308,-72.3294,26.6633,2416.0,56315.4
2874334,-72.7083,31.0533,2415.77,30837.6
1487686,-72.6233,31.0275,2415.25,37213.3
2591935,-72.3086,26.4425,2414.89,31789.8
1790671,-72.8394,28.6008,2414.85,35348.4
8262920,-72.1317,25.4467,2414.63,22200.7
2069801,-72.6133,31.205,2411.08,33930.3
3937420,-72.0547,26.0317,2410.58,28052.9
3636701,-72.1781,25.2442,2407.55,28739.4
6679078,-72.7244,31.075,2406.1,23780.3
1267386,-72.2769,26.6933,2405.14,38866.4
822252,-72.0736,26.1117,2402.96,43549.5
9791852,-72.7136,31.0625,2401.43,21006.3
4243687,-72.2064,25.4133,2399.97,27416.6
131706,-72.5814,31.2133,2398.95,67039.8
1780313,-72.3767,27.5825,2396.87,35406.0
7853291,-72.2072,25.4275,2396.84,22567.9
9751254,-72.5719,31.2433,2396.61,21036.6
6184,-71.9183,24.6558,2395.81,114477.4
10333832,-72.1992,24.8192,2394.15,20636.1
4035324,-72.4097,27.97,2393.67,27843.2
3901998,-72.5792,31.1942,2393.66,28130.0
158743,-72.5375,31.32,2393.42,64393.1
3864630,-72.6983,31.1317,2390.02,28213.7
11482018,-72.2086,25.4375,2385.89,19922.9
700272,-72.285,26.1467,2385.16,45368.1
4858602,-72.5867,31.2242,2384.1,26292.0
648621,-72.2383,22.7808,2382.98,46255.4
4142558,-72.4614,20.7558,2382.71,27620.3
2564565,-72.4953,20.75,2382.54,31891.8
2349156,-72.2206,23.0292,2382.54,32718.2
1124986,-71.9078,24.6267,2381.98,40121.5
1292240,-72.1147,24.1392,2381.62,38662.6
196147,-72.1072,25.3608,2381.58,61468.2
3158316,-72.1211,24.2083,2380.78,29987.1
1425617,-72.1506,25.8217,2380.12,37649.1
11580406,-72.4897,26.7392,2375.03,19868.5
11520885,-72.2319,25.3992,2374.35,19903.7
2408371,-72.1222,25.8033,2373.77,32483.7
7561181,-72.19,25.3392,2373.42,22848.5
700953,-72.0642,26.0542,2372.09,45356.8
8081512,-72.3825,27.6692,2370.86,22360.8
7173134,-72.12,25.9142,2368.19,23238.3
175162,-72.1253,24.485,2366.02,63028.1
372087,-71.7111,35.8425,2363.99,53017.2
52708,-71.3903,35.5858,2363.31,80627.9
8372092,-72.2331,23.0292,2362.58,22105.8
6881445,-72.4906,26.7533,2362.17,23554.2
9651769,-72.2633,23.27,2362.01,21106.2
6472788,-71.9236,24.63,2359.41,24020.2
1736055,-72.5103,28.0733,2355.27,35655.3
59917,-72.0828,24.8117,2353.63,78656.8
304796,-72.0917,24.6058,2352.14,55590.1
1164791,-72.2961,26.1642,2348.48,39751.4
2407904,-71.7222,35.8592,2348.08,32485.6
4484247,-72.1094,24.5158,2347.78,26952.5
3687224,-72.0769,24.9575,2347.25,28619.5
7800797,-72.3972,27.955,2345.47,22618.6
1994156,-72.3694,27.8083,2345.17,34294.5
8230552,-72.5047,28.0367,2343.97,22226.5
9755261,-72.1233,24.1492,2341.82,21033.6
7377140,-72.1378,26.1383,2339.73,23031.8
9464873,-72.1294,24.1742,2338.45,21238.6
170704,-72.3514,26.8267,2336.54,63369.8
4634554,-72.1383,25.7983,2332.43,26679.3
5344205,-72.1006,24.535,2320.68,25517.3
2247179,-72.4011,26.4742,2317.61,33138.1
3767707,-72.0814,25.6292,2313.65,28429.6
344473,-72.3936,27.0958,2313.13,54001.9
721845,-72.3911,20.1917,2312.71,45018.5
3422153,-72.5664,31.3725,2311.49,29273.2
2117807,-72.5806,31.3442,2311.36,33708.0
5465892,-72.4919,20.8833,2310.45,25336.9
2046430,-72.3883,27.0417,2308.82,34040.9
8852127,-72.3819,27.8125,2306.72,21707.4
4282614,-72.1114,25.3533,2301.42,27339.8
129296,-71.6153,35.5992,2296.32,67298.7
1132831,-72.6197,31.0758,2295.45,40048.4
10479677,-72.3936,26.4492,2293.4,20540.1
215157,-72.5475,31.2267,2290.35,60209.5
1529237,-72.1258,25.3375,2287.47,36933.2
7664154,-71.2836,42.8192,2287.02,22747.8
980363,-72.1683,25.6717,2286.86,41608.8
486647,-72.0975,24.8058,2284.8,49679.5
2197916,-72.0894,25.8208,2282.42,33348.9
8142837,-72.2531,22.8558,2280.23,22303.8
928414,-72.0611,26.0983,2280.01,42204.8
1455881,-72.2756,26.2008,2277.73,37436.9
2386416,-72.2808,26.13,2276.99,32567.9
7170650,-72.3603,27.7267,2276.41,23241.0
728945,-72.0592,26.0783,2276.13,44903.7
5157621,-71.7847,36.185,2275.5,25802.8
861333,-72.3522,27.8392,2275.07,43034.5
1629375,-72.4039,27.085,2270.25,36289.3
7611823,-72.3997,26.5017,2270.01,22801.0
1606772,-72.2314,22.725,2269.73,36433.0
10713822,-71.2428,43.0408,2269.72,20387.6
5632331,-72.2608,26.0017,2268.2,25099.4
7128288,-72.2536,22.7867,2266.74,23287.6
301661,-72.1122,23.3283,2263.35,55724.0
5981654,-71.7278,35.8892,2256.03,24630.5
6538655,-72.5575,31.5125,2254.36,23943.2
4092750,-72.3506,27.8267,2246.66,27723.9
3863612,-72.0925,26.1458,2241.57,28215.9
8942343,-72.0814,35.2608,2239.95,21636.8
1740034,-72.5514,31.4542,2239.75,35633.8
2749178,-72.385,27.8958,2237.24,31244.0
7658586,-72.0728,35.2925,2236.16,22753.4
1618796,-71.5944,35.615,2231.99,36356.0
7279853,-72.4678,20.7475,2231.7,23131.1
275885,-72.3606,27.0783,2228.28,56898.5
3436789,-71.6997,35.8625,2227.36,29234.0
5865190,-72.1611,25.5258,2225.4,24782.6
4112980,-72.1103,24.6017,2223.4,27680.2
2547075,-72.0867,24.6058,2222.73,31955.7
4612746,-72.5433,31.3125,2222.55,26719.9
3492613,-72.25,22.98,2221.36,29094.2
13468,-71.9519,25.1267,2218.53,102014.1
377813,-72.0322,25.775,2218.18,52824.6
5079671,-71.3794,35.5917,2218.05,25926.0
828739,-72.2739,27.6483,2213.59,43463.1
133961,-72.2706,21.9017,2210.44,66798.9
189820,-72.0983,23.3642,2207.51,61919.5
6074926,-72.2458,22.74,2205.97,24511.2
580984,-72.0731,24.9067,2203.43,47551.2
10913479,-72.415,27.0692,2201.68,20265.3
319692,-72.3386,26.8433,2201.56,54967.7
1574011,-72.4219,20.92,2201.16,36640.5
1450555,-72.1,24.8842,2198.54,37472.7
10739057,-71.5997,35.6117,2195.44,20375.1
1525277,-72.5506,31.2925,2194.98,36960.8
9795873,-72.2069,23.69,2192.6,21003.3
1788147,-72.3439,26.85,2192.53,35362.8
1054150,-72.0808,24.1817,2191.25,40823.6
1829233,-72.0994,23.085,2190.74,35140.5
5603307,-71.7339,35.8425,2188.36,25142.5
520261,-71.4086,35.5383,2183.92,48871.4
369439,-71.5633,35.665,2181.56,53108.4
2273571,-71.6561,35.9842,2179.21,33028.3
612203,-71.4069,35.5617,2178.0,46929.5
447151,-72.1144,22.8683,2177.13,50725.3
2245395,-72.3647,20.2425,2176.14,33145.7
4420053,-72.2939,22.6892,2175.46,27075.2
2010698,-72.0097,35.2383,2175.15,34212.7
2210736,-71.7025,35.7942,2174.41,33293.4
4176549,-71.6556,36.0283,2172.3,27551.0
3381621,-72.1128,22.9183,2168.41,29377.5
3065580,-71.6803,35.955,2168.3,30255.7
4389016,-71.6236,35.5883,2163.28,27133.9
1834638,-72.0847,24.5658,2161.38,35109.7
11138210,-72.4106,20.9175,2160.92,20126.5
3242832,-72.3992,20.925,2160.79,29750.3
4615254,-71.6128,35.6617,2159.54,26715.1
11138211,-72.0606,25.925,2157.91,20126.5
194152,-71.3447,35.7367,2157.82,61610.1
182579,-71.9453,25.1925,2157.45,62450.2
1047574,-72.3442,31.2717,2153.02,40892.2
2051438,-72.3531,31.2733,2145.42,34018.5
4500709,-72.29,22.6633,2144.1,26924.1
10461492,-72.0892,24.1075,2143.41,20552.5
3236677,-71.9897,35.1983,2141.34,29765.3
646384,-71.3506,35.7592,2140.87,46295.3
3841869,-71.6236,36.0317,2139.22,28263.3
8193291,-71.69,35.8692,2135.44,22260.9
889880,-72.5472,31.1842,2134.59,42674.7
1953923,-72.3056,27.875,2134.11,34490.9
1323654,-72.1439,24.7958,2133.41,38416.3
7387465,-72.11,22.94,2128.55,23020.7
4230130,-71.7244,35.8058,2127.75,27444.4
7055835,-72.0228,35.25,2125.59,23364.1
1905259,-72.1142,22.9833,2123.79,34741.2
2553348,-71.6036,35.685,2122.61,31931.8
4971721,-71.3469,35.7217,2121.0,26102.3
1099728,-71.6644,35.8558,2120.83,40365.3
1431711,-72.06,24.3425,2120.8,37605.0
10265804,-72.1153,23.28,2119.68,20679.2
404932,-71.3264,35.7817,2118.89,51957.5
1306357,-72.5756,31.1575,2117.39,38550.4
11271547,-71.6475,36.0133,2115.87,20047.2
1669244,-71.3986,35.5842,2115.7,36048.0
4219916,-71.6825,35.8442,2112.34,27463.0
9816094,-72.3481,31.2675,2111.27,20988.1
10438942,-72.0997,24.5625,2110.51,20568.0
7981094,-72.545,31.18,2108.83,22451.8
4497066,-71.5867,36.0575,2107.87,26931.2
2537137,-72.3806,28.0267,2106.26,31991.6
1774309,-72.1208,22.8292,2105.83,35438.4
8491090,-71.6764,35.9392,2105.21,22004.7
9449368,-71.5178,36.8733,2097.94,21250.6
11195338,-71.6069,35.6833,2097.28,20094.9
1174231,-71.3556,35.7367,2095.5,39664.7
990433,-72.3369,31.2717,2094.14,41496.9
2864159,-72.2428,22.8667,2093.22,30868.6
9521923,-72.12,22.8492,2092.2,21199.5
75989,-71.9886,25.125,2084.55,75089.7
6318217,-72.3619,31.29,2084.32,24207.8
84963,-72.0425,24.1333,2083.04,73395.7
3309461,-72.2619,27.6317,2081.53,29567.7
1740035,-71.3578,35.7733,2078.8,35633.8
9171578,-72.3483,20.2517,2077.07,21459.4
3159781,-72.3019,22.6192,2076.18,29982.8
178457,-72.0331,24.31,2074.33,62758.6
6560543,-71.6869,35.7608,2074.25,23916.6
11063648,-71.5931,36.0492,2073.71,20174.0
4023119,-72.2483,22.675,2070.12,27870.6
460097,-71.9297,24.5492,2069.91,50377.4
132928,-72.0681,25.2358,2067.9,66906.6
2914080,-72.3097,22.6017,2067.44,30713.4
2025310,-72.3494,31.245,2067.43,34140.0
4600972,-71.7239,35.7758,2065.7,26738.9
9667866,-72.0472,24.1417,2053.52,21094.1
917537,-72.125,25.48,2051.48,42332.9
263228,-72.0472,23.0658,2049.7,57514.3
7170651,-71.5672,35.62,2040.92,23241.0
5760725,-72.1297,25.5,2040.89,24926.2
8494242,-72.0442,23.0833,2038.11,22001.8
79171,-72.0981,23.8058,2037.0,74448.1
8233649,-72.0483,23.05,2034.37,22223.7
4335931,-71.3319,35.8,2032.96,27237.0
1714575,-71.3217,35.7958,2031.27,35780.1
3005178,-72.0481,23.0133,2030.82,30434.1
330863,-72.075,25.13,2028.57,54519.7
655335,-71.5297,35.6508,2026.88,46134.0
5182641,-71.4792,36.8183,2025.69,25765.7
1448881,-72.0889,23.4008,2020.14,37484.6
785592,-72.0536,25.2567,2015.73,44062.9
8262922,-71.6511,35.895,2014.82,22200.7
3747305,-71.3703,35.7758,2011.02,28478.9
6518523,-71.3636,35.7725,2007.87,23967.1
1189445,-72.1719,26.0075,2003.93,39529.6
7462665,-71.3292,35.7608,2001.04,22945.8
3097787,-71.6203,35.9283,1995.95,30160.8
1461191,-72.0783,25.205,1994.09,37397.8
454438,-72.0511,22.935,1991.84,50528.9
7574847,-72.0494,24.11,1987.02,22834.5
496663,-72.0533,24.6033,1980.82,49430.1
1880163,-71.45,35.9042,1979.26,34869.3
11740186,-71.6742,35.69,1977.59,19778.5
4587157,-72.0822,25.1242,1976.48,26765.1
4949079,-71.6117,35.9283,1975.88,26141.3
1670588,-71.5469,35.61,1971.18,36039.2
9622980,-72.2803,27.9225,1970.63,21127.3
64331,-71.9981,24.5717,1969.49,77586.8
7561183,-71.6228,35.9533,1967.89,22848.5
315505,-72.0356,26.0217,1964.4,55139.0
2731069,-71.8053,34.8108,1963.18,31305.1
5353927,-72.1233,25.4975,1957.31,25502.3
7950605,-71.5531,35.6808,1951.67,22477.4
90691,-71.9783,24.5925,1947.05,72418.7
2283707,-71.4372,35.695,1945.78,32983.9
1353896,-71.4044,35.515,1943.59,38180.1
4183087,-72.0389,26.0342,1943.06,27537.1
391573,-72.2156,26.6,1942.81,52376.4
2341551,-71.4417,35.7242,1941.85,32747.4
703681,-71.5156,35.575,1941.62,45310.5
494383,-72.0903,23.7433,1939.55,49486.8
11531542,-71.8106,35.1892,1939.34,19897.3
6770967,-72.0592,25.1258,1934.43,23675.6
3536629,-71.5775,35.5817,1934.39,28982.3
4421201,-71.9367,25.0767,1933.69,27072.8
416288,-72.1267,22.7592,1933.61,51611.8
1269128,-72.1872,27.5708,1933.59,38851.7
565828,-71.3942,35.495,1926.6,47867.7
2717766,-72.0467,22.9017,1926.45,31349.8
5929477,-72.2194,26.615,1924.81,24697.6
329932,-71.2878,35.6217,1924.17,54558.2
6110048,-72.1983,27.7625,1923.57,24464.4
6843133,-72.2033,27.7442,1921.13,23594.7
11413527,-72.2122,27.7192,1918.37,19964.4
5774983,-71.4072,35.6758,1917.64,24905.7
4028299,-71.9214,24.5625,1915.96,27859.2
327948,-72.0219,26.02,1906.07,54634.1
5296410,-71.3136,35.8183,1902.75,25589.6
452054,-72.0342,22.7983,1899.57,50591.9
4624412,-72.1072,23.785,1899.2,26698.4
4255782,-72.2414,21.985,1894.87,27391.0
3534949,-71.2872,35.6417,1887.62,28986.7
1277025,-71.2892,35.6917,1884.69,38786.0
2741649,-72.2833,21.4325,1871.39,31270.5
944742,-72.1814,27.6575,1870.26,42011.1
1846000,-72.225,26.6542,1869.92,35047.9
11707319,-71.9769,25.1217,1868.82,19797.8
4703750,-71.4267,35.5092,1868.67,26557.2
2564032,-72.0275,25.6875,1865.67,31893.8
1068723,-71.5342,35.53,1862.32,40673.5
11033873,-72.3069,21.4483,1858.44,20192.9
2463272,-71.2897,35.6617,1858.21,32269.2
9581005,-72.055,22.9817,1856.85,21154.4
823450,-71.2872,35.7608,1856.44,43534.9
616482,-72.0942,23.8883,1854.86,46849.3
6348787,-72.0586,24.9017,1853.4,24168.3
3336977,-72.1728,27.6175,1850.3,29496.5
470253,-72.0714,23.9183,1847.58,50106.0
11286935,-72.0681,23.92,1844.58,20037.7
7106226,-72.1758,27.6725,1842.39,23312.2
6644737,-72.2903,21.8183,1841.51,23817.8
2268499,-72.0083,24.5867,1833.97,33047.6
6487678,-72.0472,22.8725,1830.98,24001.6
5657501,-71.9592,25.2658,1827.65,25066.4
2653681,-72.1089,22.7617,1827.11,31572.6
2410689,-72.0272,26.025,1826.01,32473.9
3117552,-72.2178,20.1942,1823.4,30103.7
7918220,-71.9558,25.2525,1822.12,22508.5
4823879,-72.0417,22.8467,1817.81,26350.1
8026058,-71.3881,35.4825,1815.97,22409.2
11575062,-72.0589,25.06,1814.12,19871.7
855004,-72.0075,24.3192,1812.83,43115.8
1000747,-72.1575,27.6683,1809.26,41384.7
8341981,-72.1353,22.7375,1809.24,22128.9
7745958,-72.1633,23.6883,1808.23,22669.3
5715143,-72.1725,27.6308,1806.06,24987.4
6685714,-71.4967,35.5083,1805.71,23772.3
10173625,-72.0103,24.3192,1801.96,20743.8
6770966,-72.1744,27.4775,1800.35,23675.6
6140338,-71.2922,35.8042,1797.85,24427.9
11016434,-72.0056,24.315,1797.61,20199.2
5094822,-72.0142,24.595,1797.07,25903.8
3237421,-72.1786,27.515,1796.75,29763.1
2626908,-72.1714,27.5275,1795.97,31665.3
1445980,-71.3553,35.5375,1794.32,37503.3
2456209,-72.1231,24.7533,1790.54,32296.8
10115446,-72.0997,28.9517,1788.82,20780.7
567805,-72.1042,22.7033,1779.27,47825.1
8862682,-72.1764,27.6467,1777.29,21698.6
10539868,-72.1192,24.7633,1775.94,20499.8
1880162,-72.0558,23.2808,1773.99,34869.3
742261,-72.0708,23.4317,1773.53,44700.3
4493387,-72.0264,24.1208,1773.35,26938.3
6573579,-72.1778,27.53,1772.55,23900.6
361577,-71.9008,24.4608,1770.51,53381.3
10289682,-71.5736,35.5483,1768.06,20666.9
1017732,-72.0136,24.1067,1767.47,41201.1
320150,-72.0303,25.2942,1765.2,54949.2
3228537,-72.0283,23.1117,1753.66,29788.8
1940432,-71.9994,24.0958,1752.6,34559.2
3091509,-72.0628,23.2558,1751.45,30179.8
292317,-71.8772,24.57,1751.26,56133.0
246211,-71.8625,24.69,1750.76,58400.4
1478476,-72.1814,20.2525,1750.32,37276.6
6538656,-72.2103,22.9517,1750.06,23943.2
7295309,-72.0333,23.115,1748.7,23114.6
47804,-71.8497,25.3892,1747.62,82130.3
859699,-72.1497,21.3042,1745.91,43055.2
6210431,-72.0375,25.2958,1745.86,24339.0
1313072,-72.1517,22.1108,1745.05,38497.5
947337,-72.0889,27.3192,1742.43,41982.3
98448,-71.9158,24.345,1738.01,71214.9
7717834,-71.8942,24.4667,1737.49,22697.4
2402583,-71.3486,35.5025,1729.41,32505.2
114742,-71.9467,25.5492,1723.87,69003.0
6110049,-71.35,35.5258,1722.22,24464.4
2029932,-72.0686,25.6183,1721.35,34119.4
308485,-71.9075,24.2333,1720.65,55431.7
945114,-72.1053,27.7492,1718.03,42006.6
9521924,-72.1083,27.7708,1712.53,21199.5
4823877,-72.2514,21.4283,1711.25,26350.1
806725,-72.1411,27.6242,1709.74,43761.2
3784877,-72.1628,22.1017,1705.85,28391.5
344505,-72.0394,24.6042,1702.48,54000.7
1327917,-72.1258,22.0608,1702.19,38381.5
636092,-71.9586,24.6258,1701.2,46483.4
1670586,-72.2211,21.8767,1698.3,36039.2
8259847,-72.1689,22.1092,1696.08,22203.6
8855643,-72.1553,23.0275,1694.76,21704.4
9092219,-72.1011,27.7675,1691.94,21518.7
10810290,-72.2411,21.5092,1691.29,20328.1
4329932,-72.1433,22.1075,1687.62,27246.4
3926534,-72.1367,27.665,1683.45,28077.8
6581013,-72.0778,27.3,1681.43,23895.2
4722075,-71.8461,24.6917,1674.07,26523.6
2321565,-71.8853,24.45,1672.93,32829.0
400584,-72.0042,24.26,1672.78,52094.7
781699,-72.01,25.9967,1669.2,44116.4
7655831,-72.0906,22.8217,1665.94,22756.2
506685,-71.9097,22.695,1665.33,49192.4
4152315,-72.1128,25.3783,1663.63,27599.5
5467529,-72.1375,22.0767,1661.51,25334.3
4664468,-72.04,22.7008,1660.89,26626.7
893889,-71.9103,24.2983,1660.71,42623.9
677002,-72.0406,23.48,1655.41,45756.8
4282613,-72.1317,22.0525,1654.46,27339.8
6292121,-71.9108,24.4992,1652.74,24236.7
581812,-72.0467,23.9267,1652.03,47535.2
883619,-72.0497,23.4667,1649.3,42752.2
9445532,-72.15,20.3167,1648.24,21253.6
5543230,-71.9022,24.3108,1647.4,25228.5
9672005,-72.0492,24.9167,1645.81,21091.1
803088,-71.9169,22.6467,1645.68,43813.5
2302344,-72.0603,23.4417,1644.41,32908.5
3717515,-72.1542,27.6175,1642.9,28548.2
1198004,-72.0258,22.94,1641.73,39455.4
3277216,-71.8869,24.1875,1640.12,29655.9
1056384,-71.9111,25.0392,1637.65,40801.7
3547121,-72.0381,23.9183,1636.53,28958.1
7533443,-71.9906,24.5925,1632.67,22876.3
562619,-72.0706,27.6808,1628.09,47935.6
9037766,-72.0081,25.97,1625.56,21563.1
2652020,-71.9925,24.2492,1618.2,31578.7
967993,-71.9536,25.3808,1617.83,41749.5
11762186,-72.0914,23.2167,1617.39,19765.6
3701614,-72.0186,23.1542,1616.55,28583.8
1558435,-72.115,22.0033,1614.2,36743.0
8467623,-71.9125,22.6458,1613.97,22025.0
9954932,-72.1692,27.7517,1613.1,20890.8
4164671,-71.9467,25.3567,1611.2,27576.4
1794225,-72.0208,23.92,1610.55,35328.6
1289840,-72.0131,25.0875,1610.51,38680.7
5962592,-72.0317,23.4692,1610.32,24656.3
179678,-72.0108,24.8425,1607.58,62667.2
2811385,-71.9522,25.5742,1603.55,31037.4
3223492,-72.0219,22.8808,1596.82,29803.8
11762185,-72.1464,23.7383,1594.56,19765.6
11016433,-72.0081,24.85,1592.55,20199.2
4576959,-72.0328,23.9183,1591.0,26784.2
5113952,-72.0511,27.3242,1589.14,25871.8
7892019,-72.0614,27.3033,1583.47,22534.0
818109,-71.9925,23.4942,1581.51,43606.6
8262921,-72.1189,22.0175,1580.58,22200.7
5639292,-71.9697,25.0508,1579.67,25089.2
2858055,-72.0378,27.34,1579.01,30889.2
10050513,-71.9169,24.2617,1578.14,20826.6
9205096,-72.0589,27.2792,1577.51,21432.7
562991,-71.8572,25.4725,1573.57,47927.6
763291,-72.0342,24.5617,1570.63,44385.6
4829332,-72.095,21.9667,1567.81,26340.4
2551786,-72.1106,26.4067,1561.41,31937.8
4326477,-72.0114,22.8333,1560.44,27253.4
2929510,-71.8742,24.6867,1557.64,30663.6
6694655,-72.0972,23.9183,1555.3,23761.5
550130,-71.9608,23.34,1554.82,48199.3
1650858,-72.0086,23.4767,1552.2,36159.2
5332975,-71.9239,24.3758,1552.01,25534.7
125482,-71.765,25.0625,1550.31,67714.9
10853664,-72.1344,21.5975,1549.78,20299.9
2432389,-72.0128,23.4608,1548.14,32387.4
3642864,-71.8625,24.535,1544.32,28723.9
1325506,-72.0006,23.1825,1538.42,38401.4
9110278,-71.9622,23.3342,1537.7,21503.9
1936980,-72.0444,23.3092,1532.51,34577.6
7757291,-71.9853,24.23,1531.82,22658.0
2753792,-71.8881,22.7367,1530.07,31227.7
7706746,-71.8886,24.2908,1529.94,22708.6
3488169,-72.025,23.46,1521.16,29102.9
7227132,-71.8942,22.7392,1519.72,23183.4
5464256,-71.9894,28.0325,1518.82,25339.4
1577645,-72.0056,23.8967,1511.41,36616.2
3588673,-71.9625,25.5333,1509.82,28854.5
858595,-71.9014,24.7725,1509.26,43070.0
2342498,-72.0125,22.9975,1506.66,32743.5
1093581,-71.8725,25.485,1504.18,40425.2
953955,-71.9297,24.4192,1501.34,41906.4
2362427,-72.0006,23.0033,1498.33,32665.6
4017376,-72.0064,22.9992,1492.31,27879.7
299857,-71.8972,25.6683,1489.08,55800.6
10011917,-72.1258,27.4675,1488.94,20854.1
7334090,-72.0153,23.0767,1488.16,23073.2
312328,-71.8367,25.0683,1486.43,55271.7
3182406,-71.9928,22.9858,1485.0,29919.0
3941382,-72.0119,23.0342,1484.29,28043.8
6029928,-71.9919,23.185,1482.04,24568.3
444272,-71.8856,27.5658,1479.4,50801.8
5465893,-72.0378,23.3067,1473.88,25336.9
5375069,-71.9867,22.9925,1472.37,25469.8
898885,-71.8611,22.7733,1472.1,42559.6
8011074,-71.9797,24.2233,1470.45,22423.4
3156915,-72.0972,27.6617,1468.76,29991.3
5169877,-72.0053,27.9567,1468.12,25783.0
187020,-71.7331,26.8667,1466.71,62130.1
8443313,-71.985,24.105,1465.72,22042.3
606776,-71.8272,25.2792,1465.06,47036.6
892758,-71.9086,26.6975,1463.72,42637.3
1615574,-72.1047,27.5242,1462.27,36377.0
2984489,-71.8361,25.0475,1461.35,30496.9
11823056,-72.0406,24.8042,1459.73,19730.1
221353,-71.8028,26.605,1455.51,59824.1
9836720,-72.02,27.325,1455.2,20972.9
1067508,-71.9969,26.3917,1452.34,40684.4
9005550,-71.9933,27.9792,1452.34,21589.7
1419218,-71.8256,25.095,1452.26,37694.7
1439201,-71.7606,26.8417,1451.22,37550.8
4445104,-72.05,27.2758,1450.66,27025.7
2844311,-71.9894,27.8592,1449.06,30932.5
10392002,-72.0417,24.9542,1447.83,20595.9
579997,-71.8072,25.0183,1445.72,47571.3
11655953,-72.0247,24.5992,1444.36,19823.5
178458,-71.8744,27.23,1443.04,62758.6
8749328,-71.7422,26.8533,1437.2,21789.4
2534540,-72.0658,27.6275,1432.33,32001.5
11163230,-71.9803,22.9958,1431.86,20110.7
2793554,-71.9853,24.5142,1430.95,31098.9
9967622,-71.9031,22.6308,1430.53,20881.6
10695136,-72.0472,24.85,1428.88,20400.1
1376563,-71.77,26.8125,1425.48,38009.5
1885355,-71.8614,27.7525,1422.92,34843.7
1409611,-72.03,24.8133,1422.88,37764.0
277595,-72.0094,27.5525,1419.27,56817.8
842924,-71.8006,25.0758,1417.61,43273.6
2223954,-71.9464,24.5233,1416.74,33236.0
3035474,-71.8356,25.3508,1415.75,30341.9
1128016,-71.8125,25.0983,1415.67,40092.9
1139514,-71.9317,24.46,1414.32,39984.7
4345258,-71.7981,25.0575,1412.04,27218.3
984459,-71.8231,25.1933,1410.71,41562.9
6646927,-71.9308,24.4458,1408.74,23815.1
3414938,-71.8472,27.8225,1408.35,29292.8
2322064,-71.9189,26.8017,1399.3,32827.1
3826995,-71.7669,26.7975,1398.14,28294.8
2833825,-71.8511,22.8208,1398.14,30967.5
7874675,-71.955,23.9467,1392.39,22550.9
4729056,-72.0486,27.2433,1391.6,26514.0
8899832,-71.9583,23.9417,1390.57,21672.1
4308000,-72.0,26.3825,1389.29,27290.8
7947551,-71.9325,24.3642,1383.87,22480.2
4065004,-72.0578,27.44,1381.45,27781.3
6672342,-71.8461,24.5342,1376.24,23788.3
1205213,-70.3947,37.9392,1375.73,39392.3
1893446,-71.7867,25.095,1373.94,34801.7
8792885,-71.8944,24.3433,1363.52,21757.2
1613469,-71.9808,26.0233,1360.94,36391.0
2453750,-71.8814,27.6075,1360.06,32306.7
1020004,-71.8986,27.465,1357.91,41177.9
185495,-71.6953,26.4175,1357.19,62239.7
8735567,-71.8261,25.1433,1356.37,21801.1
5244730,-71.8764,27.6108,1354.22,25669.1
7058300,-71.8064,25.08,1353.48,23361.3
1740959,-71.7733,25.095,1347.44,35628.5
1609176,-71.975,27.315,1346.84,36417.3
450267,-72.0342,27.4342,1346.49,50639.8
5475886,-71.8472,27.7408,1340.82,25321.8
3256407,-71.8981,25.6033,1339.23,29711.7
3362488,-70.3953,37.9467,1336.79,29429.5
2504968,-71.6861,26.4142,1336.01,32110.8
8988915,-72.1097,27.5783,1334.49,21598.5
7680947,-72.0106,27.3283,1333.87,22731.0
10743760,-72.1158,27.5833,1332.98,20372.0
368072,-71.8131,25.685,1331.39,53156.4
6665625,-71.9764,27.1967,1331.07,23796.4
9909196,-72.0056,27.57,1326.29,20924.3
568452,-71.6706,23.5517,1325.14,47811.8
3210239,-71.7678,25.1083,1319.7,29840.1
10704519,-71.8567,25.3708,1318.91,20393.8
4241223,-72.0458,27.63,1310.51,27421.2
11366601,-71.8267,25.1642,1307.93,19993.1
4184191,-71.9736,27.2508,1305.0,27534.8
104879,-71.4672,23.9575,1302.5,70306.4
10681226,-72.0317,27.6158,1299.12,20409.4
246657,-71.695,26.6075,1297.81,58375.3
10089484,-70.395,37.9225,1297.31,20799.1
6948397,-71.9011,25.7117,1293.79,23481.0
1352011,-71.8744,27.5625,1290.86,38195.1
6416555,-71.8128,23.8675,1290.06,24086.4
7120974,-71.8731,27.6333,1286.6,23295.8
3431864,-71.8289,25.245,1284.99,29247.1
892543,-71.8258,25.4125,1280.71,42640.3
579403,-71.9969,27.4292,1268.3,47584.7
7620015,-71.8136,25.1867,1260.6,22792.6
1000063,-71.9656,27.3333,1259.08,41390.8
5449388,-71.6889,23.5642,1251.44,25362.0
3667110,-72.0003,27.465,1251.14,28666.2
6361323,-72.01,27.4692,1245.07,24152.5
208618,-71.7442,25.26,1242.15,60631.3
236444,-71.7017,25.1983,1236.75,58935.7
1117814,-71.8061,25.4158,1235.95,40191.3
1618279,-71.8911,27.38,1233.95,36359.5
3417330,-71.9892,27.6258,1233.6,29286.2
9327773,-71.9633,27.3458,1232.22,21340.3
4301142,-71.8828,27.4275,1231.09,27304.8
10643706,-71.81,25.2025,1228.83,20434.4
2195866,-71.7811,26.5017,1225.18,33358.4
10461493,-71.9586,27.345,1225.18,20552.5
9215992,-71.8647,25.3283,1223.59,21423.8
11235966,-71.6989,23.5525,1221.29,20069.5
1549078,-71.7706,25.1325,1220.55,36803.6
6926238,-71.955,27.345,1219.51,23502.7
5368600,-71.9547,27.26,1213.77,25479.8
2136587,-71.9956,27.37,1209.66,33621.0
497890,-71.7406,25.5042,1209.58,49401.7
9553368,-71.8047,25.6867,1204.53,21175.5
991479,-71.7056,25.2375,1204.52,41484.6
10996614,-71.6272,28.3908,1199.34,20211.8
836807,-71.7231,25.2525,1197.67,43356.0
5459323,-71.9578,27.3625,1197.12,25346.9
860120,-71.7667,25.7483,1193.72,43049.3
474538,-71.7272,25.7375,1191.32,49995.3
828400,-71.8031,25.65,1184.47,43467.5
3916018,-71.7331,25.4992,1184.3,28098.3
510380,-71.6858,25.1367,1183.2,49105.5
1050802,-71.8081,25.4608,1180.62,40859.5
1115756,-71.7494,26.56,1180.22,40210.3
5488244,-71.7681,26.9025,1179.41,25306.7
2609949,-71.755,26.5617,1176.2,31725.6
5991012,-71.7122,26.4167,1174.09,24617.5
3970748,-71.7961,25.4017,1173.13,27980.1
634826,-71.7672,25.2958,1169.13,46506.7
5727585,-71.9506,27.4033,1165.65,24969.6
10874705,-71.8783,25.6683,1164.69,20290.5
7918219,-71.9608,27.4042,1164.12,22508.5
2430488,-71.7117,25.1825,1160.02,32395.3
4214383,-71.6947,26.5833,1158.8,27474.6
1365883,-71.7256,26.5608,1158.31,38089.9
7561182,-71.9583,27.4375,1157.42,22848.5
892863,-71.7006,25.4533,1155.87,42635.8
8677907,-71.6972,25.2483,1153.39,21850.7
1436081,-71.7558,25.6142,1149.48,37574.5
1916906,-71.7189,25.5008,1147.29,34680.6
3362487,-71.7622,26.5233,1146.61,29429.5
2198364,-71.745,26.5458,1142.12,33347.0
3966774,-71.7339,26.815,1129.63,27989.2
1171421,-71.7558,25.2892,1124.35,39690.4
7829636,-71.7636,25.2883,1121.48,22590.5
2741650,-71.795,25.6458,1118.81,31270.5
3096405,-71.735,26.5417,1118.29,30165.0
2637011,-71.7686,25.7208,1113.37,31631.1
3400333,-71.7478,25.5258,1104.11,29329.7
3881995,-71.7017,26.5583,1101.97,28173.0
3842896,-71.7142,25.7225,1100.88,28261.0
854384,-71.6711,25.1975,1098.34,43124.7
5585368,-71.6856,25.2558,1098.29,25165.3
5010822,-71.6817,25.2442,1097.87,26038.8
10342553,-71.7078,25.7117,1090.75,20629.9
7826657,-72.0081,27.51,1084.09,22593.3
10063290,-71.7222,26.5467,1083.24,20817.4
7757293,-71.7542,25.5292,1081.59,22658.0
8075341,-71.7042,25.1542,1080.33,22366.5
6703710,-71.7086,26.5467,1077.34,23750.8
11778863,-71.7186,26.5617,1074.06,19755.9
9201380,-71.9842,27.5117,1073.77,21435.6
2014675,-71.7325,25.5933,1067.83,34192.2
4400712,-71.9744,27.3842,1062.63,27110.4
10081229,-71.7372,25.735,1036.53,20805.2
11756848,-71.9669,27.3742,1033.83,19768.8
1067759,-71.6433,26.3658,1030.64,40681.3
2499860,-71.6617,26.4667,1023.7,32130.7
2019453,-71.6892,25.6575,1017.12,34169.8
2307714,-71.6544,26.46,1011.16,32885.2
1528716,-71.5589,25.4117,1000.66,36936.7
1960743,-71.6886,25.5117,989.75,34457.6
10270319,-71.7089,25.6825,979.31,20676.2
1422416,-71.4581,25.2983,973.56,37671.1
10396489,-72.0286,27.4025,943.61,20592.8
4446292,-71.4983,25.3475,925.86,27023.3
5249171,-71.455,25.3367,904.46,25661.7
1157898,-68.9247,33.2495,597.36,39813.8
1031983,-69.26,39.8078,501.59,41053.9
1871754,-69.2781,39.8061,477.49,34915.0
3999746,-69.2728,39.7739,443.54,27918.6
109364,-70.2381,26.3467,430.76,69697.5
105013,-69.4303,39.5939,395.27,70288.3
140579,-69.1914,39.6583,373.32,66114.4
629558,-69.4861,39.7172,359.23,46602.5
1339779,-69.2244,39.7495,348.77,38290.1
1415180,-70.5003,21.8842,348.07,37723.5
1842732,-69.1964,39.6628,344.81,35066.1
3166271,-70.5375,24.0708,336.86,29963.7
10690474,-69.2208,39.7444,336.79,20403.2
1910692,-69.1853,39.6606,334.98,34711.8
5003616,-69.3558,39.7939,321.67,26051.0
8329520,-69.2267,39.7783,315.36,22140.4
2540219,-69.3489,39.7811,313.0,31979.6
3050743,-69.3675,39.8,312.15,30297.8
1442488,-69.4681,39.6861,298.75,37528.7
9019899,-69.2258,39.74,293.06,21577.8
5141160,-69.2317,39.7933,286.68,25830.0
7800822,-69.2311,39.7744,284.48,22618.6
6914350,-69.2358,39.7694,281.54,23516.3
6138389,-69.2292,39.7628,280.75,24430.5
7932906,-69.7244,37.7289,274.24,22494.4
2100228,-69.5056,39.7561,272.62,33789.2
9892429,-69.2353,39.7961,271.28,20936.4
3348752,-69.4756,39.7483,265.56,29464.1
8792907,-69.4883,39.7789,263.19,21757.2
261767,-69.6356,38.2672,263.11,57587.4
6279788,-69.2625,39.7689,260.25,24252.5
890926,-69.2058,39.7261,253.61,42661.2
1739460,-69.2022,39.7233,251.93,35637.4
6212451,-69.5069,39.7378,245.58,24336.4
6656640,-69.2558,39.7505,241.82,23807.1
1382132,-69.4242,39.805,240.89,37965.9
10493376,-69.2464,39.75,237.6,20530.8
759429,-69.4519,39.6967,228.28,44443.0
8099792,-69.5161,39.7306,228.14,22343.7
868889,-69.2858,39.6967,227.99,42938.1
467526,-69.4811,39.6117,227.69,50178.5
785595,-69.4878,39.6483,227.55,44062.9
10338206,-69.4511,39.7022,223.91,20633.0
507268,-69.4733,39.5783,213.08,49179.4
11128418,-69.2008,39.6606,211.73,20132.9
7544495,-69.1983,39.6778,189.88,22865.2
1012631,-69.2089,39.6628,189.13,41255.2
1317116,-69.2514,39.7122,186.27,38467.7
662778,-69.65,39.395,185.7,46002.6
606079,-69.6281,37.6906,183.26,47051.5
4404294,-69.2019,39.705,181.3,27103.4
1147019,-69.4547,39.5583,169.49,39912.9
11307475,-69.3344,39.7739,165.99,20025.0
10829433,-69.2053,39.6822,165.97,20315.6
4424884,-69.4894,39.6061,160.24,27065.7
5210383,-69.4933,39.595,157.25,25721.2
6326382,-69.4992,39.6872,156.01,24197.3
9619005,-67.9739,44.065,151.76,21130.3
6334532,-69.4942,39.6333,145.17,24186.7
1850115,-69.4044,39.7978,144.57,35027.9
9971837,-67.9689,44.0661,143.59,20878.5
1487918,-69.6786,39.4756,141.91,37211.6
6840844,-67.9397,44.5328,140.02,23597.4
10834269,-67.9425,44.5494,134.44,20312.4
3182411,-69.4592,39.5489,133.96,29919.0
7476008,-69.4422,39.6389,124.49,22932.0
8304088,-69.4886,39.5767,119.8,22163.4
9929957,-70.3236,29.8767,119.73,20909.0
11397873,-68.1475,42.7339,119.33,19974.0
7207072,-67.9783,44.0072,118.87,23205.4
11128417,-69.4906,39.5828,115.89,20132.9
9630993,-69.7378,35.2872,113.18,21121.3
2563511,-69.6453,36.9467,113.09,31895.8
9980425,-69.4842,39.5972,108.97,20872.4
3540089,-69.6506,39.7139,108.76,28973.5
6389489,-70.7433,20.7908,105.05,24120.8
5571892,-70.1647,38.7625,104.12,25185.5
2566148,-69.2125,39.7367,101.8,31885.9
8960195,-70.7339,27.9625,100.48,21622.1
10709227,-69.66,39.405,98.92,20390.7
1820807,-69.6392,39.2694,97.16,35185.8
1828952,-67.9667,44.19,96.92,35142.3
1876385,-69.2794,39.5894,95.53,34889.4
9861450,-70.4108,29.3475,95.1,20954.7
6890738,-69.1369,35.17,94.23,23543.4
7387489,-69.2156,39.6844,94.05,23020.7
8635357,-69.4725,39.6372,93.84,21882.8
5955022,-69.2939,39.6944,92.23,24666.7
8266102,-69.4375,39.5444,88.33,22197.8
6279789,-69.2139,35.4211,85.16,24252.5
6585382,-69.1617,35.4228,83.45,23889.9
10932830,-70.0717,38.6142,82.36,20252.8
10298647,-69.1211,35.0467,82.27,20660.8
10351551,-69.9964,38.3533,79.28,20623.7
7285107,-69.7053,29.3111,77.77,23125.6
10338204,-69.9867,27.6489,77.42,20633.0
11241023,-70.2139,31.2858,74.35,20066.3
8304087,-69.7994,29.1144,73.65,22163.4
7082820,-69.5453,29.3433,71.54,23334.1
10724956,-70.3625,24.6467,68.76,20384.5
10020320,-69.82,28.4094,67.19,20848.0
11751286,-69.9328,28.1533,65.99,19772.0
3599305,-69.1833,39.5394,65.23,28830.2
11645171,-69.8361,28.3783,64.97,19830.0
11762234,-69.7106,29.2472,64.78,19765.6
10578714,-69.2958,30.4906,64.56,20478.0
11178295,-69.775,28.7689,63.5,20101.2
9441720,-69.5,39.6555,63.42,21256.6
11356333,-69.2639,30.15,62.69,19999.5
4331009,-69.2097,39.4272,58.25,27244.1
10401060,-68.3817,42.3772,55.06,20589.7
9175397,-69.2161,39.6489,54.91,21456.4
4872768,-69.1767,39.4394,54.15,26267.8
7031571,-69.0889,36.5644,53.62,23391.3
11371849,-69.1267,31.2428,52.64,19990.0
10829434,-69.1556,36.7989,52.16,20315.6
5366994,-69.1419,39.3844,50.96,25482.3
9449407,-69.5581,39.5606,50.84,21250.6
8546976,-69.1228,36.9961,49.52,21955.4
10629649,-69.6456,39.6733,47.98,20443.8
5987215,-69.5061,39.6472,47.58,24622.7
6065348,-69.1678,39.4356,47.2,24524.2
6144274,-69.0267,39.5178,46.81,24422.7
6154103,-69.5081,39.6611,46.76,24409.6
11266655,-69.1264,36.8022,46.32,20050.4
8595167,-69.4711,39.6228,45.92,21917.7
6672353,-69.0483,39.5733,44.41,23788.3
9320224,-69.3475,37.5567,43.47,21346.3
6921478,-69.0103,39.5911,43.37,23508.2
7160794,-69.7667,39.0967,42.43,23252.0
9853408,-69.3778,39.7844,41.78,20960.8
11502979,-68.8131,34.7645,40.74,19910.1
9720757,-69.4439,39.5417,40.42,21054.8
10507077,-69.575,39.4872,40.29,20521.5
11033920,-69.0744,36.5711,39.94,20192.9
8239837,-69.23,39.6739,38.74,22217.9
10488721,-69.6067,36.6967,38.37,20533.9
8766543,-67.9722,43.9478,37.21,21774.8
8996130,-69.0194,39.5972,36.59,21592.6
9156928,-69.505,39.6278,36.18,21471.3
9418574,-69.0694,39.6117,35.52,21274.5
11547630,-69.0839,35.0339,34.81,19887.7
9913314,-69.0208,39.4328,34.35,20921.2
10217560,-69.2922,39.6261,33.67,20713.1
11639859,-67.9567,44.1872,33.55,19833.2
11297118,-69.5703,36.825,33.37,20031.3
11547631,-69.0436,39.5667,33.22,19887.7
10967277,-69.1039,35.8811,33.2,20230.7
10957326,-69.1808,39.4428,32.14,20237.0
