23621,-71.4619,159.7942,2897.43,93092.9
164656,-71.565,159.83,2889.69,63872.5
15837,-73.2389,163.0542,2886.35,99429.5
3838038,-73.2969,162.89,2882.58,28272.3
7768492,-71.5511,159.8533,2877.99,22646.8
33799,-73.1736,163.225,2855.95,87467.0
2692878,-73.1806,163.0958,2846.78,31437.1
9643688,-73.2381,163.0458,2819.91,21112.2
69581,-72.6503,160.1158,2802.64,76425.2
2373676,-73.1536,163.03,2796.61,32620.7
83524,-72.9925,160.3483,2793.58,73647.9
514677,-73.115,162.9508,2779.08,49000.3
2443754,-73.1622,163.26,2755.56,32344.1
11723665,-72.9847,160.3325,2716.87,19788.1
6238324,-71.5122,159.855,2714.62,24302.4
3048033,-73.2767,162.8467,2693.59,30306.2
10957289,-71.5031,159.8742,2692.0,20237.0
1708285,-72.9808,160.3658,2663.57,35815.7
96198,-71.2544,159.8983,2655.38,71554.0
3872300,-73.2617,162.9425,2648.13,28195.6
6202439,-73.2708,162.9267,2642.98,24349.5
9704421,-73.2436,163.075,2629.95,21066.9
1492167,-72.9731,160.2875,2625.67,37184.2
3651602,-73.1028,163.0658,2620.73,28701.7
242573,-72.7017,160.2342,2618.52,58596.4
10539867,-72.6619,160.18,2614.6,20499.8
67073,-73.0372,162.9042,2613.11,76957.7
6591928,-73.0794,162.9125,2611.99,23881.9
7765691,-73.2131,164.495,2605.22,22649.6
7250314,-71.4067,159.85,2598.76,23158.7
4442667,-73.2375,162.8792,2597.45,27030.4
58825,-72.9844,162.9125,2593.55,78936.6
10606214,-73.2033,163.0633,2588.7,20459.3
1065081,-72.9669,160.2608,2586.98,40711.1
6791676,-73.2194,164.4808,2586.13,23651.4
837879,-73.0078,160.2258,2579.32,43341.3
747203,-73.0044,160.3958,2572.76,44626.1
125859,-73.0708,163.115,2563.01,67677.3
3045,-70.9542,162.8692,2562.34,126022.3
4593435,-72.9622,160.2567,2561.81,26753.2
4096973,-73.2528,162.7008,2561.73,27714.7
10839062,-72.7119,160.2058,2549.34,20309.3
302759,-73.17,161.8075,2544.65,55674.9
1819807,-73.0156,160.3767,2539.24,35191.2
1060564,-73.2761,161.9792,2539.16,40758.0
4681362,-71.3694,159.91,2529.87,26595.6
9909194,-72.9803,160.39,2529.68,20924.3
3746389,-73.1853,163.2425,2521.71,28481.1
10401007,-73.0025,160.4075,2521.41,20589.7
1816048,-73.2175,160.785,2519.38,35209.3
274396,-73.2281,162.6867,2519.07,56971.2
10298613,-72.9694,160.2783,2518.03,20660.8
153602,-72.6156,160.5067,2510.86,64851.5
1970146,-71.2022,159.8458,2510.02,34411.4
7924116,-72.6197,160.4983,2508.31,22502.9
159144,-72.2506,164.49,2496.98,64359.4
11585784,-71.3469,159.8992,2495.76,19865.3
2658677,-73.0611,163.0867,2495.36,31554.4
9134702,-73.2128,164.4492,2493.29,21489.1
10265802,-73.2639,161.9558,2491.3,20679.2
94913,-72.2247,160.19,2487.66,71745.2
5725785,-73.2694,160.8067,2485.61,24972.1
224037,-72.9522,162.9358,2483.37,59655.6
24207,-71.1317,162.9192,2480.74,92726.0
2331801,-73.1408,162.8433,2475.28,32788.2
9224035,-72.6267,160.4642,2473.91,21417.8
37539,-71.0281,162.9508,2471.64,85837.7
54430,-70.915,162.8392,2471.36,80134.9
6472787,-73.0536,163.0867,2470.4,24020.2
3881997,-70.9119,162.8492,2464.74,28173.0
3530,-73.2661,164.2608,2463.66,123437.1
603681,-72.2369,160.235,2461.53,47097.5
192675,-71.0525,162.785,2458.39,61716.5
5936104,-73.0725,163.1658,2454.28,24692.5
3982817,-71.0256,162.9325,2453.37,27952.8
2745080,-72.2314,160.2025,2450.08,31258.3
490615,-71.0392,162.8008,2448.33,49579.4
1396507,-72.6225,160.1925,2438.64,37858.3
2638132,-73.1414,163.295,2438.04,31627.0
3240609,-71.0175,162.9458,2434.02,29756.7
62521,-71.0758,163.0858,2433.86,78021.6
6808614,-72.9569,160.2383,2433.72,23635.2
2728162,-72.6739,160.2042,2429.49,31315.3
58617,-73.0,162.275,2428.6,78990.6
4399542,-73.1467,163.2817,2423.22,27112.8
792335,-73.0139,162.925,2417.67,43966.0
2969583,-73.2472,161.9125,2416.76,30540.7
171262,-71.1861,162.9967,2410.04,63324.6
64000,-70.6678,159.7458,2408.73,77667.2
1200510,-73.0828,161.2783,2408.51,39432.8
5599864,-71.1772,159.875,2407.8,25147.6
952389,-71.335,159.6692,2406.87,41924.6
8922,-71.6086,163.12,2403.3,108599.6
2861641,-73.0797,163.0717,2402.96,30876.8
248016,-70.9803,162.8792,2402.76,58303.2
82760,-71.6133,159.9867,2396.61,73781.9
939946,-73.0739,163.2,2395.3,42068.7
10516152,-72.6656,160.1025,2394.39,20515.3
526553,-72.5856,160.3975,2393.05,48726.5
1787107,-71.0447,162.78,2392.78,35366.4
2773403,-70.6025,159.7275,2389.31,31162.3
7239959,-70.6325,159.7592,2388.39,23169.7
1647253,-71.1206,162.8925,2383.16,36180.3
1060423,-72.4944,160.3008,2382.65,40759.5
2609416,-73.12,161.2517,2382.4,31727.6
10098170,-73.0586,161.2425,2378.62,20792.9
10819807,-72.49,160.3058,2378.53,20321.9
1493622,-72.465,160.255,2376.97,37173.9
51372,-72.8547,162.0933,2370.1,81010.3
7771355,-73.2153,161.3758,2369.73,22644.0
6581012,-72.4847,160.2825,2368.32,23895.2
380136,-71.1683,162.9383,2367.25,52749.7
490614,-71.0617,162.9383,2367.23,49579.4
29840,-71.3875,163.7025,2364.39,89379.3
10967232,-71.1906,163.0017,2360.61,20230.7
5321452,-73.0669,163.205,2358.39,25549.7
2223956,-71.0278,162.8875,2354.01,33236.0
5711303,-72.6081,160.4667,2352.72,24992.5
442718,-72.1747,159.9292,2349.16,50845.7
5070805,-73.22,161.42,2345.58,25940.7
3125426,-73.1339,161.0675,2343.4,30082.5
525163,-72.5039,160.4283,2343.28,48757.9
40208,-71.5403,164.0625,2342.55,84787.7
57513,-70.8678,162.7842,2337.7,79270.0
8605227,-73.2083,160.8475,2337.31,21909.0
702005,-72.2478,164.565,2336.52,45338.6
4669673,-73.24,161.9408,2336.51,26617.1
10981879,-73.1558,161.7542,2335.11,20221.3
9626920,-71.0683,163.0675,2334.97,21124.3
7944582,-71.0278,162.91,2334.11,22483.0
128113,-71.6278,163.2975,2333.92,67427.4
7092775,-72.4689,160.2442,2333.52,23323.1
4484246,-72.2506,164.5508,2330.52,26952.5
1742177,-72.8569,162.0158,2326.36,35621.3
3407554,-72.4694,160.2833,2324.67,29310.2
3050049,-71.0422,162.9367,2322.44,30299.9
10063289,-72.5058,164.5458,2320.41,20817.4
3174484,-71.0725,162.9658,2319.79,29942.4
1528715,-73.1289,163.2892,2319.69,36936.7
9561203,-72.7275,160.3317,2315.87,21169.5
1027477,-71.6322,163.2517,2315.81,41100.4
230182,-70.8811,162.7867,2314.34,59296.8
3790544,-70.985,162.8892,2312.16,28378.0
898504,-72.7147,160.3675,2311.03,42564.1
10054770,-71.0328,162.7725,2309.37,20823.5
1223687,-71.6117,163.2308,2308.88,39233.5
6290033,-72.2347,164.4908,2307.6,24239.4
2781302,-71.6311,163.225,2305.98,31137.8
205326,-72.2158,164.2517,2304.64,60849.4
819558,-73.0619,162.2992,2304.58,43586.1
7715024,-73.2133,161.4017,2304.06,22700.2
1206838,-71.3994,163.69,2303.82,39377.8
1308406,-72.2853,164.5483,2303.45,38533.9
534701,-73.0917,164.3017,2298.44,48539.2
3520393,-72.2233,164.2858,2295.89,29024.0
11408242,-73.0325,161.1708,2293.38,19967.6
2392273,-71.0456,162.8692,2293.01,32546.4
1118942,-72.3294,160.0125,2292.85,40180.2
18242,-71.345,163.1642,2292.32,97188.5
2521990,-70.9433,162.8592,2291.48,32047.3
10781575,-73.2672,162.0125,2291.32,20346.9
5087433,-71.3386,163.1883,2288.82,25916.1
816273,-73.0078,161.0767,2286.83,43629.9
142594,-70.5411,159.7275,2285.77,65911.7
995999,-70.9914,162.9192,2283.26,41435.4
1351817,-72.2139,160.1692,2279.72,38196.8
8575274,-72.8911,164.0558,2279.12,21935.1
1190245,-72.2961,164.5367,2277.21,39521.5
10879471,-72.9561,160.2892,2274.65,20287.3
109718,-72.6061,161.0583,2269.62,69650.0
356879,-70.5422,159.6958,2268.81,53544.5
579234,-72.9269,163.7833,2268.79,47587.4
10629611,-71.6283,163.2833,2268.05,20443.8
2105449,-72.1836,159.96,2267.56,33764.7
1207208,-71.1964,162.9692,2267.5,39374.5
7653064,-73.1672,161.7017,2267.25,22759.0
212092,-72.8281,162.06,2267.04,60406.0
2896712,-71.1817,162.9592,2262.61,30767.3
1348469,-72.2678,164.4483,2261.79,38221.8
1894817,-71.0475,162.975,2260.88,34794.3
3364896,-73.0447,163.105,2260.67,29423.0
11133319,-73.1233,163.2967,2259.43,20129.7
837460,-73.2661,163.1275,2258.34,43347.2
58949,-71.3703,163.6492,2257.91,78902.7
1562048,-71.0614,163.0567,2255.05,36718.7
5196397,-72.7106,160.3342,2254.86,25743.5
1948264,-71.1461,159.985,2253.83,34520.4
1042525,-71.1494,162.9508,2253.62,40945.1
140274,-71.3247,163.1017,2251.38,66145.2
8239809,-73.0575,162.8892,2251.25,22217.9
106661,-72.1861,163.6383,2250.35,70068.6
2979103,-72.9678,160.3592,2248.48,30513.6
7511885,-72.25,164.515,2246.27,22898.6
63432,-71.3661,163.3117,2246.21,77817.2
839653,-72.6786,160.5375,2245.78,43316.3
325879,-71.3456,163.3008,2244.44,54718.0
2355282,-71.1714,162.9733,2243.12,32692.9
1375500,-72.2389,164.5908,2241.82,38016.2
2820753,-72.9286,163.755,2241.66,31008.6
285732,-71.5192,163.9925,2239.78,56437.5
3017950,-71.1631,162.955,2238.55,30396.4
4834751,-71.6389,163.2058,2238.22,26330.7
9959175,-72.3319,160.0025,2237.09,20887.7
7823865,-71.0856,163.1042,2230.42,22596.1
1230539,-72.2861,164.3975,2229.78,39175.0
111220,-71.4686,163.8725,2228.87,69456.7
2520950,-73.2167,163.2117,2225.37,32051.3
9727,-71.1764,162.57,2224.87,107135.4
3828982,-72.1794,163.6083,2224.56,28290.3
298415,-72.37,163.8883,2224.13,55861.1
4882309,-72.3397,160.0517,2222.16,26250.8
353916,-72.8317,163.5833,2219.21,53652.7
617468,-70.9444,162.81,2218.83,46830.3
7912461,-73.1617,163.32,2218.14,22514.2
160379,-71.5525,164.12,2217.7,64245.5
2236886,-72.2769,164.3908,2215.66,33180.3
3698952,-72.305,164.5292,2213.47,28590.5
181961,-71.4342,163.7,2211.9,62497.2
257331,-72.9183,162.9258,2208.18,57819.3
6916760,-73.1592,163.3442,2207.15,23513.6
11762184,-72.4222,164.4692,2206.58,19765.6
37142,-70.8156,162.7292,2206.01,86009.7
11618347,-70.5706,159.76,2205.58,19846.0
2072398,-73.0033,161.0275,2200.89,33917.2
2402582,-71.4547,163.8683,2200.5,32505.2
5179509,-73.0267,161.0683,2199.55,25770.7
1549331,-73.2083,162.8183,2199.09,36801.9
1808770,-72.5097,160.5225,2198.78,35250.9
7194345,-70.8875,162.7433,2198.13,23219.1
3942379,-71.5478,164.1292,2196.51,28041.5
601336,-71.1011,163.1733,2195.38,47144.9
1041026,-72.8139,162.08,2195.21,40960.7
95537,-71.4769,163.5908,2195.03,71655.5
2399640,-70.9858,162.9433,2193.97,32517.0
1858851,-71.4222,163.7242,2192.44,34980.6
82511,-71.9369,164.5,2192.07,73825.0
98071,-72.0583,164.0458,2191.79,71274.8
10884316,-70.6067,159.6583,2190.91,20284.2
2815901,-73.1422,161.7292,2190.43,31025.0
6263328,-72.2594,164.47,2189.68,24273.5
9312583,-71.0819,162.9475,2188.28,21352.3
5641040,-71.0239,162.9775,2187.51,25086.7
861977,-71.5644,164.1325,2185.64,43025.6
724365,-72.2539,164.3708,2185.22,44978.8
2426162,-71.3658,163.625,2184.98,32413.0
1754933,-72.6642,160.58,2183.51,35547.9
817816,-71.4558,163.695,2182.73,43610.9
10615516,-72.2722,164.4392,2181.3,20453.1
2981106,-73.2181,162.8158,2179.43,30507.3
2803714,-72.725,160.3842,2177.5,31064.0
4347611,-71.4086,163.7317,2176.32,27213.6
2794133,-71.0928,162.9458,2175.46,31096.8
7591277,-73.0539,163.215,2173.45,22817.8
90329,-73.2211,164.1775,2172.7,72478.5
7003428,-71.1906,163.0358,2171.8,23418.5
542568,-72.9386,163.7008,2171.36,48364.3
6311560,-72.5042,160.4775,2170.61,24215.7
10767502,-72.2494,164.3792,2169.17,20356.3
4746160,-71.2039,159.8,2168.16,26482.7
5848698,-72.6856,160.55,2167.83,24805.8
2825595,-72.755,160.5008,2166.71,30992.2
9030687,-71.4567,163.7192,2165.69,21569.0
4707673,-70.5606,159.7775,2164.38,26550.0
592792,-72.6328,163.7517,2164.13,47312.1
187516,-72.0439,164.5275,2163.46,62093.2
69725,-71.6417,164.355,2163.11,76388.5
2002789,-72.9192,163.745,2162.6,34249.9
1975353,-71.5942,163.1508,2162.26,34385.4
45099,-70.7236,162.6617,2162.25,83023.0
2041747,-71.5828,163.1642,2161.62,34063.4
1742178,-72.5372,160.5725,2161.16,35621.3
122961,-71.6306,162.9492,2160.98,67999.4
628060,-70.8244,162.6992,2159.6,46631.2
6001475,-73.0358,163.1117,2159.43,24607.2
2781304,-70.8819,162.8108,2157.73,31137.8
86575,-72.6964,162.2417,2156.05,73111.3
10274672,-72.3069,164.5175,2155.24,20673.1
47702,-72.6386,162.2017,2153.55,82162.1
8359444,-71.5775,163.1692,2152.79,22117.3
4401942,-71.19,162.9225,2152.16,27108.1
1920980,-70.7297,162.6525,2149.18,34658.6
225263,-72.2067,163.7258,2148.91,59584.0
1602449,-72.0703,164.5242,2143.03,36459.2
11856356,-73.2039,162.8058,2142.15,19710.7
1953588,-72.2419,164.3308,2142.06,34492.7
1990115,-72.6344,160.5617,2141.48,34313.1
7511886,-72.2036,163.7358,2136.91,22898.6
10387439,-70.9197,162.8483,2135.44,20599.0
839656,-71.3264,163.2425,2134.27,43316.3
120925,-71.6314,163.8342,2133.9,68238.9
6451251,-73.1475,161.8125,2133.65,24046.7
827731,-71.6239,163.8042,2132.85,43476.3
5020929,-71.4425,163.7133,2132.8,26021.6
146884,-71.7814,163.7017,2132.5,65487.0
2603456,-73.1411,161.8225,2131.23,31749.7
6506986,-71.4442,163.8667,2130.85,23977.7
103210,-71.9831,163.2708,2128.59,70533.5
308998,-71.3308,163.0525,2128.42,55409.9
7419124,-73.1642,164.3292,2127.13,22987.4
5087432,-73.1328,162.8108,2126.64,25916.1
2849157,-73.0336,161.2267,2125.92,30916.0
3939397,-72.3814,163.855,2125.24,28048.3
447281,-71.7886,163.8292,2123.98,50721.5
5750635,-71.1003,163.075,2122.49,24936.4
4194583,-72.065,164.5458,2120.79,27516.3
4174376,-72.9378,163.8,2119.91,27555.6
221895,-72.3139,163.6808,2116.74,59787.9
303302,-71.7236,163.5933,2116.68,55653.1
3970746,-72.8358,163.6017,2116.66,27980.1
2095148,-72.3725,163.8308,2116.39,33811.8
2800717,-73.2364,161.985,2116.25,31074.3
464276,-72.3333,163.8217,2116.16,50267.3
1346596,-72.8042,162.065,2114.96,38236.8
3267209,-72.4928,160.4183,2114.64,29683.8
5566936,-71.5944,163.1025,2113.29,25193.1
368979,-72.5381,160.825,2112.53,53125.2
11063649,-71.4111,163.7733,2112.43,20174.0
429099,-72.8308,162.2142,2109.68,51232.7
2119383,-71.1739,159.8408,2108.87,33700.5
300604,-72.1331,163.5517,2108.84,55766.3
5880965,-71.3528,163.3117,2107.81,24764.6
627925,-71.5694,163.8042,2106.82,46634.0
235244,-71.6694,160.3233,2105.61,59004.9
2282376,-71.6108,163.1683,2105.35,32989.7
83012,-70.4711,159.7617,2105.23,73736.1
68383,-71.5378,163.0808,2104.85,76668.2
2076717,-72.5011,160.655,2104.38,33898.4
6547388,-73.0469,163.2233,2103.22,23932.5
1084823,-71.5403,160.1333,2102.88,40511.8
368919,-71.5714,160.1817,2101.92,53127.6
5072249,-72.3614,163.9008,2101.58,25938.3
438904,-71.6611,163.39,2101.47,50952.1
8259846,-72.4875,160.6375,2100.67,22203.6
488479,-71.7083,163.4967,2099.4,49633.3
5794931,-71.1708,162.9175,2098.93,24877.6
6144258,-71.1806,162.5867,2098.34,24422.7
829171,-70.6144,159.4908,2098.14,43457.3
5486639,-71.3244,163.2525,2096.75,25309.2
623609,-73.1319,161.8408,2096.52,46713.1
2394733,-71.5925,159.9067,2096.49,32536.6
2653102,-71.3678,163.3417,2096.03,31574.6
667090,-71.5681,164.1708,2095.67,45927.8
4361839,-71.5767,160.155,2095.43,27185.5
11655951,-72.4919,160.4275,2094.85,19823.5
10208772,-72.2317,164.3325,2094.58,20719.3
119504,-71.4906,164.33,2094.07,68406.7
1754008,-71.4819,164.3475,2092.96,35553.3
3736841,-70.9261,162.8758,2091.96,28501.2
2906168,-70.8583,162.815,2091.9,30736.2
9099459,-72.1958,163.6267,2091.0,21512.8
1626046,-72.2303,164.5767,2090.89,36310.4
1527282,-71.6194,163.7933,2090.42,36947.0
1138007,-72.4492,163.8392,2090.04,39999.0
276375,-71.7581,163.3317,2090.02,56877.2
251691,-72.1256,164.0708,2089.69,58110.5
4521599,-71.5269,164.0442,2089.21,26883.9
5877313,-71.5778,160.1325,2089.19,24769.8
2296703,-72.4486,163.8142,2088.83,32929.8
223397,-70.5064,159.7367,2088.7,59694.1
1582131,-72.22,164.4792,2088.49,36588.3
9812058,-71.5217,164.0175,2088.0,20991.2
2815308,-72.0847,164.5183,2087.97,31027.1
8199471,-73.1583,163.3925,2086.74,22255.2
461437,-71.9194,164.5458,2086.49,50343.2
870550,-72.5306,160.7142,2086.19,42915.9
6638106,-71.6069,163.2,2083.95,23825.8
1086346,-71.5908,164.2133,2083.93,40496.1
8662309,-72.2692,164.3758,2082.74,21859.5
630082,-72.6178,163.6975,2082.67,46594.3
5501545,-70.7092,159.79,2080.09,25286.5
818218,-72.3064,163.7475,2079.01,43605.1
1327312,-71.7772,163.6567,2078.31,38386.4
501644,-71.6803,160.3017,2076.58,49312.7
777985,-71.8047,163.745,2075.39,44169.8
3145968,-70.7139,159.8283,2074.45,30021.0
1227333,-71.5417,163.0475,2074.42,39202.7
1099392,-71.5508,160.1275,2074.37,40368.4
829370,-71.7369,163.5675,2073.76,43454.3
2702015,-71.5678,163.745,2072.63,31406.7
916700,-72.3233,163.8075,2070.87,42343.5
5148705,-72.0617,164.015,2070.3,25817.6
4264327,-72.9789,163.9808,2069.45,27377.0
5263011,-72.1233,163.515,2069.1,25639.3
163063,-71.3103,163.015,2068.38,64012.0
3586928,-72.3944,163.9033,2067.32,28858.9
1009961,-71.1561,159.8367,2066.94,41286.0
1341255,-71.1247,163.1833,2066.18,38278.4
8827080,-71.7114,163.5008,2066.02,21727.9
2013250,-70.495,159.7092,2065.8,34199.6
578766,-71.9294,164.5883,2065.54,47598.1
5565251,-71.4375,163.6658,2065.11,25195.7
1567401,-71.5869,163.7883,2064.41,36684.0
4456297,-72.4572,160.635,2064.08,27006.8
706717,-71.6617,163.4575,2062.96,45261.2
756789,-70.9417,162.945,2062.75,44481.7
10033361,-72.2164,163.7267,2062.61,20838.8
130267,-70.7872,162.7167,2062.45,67195.5
1017597,-71.6889,163.4808,2062.43,41202.6
4868491,-71.6847,163.4658,2062.25,26275.0
556489,-71.595,163.2792,2062.07,48068.3
4673578,-71.9122,164.5642,2061.24,26609.9
6292123,-71.7164,163.4892,2060.14,24236.7
432775,-72.0817,164.0392,2060.06,51124.3
10729610,-72.4506,163.8075,2058.31,20381.3
5270789,-71.6558,163.3767,2057.77,25626.9
1390715,-71.6367,163.375,2057.64,37903.7
520702,-70.85,162.6492,2057.49,48859.7
10461495,-70.4944,159.7183,2056.16,20552.5
7390073,-71.5789,164.1825,2055.88,23017.9
529490,-71.46,163.5625,2055.58,48655.8
101636,-71.5469,162.855,2055.19,70753.5
155171,-71.0594,162.7083,2055.08,64709.9
3114745,-73.0006,163.9692,2054.15,30112.1
893101,-72.8367,162.165,2054.11,42634.4
2008102,-73.1086,161.7917,2053.97,34225.7
3235225,-72.64,162.2125,2053.46,29769.6
2654826,-72.4531,163.7858,2053.41,31568.6
3050735,-71.5389,160.1558,2053.36,30297.8
2764595,-71.6539,160.2808,2052.86,31193.0
420336,-71.7381,163.3275,2051.81,51491.9
297273,-72.2128,163.3825,2050.51,55913.5
5100836,-73.115,161.7825,2049.8,25894.0
4678753,-73.2983,162.1125,2049.54,26600.4
143880,-70.7647,162.6517,2049.13,65781.1
61091,-71.3472,162.7717,2048.96,78372.0
1165312,-71.7414,163.3933,2048.94,39746.6
762382,-72.3108,163.7258,2048.12,44400.0
4104329,-72.6025,160.9667,2046.75,27698.6
3442794,-70.4689,159.7442,2046.71,29220.9
686588,-72.0992,164.4758,2046.6,45592.2
213248,-71.5139,162.88,2046.14,60331.1
1792601,-71.5994,163.7617,2045.51,35337.6
1219456,-73.1231,161.8583,2043.85,39269.2
299480,-72.88,162.9217,2043.76,55816.6
1672313,-71.7519,163.36,2043.69,36028.6
5601562,-71.7278,163.4883,2043.54,25145.0
10615518,-70.8733,162.7442,2043.45,20453.1
7387464,-72.1164,163.5192,2043.23,23020.7
679778,-71.8114,163.5842,2043.05,45710.8
9241017,-72.4411,160.5783,2043.0,21408.9
1970145,-71.4236,163.8417,2042.99,34411.4
180524,-70.9356,163.0717,2042.91,62604.1
462952,-71.6269,160.2275,2042.76,50302.7
2373204,-71.6969,163.4808,2042.53,32622.6
1062577,-71.5511,163.6783,2041.4,40736.1
11682999,-71.7239,163.4858,2040.22,19807.5
1718089,-71.0506,162.68,2039.98,35758.8
1052377,-71.7353,163.4517,2039.71,40842.3
10573976,-72.3889,163.9008,2039.5,20481.1
4000743,-73.1181,161.7725,2038.54,27916.3
5718647,-72.2603,164.27,2038.08,24982.3
146181,-71.3125,162.9025,2037.6,65552.1
10853666,-71.6203,160.2333,2037.59,20299.9
2602921,-72.9731,162.2333,2037.25,31751.7
792041,-72.2444,163.7567,2036.19,43970.3
1165166,-72.0075,160.6025,2034.34,39748.2
2009959,-72.0175,160.6025,2031.97,34216.4
5578535,-71.565,163.6925,2031.7,25175.4
4163616,-71.7431,163.4442,2031.28,27578.7
982530,-72.2406,163.3033,2030.22,41582.8
536858,-72.5678,160.9708,2030.11,48490.6
2937617,-72.0036,160.5867,2029.22,30640.7
1263918,-72.3444,163.8125,2029.03,38894.3
5219525,-71.0692,162.8125,2028.63,25706.3
214381,-72.03,164.02,2028.47,60258.1
8924759,-71.6642,163.4475,2028.4,21651.5
84495,-71.9617,163.7317,2027.36,73481.6
6383081,-70.8253,162.6308,2027.27,24128.7
3879135,-71.7664,163.6492,2027.11,28179.8
732544,-72.0822,164.1492,2027.06,44849.7
9304918,-72.4436,160.3175,2026.74,21358.2
169169,-71.9697,163.8892,2026.19,63498.4
1649762,-72.1672,164.2483,2025.12,36166.2
7478659,-71.5206,162.8692,2024.97,22929.2
7856117,-72.3228,163.82,2023.83,22565.1
417854,-72.4303,163.7667,2023.77,51563.6
3676083,-71.6097,163.0208,2023.46,28644.0
4924791,-71.7839,163.8675,2022.83,26180.3
724283,-71.6181,163.9017,2022.6,44980.2
4167842,-71.0456,163.1158,2022.48,27569.5
2177129,-70.7675,162.6267,2022.44,33442.4
1183342,-72.1469,164.5242,2022.31,39584.3
5467530,-71.6128,163.0292,2021.81,25334.3
9164265,-71.5961,163.0733,2021.5,21465.4
5022416,-71.5547,160.19,2021.25,26019.2
541743,-72.1014,164.085,2021.16,48382.7
11266597,-72.3203,163.8225,2020.53,20050.4
5210373,-71.4372,163.7633,2020.22,25721.2
702977,-70.5533,159.8867,2019.91,45323.1
2538717,-72.3028,163.7758,2018.16,31985.6
548485,-71.8017,163.9517,2017.66,48235.0
2478227,-72.2886,163.8358,2017.5,32211.9
7768491,-71.7317,163.4992,2017.16,22646.8
806236,-72.4189,163.7675,2017.09,43768.4
6435709,-71.5583,163.7317,2016.61,24062.6
3372847,-71.4914,163.5642,2016.56,29401.3
2619748,-72.1219,164.0875,2016.5,31691.4
7356061,-71.7325,163.3325,2016.44,23053.9
978813,-72.1553,163.63,2016.18,41625.7
687807,-71.7847,163.9983,2015.8,45574.0
2256037,-70.7617,162.6967,2015.32,33099.6
1269310,-71.5564,164.0367,2015.28,38850.0
1411177,-72.0753,164.1333,2015.22,37753.8
10597081,-73.1272,163.3758,2014.77,20465.6
4699857,-72.1783,163.5642,2014.24,26564.4
1534313,-71.5433,162.885,2014.04,36900.4
881495,-70.4858,159.7492,2013.74,42779.1
396560,-72.5381,163.405,2012.92,52221.7
8407378,-71.6239,162.9717,2012.21,22074.1
6020391,-72.3514,163.9275,2011.84,24581.3
6784702,-71.3114,162.9142,2011.74,23659.4
5266150,-71.6478,164.3367,2011.71,25634.4
10028956,-71.6139,159.9667,2010.33,20841.9
992339,-72.2525,163.315,2009.9,41476.9
6953326,-71.7958,163.7858,2009.87,23475.6
240475,-72.1586,163.2208,2009.29,58711.5
4988840,-71.7856,163.6408,2008.67,26073.0
874287,-71.8992,164.6,2008.55,42868.3
3549695,-70.8408,162.6792,2008.17,28951.5
5575183,-72.1497,164.5925,2007.74,25180.5
9934176,-72.2475,163.7467,2006.52,20906.0
7558496,-73.0503,161.3108,2005.94,22851.2
120346,-71.3975,163.3925,2005.8,68304.2
162229,-70.6992,162.5783,2005.66,64086.6
4018425,-71.795,163.7267,2004.86,27877.5
4505661,-71.5089,162.8617,2004.47,26914.7
5159208,-70.9403,162.7775,2003.55,25800.3
4203309,-72.2547,163.7417,2002.82,27497.8
102520,-71.4225,163.4892,2002.46,70630.1
1060424,-71.8153,163.545,2001.74,40759.5
10151811,-71.9978,160.5883,2001.72,20759.2
3001901,-70.565,159.8633,1999.74,30444.6
11143130,-72.4383,163.8833,1999.66,20123.4
9997334,-73.1742,163.4017,1999.55,20860.2
2210335,-71.7194,163.34,1999.22,33295.3
3283451,-71.1619,162.5692,1999.21,29638.7
9335356,-72.8789,163.6358,1998.92,21334.4
6496279,-71.6058,163.76,1998.52,23991.0
917769,-71.5306,162.9925,1998.46,42329.9
3457437,-72.0825,164.0608,1998.36,29181.6
1687487,-72.2139,164.455,1998.06,35938.3
8896401,-71.525,162.9975,1998.06,21675.1
1193513,-71.6564,163.1958,1997.58,39494.1
803489,-71.6739,163.1125,1996.86,43807.7
1463113,-72.2744,163.73,1996.4,37385.9
846136,-71.6,162.9575,1995.83,43230.9
4165739,-73.1358,161.8708,1995.02,27574.1
9938278,-71.4856,163.5575,1994.0,20902.9
3820398,-73.1372,161.8408,1993.82,28310.6
472007,-71.5667,163.5967,1992.7,50060.2
5848699,-71.9281,164.57,1992.67,24805.8
996587,-71.9536,164.54,1992.46,41430.8
2302345,-71.6131,163.8892,1992.16,32908.5
292768,-72.7319,162.3408,1992.1,56112.6
7090314,-72.3278,163.855,1992.06,23325.9
5305641,-72.1753,164.2458,1991.99,25574.6
7661313,-70.6206,159.5725,1991.77,22750.6
1597093,-71.5131,163.9408,1991.23,36494.2
2537648,-70.8297,162.7217,1990.95,31989.6
2184914,-73.0275,161.2408,1989.93,33406.1
139675,-72.0047,163.8708,1989.89,66207.8
6998651,-71.7414,163.6008,1989.65,23424.0
1097882,-71.6536,164.39,1989.62,40384.2
2975802,-73.0944,161.8108,1989.13,30524.0
9219647,-72.0064,163.8625,1988.43,21420.8
8326312,-72.1792,163.55,1988.19,22143.2
737124,-71.9828,160.6175,1987.41,44777.2
925378,-72.0956,164.1725,1986.64,42239.5
7478657,-72.6144,163.6817,1986.08,22929.2
3189664,-71.61,162.9658,1985.81,29897.7
8992538,-70.8097,162.6833,1985.2,21595.6
8341980,-72.2625,160.3675,1985.2,22128.9
1857075,-71.6472,160.245,1984.97,34989.7
555284,-71.0072,163.0208,1984.76,48092.1
11817495,-71.3875,163.4075,1984.52,19733.3
6962754,-72.6181,160.6075,1984.44,23464.7
614866,-71.4144,163.8808,1983.51,46880.6
5431336,-71.9431,164.5275,1983.43,25389.6
1830160,-70.7894,162.6658,1983.41,35135.1
1592011,-70.7008,162.5967,1982.68,36525.6
4327657,-72.9003,162.9392,1982.08,27251.1
5846804,-71.8042,163.5925,1982.05,24808.3
337846,-71.8767,163.6742,1981.98,54244.4
812399,-71.3408,162.7408,1981.23,43683.9
589381,-71.8617,163.6883,1980.42,47380.8
4930371,-72.7256,162.3542,1980.12,26170.6
3820399,-70.7706,162.6125,1979.99,28310.6
11701659,-73.0744,161.3442,1978.32,19801.0
3099871,-72.1497,164.4867,1977.81,30154.4
502836,-72.1653,163.7208,1977.57,49284.2
1332997,-71.6325,164.2717,1976.84,38341.6
344378,-72.0683,163.3875,1976.58,54005.4
8662310,-71.5117,163.9583,1976.45,21859.5
2710967,-71.5003,162.8467,1976.1,31374.2
5455995,-72.1847,164.2742,1975.91,25351.9
7499998,-73.14,163.4875,1975.66,22906.9
1099093,-71.6717,163.7033,1974.88,40371.6
264708,-71.9494,163.7975,1974.42,57442.3
3539179,-71.1497,162.8967,1973.69,28975.7
2633081,-71.9867,160.5933,1972.33,31645.2
801891,-72.1756,163.0775,1972.27,43831.0
8553615,-71.665,163.4267,1971.05,21949.6
2216703,-72.9644,162.0767,1970.8,33268.5
679207,-72.2642,163.2975,1970.47,45719.2
2111365,-71.6589,163.485,1968.9,33736.4
3923046,-72.8758,161.1375,1968.67,28082.4
730299,-71.3203,162.8533,1968.61,44883.8
1184692,-71.8094,163.53,1967.72,39571.5
6007188,-71.1094,163.0642,1967.02,24599.4
7574849,-71.3808,163.4167,1966.71,22834.5
4270085,-71.8083,163.9683,1966.56,27365.4
6462151,-72.3222,163.7858,1966.52,24033.5
707248,-71.5569,163.5858,1966.46,45252.8
10401008,-72.2044,163.4958,1966.32,20589.7
3212488,-71.9033,164.5842,1965.8,29833.7
5341037,-71.5581,163.6758,1965.2,25522.3
7563990,-72.2453,163.7833,1965.18,22845.7
5288502,-72.0792,164.1358,1965.1,25602.0
2766442,-72.5169,160.73,1964.79,31186.8
1897868,-71.93,160.405,1964.43,34777.8
2315257,-71.5383,162.9792,1964.19,32856.2
1074382,-71.585,163.0608,1963.73,40615.5
650679,-72.1439,164.1875,1963.58,46218.2
306769,-71.3703,163.7658,1962.06,55505.2
8439912,-71.4944,162.8558,1962.06,22045.2
1141845,-71.7317,163.2583,1960.68,39962.4
2416996,-72.0739,164.0917,1959.89,32448.4
1899596,-72.1494,164.2333,1959.81,34768.7
421335,-72.7561,162.2775,1959.59,51462.2
265111,-71.9136,164.44,1959.19,57421.2
6431362,-72.295,163.74,1958.48,24067.9
3405970,-72.1619,164.23,1958.46,29314.5
436454,-71.6586,162.9817,1957.89,51019.6
4251424,-71.9494,164.5275,1957.87,27400.3
329103,-72.125,163.7058,1957.25,54590.9
2798906,-71.6722,163.17,1956.14,31080.4
4063873,-72.2458,163.8025,1956.06,27783.6
1106846,-72.4425,163.7592,1954.11,40295.8
2421828,-72.1486,164.1992,1952.96,32430.7
10981882,-71.6686,163.7333,1952.29,20221.3
2274950,-71.6706,163.2192,1952.26,33022.5
8426882,-71.0997,163.2092,1952.22,22056.8
1243220,-71.2975,163.2442,1951.67,39067.5
1861643,-71.6483,163.6767,1951.55,34967.8
1575542,-71.7672,163.8858,1951.48,36630.1
1509124,-71.3067,163.0583,1950.73,37069.2
906982,-71.6614,164.29,1949.92,42460.7
5269288,-71.3439,162.7883,1949.79,25629.4
11143132,-72.1469,164.2075,1949.68,20123.4
1751960,-72.1381,164.1917,1949.14,35565.8
120296,-72.5564,162.2492,1948.55,68309.8
2415108,-71.7397,163.2875,1948.55,32456.2
2720767,-71.5789,163.6383,1948.53,31341.7
2183699,-73.0322,163.2183,1948.5,33411.9
4705021,-72.2703,163.295,1948.25,26554.8
4583275,-72.0608,163.3725,1947.46,26772.3
2551787,-72.0342,160.6325,1947.44,31937.8
239003,-71.9417,163.1275,1947.29,58794.0
3995620,-71.9606,163.1525,1946.93,27927.7
669828,-72.0267,163.3017,1946.65,45880.6
740307,-71.0517,162.6125,1946.53,44730.2
84329,-71.1567,163.36,1945.72,73511.1
515289,-71.45,163.4475,1945.11,48987.3
388678,-72.5517,161.0167,1944.4,52470.0
10373883,-70.4667,159.7783,1943.41,20608.3
9755262,-72.1053,164.4475,1943.18,21033.6
743249,-71.5356,164.17,1942.89,44684.6
2519886,-72.2189,163.2717,1942.72,32055.2
1084239,-71.7472,163.9017,1942.3,40518.1
1556308,-71.4897,163.8292,1942.02,36756.8
2723576,-71.5389,163.705,1941.9,31331.6
202565,-72.3739,163.6325,1941.49,61032.4
10199908,-73.1025,161.8058,1941.05,20725.4
4719434,-71.5542,163.5725,1940.61,26528.4
477868,-71.7875,163.3817,1940.41,49908.5
349632,-71.1936,163.3008,1940.27,53808.0
8588518,-72.145,164.2058,1940.21,21923.5
142789,-70.0136,159.2458,1939.49,65891.4
3923048,-72.1997,164.135,1939.36,28082.4
2308662,-71.3172,162.8825,1938.83,32881.4
522280,-71.8411,163.6658,1938.37,48825.8
735326,-71.2978,163.3408,1938.13,44805.7
9490432,-70.8747,162.8642,1938.0,21223.6
3398735,-71.6431,160.3108,1937.93,29334.1
194456,-72.1036,163.145,1937.52,61589.4
7269130,-72.0339,163.9825,1937.45,23142.1
2422327,-71.6369,163.6525,1937.34,32428.7
2204765,-72.1564,164.2167,1937.28,33320.2
7310906,-72.2886,163.7475,1936.84,23098.0
1166460,-72.0392,164.0225,1936.84,39735.3
11628969,-72.1656,163.0933,1936.83,19839.6
2641854,-71.5939,163.8633,1936.61,31612.9
3580905,-72.2328,163.7492,1936.17,28874.4
461486,-71.8489,163.5475,1935.28,50342.0
3167018,-72.1925,164.125,1934.51,29961.5
5404830,-71.6497,160.2058,1934.5,25427.2
1645030,-72.1047,164.0375,1934.43,36194.4
1075730,-70.8139,162.8283,1934.33,40601.4
3665296,-72.2211,163.2433,1933.68,28670.6
9720720,-72.105,164.05,1933.27,21054.8
1525523,-70.8328,162.6142,1933.16,36959.1
6676881,-71.4072,163.3825,1932.79,23783.0
5484973,-71.5828,163.6225,1932.34,25311.7
1415422,-70.8181,162.805,1932.13,37721.8
1683447,-72.3603,160.7842,1931.62,35963.1
4682614,-71.0664,163.1867,1930.6,26593.2
9763460,-71.7606,163.7708,1929.22,21027.5
5286998,-71.6275,163.07,1928.95,25604.5
4283764,-71.4303,163.4558,1928.24,27337.4
749860,-72.1506,163.2575,1928.11,44586.2
9077466,-72.4747,163.8425,1926.23,21530.5
7085272,-71.7981,163.6158,1926.21,23331.3
959143,-71.835,163.5342,1925.93,41848.5
7072999,-71.7439,163.6283,1925.82,23345.0
5657502,-71.8353,163.6467,1925.66,25066.4
649600,-72.0567,164.4358,1925.24,46237.4
799255,-71.9036,160.48,1924.97,43867.3
10898917,-71.6617,163.7033,1924.42,20274.8
148559,-71.3139,163.7467,1923.8,65326.3
494384,-71.0597,160.0767,1923.48,49486.8
101020,-70.7314,159.87,1923.36,70846.2
427932,-71.3653,162.775,1923.33,51267.5
3504297,-71.3308,162.74,1923.15,29063.5
6005306,-72.4353,163.8542,1921.55,24602.0
1928391,-71.9403,164.4692,1921.23,34621.8
10597084,-70.7144,162.6467,1920.58,20465.6
10438944,-70.8458,162.695,1919.7,20568.0
1790997,-71.4692,163.4275,1919.36,35346.6
665097,-72.7103,162.0892,1919.11,45962.4
4750106,-72.0528,163.3508,1919.11,26475.5
720749,-72.6992,162.1708,1918.88,45035.4
1439430,-70.8947,162.9242,1918.69,37549.1
948173,-71.6514,162.9825,1918.26,41973.2
2763970,-72.3244,163.6542,1917.46,31195.0
762085,-70.8483,162.8917,1917.09,44404.3
922987,-72.5536,162.2108,1916.91,42268.2
174305,-71.9556,163.295,1916.83,63093.7
5949493,-71.6353,162.91,1915.45,24674.4
1834334,-70.9308,163.0142,1915.28,35111.5
9167910,-71.8075,163.515,1915.13,21462.4
7148220,-71.63,163.3925,1914.46,23265.7
989523,-71.5575,162.91,1913.8,41507.7
3591315,-71.1436,159.8092,1913.56,28847.9
2505931,-72.6789,161.0825,1911.78,32106.9
1299996,-71.4847,162.8658,1911.41,38600.0
2387358,-72.3211,163.6225,1911.12,32564.0
857011,-72.7136,162.1267,1910.41,43089.2
11650471,-71.4344,163.455,1909.94,19826.7
5716906,-72.2758,163.7058,1909.62,24984.9
8297626,-71.5453,163.6975,1909.34,22169.1
5332977,-71.2825,163.2292,1908.96,25534.7
8591823,-71.6308,163.6383,1908.44,21920.6
1445979,-71.6414,163.005,1907.36,37503.3
2431412,-71.4933,164.265,1906.89,32391.4
3374496,-71.2839,163.3417,1906.8,29397.0
906485,-71.1275,163.2425,1906.27,42466.7
4464714,-72.4786,163.7992,1905.73,26990.3
2941504,-70.8717,162.9217,1905.49,30628.2
2421405,-71.5544,163.5267,1904.54,32432.6
1529238,-70.8,162.61,1903.76,36933.2
4436676,-71.325,162.7325,1903.35,27042.2
6717386,-71.0672,160.0675,1903.34,23734.7
2525595,-71.5611,164.2492,1903.29,32033.4
295372,-70.9825,160.0208,1903.06,56000.0
1707704,-71.5722,164.1117,1902.97,35819.3
316676,-70.7378,162.5375,1902.41,55092.8
1920979,-72.2411,163.4958,1902.4,34658.6
2035584,-71.9656,163.115,1902.26,34091.4
3266433,-72.8942,162.925,1901.32,29686.0
9212294,-71.5331,163.0283,1901.02,21426.7
921533,-71.3336,163.5225,1899.91,42284.7
444737,-71.13,162.7908,1899.34,50789.3
2014674,-71.7333,163.2142,1897.9,34192.2
635718,-71.4881,162.775,1897.56,46490.3
494530,-72.0933,163.6792,1897.14,49482.9
3071767,-71.5742,163.03,1896.95,30236.7
5147119,-71.5528,164.22,1895.71,25820.1
222476,-71.3836,164.1108,1895.65,59752.7
2483318,-72.6586,161.0792,1895.4,32194.1
2816505,-71.5017,163.5767,1895.36,31023.0
1118772,-71.4308,163.9367,1895.11,40181.8
2189667,-71.6222,163.6142,1894.94,33387.1
4015093,-71.4936,162.7583,1894.7,27884.3
1665580,-72.33,163.5833,1894.64,36071.0
5424148,-71.2083,163.08,1893.81,25397.1
2621394,-72.6569,161.0617,1893.74,31685.4
7950604,-71.8186,163.7892,1893.57,22477.4
2153760,-70.895,162.9567,1893.31,33545.1
7821035,-72.0925,163.5683,1892.04,22598.9
14568,-71.5406,161.7375,1891.93,100752.9
3477462,-71.6869,163.7483,1891.38,29131.4
394948,-71.3311,163.76,1891.37,52271.7
8413845,-71.6186,163.6083,1891.17,22068.3
1148296,-72.3022,163.6383,1890.14,39903.3
8008004,-71.2025,163.0675,1889.76,22426.3
3270979,-71.7583,163.8983,1889.71,29673.1
888148,-72.5439,161.0375,1889.12,42695.6
10981880,-71.925,164.4892,1889.12,20221.3
9759393,-72.0161,163.2692,1889.04,21030.6
1227332,-72.2761,163.6458,1888.84,39202.7
6435710,-71.4844,164.2692,1888.72,24062.6
3339332,-71.8667,163.7,1887.55,29490.0
7803648,-72.5733,160.9525,1886.99,22615.8
946026,-71.4067,163.285,1886.92,41996.0
535958,-71.5592,160.26,1886.79,48510.3
352707,-72.0261,164.4392,1886.55,53699.0
5921956,-71.8703,163.6933,1886.09,24708.0
1131185,-72.135,163.6867,1885.61,40062.7
2295812,-72.3381,163.6858,1884.98,32933.6
2667731,-70.7447,162.615,1882.46,31524.1
1585391,-71.7747,163.3558,1882.15,36567.4
7419125,-71.5664,163.1425,1881.57,22987.4
3388298,-72.1511,163.655,1881.14,29362.3
1826221,-71.5694,163.5383,1881.04,35155.0
11423952,-71.2142,162.9683,1880.11,19958.1
1599998,-71.0731,160.0442,1879.53,36475.0
10781579,-71.0728,162.7242,1879.3,20346.9
5047587,-72.3286,163.6067,1878.76,25980.0
4308001,-71.6933,163.7633,1878.47,27290.8
3481573,-72.0344,163.9667,1878.32,29120.4
593244,-71.7867,163.3058,1878.24,47302.7
7850430,-71.6236,164.39,1877.44,22570.7
3222006,-71.3256,163.5367,1876.6,29808.1
3638459,-72.7339,162.3067,1876.28,28735.0
6399849,-71.5153,163.9,1876.16,24107.6
774292,-71.1592,163.2767,1875.99,44224.6
5300960,-71.4964,164.24,1875.96,25582.1
3233798,-71.475,163.9283,1875.82,29773.8
4201171,-72.0003,163.8817,1875.26,27502.4
3421389,-71.5625,163.5283,1875.11,29275.4
3240610,-70.7414,162.6317,1874.98,29756.7
4606458,-70.8078,162.8783,1874.44,26731.8
3190400,-72.2717,163.675,1873.2,29895.6
4185287,-71.5633,160.2867,1872.39,27532.5
364702,-71.9864,163.8233,1871.66,53271.3
2317955,-71.9522,163.8425,1870.93,32844.5
3120205,-71.8025,163.4942,1870.81,30095.2
1817683,-72.7969,162.1425,1870.35,35200.3
1393872,-71.1744,163.2767,1869.58,37878.5
517439,-71.9928,163.9125,1869.53,48936.6
2033347,-71.6089,163.5792,1869.52,34102.6
721685,-70.9972,162.7342,1868.6,45021.3
2420446,-71.5517,163.1275,1867.7,32436.6
2947841,-71.3944,163.2775,1867.41,30607.4
468081,-71.4244,164.0267,1867.11,50164.5
2209808,-71.9733,163.8583,1866.61,33297.2
3596524,-71.7617,163.3942,1865.91,28834.6
5989078,-71.7225,163.425,1865.51,24620.1
1755538,-71.3481,163.5492,1865.43,35544.3
9379961,-73.0383,161.2758,1865.2,21304.5
9875756,-71.6397,163.8467,1865.19,20948.6
5243152,-71.1822,163.2475,1864.05,25671.6
7222232,-71.6364,162.9767,1864.02,23188.9
3118224,-72.0958,163.5942,1863.31,30101.6
870208,-71.4753,162.75,1863.09,42920.3
915057,-72.8678,162.9108,1862.02,42361.5
1072154,-72.1383,163.755,1861.89,40637.4
2564566,-71.5536,164.275,1861.84,31891.8
4759839,-70.7756,162.5817,1861.44,26458.7
9581006,-71.8183,163.6417,1861.35,21154.4
646240,-71.6722,162.9417,1861.22,46298.0
2340603,-72.705,162.15,1860.7,32751.3
8259848,-72.0322,164.56,1860.06,22203.6
2903094,-71.3267,163.7833,1859.74,30746.6
6159866,-72.2367,163.5858,1859.4,24401.8
5725787,-71.3556,163.6867,1858.96,24972.1
1352665,-71.445,163.9908,1858.44,38190.1
4047659,-71.6131,163.595,1858.29,27815.7
2565626,-71.9564,163.8575,1858.26,31887.8
8436606,-71.9731,163.9125,1858.03,22048.1
906714,-72.3553,163.6658,1857.91,42463.7
7353430,-72.2731,163.69,1857.1,23056.6
4111886,-71.5433,163.5333,1856.84,27682.5
499809,-70.72,159.855,1856.63,49355.3
416289,-72.0411,163.475,1856.62,51611.8
1118605,-71.5211,164.2133,1856.52,40183.4
3267919,-72.0383,163.2967,1856.06,29681.7
531365,-72.1111,163.2133,1855.98,48612.6
5117034,-72.3503,163.7742,1855.05,25866.9
4735559,-70.7103,162.6342,1854.33,26502.0
2374130,-72.3086,163.645,1853.58,32618.7
5023907,-71.4953,162.78,1853.17,26016.7
647004,-72.0506,163.5283,1853.16,46284.3
2206862,-71.8525,163.6275,1852.76,33310.6
760277,-71.4272,163.3542,1852.75,44430.1
9252259,-70.4628,159.7917,1852.24,21400.0
511128,-71.7314,164.0342,1852.14,49086.0
326693,-71.9094,161.375,1851.72,54686.5
7932881,-71.7878,163.5475,1851.21,22494.4
8520465,-71.4456,163.4675,1850.05,21978.6
10539871,-71.6564,164.3042,1849.85,20499.8
3469103,-72.5194,163.3942,1848.82,29153.2
4941528,-72.2508,163.5017,1848.72,26151.1
2246275,-72.5622,160.985,1848.44,33141.9
6972344,-72.0286,164.5642,1847.94,23453.9
7085273,-71.5053,164.3525,1847.78,23331.3
6613851,-72.1456,163.6617,1847.13,23855.2
569471,-70.4553,159.6808,1845.78,47790.5
582946,-72.6789,162.1225,1844.88,47511.0
10625005,-72.3492,163.7933,1844.76,20446.9
10729613,-70.8122,162.7575,1844.41,20381.3
11602131,-72.7794,162.06,1844.26,19855.6
2623658,-71.3722,163.8092,1843.89,31677.4
105589,-70.3881,159.7683,1843.15,70205.7
8145823,-71.1964,163.2642,1842.57,22300.9
263991,-71.3914,164.1867,1842.33,57476.7
1841741,-71.3386,163.0175,1841.46,35071.5
6750061,-71.0931,163.2367,1841.14,23699.8
2416997,-71.4769,162.86,1839.76,32448.4
2854516,-71.5289,164.1892,1839.75,30901.6
9255911,-72.1731,163.6875,1838.47,21397.0
2263222,-71.9589,163.7783,1838.03,33070.7
2365233,-71.8028,164.0358,1837.77,32653.9
1189592,-71.0683,159.8342,1835.6,39528.0
794997,-71.6767,163.315,1834.61,43928.3
7271635,-71.5603,163.1333,1834.28,23139.4
2281917,-71.3653,163.835,1833.74,32991.6
7900708,-71.8331,163.8017,1833.71,22525.5
1702982,-72.0756,163.6,1833.64,35847.7
1666757,-71.7936,163.4967,1833.24,36063.9
221896,-71.0731,162.58,1833.05,59787.9
4154492,-70.7797,162.5625,1832.68,27594.9
3380030,-71.7958,164.03,1831.98,29381.8
142682,-70.6439,162.4942,1830.62,65902.1
554019,-71.9461,161.3633,1830.07,48117.3
1798428,-71.8197,160.5192,1830.01,35306.9
11338453,-71.8247,160.5183,1829.62,20005.9
1279815,-71.85,163.81,1829.61,38764.7
5162224,-72.0878,163.5792,1829.56,25795.4
2289634,-71.8814,164.5592,1829.35,32960.7
1726447,-71.0247,160.0825,1828.88,35710.6
71032,-71.1003,162.6325,1828.45,76114.5
787268,-71.5339,162.7925,1828.23,44038.4
983540,-70.4678,159.67,1827.95,41573.6
1100334,-72.115,163.1092,1827.6,40359.0
378061,-70.3233,159.5367,1827.51,52816.1
1930417,-71.5069,162.7983,1827.17,34610.7
608871,-71.6942,162.9583,1826.26,46996.0
341160,-70.6722,162.5492,1826.01,54123.2
1112725,-71.3697,163.1125,1825.87,40240.4
2710964,-72.0822,163.61,1825.35,31374.2
6082667,-72.1242,163.6117,1824.89,24500.8
1338561,-71.3953,164.0508,1824.72,38300.0
618981,-72.0853,163.9767,1823.72,46803.1
2289221,-71.4522,164.0167,1823.63,32962.6
9041316,-71.5778,163.5758,1822.44,21560.1
9476509,-72.0114,163.23,1822.09,21229.6
6981917,-71.7533,163.5283,1821.09,23443.0
2947169,-72.5383,161.0317,1820.93,30609.5
8546939,-72.6756,162.1083,1820.86,21955.4
5780331,-72.865,162.8983,1820.84,24898.0
4975997,-72.2644,163.5117,1820.62,26095.0
2718362,-71.8208,163.465,1819.2,31347.8
3327473,-72.1714,163.7725,1818.29,29520.3
2830583,-71.6683,162.9817,1817.7,30975.7
2656462,-71.0772,159.8225,1817.51,31562.5
2487205,-72.1378,163.7292,1816.47,32178.2
1350592,-71.4289,164.0717,1815.9,38206.8
156541,-72.3997,163.2542,1815.23,64585.7
11356295,-70.8617,152.9217,1814.63,19999.5
4211020,-71.7364,164.05,1814.54,27481.6
4205435,-72.4586,163.7375,1814.3,27493.1
7085274,-71.3261,162.9142,1814.11,23331.3
2694566,-71.6472,163.3075,1814.11,31431.0
4849922,-72.3544,163.7683,1812.92,26304.1
201324,-72.4978,162.3658,1812.28,61110.6
9274481,-70.9775,162.9675,1812.19,21382.1
1788149,-71.0089,159.9717,1811.85,35362.8
2011416,-72.0956,163.645,1811.66,34208.9
2027293,-71.6331,164.435,1810.5,34132.5
665942,-72.0128,164.0008,1809.72,45947.2
4066074,-72.3356,163.6175,1809.71,27779.0
564479,-72.4436,163.3258,1809.13,47895.7
7792323,-71.8592,163.545,1806.06,22627.1
687205,-71.7403,163.1433,1805.59,45583.8
4042546,-72.8014,162.01,1804.78,27827.1
8227407,-71.9578,163.7592,1804.45,22229.4
1558948,-71.8686,163.6092,1804.12,36739.5
1734587,-71.3561,162.7083,1803.25,35664.2
10553764,-71.1911,162.8867,1803.17,20490.4
4732958,-71.6472,163.8475,1802.96,26506.8
4765185,-72.3228,163.5692,1802.75,26449.0
2781911,-71.9992,163.9017,1802.53,31135.7
1317114,-71.5381,161.7758,1801.58,38467.7
8677906,-71.8494,163.7,1801.3,21850.7
9430169,-71.3606,162.7117,1801.23,21265.6
2863535,-72.2056,163.3383,1801.07,30870.6
5112482,-72.0714,163.4392,1800.91,25874.3
9048537,-72.7144,162.39,1799.97,21554.2
4822505,-72.03,164.5142,1799.24,26352.5
1482014,-72.4989,163.3658,1799.0,37251.0
3307217,-72.0347,163.5033,1798.57,29574.2
1700564,-71.1172,162.7883,1798.5,35860.2
4779178,-71.8322,160.39,1797.97,26427.4
2837509,-71.405,163.9225,1797.74,30955.1
5538243,-72.6275,162.1867,1797.4,25236.1
9244771,-72.2936,163.7208,1796.7,21405.9
3998721,-71.0097,159.9917,1796.66,27920.8
2321566,-71.8606,163.8225,1796.02,32829.0
2990374,-72.4364,163.3342,1793.76,30478.1
1332150,-71.7508,163.1067,1793.56,38348.2
7778149,-71.3531,163.7108,1792.9,22641.2
4423655,-72.49,163.35,1792.55,27068.1
1557385,-71.5056,164.1067,1791.42,36749.9
1575801,-70.7367,162.4975,1790.46,36628.3
3515119,-72.0533,163.4925,1789.0,29035.0
1661010,-71.0925,162.665,1788.82,36097.5
2381626,-72.4775,163.4592,1788.72,32587.5
7308268,-71.8158,163.4933,1788.2,23100.8
432300,-71.5917,164.4792,1788.18,51138.1
2739411,-72.0769,163.6458,1787.79,31278.6
6803974,-71.9678,160.5867,1787.25,23640.6
93887,-71.6375,161.8808,1786.92,71899.6
652192,-70.9453,163.155,1786.75,46189.2
7594067,-72.4944,163.3525,1786.04,22815.0
3216981,-72.065,161.165,1786.01,29823.0
375854,-70.8714,163.1133,1785.01,52889.7
10316179,-71.7611,163.2875,1784.88,20648.4
9635707,-71.9536,161.3808,1784.47,21118.2
7861849,-71.5572,160.3317,1781.22,22559.4
4981714,-72.0189,164.5458,1780.84,26085.2
9343016,-71.5847,160.2008,1780.79,21328.4
2208128,-71.8375,163.4825,1779.88,33304.9
6551791,-72.0383,163.49,1779.75,23927.2
11806483,-72.0089,163.9933,1778.44,19739.8
679956,-71.9131,161.1892,1778.12,45708.1
7609058,-71.8333,163.5017,1778.11,22803.8
1416104,-71.7986,163.375,1778.01,37716.7
7135636,-71.7425,164.0625,1777.47,23279.4
5026718,-70.4731,159.6125,1777.46,26011.8
3559085,-71.3608,163.1167,1777.19,28927.3
1325507,-71.7811,163.185,1777.14,38401.4
2198363,-72.0447,163.9175,1776.89,33347.0
9763459,-72.2694,163.4858,1775.75,21027.5
5551534,-71.3447,162.9975,1775.12,25215.9
6820030,-70.6461,162.485,1774.85,23621.7
6361322,-72.6483,162.2083,1774.81,24152.5
6414413,-72.0764,163.5142,1774.78,24089.1
1747349,-72.3447,163.56,1774.66,35590.9
4443931,-71.9561,160.5883,1774.04,27028.1
8827081,-71.7008,163.7967,1772.86,21727.9
1882967,-71.9789,163.1767,1772.16,34856.5
3936411,-71.7947,160.4767,1770.67,28055.1
430554,-71.6789,161.9092,1769.88,51189.1
1128966,-71.8583,163.9592,1767.74,40083.4
6324321,-70.9739,162.9942,1767.65,24199.9
2751520,-72.5942,163.3133,1767.0,31235.8
1789394,-71.7461,163.2017,1766.59,35355.6
2231695,-70.9861,162.7175,1766.05,33203.4
3491779,-71.5414,164.2467,1765.19,29096.4
539145,-71.9069,161.4192,1764.36,48439.3
1180879,-71.8675,160.64,1762.73,39606.9
1383421,-70.3781,159.7725,1762.57,37957.5
5528616,-72.3825,160.9783,1762.39,25246.2
523991,-71.6036,161.8883,1762.05,48785.3
4434336,-72.0611,163.4908,1761.1,27046.9
703058,-71.6281,160.3467,1760.36,45321.7
125892,-71.7664,161.2817,1759.83,67673.5
8704838,-71.2164,163.005,1759.83,21827.4
63476,-71.4889,164.5508,1759.35,77807.4
601808,-71.9919,163.3908,1759.17,47135.4
5409553,-71.7639,163.1875,1759.06,25419.7
1278190,-72.0233,163.4783,1758.44,38776.2
3625984,-71.6828,162.9158,1757.78,28763.8
124724,-71.1686,162.6958,1757.43,67801.5
317117,-70.6606,162.4117,1756.95,55075.4
5674920,-70.5286,159.6817,1756.62,25040.9
7642156,-71.0369,163.0408,1756.03,22770.2
355069,-72.5231,162.3683,1754.73,53609.9
27267,-71.2711,164.0425,1754.11,90833.0
309285,-71.2178,162.8358,1753.49,55398.4
3495873,-71.5364,162.7725,1753.14,29085.4
886942,-70.8314,162.4833,1752.4,42710.5
9836719,-72.5569,162.27,1752.37,20972.9
11266598,-71.6736,161.8992,1752.19,20050.4
247278,-71.5733,162.8483,1751.71,58342.5
6429268,-71.9864,163.3708,1751.33,24070.6
7334091,-71.7558,163.21,1750.48,23073.2
3785812,-71.4622,164.0392,1749.0,28389.3
798313,-71.1581,162.6758,1747.24,43880.4
1237657,-71.6625,163.8792,1746.9,39114.8
6491956,-72.4944,162.3592,1746.85,23996.3
3595697,-72.6889,162.1425,1746.84,28836.8
8335814,-72.525,161.0392,1746.65,22134.6
1872424,-71.56,160.36,1746.63,34911.3
373124,-70.5458,160.005,1745.87,52981.1
8294468,-72.3942,163.2658,1744.72,22172.0
624106,-71.6111,161.8117,1744.63,46703.6
4896525,-72.0078,163.9808,1744.59,26226.5
5750634,-71.3769,163.4483,1744.01,24936.4
2105028,-72.0186,164.0267,1743.91,33766.6
694524,-71.9014,161.1642,1743.45,45460.7
8115125,-71.8383,164.0208,1742.43,22329.5
7859014,-71.6242,163.9175,1741.4,22562.2
7636607,-70.8464,162.9375,1741.12,22775.8
11173279,-71.3869,164.03,1740.85,20104.4
1319264,-71.9219,161.1942,1739.87,38449.5
2022417,-70.0136,159.2258,1739.68,34154.9
421608,-71.555,163.3167,1739.45,51453.5
1911690,-72.0669,163.5492,1738.15,34706.3
2225554,-71.9844,163.925,1737.93,33228.3
2878167,-71.3153,162.7033,1737.84,30825.2
1137835,-72.5231,161.1075,1737.77,40000.6
1471362,-71.0047,162.6767,1737.41,37326.2
3395493,-72.0147,163.3433,1737.1,29342.7
11356294,-71.3511,162.7158,1736.38,19999.5
560318,-71.4558,164.3775,1736.28,47984.7
1373315,-72.0619,163.9292,1735.41,38032.9
4940110,-72.3486,163.6133,1735.08,26153.5
3710784,-71.0519,160.0558,1734.62,28561.5
2252372,-71.3347,163.6392,1734.43,33115.0
2992411,-71.0278,163.1675,1733.96,30471.8
2336859,-72.6347,162.2783,1733.47,32766.8
11639819,-72.0736,163.5233,1733.35,19833.2
9853376,-70.6878,162.585,1732.85,20960.8
849373,-71.6539,161.8783,1732.5,43188.2
10967231,-71.7914,160.4425,1732.12,20230.7
10903746,-70.7825,162.7392,1731.94,20271.6
4848589,-72.3728,163.7467,1731.34,26306.5
3395494,-70.6606,162.5567,1730.33,29342.7
11143131,-72.3533,163.6133,1729.89,20123.4
184436,-70.5742,162.5725,1728.45,62317.5
10221915,-72.5217,161.0942,1727.98,20710.0
10918380,-71.55,160.3492,1727.85,20262.2
6759129,-71.5431,160.3,1727.43,23689.0
1900285,-71.8797,163.7275,1727.05,34765.0
2024976,-70.4394,159.6158,1727.02,34141.8
5716907,-72.0144,161.135,1726.04,24984.9
138360,-71.2239,162.6083,1725.85,66340.5
8749330,-71.2672,164.0592,1725.4,21789.4
1505363,-70.9158,163.0658,1724.93,37093.3
3553972,-71.9728,161.1333,1724.23,28940.5
7239956,-71.165,163.3883,1723.66,23169.7
8208757,-71.2192,162.9533,1723.6,22246.6
11623678,-71.5403,160.2242,1723.23,19842.8
8745868,-71.8281,160.5225,1722.59,21792.3
3906895,-71.1561,162.6442,1722.37,28118.7
5332978,-71.0028,162.6908,1722.3,25534.7
5923800,-71.3717,164.0675,1721.72,24705.4
4473170,-71.9669,163.7608,1721.17,26973.8
2054549,-71.93,161.2092,1720.51,34003.5
6525063,-72.0325,161.1867,1720.09,23959.1
2463271,-72.0211,163.92,1719.52,32269.2
1790035,-70.5508,159.9558,1718.72,35352.0
3475844,-72.0103,164.4392,1717.73,29135.7
9149453,-71.6683,161.8783,1716.66,21477.2
8139767,-71.6431,162.9083,1715.82,22306.6
5307209,-71.6269,163.4458,1715.51,25572.1
347697,-70.7767,162.8192,1715.46,53881.4
3152737,-72.4433,163.7092,1714.75,30004.0
7897860,-71.6194,160.3492,1713.38,22528.3
6210432,-71.7536,163.0908,1712.8,24339.0
2803115,-71.5686,163.3417,1711.47,31066.1
1261497,-70.7872,159.7458,1711.46,38915.6
4279096,-72.5422,162.2,1711.32,27346.8
10620223,-71.6233,160.345,1711.21,20450.0
886621,-71.6847,164.4675,1710.97,42715.0
1001441,-70.7397,162.3808,1710.4,41377.0
514008,-71.025,162.5675,1710.11,49017.2
1776754,-71.6331,163.9458,1710.02,35424.0
9387670,-71.9744,160.6942,1709.77,21298.5
4561576,-71.365,163.4308,1709.21,26810.3
7087820,-71.045,160.05,1708.66,23328.6
3926535,-72.0167,163.95,1708.34,28077.8
9743095,-71.5644,163.3333,1707.82,21042.7
289099,-71.0031,162.5317,1707.73,56280.4
9494354,-71.4833,164.5392,1705.5,21220.6
7452141,-71.6158,161.7967,1704.6,22956.9
7850431,-70.5797,162.5742,1704.44,22570.7
1206655,-70.7289,162.7058,1703.1,39379.4
2134155,-71.4744,164.2058,1703.09,33632.3
7768490,-72.0708,163.5367,1702.71,22646.8
1162100,-71.3539,162.985,1702.26,39775.4
7921220,-71.8222,160.5458,1701.55,22505.7
9647699,-71.77,163.195,1700.94,21109.2
3191087,-70.7678,162.5517,1700.46,29893.4
567608,-70.6364,162.5642,1699.71,47829.1
250413,-71.6292,160.405,1698.74,58178.5
9494353,-71.9828,163.845,1698.18,21220.6
8066317,-71.3578,162.9875,1696.88,22375.1
8211879,-71.6178,160.255,1696.01,22243.7
3585200,-71.2911,162.965,1695.6,28863.3
1367784,-70.7497,162.3642,1695.49,38074.8
7150673,-71.4347,164.0975,1695.13,23263.0
628131,-71.5822,164.4417,1694.17,46629.9
494322,-71.2858,163.4275,1693.93,49488.1
4185289,-71.3231,160.2292,1693.51,27532.5
4494621,-71.9217,161.3142,1692.76,26936.0
9938280,-71.0631,163.235,1691.97,20902.9
11751229,-71.9792,161.14,1691.27,19772.0
10274673,-71.2675,163.1767,1691.12,20673.1
8718430,-72.4467,163.6983,1690.29,21815.7
120434,-71.2964,164.0858,1686.81,68295.8
8935299,-71.3089,163.3767,1685.97,21642.7
971996,-71.3917,163.0808,1685.97,41703.7
6551789,-72.4783,161.1425,1685.1,23927.2
831818,-70.7119,162.4225,1684.56,43422.1
2699000,-70.8756,163.0567,1683.15,31414.8
43866,-71.1539,163.8958,1682.78,83453.1
966104,-71.5828,163.3383,1680.58,41769.3
5419258,-70.8744,163.0392,1680.45,25404.7
1862625,-71.6339,160.4,1679.11,34962.4
2182886,-71.9575,161.465,1678.18,33415.7
652475,-71.2869,164.1158,1677.44,46183.7
1360767,-70.0056,159.2592,1676.88,38128.3
516063,-71.8031,164.2467,1676.2,48969.1
535592,-72.475,162.3475,1675.99,48518.2
198357,-71.255,164.0125,1675.43,61314.6
5923799,-72.0575,163.5892,1675.32,24705.4
9561204,-70.7347,162.3858,1674.8,21169.5
10098171,-72.0608,163.5717,1673.6,20792.9
423434,-70.0394,159.335,1673.51,51400.3
11502937,-71.6086,161.8283,1673.38,19910.1
9684158,-71.9167,163.1808,1672.53,21082.0
1246960,-71.3397,163.8517,1671.99,39034.9
2508562,-71.9892,163.3267,1670.42,32097.0
4263167,-70.6292,160.0075,1670.31,27379.4
8381877,-72.5125,161.1025,1670.18,22097.2
7614596,-72.4389,163.6983,1669.07,22798.2
974895,-71.6472,163.9883,1668.5,41670.0
55599,-71.2336,163.4008,1667.13,79774.7
695266,-71.7169,161.9483,1666.73,45449.5
81774,-70.8997,162.5833,1666.48,73960.4
10106676,-71.4686,164.2242,1665.64,20786.8
7609059,-71.6106,163.3717,1665.61,22803.8
1391962,-71.7469,164.165,1664.68,37893.7
5063468,-72.5733,162.2133,1662.43,25953.0
740210,-71.8811,161.4392,1662.27,44731.7
443646,-71.6506,160.4467,1662.18,50820.6
402330,-71.6739,161.9558,1661.32,52038.4
2947170,-70.3792,159.5942,1661.19,30609.5
1483696,-70.3611,159.5992,1659.71,37239.0
6506987,-70.8078,162.5258,1658.54,23977.7
5407980,-72.5328,163.3442,1656.99,25422.2
5647183,-70.7656,162.3817,1656.16,25081.6
1059971,-72.5358,162.2767,1655.93,40764.2
3373665,-71.5814,163.3592,1655.9,29399.1
4966014,-71.0275,163.2,1653.18,26112.1
1103534,-71.8567,164.5767,1652.74,40329.0
346121,-71.6467,164.5025,1652.7,53938.1
786756,-71.3167,160.2817,1652.42,44045.6
3607239,-71.4372,164.1125,1652.18,28810.3
1730930,-71.335,163.8808,1651.35,35685.6
2439330,-72.5356,162.4067,1650.65,32361.8
1756180,-72.5947,162.2017,1649.97,35540.7
8507305,-71.2272,162.9525,1648.43,21990.2
7588554,-71.3344,163.6667,1647.36,22820.5
1503457,-71.0028,163.0842,1646.02,37107.0
2641855,-70.6303,162.59,1645.54,31612.9
7013488,-71.9886,163.3517,1645.53,23407.7
365438,-70.2933,159.64,1643.59,53246.2
5824932,-70.7297,162.4108,1643.57,24839.1
2235546,-71.6808,162.8825,1643.52,33186.1
165374,-71.1819,163.9383,1641.97,63811.7
4124192,-70.5875,162.5617,1641.05,27659.5
9700376,-71.6325,160.335,1640.85,21069.9
1049742,-71.2467,164.0008,1640.31,40868.8
11200313,-71.3753,163.0967,1640.29,20091.7
3343331,-72.2847,163.4475,1640.28,29479.2
809889,-71.3103,163.8375,1639.6,43717.5
4185286,-71.7386,164.1408,1638.21,27532.5
7292738,-71.3047,164.0542,1637.89,23117.3
1610991,-71.5625,161.725,1637.23,36405.0
8124521,-71.6072,161.9208,1637.18,22320.9
5870732,-71.5358,160.2608,1634.0,24774.9
10028954,-72.5933,161.1167,1633.57,20841.9
1088947,-71.7531,164.2308,1633.19,40470.9
9490429,-71.8328,160.6542,1631.76,21223.6
5690679,-71.8978,164.4033,1631.7,25018.0
1425618,-71.8317,161.3117,1631.55,37649.1
1008859,-71.85,164.555,1631.54,41296.8
2551788,-71.8519,161.2367,1631.12,31937.8
237633,-70.4692,159.8883,1630.22,58869.8
7101282,-70.7481,162.4742,1629.95,23317.7
5697815,-71.6708,163.8925,1629.3,25007.8
2977752,-71.6314,161.9258,1629.25,30517.8
9379962,-72.2794,163.3167,1628.4,21304.5
11596676,-71.6617,161.8783,1628.17,19858.9
567870,-71.8397,161.4408,1627.7,47823.8
2025714,-70.6594,162.4392,1626.52,34138.1
3580906,-71.8892,161.42,1626.34,28874.4
11645129,-71.2708,163.1208,1626.27,19830.0
9215993,-70.8428,162.5,1625.9,21423.8
2095916,-71.3131,162.7442,1622.92,33808.0
2925001,-70.8792,164.57,1621.99,30678.1
9589172,-71.4664,162.7492,1621.82,21148.4
3215304,-71.8844,164.4225,1620.47,29825.1
10351516,-71.9775,161.4917,1620.45,20623.7
10369449,-70.8742,163.0158,1619.84,20611.4
389128,-71.0367,163.37,1619.07,52454.2
418172,-71.4119,163.1833,1618.63,51553.7
2389434,-71.5553,161.745,1618.51,32558.1
5447764,-71.3628,162.9933,1618.44,25364.5
716467,-70.6758,162.7033,1617.37,45104.7
1225280,-71.5417,160.395,1617.02,39218.9
395921,-72.3697,163.1917,1616.95,52242.4
689916,-70.9939,162.5083,1616.45,45539.1
480085,-71.8078,161.3325,1615.77,49851.1
10221918,-71.825,160.6817,1614.63,20710.0
4030319,-70.5958,159.935,1613.77,27854.6
214466,-70.6042,160.09,1613.09,60252.9
700273,-70.2375,159.5342,1612.73,45368.1
11043803,-70.7825,162.7667,1609.72,20186.6
5601563,-70.8356,162.4717,1608.94,25145.0
2447189,-72.4689,162.37,1608.69,32330.3
5648894,-71.8494,161.2167,1608.03,25079.1
2634846,-71.6847,163.0933,1606.97,31639.1
7492003,-71.2228,162.7975,1606.62,22915.3
1129301,-70.3658,159.7875,1606.07,40080.2
1245183,-70.7236,159.8975,1605.73,39049.6
1586928,-71.1253,162.6575,1604.96,36557.0
1847041,-70.5936,159.9542,1603.15,35042.5
4063874,-70.7108,162.765,1602.22,27783.6
11476787,-70.79,159.7683,1600.96,19926.1
8470959,-71.1886,163.9317,1600.8,22022.1
1597353,-71.8378,161.3725,1600.39,36492.4
8565423,-71.1792,163.9333,1600.37,21943.8
3578274,-71.6439,160.4092,1599.21,28881.0
2547076,-71.5986,161.8017,1597.8,31955.7
8938810,-70.5564,160.0225,1597.54,21639.8
406491,-71.5531,161.7967,1596.88,51909.7
1069011,-70.5889,162.675,1596.76,40670.3
1049040,-72.5164,162.205,1595.83,40876.6
11552956,-70.7553,162.7475,1595.58,19884.5
759887,-70.98,162.5017,1595.11,44435.9
863618,-70.2381,159.6683,1595.04,43003.4
2781303,-71.0958,163.3058,1594.47,31137.8
7642154,-71.7681,161.2675,1592.97,22770.2
837994,-71.7403,161.9583,1592.26,43339.8
2393719,-70.8797,159.88,1592.21,32540.5
9110282,-70.8458,162.965,1592.16,21503.9
1615575,-70.9075,162.5975,1591.37,36377.0
3003843,-71.6578,164.015,1591.13,30438.3
8359445,-70.7269,162.7858,1589.42,22117.3
1632481,-70.4681,159.8683,1588.6,36271.8
5282214,-72.525,161.1525,1587.19,25612.0
4111887,-70.9617,159.9875,1584.34,27682.5
1379756,-71.7969,164.2658,1583.77,37984.3
7611825,-71.6467,160.4275,1582.76,22801.0
3811726,-70.6328,162.6408,1581.72,28330.8
9138352,-70.725,162.7233,1580.49,21486.1
526880,-70.6308,162.7267,1580.24,48718.6
11476786,-71.6425,163.9758,1580.05,19926.1
4038358,-71.5375,160.425,1579.84,27836.3
2987089,-71.8264,161.3692,1579.73,30488.5
6605101,-70.2997,159.5375,1579.17,23865.9
1146687,-69.9539,159.2,1579.16,39916.1
1639986,-70.9328,162.7075,1578.88,36226.1
9422399,-70.5464,159.9742,1578.06,21271.5
6389488,-71.4056,163.1983,1577.74,24120.8
9403133,-70.6589,162.4742,1577.43,21286.5
8935329,-69.9422,158.8306,1576.79,21642.7
7361327,-71.5447,160.4142,1576.61,23048.3
10443467,-71.6386,163.9625,1576.27,20564.9
3807808,-72.4578,162.375,1576.0,28339.8
5366985,-71.5706,161.7567,1575.42,25482.3
4233439,-71.7539,164.195,1575.31,27437.5
9197698,-72.4606,162.3633,1574.99,21438.6
1527523,-71.4214,163.2767,1574.66,36945.3
8338881,-71.3094,163.5733,1573.52,22131.7
3974805,-71.0967,163.3367,1573.33,27971.0
4127433,-71.8183,161.4467,1573.31,27652.6
5745360,-71.9731,163.3308,1572.55,24944.1
7737575,-70.5292,160.1192,1572.44,22677.7
3672506,-71.1419,162.6692,1571.4,28652.9
572269,-70.6603,160.0583,1569.2,47733.1
104195,-70.5378,162.5075,1568.71,70393.3
7748728,-71.6147,160.2733,1568.28,22666.5
7328885,-71.1186,162.6575,1567.19,23078.7
8671165,-71.365,162.83,1567.13,21856.5
2649195,-70.8972,159.9,1566.11,31588.7
102135,-69.9922,159.5472,1565.4,70683.3
4565701,-71.6286,160.4283,1565.12,26805.6
11834050,-70.9503,163.1867,1564.98,19723.6
983784,-71.7914,161.3717,1564.9,41570.5
1456564,-70.0236,159.35,1564.59,37431.8
10549137,-71.8217,161.4542,1564.51,20493.6
7511887,-72.1344,161.565,1562.4,22898.6
8008005,-70.9431,160.0317,1560.54,22426.3
2267615,-72.3833,163.2392,1559.65,33051.4
8323037,-71.7119,161.895,1558.05,22146.1
978262,-71.1342,162.6592,1557.08,41631.8
11628970,-71.4561,163.3658,1556.65,19839.6
10615569,-69.9903,159.5567,1556.06,20453.1
3222778,-71.0408,163.2808,1555.96,29805.9
778819,-71.2328,163.98,1552.92,44156.8
1008131,-71.7869,164.3092,1551.12,41304.5
6249214,-71.3061,162.705,1550.96,24291.9
7199388,-71.0453,163.2533,1549.68,23213.6
4070233,-70.5986,162.525,1549.55,27769.8
3706249,-71.6222,160.4333,1549.09,28572.7
3792359,-70.2444,159.6325,1546.39,28373.5
5486640,-71.1994,162.5875,1545.22,25309.2
5660922,-70.2642,159.6092,1544.52,25061.3
11767703,-71.6967,161.8617,1543.79,19762.4
11834048,-71.8894,164.3858,1543.56,19723.6
676343,-71.2017,163.9642,1542.09,45768.0
822627,-70.7689,159.9442,1541.2,43543.7
2885717,-69.9567,159.2211,1539.82,30800.4
831173,-69.9464,159.2583,1538.38,43430.9
11547575,-71.2314,162.8033,1538.36,19887.7
1540152,-70.1028,159.3925,1537.4,36862.4
7868865,-71.2025,162.5942,1536.69,22556.6
1311693,-70.0192,159.3783,1536.63,38509.1
11063650,-71.3017,163.5675,1536.27,20174.0
3354139,-70.7264,162.8267,1532.93,29448.9
1044719,-70.6933,159.9292,1532.06,40921.8
5832215,-70.6047,162.5308,1530.88,24828.9
6845428,-71.5803,161.7633,1530.74,23592.0
1639987,-70.6647,162.7383,1530.24,36226.1
7726268,-70.7033,162.8167,1530.22,22689.0
7903672,-70.7025,162.7442,1527.9,22522.7
3828007,-70.8389,164.5125,1527.9,28292.6
8233650,-71.525,160.4183,1527.06,22223.7
5718648,-71.0106,162.5658,1526.24,24982.3
7918222,-70.6703,162.77,1525.32,22508.5
416566,-70.6975,159.9933,1525.27,51603.1
10248294,-70.8575,162.5117,1524.91,20691.6
1846001,-70.2306,159.7133,1524.38,35047.9
1594359,-70.7636,159.9058,1522.95,36509.9
151630,-71.3483,164.27,1521.41,65034.0
3243561,-71.5544,161.8242,1520.38,29748.1
5157619,-72.5081,162.2158,1513.92,25802.8
765002,-71.6292,160.5367,1509.08,44359.8
11392563,-70.7536,159.8758,1508.89,19977.2
2653101,-71.6617,160.4942,1508.44,31574.6
7050876,-71.5331,160.3775,1508.01,23369.5
1875738,-71.6428,160.3608,1507.29,34893.1
3366479,-70.8625,164.4867,1506.74,29418.6
2072399,-71.7675,161.9758,1506.57,33917.2
9414693,-71.0581,163.2983,1506.24,21277.5
746114,-70.8111,162.9642,1501.82,44640.4
8963804,-71.6217,160.5367,1501.39,21619.1
1434969,-71.6356,160.5058,1500.13,37583.0
9840813,-71.9831,161.5617,1498.69,20969.9
2646268,-70.7219,162.8617,1498.3,31596.8
4503239,-69.9614,159.1789,1497.76,26919.4
1248420,-70.6208,162.4708,1497.14,39021.8
5991013,-70.9211,160.0933,1496.31,24617.5
10208802,-69.8894,158.9261,1496.1,20719.3
104555,-71.3769,164.3517,1493.32,70349.0
2155805,-71.7869,161.4158,1491.89,33535.6
858411,-70.7306,159.9633,1491.37,43072.9
3205944,-71.4775,164.5092,1489.78,29852.9
5130760,-72.4481,162.395,1489.08,25847.2
5326683,-70.9139,160.1117,1487.92,25544.7
7411203,-70.3686,159.7467,1487.88,22995.8
1706495,-70.8667,162.4992,1486.23,35826.4
3791478,-72.1467,161.7017,1484.76,28375.8
3238145,-71.8303,161.2492,1484.45,29761.0
9103110,-71.6164,160.5508,1481.52,21509.8
3702549,-70.6914,159.9117,1481.16,28581.6
1600836,-70.7283,159.98,1481.12,36469.7
3688111,-70.6539,160.0333,1480.76,28617.3
9055769,-69.9519,159.2433,1479.73,21548.3
187175,-70.0092,159.5083,1479.13,62118.8
368138,-70.3094,159.8408,1478.04,53154.0
6538658,-71.5831,164.5292,1477.85,23943.2
493968,-70.7092,162.9358,1477.81,49497.1
1067359,-71.7511,161.3717,1477.26,40686.0
5023908,-70.6328,162.6967,1473.94,26016.7
4899342,-69.9128,159.0711,1473.71,26221.6
4114019,-71.7964,161.2725,1472.11,27677.9
779788,-71.5111,161.7458,1471.62,44143.8
10643707,-71.7833,161.3083,1469.49,20434.4
330522,-70.8903,163.3192,1468.85,54533.7
1156735,-70.8094,163.0358,1468.53,39825.0
806726,-71.5889,161.9092,1467.19,43761.2
9828351,-69.5936,146.9355,1466.78,20979.0
545132,-71.4608,164.5392,1466.25,48308.9
103876,-70.7908,162.2158,1464.48,70440.4
841836,-70.8147,164.41,1463.79,43288.4
2591937,-70.065,159.3617,1462.92,31789.8
4441458,-71.7731,161.3958,1462.29,27032.8
9680137,-72.3994,163.1858,1462.25,21085.0
11387432,-70.8933,162.5717,1460.24,19980.4
360832,-71.7342,161.3408,1455.12,53406.3
362896,-71.7289,161.2517,1454.7,53334.7
1822055,-70.7181,162.8925,1452.17,35178.6
1141667,-71.6261,161.9833,1450.67,39964.0
2281030,-70.5883,162.76,1449.02,32995.5
8029089,-70.82,164.4592,1448.32,22406.4
305617,-70.4042,160.0283,1446.22,55556.9
553462,-71.3825,164.3175,1442.68,48129.2
1617199,-69.9614,158.04,1441.97,36366.5
7413872,-71.1797,163.9033,1441.72,22993.0
1847732,-71.5219,161.7633,1439.06,35038.8
9573076,-70.0881,159.4017,1439.06,21160.4
10265805,-71.8164,160.7175,1438.65,20679.2
807545,-71.4864,163.0392,1435.8,43751.0
347009,-71.4319,164.5942,1433.31,53906.2
226993,-69.9703,159.5722,1432.24,59481.3
9585021,-71.6608,160.5117,1431.45,21151.4
5041561,-71.0311,163.4267,1427.51,25989.8
5290046,-71.6178,160.4583,1426.87,25599.5
1081764,-70.6656,162.8017,1426.53,40541.7
4753009,-70.5883,162.7225,1426.01,26470.7
3302044,-70.7244,159.9417,1425.88,29589.2
11450339,-71.8872,161.4958,1421.17,19942.1
1327518,-70.1289,159.4492,1420.53,38384.8
10762722,-71.0311,163.4117,1419.33,20359.4
4537994,-70.4058,159.78,1418.8,26855.4
5280608,-70.5267,159.8975,1418.04,25614.5
744244,-70.7056,160.0233,1413.62,44670.4
7505454,-71.3783,163.0533,1412.22,22901.4
3737778,-71.35,164.1217,1412.03,28499.0
809297,-70.6297,162.7833,1411.31,43726.2
8193292,-70.4792,159.8225,1409.35,22260.9
917175,-71.6958,162.1117,1408.32,42337.4
890808,-70.7833,162.175,1407.99,42662.7
1286760,-70.7208,162.9483,1406.41,38707.1
9149454,-71.5383,160.4708,1406.19,21477.2
7680948,-70.4406,159.7642,1405.46,22731.0
1117672,-70.4,159.8592,1404.51,40192.9
5496642,-70.3303,159.7958,1403.51,25294.1
3757554,-70.9553,162.5417,1401.54,28454.3
3580039,-71.6292,160.4708,1398.53,28876.6
933879,-70.6572,162.8458,1397.21,42138.3
2661988,-69.8958,158.3872,1394.95,31542.3
1659872,-71.9933,161.6592,1394.16,36104.5
102843,-71.9233,161.6458,1392.45,70585.0
419223,-69.7147,158.6978,1390.85,51524.1
8319871,-71.6319,160.5717,1389.93,22149.0
781108,-70.2908,159.84,1388.52,44125.1
674015,-70.7294,160.1225,1385.88,45806.9
1374199,-70.3931,159.9692,1385.73,38026.2
698128,-70.7786,162.9958,1385.27,45403.2
1233619,-69.7867,158.7228,1384.98,39149.0
936844,-71.2567,163.7758,1384.66,42103.5
8142839,-70.7936,162.2283,1382.11,22303.8
1708001,-71.1858,164.5717,1380.95,35817.5
141679,-71.0042,163.34,1380.89,66008.3
3296021,-70.2931,159.855,1378.25,29606.5
1695617,-71.9314,161.62,1375.52,35890.4
2079891,-70.5586,162.6625,1375.04,33883.3
2101900,-71.6597,164.5267,1374.91,33781.6
8457903,-71.89,161.5067,1374.85,22033.6
4043596,-70.2831,159.8433,1371.08,27824.8
7921222,-71.7853,161.4333,1371.05,22505.7
374674,-70.8108,162.2758,1370.05,52928.2
344703,-69.7475,158.8156,1369.32,53992.4
3707140,-71.5019,163.04,1366.01,28570.5
1851448,-70.5258,162.5733,1365.6,35020.6
4882310,-71.6692,162.0508,1365.37,26250.8
4747507,-71.4967,163.0483,1364.4,26480.3
3291347,-71.4256,164.5967,1362.56,29619.4
7374499,-70.9014,162.6258,1358.39,23034.5
88830,-71.4731,161.7417,1357.6,72727.7
742806,-70.9189,163.3267,1357.35,44691.8
4012009,-70.2186,159.7217,1352.16,27891.2
1456121,-70.8178,162.2742,1351.45,37435.2
1889371,-71.9211,161.5817,1347.91,34821.8
1765974,-70.6839,162.9342,1342.43,35485.1
5084502,-70.3983,159.88,1342.21,25921.1
3631535,-69.7394,158.8389,1339.9,28752.7
361150,-69.6714,158.1967,1338.81,53394.4
2772229,-71.5044,163.2458,1338.48,31166.4
2312257,-71.6406,162.0008,1336.17,32865.8
706316,-71.7125,161.2992,1335.72,45268.3
3529897,-71.5936,162.8083,1331.85,28999.8
1643065,-71.335,164.31,1331.33,36206.7
4439037,-70.7886,162.1883,1328.66,27037.5
1229049,-70.7197,162.2875,1328.13,39188.0
8852128,-71.9389,161.6225,1327.71,21707.4
1412529,-70.8033,162.2492,1327.19,37743.7
2953332,-69.7742,158.735,1325.69,30592.8
11143136,-70.3217,159.81,1324.12,20123.4
7484007,-71.4975,163.2275,1323.27,22923.6
779984,-70.205,159.7225,1323.21,44141.0
9034256,-71.9808,161.6142,1320.95,21566.0
505272,-69.6781,158.1406,1318.59,49227.3
4651616,-69.9364,157.97,1318.19,26650.6
280078,-70.3092,159.975,1315.79,56698.8
3312793,-70.7117,160.205,1312.72,29561.2
4250325,-69.9214,158.1017,1312.0,27402.6
8595138,-71.2656,163.7633,1309.78,21917.7
3396273,-71.5578,161.6708,1309.3,29340.6
5244729,-71.8947,163.1108,1308.76,25669.1
999387,-70.0089,159.44,1308.7,41398.5
2339218,-70.5678,162.7842,1306.54,32757.1
9844935,-70.7411,160.02,1306.19,20966.9
5138293,-69.9978,159.5883,1303.62,25834.9
5046154,-71.645,162.8667,1295.31,25982.4
8876684,-70.0017,159.3658,1295.24,21686.8
98073,-69.9617,159.6417,1295.09,71273.9
1621794,-71.2461,163.7692,1292.59,36338.5
1434970,-70.3769,160.0042,1291.78,37583.0
453088,-71.8628,161.6242,1290.39,50564.2
456365,-70.8981,164.465,1285.4,50477.2
9354582,-69.9989,159.37,1284.97,21319.4
3665297,-71.8656,161.6133,1284.34,28670.6
2258905,-70.2039,159.6367,1282.73,33090.0
6092263,-70.7719,162.9583,1280.1,24487.8
8297625,-71.7508,161.4225,1279.84,22169.1
289650,-69.5428,158.0489,1279.71,56254.3
7024243,-71.7647,161.4633,1279.17,23399.5
993040,-70.6214,162.4117,1278.97,41469.3
1386956,-69.8969,159.3267,1277.19,37930.6
607443,-71.4889,161.7592,1277.03,47023.1
2869033,-70.2111,159.6358,1275.15,30852.1
4214394,-69.9781,159.385,1274.47,27474.6
1971187,-71.8569,161.5358,1272.62,34405.8
3560753,-70.8361,164.4408,1269.65,28922.9
633109,-70.0578,159.5675,1263.47,46538.2
851933,-70.3239,159.9883,1260.45,43155.7
1463401,-69.7275,158.2233,1259.74,37384.1
88319,-71.8022,162.155,1255.31,72816.2
9041358,-69.9856,159.3795,1253.69,21560.1
8645451,-71.8533,161.53,1253.52,21874.0
11038838,-71.8667,161.6467,1253.42,20189.7
552042,-69.4689,156.38,1249.96,48158.3
11251324,-69.5744,150.1994,1249.14,20059.9
10235018,-70.2181,159.65,1248.95,20700.8
2290490,-70.2258,159.7925,1246.19,32956.8
4366643,-72.0986,163.0175,1244.73,27176.2
8099791,-69.6864,158.125,1243.66,22343.7
1442946,-69.7819,159.0722,1243.22,37525.3
1081912,-71.8764,161.6008,1242.73,40540.1
7048424,-71.5036,162.695,1242.42,23372.2
3861230,-71.8656,161.5717,1242.36,28218.2
1089852,-71.8364,161.9942,1241.58,40461.5
9676104,-70.8408,163.12,1239.13,21088.1
467003,-70.3692,160.055,1237.93,50192.4
86007,-70.0378,159.8392,1237.29,73212.3
6065330,-70.1969,159.7192,1235.5,24524.2
5163719,-70.8061,162.3,1235.14,25792.9
6708166,-71.5044,162.9908,1234.29,23745.5
2837510,-70.3081,159.9958,1233.21,30955.1
5240064,-71.8567,161.6283,1228.06,25676.6
10102451,-69.4903,156.3244,1223.55,20789.9
181733,-71.4589,162.6933,1223.23,62514.5
11547574,-71.8311,161.9983,1221.96,19887.7
4688259,-69.6744,158.1606,1221.32,26586.0
1334743,-70.1539,159.5758,1219.87,38328.3
1127558,-69.7736,159.2778,1215.79,40097.7
1752521,-69.5253,158.0789,1213.85,35562.2
225074,-71.1269,162.5075,1212.97,59594.7
11455671,-71.8239,162.0008,1212.2,19938.9
1331742,-70.7728,162.2183,1210.0,38351.6
9231327,-71.4903,163.2217,1209.14,21411.9
179623,-70.7778,164.32,1208.13,62671.2
1371213,-70.3303,159.96,1203.25,38049.7
8876683,-70.23,159.7758,1202.18,21686.8
10360489,-69.6639,158.265,1199.3,20617.5
1303424,-70.0231,159.565,1197.37,38571.9
3464985,-70.5122,162.4767,1197.33,29164.2
3968785,-71.4906,163.0767,1197.13,27984.7
3514308,-71.6275,162.85,1192.21,29037.2
996458,-70.7522,162.9983,1191.61,41432.4
3592,-66.3594,162.3544,1191.4,123211.9
5341038,-70.0253,159.5967,1190.67,25522.3
9241019,-70.0575,159.545,1190.2,21408.9
2472780,-69.7572,158.9261,1189.05,32233.6
6259235,-69.4811,156.3283,1184.94,24278.8
9639665,-71.8758,161.5283,1182.78,21115.2
1180698,-69.8594,159.4689,1180.36,39608.5
11073504,-71.5225,160.5317,1178.13,20167.6
2025313,-69.8675,159.4561,1176.96,34140.0
4730367,-70.3331,159.885,1175.85,26511.6
3566821,-69.6428,158.1983,1172.6,28907.4
4005866,-69.4542,156.3922,1171.97,27904.9
349486,-69.4839,157.8817,1169.99,53813.9
8118275,-69.6672,158.1233,1169.69,22326.6
1165459,-71.5117,163.1325,1169.07,39745.0
4514174,-69.7797,158.165,1168.79,26898.1
1511571,-69.7986,159.3533,1168.6,37052.1
973453,-69.7119,158.0339,1167.29,41686.9
771860,-69.7325,159.0289,1165.31,44259.2
5854236,-71.9167,163.0208,1164.79,24798.0
10294054,-71.1197,164.5625,1164.11,20663.8
10539909,-69.9644,159.6295,1162.98,20499.8
4588401,-71.3575,164.4192,1162.52,26762.7
10364952,-70.33,159.9308,1157.96,20614.4
2393718,-71.5317,161.7992,1155.06,32540.5
1305346,-70.9511,162.4617,1154.86,38558.7
167554,-70.1747,159.9292,1153.87,63632.7
10369448,-71.36,164.4033,1153.54,20611.4
7290134,-69.795,159.1572,1149.48,23120.1
8457902,-71.9117,161.6058,1146.24,22033.6
7734740,-69.9517,159.4483,1143.57,22680.5
4104344,-66.3228,162.3428,1141.12,27698.6
1442061,-69.6875,158.0406,1138.86,37532.1
7631119,-67.5028,143.2578,1138.27,22781.4
2883830,-71.1269,163.9367,1136.81,30806.6
8708298,-69.7736,159.2078,1135.96,21824.5
6840842,-69.7719,159.2961,1135.96,23597.4
2093982,-70.7631,162.2133,1135.3,33817.5
429626,-71.5058,161.695,1132.16,51216.5
4325370,-70.1194,159.5642,1131.04,27255.7
5499910,-71.0036,163.3842,1130.41,25289.0
183605,-70.6708,162.2625,1126.31,62379.8
2159018,-70.0478,159.8408,1125.85,33520.4
1249746,-71.3961,164.5958,1122.35,39012.0
7108752,-66.3903,162.3861,1118.08,23309.5
2285051,-70.4164,160.15,1117.96,32978.1
3322882,-69.7542,158.0728,1116.55,29533.2
6096062,-69.8792,159.4156,1114.76,24482.6
1805460,-70.0872,159.6342,1114.49,35267.2
4753008,-71.7817,163.1433,1114.18,26470.7
4603473,-70.1839,159.9283,1113.9,26734.2
1492890,-71.3811,162.8592,1113.01,37179.1
3064886,-70.1842,159.8925,1112.3,30257.8
8687968,-70.085,159.6258,1112.29,21842.0
235569,-70.2242,160.0358,1108.5,58986.5
4318375,-71.4914,164.5942,1108.2,27269.8
7536204,-69.5442,158.205,1106.8,22873.5
8262923,-71.6267,162.8292,1102.62,22200.7
8230554,-71.5161,163.13,1102.26,22226.5
408507,-71.4528,161.7092,1102.26,51847.0
5868875,-70.0864,159.5992,1102.08,24777.5
11683047,-69.5544,158.0594,1101.42,19807.5
3680637,-71.3575,164.4433,1101.18,28632.8
590280,-69.6636,157.9961,1099.5,47363.3
2472781,-69.7075,157.9844,1098.49,32233.6
282503,-69.8914,159.6406,1095.33,56586.3
4772402,-69.6906,158.7039,1094.78,26439.4
6712737,-69.7111,157.975,1091.42,23740.1
5506766,-69.4469,156.3872,1091.42,25279.0
31558,-70.4836,162.11,1090.55,88485.9
2781307,-69.4817,156.4678,1086.29,31137.8
1021141,-71.4575,162.9383,1081.72,41165.5
11173317,-69.7333,159.0033,1074.47,20104.4
2869032,-71.2169,164.5508,1072.42,30852.1
3130402,-70.7725,164.35,1067.87,30067.7
943732,-70.3231,160.08,1066.43,42023.3
1728804,-70.4897,162.1133,1063.75,35696.3
9630961,-71.1339,163.4842,1063.74,21121.3
504975,-71.8894,162.3733,1061.92,49232.5
8880107,-70.7825,164.27,1054.67,21683.9
4193514,-69.7261,159.0461,1052.85,27518.6
1039590,-70.4986,162.1225,1047.11,40974.7
816392,-69.4064,157.7761,1046.11,43628.5
918480,-70.6072,162.2392,1044.14,42320.9
844365,-69.5986,158.6178,1042.35,43256.0
6269547,-69.4706,157.88,1040.83,24265.6
1442942,-70.6508,162.2525,1036.16,37525.3
6536536,-69.6658,157.9517,1031.21,23945.8
3685407,-71.4631,162.9317,1031.13,28623.9
3696254,-70.8311,162.2783,1029.76,28597.2
115536,-69.9092,159.7233,1028.87,68897.6
1081138,-71.0533,163.4825,1027.97,40548.0
584560,-69.6319,157.8528,1026.14,47478.8
1076148,-70.2336,159.965,1024.41,40596.7
357208,-69.8297,159.6922,1022.73,53533.8
940080,-71.12,163.855,1018.14,42067.2
1270417,-69.6942,158.7922,1015.79,38840.2
9300989,-71.2425,162.64,1014.41,21361.2
2994658,-70.6406,162.2567,1013.26,30467.6
3763983,-70.6236,162.2575,1011.69,28438.6
10461544,-66.415,162.3944,1010.75,20552.5
74407,-70.8028,163.345,1007.9,75416.5
1513516,-69.3892,157.8311,1007.45,37038.3
1281538,-71.2083,164.055,1007.13,38749.9
6768683,-69.5339,158.0,1006.35,23678.3
379653,-69.3825,157.7772,1003.11,52766.6
5811073,-69.4969,157.8217,1002.37,24854.5
3493385,-69.4131,157.7495,1000.62,29092.0
6080741,-69.9011,159.6333,995.37,24503.4
6512086,-69.4828,158.3678,995.08,23975.1
1567934,-71.1178,164.0542,992.63,36680.5
3067605,-69.6108,158.6161,992.52,30249.4
1030017,-70.5175,162.1192,988.38,41072.5
8093579,-69.8011,159.3978,985.46,22349.4
2906784,-69.4081,157.87,984.97,30734.1
3632425,-69.4978,157.1511,981.24,28750.5
2352444,-69.3961,157.7845,981.12,32704.6
5159225,-69.7208,159.0855,980.68,25800.3
2795932,-71.4981,161.6875,980.65,31090.7
3052119,-70.5072,162.1242,979.4,30293.6
671975,-69.4286,157.0789,974.11,45843.1
4882326,-69.7233,159.0728,973.3,26250.8
1109616,-69.9439,159.6245,971.83,40270.5
9289590,-70.2242,160.0158,971.05,21370.2
7563991,-71.1217,163.9975,970.33,22845.7
624177,-69.6911,159.0222,969.79,46702.2
156311,-69.4189,157.6611,969.48,64605.5
1594630,-69.7533,159.3644,968.85,36508.1
5611797,-69.3875,157.8961,968.49,25129.8
5399941,-71.3203,162.6158,968.12,25434.7
1331952,-70.0258,159.7492,967.0,38349.9
1349355,-69.8458,159.6683,966.6,38215.1
11828587,-71.1217,164.0142,966.51,19726.9
5662713,-66.2875,162.2956,965.31,25058.7
1271957,-69.4872,157.7828,964.41,38827.1
7729108,-70.5136,162.12,964.07,22686.1
7577520,-71.1622,164.035,962.73,22831.7
3433473,-70.4903,162.425,958.82,29242.7
808895,-70.8894,164.3917,958.61,43732.0
9339217,-69.4128,157.6639,958.48,21331.4
451873,-69.5297,157.7394,956.35,50597.0
4874086,-70.7697,162.1508,955.83,26265.3
1727887,-69.5256,157.79,951.05,35701.7
10028957,-70.6317,162.265,950.84,20841.9
6712714,-70.7611,162.1542,949.22,23740.1
8257,-66.7889,163.2483,947.93,109903.6
270671,-70.5469,162.1325,947.83,57147.6
6071124,-71.4997,162.6742,942.86,24516.4
9700414,-69.495,157.0717,942.01,21069.9
901071,-71.2475,162.5925,939.92,42534.1
6020394,-71.2556,162.6,939.58,24581.3
4346456,-69.4108,158.2133,937.7,27216.0
5136790,-71.115,163.8358,932.67,25837.4
4198902,-70.6,162.9958,931.13,27507.0
242043,-69.97,159.7755,922.63,58627.9
9289634,-69.5444,157.9745,921.69,21370.2
266138,-69.8589,159.8705,920.98,57369.0
50074,-70.7858,163.5767,910.76,81408.8
10558330,-71.5369,162.7158,909.63,20487.3
1563838,-71.3244,164.3625,908.43,36708.3
1949002,-71.2461,164.155,908.29,34516.7
3852715,-69.3767,157.7433,907.67,28238.5
4542889,-71.5369,162.7017,906.82,26845.9
6340640,-69.4264,157.0667,906.4,24178.8
11083515,-69.4908,157.795,905.14,20161.3
618368,-70.8783,162.4217,905.12,46812.6
9892389,-70.9764,162.45,904.34,20936.4
694259,-70.7703,164.185,904.08,45464.9
185578,-70.7297,163.6217,902.36,62233.6
1995612,-69.4153,157.1011,900.32,34287.1
201731,-69.4883,157.6978,898.86,61084.6
7305720,-71.4378,162.6708,895.85,23103.6
10089483,-71.5492,162.7258,894.88,20799.1
9938282,-70.8128,162.1858,893.51,20902.9
8588548,-69.4533,158.3039,891.74,21923.5
2623099,-69.6747,158.7983,891.38,31679.4
9468677,-71.2883,162.7233,891.07,21235.6
1891035,-70.8403,162.2692,890.2,34812.6
4729058,-70.5394,162.135,889.95,26514.0
949952,-69.7111,159.3044,889.85,41951.9
7653083,-69.8672,159.8894,885.07,22759.0
2126612,-70.7536,164.3733,883.56,33668.3
10392037,-68.7836,147.5244,881.76,20595.9
3163362,-69.6203,157.41,881.56,29972.2
3902009,-69.6858,159.0472,880.78,28130.0
11639822,-70.5514,162.4167,880.05,19833.2
935828,-71.2106,164.5025,878.76,42115.6
319924,-70.7503,163.2608,874.67,54958.5
6369693,-70.7708,164.1517,871.04,24141.9
1991215,-69.6797,159.065,870.6,34307.5
5754186,-69.7106,159.1283,870.17,24931.3
10863227,-69.9003,159.7356,869.69,20293.6
10265844,-69.6783,159.075,864.44,20679.2
4430756,-69.8144,159.7,864.39,27054.0
8866254,-69.5161,157.7994,863.23,21695.6
4080523,-71.4653,161.7125,862.71,27746.9
3943396,-71.2108,164.5317,861.67,28039.2
1111025,-69.6619,159.1656,856.85,40256.2
2850501,-71.2289,164.5292,854.99,30911.9
4967439,-69.6658,159.1417,853.89,26109.6
546928,-69.3178,157.6972,853.8,48269.3
3945361,-70.5975,162.22,852.74,28034.7
8635356,-69.9133,159.7,851.77,21882.8
4540406,-69.3539,156.1283,851.4,26850.7
1177669,-70.4564,160.9975,851.28,39634.2
6037464,-69.6633,159.1528,851.0,24557.9
4145916,-69.7053,159.3422,850.78,27613.4
1397474,-69.4056,158.4361,850.64,37853.3
6962756,-71.1164,163.5383,850.23,23464.7
10685765,-69.7081,159.3311,849.69,20406.3
7350866,-69.7142,159.2917,847.55,23059.4
407397,-69.6464,159.2228,847.47,51881.4
929155,-70.465,162.1025,846.44,42195.7
5997710,-70.5239,162.1233,846.28,24612.4
2634847,-70.7439,163.59,842.65,31639.1
5852376,-66.8267,163.2433,840.55,24800.6
10606217,-70.5453,162.1158,839.43,20459.3
11542171,-69.4117,158.4239,837.6,19890.9
8802924,-69.5339,157.7639,831.32,21748.4
515593,-71.0861,163.9133,828.35,48979.5
1417172,-69.4178,158.5111,827.85,37708.3
864941,-71.0781,163.9533,826.75,42987.1
1338362,-71.0892,162.4908,820.49,38301.7
1319942,-71.08,162.4783,819.24,38444.5
5258334,-71.2183,164.1008,818.85,25646.8
3468273,-69.8581,159.8256,818.68,29155.4
2417003,-69.4906,158.6433,818.07,32448.4
413361,-69.6208,159.0678,817.05,51700.6
7108728,-70.8725,162.4333,814.72,23309.5
583617,-70.9503,164.5183,811.78,47498.9
11834049,-70.9964,162.4142,810.65,19723.6
2244495,-69.4342,157.2245,810.34,33149.6
7912484,-69.7361,159.3972,809.11,22514.2
5859726,-69.9703,159.7272,807.87,24790.3
685579,-69.3433,158.2895,804.07,45610.4
5981669,-69.4222,156.3783,803.82,24630.5
6909581,-69.6678,159.1128,802.85,23521.7
1131010,-69.5744,158.7522,800.83,40064.3
8715112,-69.6664,159.1317,798.77,21818.6
3759339,-69.6583,159.1817,798.71,28449.8
8988917,-71.7706,162.0767,797.82,21598.5
9138351,-71.0883,163.93,793.93,21486.1
4851314,-69.3069,157.7933,793.51,26301.7
160327,-69.3392,157.1467,791.74,64250.5
364664,-71.1775,164.4308,789.17,53272.5
9545452,-69.3094,158.1111,787.58,21181.5
6416557,-70.7672,163.605,787.46,24086.4
571489,-69.3247,157.6467,786.14,47749.1
8628640,-71.5364,161.6458,784.3,21888.6
4431978,-71.2753,164.225,783.67,27051.6
677402,-69.2336,157.8567,783.65,45751.2
9430201,-69.4194,157.0367,780.63,21265.6
158524,-69.2531,156.99,780.57,64412.9
3984816,-69.3239,157.63,777.45,27948.2
6734255,-69.2372,157.8755,775.35,23718.6
5776788,-70.7767,163.6133,773.75,24903.2
5016693,-69.4603,157.2411,769.96,26029.0
3682481,-71.0936,163.9217,768.45,28628.4
1313707,-71.0661,163.9467,766.66,38492.5
8332688,-69.3175,157.7606,766.12,22137.5
10525367,-70.4719,162.1058,764.02,20509.1
1604022,-69.2617,157.9839,761.78,36448.7
828617,-70.7214,162.1125,761.26,43464.6
1190951,-69.3892,157.0367,757.17,39515.1
2301909,-69.4094,157.71,756.34,32910.4
2503932,-69.4494,158.665,756.32,32114.8
7358644,-71.1011,163.9075,756.2,23051.1
2519888,-70.7161,162.1417,755.95,32055.2
3667115,-69.4658,158.5517,754.09,28666.2
9418541,-71.0822,163.9408,751.84,21274.5
3004546,-69.4789,158.6967,750.79,30436.2
521904,-71.0839,164.5333,749.01,48833.6
1680291,-71.0994,163.83,748.3,35980.8
667154,-69.2414,158.0083,748.2,45926.4
9414695,-70.73,164.545,747.77,21277.5
11650470,-71.5,161.7983,745.98,19826.7
4599677,-71.1075,163.9508,744.83,26741.3
6140354,-69.4433,158.6767,743.14,24427.9
1604021,-69.6342,159.045,739.89,36448.7
2729951,-69.5225,157.3417,739.81,31309.2
8806381,-70.7183,162.1283,735.67,21745.5
8002037,-70.7986,163.5567,735.16,22432.0
5884769,-66.4386,162.4028,734.67,24759.5
1464072,-70.8797,163.3833,734.6,37379.0
3913095,-69.6536,158.9922,734.39,28105.1
3519550,-70.7086,162.1367,732.36,29026.2
1341689,-69.395,157.15,732.35,38275.1
803676,-69.3619,157.0233,730.95,43804.8
2344991,-69.4728,158.7883,730.5,32735.7
7048425,-70.9828,162.4033,727.4,23372.2
7222257,-69.6186,159.0872,725.69,23188.9
8090599,-69.5175,157.3372,725.13,22352.3
11413528,-70.8008,163.5508,720.35,19964.4
1068573,-69.2839,158.2578,720.03,40675.0
4465916,-69.6486,159.0072,719.17,26987.9
1766618,-70.9892,163.4258,717.94,35481.5
357564,-70.4378,162.3625,717.36,53520.7
8133669,-69.3128,157.6083,716.8,22312.4
1179192,-69.4281,157.2628,715.13,39619.7
10115505,-69.3289,158.3189,709.78,20780.7
5076575,-71.7978,162.0158,708.99,25930.9
6401915,-70.7356,162.1342,708.32,24104.9
7847436,-69.2858,158.0811,707.17,22573.5
4292688,-70.7364,162.1658,705.3,27318.8
271048,-69.1983,157.8906,704.89,57129.8
2447194,-69.4425,158.7439,703.25,32330.3
451225,-70.4922,161.1783,701.7,50614.6
1043399,-66.7781,163.2311,699.2,40935.8
9832541,-69.8675,159.8094,695.23,20976.0
730470,-69.2036,156.0617,694.16,44881.0
3623227,-70.7389,164.355,690.9,28770.5
552439,-70.8633,162.2792,685.11,48151.7
5169878,-70.7319,164.3575,684.96,25783.0
2430955,-70.8208,164.2425,683.64,32393.3
7457352,-70.7467,164.1117,683.52,22951.4
10786412,-71.085,164.5142,683.09,20343.8
3126952,-69.2225,157.8594,679.68,30078.3
261413,-69.5511,159.0056,679.2,57605.1
11158309,-71.0225,163.5083,677.72,20113.9
7457372,-69.5178,157.7039,676.92,22951.4
11078542,-69.2472,157.8272,674.33,20164.5
3071768,-71.1008,164.5542,672.54,30236.7
7569398,-71.0978,163.9958,667.45,22840.1
8457905,-71.0122,162.4292,665.95,22033.6
7077925,-71.0911,164.5442,660.97,23339.5
6416572,-69.4058,158.5278,659.46,24086.4
847483,-69.4242,158.7656,658.51,43214.7
3895208,-71.0822,164.4958,654.48,28145.8
8294498,-69.4622,157.7989,654.22,22172.0
2572912,-69.355,156.9989,650.49,31859.9
1677157,-69.1897,157.8606,648.98,36000.3
2854521,-69.2606,157.7339,648.67,30901.6
287512,-70.6889,163.7233,646.64,56352.8
7092776,-70.4539,162.0925,646.21,23323.1
9383801,-71.1692,164.4508,644.64,21301.5
2333620,-69.5114,158.8044,639.73,32780.4
7892046,-69.2544,157.7467,632.34,22534.0
5634072,-68.7106,154.2967,631.08,25096.8
7701213,-71.1144,164.4958,629.67,22714.2
2342923,-70.6667,164.5717,629.33,32741.5
3617678,-70.6714,164.59,627.57,28783.7
8381911,-69.4353,158.6494,623.95,22097.2
2850506,-69.2069,155.985,623.0,30911.9
6797119,-69.4911,157.3239,617.25,23648.7
638406,-70.8069,163.5167,614.7,46442.3
756538,-71.0167,163.8525,603.05,44486.0
2194604,-70.6694,163.7683,582.95,33364.2
9942445,-69.2178,157.87,581.13,20899.9
1183688,-66.8219,163.1772,580.63,39581.1
2570748,-71.0697,164.4608,579.4,31867.9
4722077,-70.8967,162.3992,573.57,26523.6
522093,-70.6875,162.1208,573.26,48829.7
1791000,-69.6192,159.1361,569.35,35346.6
416538,-69.2247,157.5645,568.65,51604.4
2029157,-70.7142,164.3133,564.1,34123.2
3367311,-69.2417,157.7594,563.92,29416.5
8449866,-69.6103,159.0911,559.69,22036.5
6986749,-71.0672,164.4383,556.36,23437.6
9533634,-69.2444,157.0222,555.53,21190.5
2614294,-70.9206,163.435,545.0,31711.5
199270,-69.3697,158.4967,542.55,61252.3
8329519,-69.3142,157.0128,536.47,22140.4
712303,-69.3903,158.5656,533.7,45171.0
6799320,-66.8708,163.2694,530.72,23646.0
448033,-67.3792,144.2483,529.68,50701.4
1077374,-69.5747,159.0783,527.82,40584.1
7395461,-69.2444,157.6783,525.37,23012.4
492212,-69.3711,158.6,524.35,49540.8
581936,-69.2086,157.6295,524.25,47532.5
628699,-67.1078,144.39,524.24,46618.9
10033397,-69.2494,157.665,524.21,20838.8
10307515,-70.7161,164.325,523.47,20654.6
8124540,-68.9739,155.2411,522.5,22320.9
3254882,-67.3858,144.2478,520.53,29716.0
5407989,-69.4072,157.2495,514.84,25422.2
4685227,-69.4564,157.31,510.78,26588.4
997757,-70.6389,164.3158,508.47,41417.0
3606347,-70.1928,160.6442,504.39,28812.5
11712771,-69.2547,157.6439,502.61,19794.6
5655771,-69.2317,157.5472,501.8,25068.9
6775526,-69.6131,159.1645,501.01,23670.2
3352650,-69.1839,155.9911,500.61,29453.3
4044636,-69.3828,158.4267,498.52,27822.5
2616523,-70.3836,162.3433,497.27,31703.5
11048817,-69.3267,157.1689,497.06,20183.4
1386746,-70.6733,162.1033,495.11,37932.3
3354151,-69.2233,158.0695,490.27,29448.9
7984048,-71.1992,161.2942,490.13,22449.0
4587162,-69.2156,157.6322,484.4,26765.1
639486,-69.0508,155.8055,482.82,46423.1
827958,-69.5597,159.3611,482.3,43473.4
2360171,-69.3217,157.1928,479.62,32675.3
9016171,-70.7108,164.3025,478.58,21580.8
2836911,-71.6003,162.0292,467.96,30957.2
8060374,-69.2394,157.5472,466.21,22380.8
5416094,-69.3922,157.2567,460.34,25409.7
739557,-69.2283,156.9244,460.17,44741.6
6741034,-69.5817,159.0494,453.01,23710.5
5598122,-70.7264,164.1083,450.97,25150.1
2434996,-69.3981,157.2772,447.43,32379.6
1365885,-69.1761,157.8739,445.1,38089.9
1570984,-69.2067,157.0139,439.33,36659.6
265594,-68.1158,146.9672,438.12,57395.7
10289683,-70.8033,163.4792,436.9,20666.9
6073077,-69.3186,158.3839,435.36,24513.8
10217559,-69.5714,159.0905,432.58,20713.1
8133640,-70.6786,162.11,431.9,22312.4
4230138,-69.2239,157.7267,422.03,27444.4
3309467,-69.2803,158.3272,421.66,29567.7
4867099,-69.2,157.03,420.11,26277.5
3575668,-69.1906,157.0222,416.23,28887.6
8738990,-70.4269,161.1008,415.36,21798.2
2891761,-69.2158,157.0539,414.68,30783.8
3993592,-69.8769,160.0928,413.37,27932.2
11118444,-68.5156,147.3272,408.46,20139.2
1146688,-69.1825,157.9639,403.65,39916.1
11251325,-69.2286,157.7139,402.49,20059.9
1483482,-69.5631,159.1189,397.7,37240.7
2604522,-69.1758,157.9039,396.37,31745.7
969532,-70.5708,161.2417,393.0,41731.2
7413870,-71.5839,162.0067,391.1,22993.0
5681832,-69.5911,159.1533,383.3,25030.8
3442805,-69.1986,157.1411,381.26,29220.9
8218271,-69.3806,158.5905,376.03,22238.0
7336778,-69.3836,158.5855,375.32,23070.4
1850773,-70.5431,164.105,374.1,35024.3
9059471,-69.2214,157.1645,373.23,21545.3
11256395,-70.4264,162.0917,361.05,20056.8
7963419,-70.6667,162.1017,354.91,22468.9
6694672,-69.5881,159.1633,354.46,23761.5
5681817,-71.4572,162.0392,343.35,25030.8
615785,-69.1783,157.9872,343.03,46862.9
2836918,-66.3494,162.4355,337.72,30957.2
3121649,-71.4228,162.0417,336.46,30091.0
155989,-70.2456,161.8608,327.86,64635.0
5987216,-69.2056,157.1761,322.12,24622.7
11575111,-68.7436,151.17,316.78,19871.7
4791052,-69.5011,159.4,313.19,26405.6
7680972,-69.5297,159.3361,309.45,22731.0
4055500,-71.3972,162.05,294.78,27801.9
210467,-70.3719,163.4358,287.33,60508.2
617115,-68.4008,149.7789,277.19,46838.5
1718950,-68.4278,149.84,275.17,35753.4
1592014,-69.1647,157.1378,247.74,36525.6
8020109,-71.3656,162.0158,238.0,22414.9
11839597,-71.3667,162.0083,231.69,19720.4
4035325,-70.3589,161.0892,225.84,27843.2
3554789,-67.8469,144.1394,224.82,28938.3
1581609,-69.1483,157.0389,220.65,36591.8
8087546,-71.3856,162.0375,220.65,22355.1
375032,-66.5525,162.7322,219.76,52917.4
7889125,-68.5394,153.7572,194.58,22536.8
4212123,-69.2311,158.2672,192.75,27479.2
7382343,-69.2281,158.2444,180.84,23026.2
1818789,-68.7808,155.0744,175.03,35196.7
621158,-66.4914,162.64,171.6,46760.9
2501986,-69.1742,156.8028,157.12,32122.7
11558226,-68.6311,151.1494,155.37,19881.3
10634418,-68.7589,153.1583,153.7,20440.6
5467546,-68.6153,151.185,148.81,25334.3
6182562,-66.7728,163.2767,141.2,24375.7
8956583,-71.1742,161.8258,134.97,21625.0
5175944,-68.4431,148.2472,133.75,25773.2
7413902,-66.5658,162.7556,128.1,22993.0
9387706,-68.7336,153.6194,123.15,21298.5
10884366,-67.6136,144.2556,121.96,20284.2
9312620,-69.12,156.4817,120.84,21352.3
5705933,-68.3931,148.1811,112.83,25000.2
10076949,-68.9617,155.4244,109.0,20808.2
7148240,-68.6714,152.5261,105.43,23265.7
5830443,-66.8969,163.2583,103.82,24831.4
7063221,-68.6386,152.4856,102.96,23355.9
8044041,-68.4017,148.3256,102.94,22392.2
1717804,-70.3906,163.33,100.36,35760.5
11133380,-68.215,147.5389,99.12,20129.7
5848708,-67.9267,146.8256,98.41,24805.8
7924148,-67.5822,144.2733,98.19,22502.9
3224969,-68.4069,148.3022,97.41,29799.5
1872075,-69.0975,157.5695,95.66,34913.1
7242574,-68.6347,152.2361,95.09,23166.9
10724995,-68.6422,152.4539,93.18,20384.5
7497342,-68.6283,152.4339,92.71,22909.7
10918384,-70.2444,160.9625,89.49,20262.2
9779780,-68.6294,152.4939,88.53,21015.4
11382297,-68.3828,148.3189,86.95,19983.6
8461131,-68.5964,151.7233,86.46,22030.7
8294500,-68.3742,148.3267,85.94,22172.0
2323877,-66.9169,163.31,84.53,32819.3
3563349,-68.5703,151.9217,84.12,28916.2
10016213,-68.58,151.695,83.33,20851.1
8935330,-68.5867,151.9511,83.24,21642.7
5704161,-68.6044,152.4244,81.73,25002.7
11778915,-68.1542,147.6839,80.56,19755.9
6344760,-68.3981,148.2206,80.51,24173.6
5273916,-68.5722,152.0261,79.82,25621.9
9771579,-68.6339,152.275,79.36,21021.5
11629022,-68.3608,149.7683,79.3,19839.6
5627218,-68.5756,151.9267,79.28,25107.0
6813238,-68.5958,152.3256,79.23,23629.8
3418930,-68.2164,147.1906,78.98,29281.9
4655438,-68.5628,151.9211,78.89,26643.4
11058798,-68.5525,151.9417,78.87,20177.1
7384922,-68.5611,152.0456,77.76,23023.5
8112068,-68.5417,152.0578,77.19,22332.3
8139793,-68.4031,148.2439,75.81,22306.6
5943941,-68.3667,148.2155,75.65,24682.2
4988841,-70.2833,161.725,75.62,26073.0
9110310,-68.5597,152.1139,74.89,21503.9
6993843,-68.3753,148.2111,74.6,23429.4
4611524,-68.5464,151.9128,74.18,26722.2
6395651,-68.4094,148.2617,73.52,24112.9
8575306,-68.1433,147.36,73.33,21935.1
11629021,-68.5433,152.0039,73.18,19839.6
11734608,-68.5456,152.0244,73.05,19781.7
3432669,-68.5506,151.7189,72.71,29244.9
4780542,-68.1475,147.3167,72.58,26424.9
5360582,-68.5625,151.6972,72.38,25492.3
7981120,-68.5658,152.2311,72.1,22451.8
7620049,-68.1283,147.3906,71.56,22792.6
4013078,-68.5856,151.8217,71.49,27888.9
8809891,-68.5053,152.0172,71.45,21742.6
8625354,-68.5375,152.1167,71.32,21891.5
7494646,-68.1569,147.3017,69.75,22912.5
9824329,-68.4917,152.0083,69.69,20982.0
10342587,-68.5236,152.3711,69.23,20629.9
7326307,-68.5158,152.01,68.99,23081.5
8985289,-68.1333,147.3511,68.65,21601.5
8259871,-68.1044,147.4355,68.41,22203.6
6930955,-68.1042,147.4133,68.25,23497.3
9639701,-67.3025,144.6989,68.22,21115.2
3943405,-68.1483,147.2939,68.17,28039.2
4615266,-68.5844,151.91,68.04,26715.1
10024626,-68.5483,152.2094,67.89,20845.0
6080742,-68.4056,148.2206,67.77,24503.4
3453402,-69.275,158.7789,66.88,29192.5
10311921,-68.4039,148.2022,65.45,20651.5
11677681,-68.1197,147.3739,65.28,19810.7
10257061,-68.4642,151.9928,64.96,20685.4
7838251,-68.6042,151.7444,64.64,22582.0
6472804,-68.1519,147.3461,64.42,24020.2
4561588,-68.1453,147.2444,64.24,26810.3
11230953,-68.4467,151.9622,63.59,20072.6
10438967,-68.4586,151.9522,63.56,20568.0
7073011,-68.0903,147.9433,63.44,23345.0
11261554,-68.3211,147.6633,63.38,20053.6
7701238,-68.5786,151.9689,63.38,22714.2
6789354,-68.0733,147.5689,62.75,23654.0
6893042,-68.3408,147.6205,61.48,23540.7
11751287,-68.3486,148.2989,61.42,19772.0
7754474,-68.0792,147.5072,61.2,22660.9
9502168,-68.5906,152.4511,60.4,21214.6
9832542,-68.5528,152.1595,60.35,20976.0
7712293,-68.1989,147.2094,60.11,22703.0
8565443,-68.3267,147.8633,60.04,21943.8
5870743,-68.3444,147.6356,59.91,24774.9
6516382,-68.4092,151.9589,59.53,23969.8
6731946,-68.28,148.2622,59.18,23721.3
5987217,-68.6594,154.9556,58.71,24622.7
9278302,-68.5831,152.5011,58.69,21379.1
7564007,-68.3956,151.9683,58.58,22845.7
4353411,-66.9133,144.4594,58.07,27201.9
8023122,-68.0822,147.5517,57.67,22412.1
5419269,-67.2425,145.41,57.11,25404.7
4490915,-69.2742,158.8178,56.97,26943.1
7255319,-69.8278,160.3472,56.79,23153.1
10530785,-68.0714,147.6211,56.53,20506.0
9320225,-68.34,147.8456,55.46,21346.3
9350749,-68.3764,151.9489,54.93,21322.4
8732153,-68.1417,147.285,53.83,21804.0
11784488,-68.5764,152.3322,53.78,19752.7
10932889,-68.0439,147.6922,53.65,20252.8
6433546,-68.2686,148.2461,53.57,24065.3
11661576,-68.0356,147.7217,53.17,19820.3
9751288,-68.4078,152.0522,53.16,21036.6
6690223,-67.2225,145.4289,52.98,23766.9
7821065,-68.3242,148.3567,52.35,22598.9
8921148,-68.1647,147.3322,51.85,21654.5
10549181,-68.6294,154.8228,50.69,20493.6
5667957,-67.0019,143.9395,49.25,25051.1
5669711,-66.9319,143.945,49.24,25048.6
10457019,-68.3217,148.3256,48.83,20555.6
10311922,-68.3547,147.73,48.16,20651.5
5974018,-69.2739,158.8283,47.65,24640.8
9016199,-68.2714,148.1689,46.76,21580.8
9950774,-68.6186,154.8272,46.07,20893.8
8571991,-68.1964,147.1867,46.03,21938.0
10169403,-68.6589,154.9233,45.51,20746.9
10294080,-68.9719,156.1839,45.48,20663.8
11656004,-68.3014,147.7889,45.03,19823.5
10498053,-68.2811,147.9311,44.85,20527.7
6864201,-66.9156,143.9222,43.6,23570.4
6916786,-66.9611,143.9494,43.39,23513.6
10981924,-68.1961,147.1756,42.42,20221.3
7690314,-68.2697,148.2733,42.01,22725.4
9840850,-68.1408,147.3333,42.0,20969.9
7803673,-66.9483,143.9017,40.14,22615.8
10874752,-68.6483,154.9039,39.61,20290.5
9012599,-68.6017,154.9117,39.19,21583.7
9672043,-68.6167,154.9367,38.43,21091.1
9077496,-67.0047,143.9256,36.38,21530.5
9700417,-66.9478,144.4411,34.84,21069.9
9787819,-66.9942,144.3011,34.64,21009.4
11476833,-68.6986,155.0028,34.58,19926.1
11450388,-67.0003,143.9406,31.21,19942.1
11701705,-66.9494,143.9117,30.77,19801.0
