238,-11.7589,43.3669,2356.42,173280.7
4475818,-11.7669,43.3558,2346.69,26969.1
7710058,-11.7678,43.3772,2342.29,22705.8
10811141,-11.7544,43.3608,2293.77,20328.1
10864073,-11.7672,43.3683,2290.15,20293.6
1192,-12.215,44.4244,1590.47,142359.5
39128,-12.2481,44.4497,1470.39,85184.2
2119,-12.5961,49.1522,1467.55,132236.1
2307369,-12.5969,49.1636,1435.64,32887.2
1775887,-12.5842,49.1742,1398.48,35429.4
4949324,-12.5683,49.1686,1371.03,26141.3
6431739,-12.5786,49.1664,1369.77,24067.9
1857484,-12.5667,49.1797,1359.14,34987.9
10677233,-12.5764,49.1567,1350.37,20412.6
2769990,-12.5464,49.1503,1349.59,31174.6
11272516,-12.5725,49.1569,1349.58,20047.2
5357409,-12.5614,49.1558,1345.34,25497.3
10763547,-12.5539,49.1586,1318.56,20359.4
5780659,-12.5497,49.1672,1316.76,24898.0
10977924,-12.59,49.1767,1312.53,20224.4
7572637,-12.5583,49.1469,1310.56,22837.3
8484481,-12.5814,49.1464,1307.02,22010.5
9446261,-12.5553,49.1683,1305.98,21253.6
7264376,-12.5719,49.1419,1297.86,23147.6
2138754,-12.6183,49.1536,1296.25,33613.4
1269157,-12.2064,44.4319,1293.67,38851.7
2174977,-12.2369,44.4458,1286.1,33450.0
3129106,-12.2267,44.4261,1281.87,30071.9
7558982,-12.5594,49.1378,1278.67,22851.2
2376056,-12.6144,49.1714,1271.62,32610.9
11483033,-12.6069,49.1717,1271.57,19922.9
2905705,-12.6281,49.1556,1265.8,30738.3
11586765,-12.2517,44.4658,1257.23,19865.3
10148260,-12.5419,49.1689,1253.35,20762.3
8974948,-12.5617,49.1417,1239.97,21610.3
1264307,-12.6589,49.1608,1231.53,38891.0
90563,-12.2094,44.4794,1229.47,72439.8
1371250,-12.2667,44.4575,1226.64,38049.7
9934936,-12.6117,49.1756,1224.31,20906.0
11559138,-12.6286,49.1625,1220.85,19881.3
9619684,-12.6514,49.1628,1216.88,21130.3
3906097,-12.2547,44.4811,1215.95,28120.9
1273755,-12.6783,49.1572,1201.39,38813.9
4668617,-12.6078,49.1831,1201.2,26619.5
8688598,-12.5319,49.1739,1200.26,21842.0
581442,-12.2944,44.4686,1185.91,47543.2
7505936,-12.5803,49.1908,1184.71,22901.4
4344341,-12.6686,49.1694,1178.32,27220.7
11069498,-12.2558,44.4789,1177.07,20170.8
4718325,-12.6625,49.1706,1174.64,26530.8
10275452,-12.63,49.1753,1149.35,20673.1
11377930,-12.5206,49.1636,1147.88,19986.8
9384506,-12.6256,49.1469,1126.17,21301.5
10864061,-12.5822,49.1319,1123.48,20293.6
10494183,-12.5242,49.1786,1121.03,20530.8
1819173,-12.5214,49.1894,1119.44,35194.9
6412790,-12.6353,49.1486,1118.53,24091.7
8993206,-12.5742,49.2014,1101.42,21595.6
4820104,-12.6856,49.1575,1101.07,26357.3
9045643,-12.2853,44.4722,1095.48,21557.2
100453,-12.1733,44.4622,1089.79,70934.3
8957263,-12.1692,44.4583,1086.79,21625.0
4651828,-12.6767,49.1511,1084.55,26650.6
10563860,-12.5481,49.1956,1079.66,20484.2
39030,-11.4639,43.34,1078.51,85223.9
666278,-11.4878,43.3444,1076.54,45941.6
8712214,-12.5744,49.1278,1075.57,21821.5
1720841,-11.4953,43.3478,1072.74,35744.5
1544466,-12.2225,44.4344,1071.82,36833.0
4115275,-12.1772,44.4631,1068.76,27675.6
8562674,-12.5181,49.1814,1062.63,21946.7
4780740,-13.2,49.5494,1062.35,26424.9
2822082,-11.4728,43.345,1061.62,31004.5
3370645,-12.6819,49.1431,1053.25,29407.8
9049185,-12.2739,44.4503,1052.75,21554.2
5722559,-12.6331,49.1961,1047.52,24977.2
1961174,-12.1831,44.4689,1033.21,34455.8
2165689,-11.5039,43.3394,1033.12,33491.8
6343015,-11.4561,43.3433,1031.54,24176.2
9212985,-12.5397,49.1939,1027.46,21426.7
5838071,-11.4883,43.3514,1021.0,24821.2
4170240,-12.7,49.1408,1017.51,27564.9
4083950,-12.2033,44.4439,1011.34,27740.0
9301671,-12.2933,44.4803,1008.04,21361.2
9024081,-12.2308,44.4603,1007.82,21574.9
4745029,-12.5092,49.1903,1003.4,26485.2
6162205,-11.4925,43.3353,1001.87,24399.2
10107460,-12.6925,49.1464,995.78,20786.8
11763208,-12.6856,49.1436,993.81,19765.6
11446084,-12.1961,44.4331,991.34,19945.3
7353914,-11.4542,43.3481,988.71,23056.6
4410753,-11.5061,43.3467,987.91,27094.0
10059825,-12.5328,49.1967,982.57,20820.5
4961994,-12.2294,44.4669,980.06,26119.4
2946651,-12.1603,44.4656,973.67,30611.6
2924429,-12.6583,49.1919,972.21,30680.2
7382829,-12.2256,44.4378,967.01,23026.2
5978150,-11.5036,43.3561,964.94,24635.7
6857672,-12.2286,44.4389,958.63,23578.5
2255220,-11.5156,43.3547,947.67,33103.4
2482433,-11.4547,43.3556,941.25,32198.0
3427059,-11.6333,43.3314,940.49,29260.1
9260369,-12.5353,49.1236,936.74,21394.0
9164867,-12.5769,49.2172,932.73,21465.4
3307351,-11.4469,43.3408,929.59,29574.2
9623683,-12.3044,44.4681,928.56,21127.3
5352596,-12.5364,49.2089,927.68,25504.8
1904971,-11.5236,43.3508,918.2,34743.0
7444635,-12.4953,49.1644,914.57,22965.3
9701133,-11.4569,43.3619,914.53,21069.9
10042655,-12.7075,49.135,902.47,20832.7
1883359,-11.4333,43.3442,897.97,34854.7
6479513,-12.2417,44.4156,894.29,24012.3
8314116,-12.6719,49.14,893.27,22154.8
5897998,-11.4722,43.3308,884.31,24741.5
2356313,-11.5244,43.3367,882.85,32689.0
8196938,-13.1992,49.5308,881.27,22258.0
1892203,-12.6828,49.1303,875.7,34809.0
10262163,-11.5047,43.3283,873.86,20682.3
5899747,-11.4575,43.3678,872.62,24738.9
2353929,-12.3081,44.4853,871.76,32698.7
2328058,-11.4675,43.3706,870.41,32801.8
7116510,-11.4494,43.3542,867.86,23301.3
5098066,-12.1742,44.4725,866.88,25898.9
7269597,-12.1903,44.4239,862.84,23142.1
11446079,-12.6111,49.1211,861.27,19945.3
1616697,-12.6589,49.2247,860.1,36370.0
8178769,-11.6475,43.3086,855.73,22275.2
11377933,-12.2183,44.4686,855.34,19986.8
2786917,-12.5164,49.2169,846.62,31119.4
8615681,-12.7097,49.1656,840.15,21900.2
3105879,-12.3108,44.4922,840.03,30139.6
9959913,-11.6303,43.3228,833.96,20887.7
4038536,-11.4325,43.3278,830.24,27836.3
2664266,-11.4453,43.3669,829.18,31534.2
11592180,-12.5719,49.2214,821.86,19862.1
1742234,-12.1889,44.4561,821.13,35621.3
7204990,-12.3019,44.4925,807.95,23208.1
14803,-12.3119,43.6936,792.83,100511.1
3719538,-11.5383,43.3492,791.4,28543.7
9187230,-12.7206,49.1403,791.11,21447.5
11002501,-12.5161,49.1369,787.15,20208.7
11857350,-12.6947,49.1953,787.02,19710.7
4273663,-12.3044,43.6881,783.22,27358.4
4438098,-12.7281,49.1372,782.51,27039.8
7656299,-12.7033,49.1986,775.96,22756.2
2137927,-12.2169,44.3664,775.34,33617.2
8964488,-11.8561,43.4389,773.06,21619.1
6286216,-12.2047,44.3975,769.62,24244.6
1177702,-13.1883,49.5239,769.35,39634.2
6286211,-12.5283,49.1056,768.96,24244.6
8849319,-12.6169,49.2289,767.97,21710.3
4310483,-12.5078,49.2214,766.97,27286.1
7517730,-11.5439,43.3444,765.37,22893.0
2369514,-12.325,43.7131,765.18,32636.3
3123865,-13.1833,49.5306,760.41,30084.6
4419069,-12.1417,44.4639,758.37,27077.5
757656,-12.1233,44.4592,757.14,44468.8
1294779,-12.2956,43.6764,755.99,38641.2
84652,-12.9211,49.3597,754.8,73449.5
6470994,-12.1925,44.4486,753.67,24022.9
9434663,-12.3183,44.4997,753.22,21262.6
3854789,-12.5544,49.2428,751.81,28234.0
5608645,-13.1864,49.5281,748.75,25134.9
4192596,-13.1867,49.5189,747.81,27520.9
7661831,-12.4692,49.1706,746.44,22750.6
6447325,-12.4806,49.1839,742.49,24052.0
7326773,-11.4242,43.3561,738.85,23081.5
3194954,-11.4433,43.3736,737.08,29884.9
4515642,-11.8683,43.4444,735.1,26895.7
6311922,-12.3033,44.4992,734.9,24215.7
5063704,-12.3161,43.7122,731.59,25953.0
10849711,-11.5375,43.3617,730.62,20303.0
9376657,-12.7211,49.1742,729.69,21307.5
3873461,-11.6175,43.3156,728.61,28193.3
10266625,-12.2183,44.3592,728.23,20679.2
7465804,-11.4225,43.3411,727.78,22943.1
2934463,-12.5325,49.2389,726.05,30651.1
11388372,-11.8611,43.44,723.23,19980.4
10038459,-12.6408,49.1286,720.04,20835.8
8468229,-12.5017,49.2228,719.66,22025.0
8911135,-11.8644,43.4428,718.4,21663.3
8566027,-11.5481,43.3558,716.27,21943.8
9384502,-12.9178,49.3786,713.45,21301.5
77375,-13.1569,49.6394,712.81,74810.0
5448057,-12.6211,49.2483,712.52,25364.5
4846019,-12.3181,43.7194,712.12,26311.4
2629172,-13.1531,49.6369,710.82,31657.2
1519023,-11.5606,43.3461,709.16,37002.2
5264874,-12.6364,49.2322,707.04,25636.8
2394803,-12.2114,44.3542,705.0,32536.6
9800633,-12.2756,44.4406,704.88,21000.3
3696395,-11.6111,43.3217,703.8,28597.2
2613353,-12.3267,43.7256,703.74,31715.6
3719534,-12.4931,49.1417,701.53,28543.7
9709065,-12.9125,49.3789,700.85,21063.9
11467114,-12.3244,44.4917,700.46,19932.5
5429994,-12.2883,43.6639,697.41,25392.1
1670353,-12.6258,49.2589,696.2,36040.9
8109593,-12.5181,49.2331,696.03,22335.2
9534314,-12.1958,44.4833,694.84,21190.5
2797247,-12.6458,49.1242,692.98,31086.6
7293190,-12.6481,49.1206,690.69,23117.3
4811593,-11.4536,43.3817,688.83,26369.4
5025563,-12.9067,49.3897,682.3,26014.3
717995,-11.8897,43.4628,681.23,45079.3
10244714,-11.6192,43.3328,681.04,20694.6
3322221,-11.4169,43.3508,680.22,29535.4
5272609,-11.4283,43.3658,676.3,25624.4
6769083,-12.8956,49.3886,675.72,23678.3
8218821,-12.2119,44.3758,674.44,22238.0
186067,-12.8831,49.4375,674.07,62199.8
3425497,-12.7283,49.1139,672.17,29264.5
37478,-12.9531,49.6214,668.47,85870.3
811733,-12.6892,49.1078,666.01,43692.7
4616999,-11.5586,43.3419,658.63,26712.7
10672469,-12.8836,49.3892,655.57,20415.7
26373,-12.88,45.1622,654.94,91353.4
7564498,-12.7347,49.1817,652.25,22845.7
2621498,-12.8825,49.3592,652.07,31685.4
9317116,-12.7097,49.1167,650.51,21349.3
919711,-11.8875,43.4783,649.38,42307.3
6565377,-12.7458,49.1517,648.81,23911.2
8375912,-11.5672,43.35,648.44,22102.9
3190522,-11.4367,43.3761,645.88,29895.6
11735582,-12.5064,49.1175,644.35,19781.7
6290397,-12.8519,49.3886,643.73,24239.4
10987687,-12.3169,43.7294,641.59,20218.1
9006195,-11.4242,43.3678,640.08,21589.7
11252146,-12.2367,44.4883,639.73,20059.9
4203497,-12.8808,45.1692,636.53,27497.8
1429418,-12.8142,49.4406,630.69,37622.0
8143387,-12.3006,43.7,630.2,22303.8
8011595,-12.6928,49.2408,630.15,22423.4
10419952,-12.6511,49.1142,629.67,20577.3
11646061,-12.6861,49.1069,625.33,19830.0
2861739,-12.8553,49.4242,624.15,30876.8
6280136,-12.7058,49.1161,623.9,24252.5
1741621,-12.2089,44.3367,622.65,35624.9
701629,-13.1561,49.6183,621.04,45345.6
3626158,-12.3344,44.4997,620.16,28763.8
5944296,-12.175,44.4319,619.42,24682.2
8301406,-12.1817,44.4397,616.91,22166.3
4540624,-11.5761,43.3539,613.94,26850.7
1140550,-12.9267,49.335,612.88,39975.1
10686605,-12.1911,44.4081,612.14,20406.3
208720,-12.8614,49.5061,611.21,60623.9
10116214,-12.8056,49.4486,610.16,20780.7
298474,-12.96,49.2967,606.59,55858.8
3963974,-12.8594,49.3458,605.24,27996.0
8131105,-12.8742,49.4306,604.65,22315.2
8939420,-12.8478,49.3797,604.56,21639.8
5632664,-11.8806,43.4539,603.69,25099.4
97394,-13.1056,49.5669,599.49,71374.0
3905103,-11.5792,43.3414,594.32,28123.2
8427447,-12.3253,43.7397,594.03,22056.8
7202358,-12.8628,49.3772,593.24,23210.9
6569677,-12.6081,49.2656,591.8,23905.9
9751958,-11.8781,43.4528,591.09,21036.6
11094441,-11.5797,43.3447,590.26,20155.0
321428,-13.0119,49.2486,590.08,54898.2
5936469,-12.7619,49.1475,588.38,24692.5
2133049,-12.1044,44.4394,587.46,33638.0
6353258,-12.7467,49.1953,586.17,24163.0
872603,-12.8639,49.3278,584.72,42890.6
138938,-12.9572,49.6975,584.53,66280.0
2536705,-13.1858,49.5103,582.79,31993.6
1976094,-12.7036,49.2522,581.2,34381.7
2366214,-12.94,49.3128,580.1,32650.0
353247,-12.8703,45.145,579.59,53678.8
6560940,-12.9581,49.6928,579.16,23916.6
1402396,-12.8372,49.3581,578.73,37816.2
8360026,-12.6381,49.2653,578.71,22117.3
1391374,-12.6469,49.0925,578.62,37898.7
1327952,-12.2278,44.4969,578.58,38381.5
1660792,-13.1058,49.5564,578.11,36099.2
1148637,-12.6914,49.0875,577.58,39900.1
8729248,-12.7342,49.1047,576.62,21806.9
103609,-12.7653,45.1814,574.82,70479.3
8592451,-12.4742,49.1456,572.94,21920.6
469299,-12.9192,49.2911,570.58,50130.2
407752,-12.8786,49.4697,570.54,51871.6
3530043,-12.8567,49.4711,570.06,28999.8
10987683,-12.5747,49.0683,568.46,20218.1
3579315,-11.4275,43.3769,566.84,28878.8
9336062,-12.7094,49.1111,565.78,21334.4
8029620,-12.5372,49.0697,565.12,22406.4
9031343,-12.6569,49.1133,564.38,21569.0
6991848,-12.9506,49.3067,563.5,23432.1
9411500,-11.8844,43.4703,563.11,21280.5
2101964,-12.5583,49.0414,562.62,33781.6
7505929,-13.1583,49.6486,561.59,22901.4
10977932,-12.3064,43.7267,561.42,20224.4
2947953,-12.5469,49.2772,559.39,30607.4
69790,-13.1217,49.2533,558.5,76376.0
1021978,-12.6217,49.0908,558.49,41156.2
2237844,-12.1628,44.4286,555.29,33176.5
6732335,-12.6892,49.0914,552.0,23721.3
8407971,-11.5869,43.3303,550.25,22074.1
76803,-12.9567,45.1336,549.11,74929.2
10266619,-12.5892,49.0689,547.22,20679.2
2810907,-12.3408,43.7442,546.79,31039.4
4603717,-12.6583,49.1053,546.69,26734.2
1946565,-13.1208,49.2367,546.45,34529.6
5536815,-12.3356,43.7411,545.05,25238.6
118872,-13.0922,49.7186,544.37,68485.8
11247079,-11.5817,43.3317,543.75,20063.1
5661245,-12.5583,49.0522,542.84,25061.3
2269911,-12.69,49.2714,542.13,33041.8
3966927,-12.8319,49.3636,541.91,27989.2
1723216,-13.1219,49.2233,541.34,35730.2
644884,-12.9542,49.2522,539.99,46322.8
497194,-13.0786,49.2903,538.39,49418.5
645824,-12.6372,49.0528,536.06,46304.9
669520,-12.8814,49.3081,534.84,45884.7
7898353,-13.1889,49.5033,530.55,22528.3
4536991,-12.9656,49.2575,529.53,26857.8
9636451,-13.095,49.7225,525.0,21118.2
9729496,-13.1147,49.2611,524.42,21048.7
8800205,-12.2769,43.6528,524.3,21751.4
2258960,-12.8189,49.3825,522.08,33090.0
5147405,-11.8869,43.4383,521.21,25820.1
2349777,-12.9992,49.24,520.18,32716.2
4095073,-12.6817,49.0856,519.64,27719.3
427600,-12.9803,49.2281,519.31,51277.4
3411650,-12.8211,49.3458,518.67,29299.3
1057361,-13.0786,49.7097,517.89,40790.8
5221359,-12.6878,49.2789,516.22,25703.8
4514373,-12.4483,49.2089,515.82,26898.1
8537643,-12.8886,49.4244,515.65,21964.1
9680899,-12.2108,44.3178,515.51,21085.0
8831206,-12.2044,44.4572,514.97,21725.0
362581,-12.7183,49.0722,514.14,53346.6
7066076,-12.2147,44.4967,514.11,23353.2
10796913,-12.5336,49.0283,513.92,20337.5
57869,-12.4508,48.8133,513.68,79173.5
6599009,-12.5386,49.0478,513.19,23873.9
11372713,-12.8211,49.3408,513.0,19990.0
64102,-13.1886,49.1039,511.44,77642.6
586038,-13.1617,49.4961,510.82,47449.3
3965969,-11.4433,43.3081,510.6,27991.5
3882173,-12.9514,49.7094,510.52,28173.0
7847944,-12.3183,43.7536,509.47,22573.5
3685589,-12.8672,45.1308,509.32,28623.9
8695416,-12.7317,49.2244,506.85,21836.1
5901628,-12.8119,49.3564,504.79,24736.3
3873456,-12.8658,49.3003,504.42,28193.3
908326,-12.8747,49.2542,503.39,42445.6
8803540,-11.5319,43.3783,502.58,21748.4
5079930,-12.9539,49.7036,502.55,25926.0
3542730,-12.2064,44.3036,501.85,28966.9
4554336,-12.6239,49.0981,501.54,26824.6
3864777,-13.0825,49.7156,501.4,28213.7
5260200,-12.6303,49.1036,500.39,25644.3
7359139,-11.4372,43.3083,500.12,23051.1
112564,-12.7139,45.0683,500.12,69281.3
4231422,-13.1656,49.4894,500.11,27442.1
9260362,-13.1592,49.6242,499.54,21394.0
818668,-12.8144,49.2406,499.1,43599.3
10658592,-12.5589,49.025,498.87,20425.0
6609877,-12.3381,43.7522,498.42,23860.5
6121123,-12.5247,49.2881,497.59,24454.0
3650847,-12.8742,49.4886,496.88,28703.9
1043556,-12.8453,49.3111,495.84,40934.2
381214,-13.1342,49.5594,495.26,52713.5
11002500,-12.5453,49.0206,494.3,20208.7
377818,-13.1256,49.2019,493.2,52824.6
7441866,-13.1506,49.6122,492.94,22968.0
7912971,-13.1206,49.2447,492.76,22514.2
5132570,-12.8264,49.5125,492.73,25844.7
1610517,-12.6339,49.0728,492.54,36408.5
5446345,-12.7647,49.1181,492.18,25367.0
8856277,-12.8694,45.1383,491.57,21704.4
130511,-12.8369,49.5556,491.05,67168.9
3013062,-12.8014,49.1969,487.85,30409.0
6071474,-12.7589,49.1086,487.72,24516.4
570662,-13.1133,49.7231,487.18,47767.8
680300,-13.1586,49.5903,487.02,45702.5
7889649,-12.5075,49.0822,486.56,22536.8
5151959,-12.8028,49.2033,485.53,25812.7
170903,-13.0222,49.3817,485.07,63354.7
1615352,-13.0297,49.3589,485.05,36378.8
10334606,-11.58,43.3133,483.63,20636.1
9623684,-12.2036,44.35,483.05,21127.3
7492445,-13.1233,49.2183,482.69,22915.3
9198358,-12.7906,49.3572,481.33,21438.6
9128004,-13.0681,49.2961,481.19,21495.0
6802050,-13.1725,49.5194,481.11,23643.3
733948,-12.8042,45.1525,480.67,44827.0
148569,-13.0767,49.5319,479.75,65325.3
10875638,-12.7639,45.1731,478.89,20290.5
10244697,-13.0325,49.3503,478.53,20694.6
11377915,-13.1764,49.5036,478.1,19986.8
331109,-12.8006,49.5778,477.77,54510.3
11298019,-12.5256,49.0431,477.29,20031.3
4598696,-12.8856,49.2461,475.85,26743.7
11564511,-12.7925,49.4078,474.47,19878.1
6416945,-12.8722,49.2414,473.95,24086.4
6445329,-12.7822,49.1894,473.05,24054.7
4739693,-12.3461,44.5114,468.65,26494.8
2478786,-12.4983,49.2981,467.45,32209.9
1216574,-12.3533,43.7767,467.0,39295.2
1097042,-12.7619,49.6122,465.76,40390.5
340796,-12.6908,45.0889,465.24,54136.2
2705488,-11.4133,43.3778,465.21,31394.5
2654931,-12.7769,49.5486,464.64,31568.6
10457787,-12.7839,49.4033,464.29,20555.6
2185798,-12.6808,49.0744,463.03,33402.3
2691863,-12.7083,49.2808,462.66,31441.2
1650092,-13.12,49.7025,462.3,36164.5
6379257,-12.3408,44.5136,461.47,24134.0
1613507,-12.8158,49.1761,460.92,36391.0
224213,-12.39,49.3333,460.37,59646.0
3202407,-12.7,49.2911,459.87,29863.6
2247266,-12.6186,49.3092,459.69,33138.1
96178,-13.0397,49.8122,459.67,71556.7
3217089,-12.35,43.7589,459.19,29823.0
2535134,-13.0592,49.705,458.38,31999.5
2095968,-12.5017,49.0147,457.41,33808.0
2217638,-12.5647,48.9492,456.63,33264.7
2370416,-13.105,49.2719,454.77,32632.4
2420031,-13.0953,49.28,454.05,32438.5
7003875,-12.435,49.2417,453.64,23418.5
3890878,-12.3528,43.7647,453.15,28152.6
10227141,-12.7817,49.5989,452.66,20707.0
10286044,-12.8214,49.3525,452.03,20670.0
1015431,-12.8194,45.1794,450.95,41227.3
8190756,-13.1619,49.4811,449.55,22263.8
2557218,-12.7819,49.3644,449.36,31917.8
205588,-13.0831,49.7436,449.34,60832.7
3069102,-13.06,49.7458,448.87,30245.2
8544224,-12.28,43.6681,448.59,21958.3
2191743,-13.1175,49.71,447.19,33377.5
111644,-13.1692,49.8344,446.07,69402.5
1187204,-12.9581,49.5778,445.91,39550.5
9150100,-12.9797,49.2806,445.04,21477.2
7678700,-12.7725,45.1725,445.04,22733.8
8671820,-13.0214,49.3867,444.15,21856.5
756448,-12.8036,49.3144,443.81,44487.4
2314850,-13.1739,49.8289,443.81,32858.1
7034336,-13.0689,49.7428,442.96,23388.6
6699529,-12.7556,49.62,439.84,23756.2
142308,-13.0156,49.5722,439.81,65942.7
3829152,-12.7375,49.2667,439.72,28290.3
126350,-13.0531,49.4336,437.48,67621.7
6479505,-13.0014,49.2583,436.75,24012.3
11503889,-12.6586,49.0992,436.63,19910.1
1351440,-13.1119,49.6883,435.91,38200.1
3670856,-12.9567,49.6386,435.69,28657.3
2880209,-12.7225,49.5969,435.23,30819.0
10744636,-12.5131,49.0269,434.97,20372.0
2174559,-13.1658,49.5725,434.52,33451.9
9473241,-12.8536,49.2519,434.28,21232.6
4599886,-12.9536,49.72,434.07,26741.3
1518504,-13.0356,49.8014,433.54,37005.6
3096522,-12.7608,49.4219,433.17,30165.0
5401872,-12.6639,49.2969,433.07,25432.2
9729506,-12.6803,49.0642,433.0,21048.7
3595827,-13.16,49.5653,432.67,28836.8
11597696,-12.2364,44.5072,432.59,19858.9
8807007,-12.5492,49.0019,430.16,21745.5
7061232,-12.555,48.9586,430.1,23358.6
8206160,-12.0983,44.4758,429.24,22249.5
6294523,-12.7919,49.1339,429.21,24234.1
1772809,-12.3878,49.3431,428.8,35447.4
10016920,-12.8217,49.1825,428.42,20851.1
10953363,-12.0992,44.4567,428.32,20240.2
6690631,-12.4553,48.8222,427.75,23766.9
11667963,-12.8294,49.3247,427.57,19817.1
1883012,-12.8092,49.1233,426.31,34856.5
8314110,-13.1661,49.5875,425.71,22154.8
6132735,-13.1539,49.5719,425.03,24438.3
3410845,-12.7572,49.5619,423.9,29301.5
10943630,-13.1439,49.6414,423.14,20246.5
7687996,-12.2719,43.6431,422.67,22728.2
10691235,-12.7914,49.1372,422.62,20403.2
10356785,-12.5714,48.9464,422.37,20620.6
6455937,-13.1681,49.4792,422.12,24041.4
10231478,-12.2153,44.305,422.0,20703.9
1654202,-12.7972,49.1119,420.69,36138.0
1187547,-12.4867,49.0142,420.19,39547.3
3421513,-12.9456,49.2211,418.95,29275.4
337985,-12.3775,49.3761,418.74,54238.5
145852,-12.4256,49.4031,417.83,65586.1
4159562,-12.7558,49.4092,417.21,27588.0
9034912,-13.1019,49.2333,417.19,21566.0
11196233,-12.2897,43.7075,415.84,20094.9
965877,-12.3958,49.3839,415.65,41772.4
6132741,-12.6106,49.3136,413.59,24438.3
224690,-13.1681,49.3586,413.57,59618.2
1923841,-12.8392,49.1781,412.89,34643.9
352930,-13.1833,49.7181,410.36,53690.7
3114205,-12.3894,49.375,408.75,30114.3
1799096,-12.3797,49.3339,408.61,35303.3
8749951,-12.8167,49.2111,408.47,21789.4
8443912,-11.4872,43.2992,406.71,22042.3
9858164,-12.9531,49.6061,405.94,20957.7
4405695,-12.2053,44.2867,405.38,27101.0
11829615,-12.9936,49.2525,405.21,19726.9
11303237,-12.9081,49.2506,404.42,20028.2
6485905,-12.3367,43.7175,404.37,24004.3
10361246,-12.3803,49.3817,404.25,20617.5
1663591,-12.7508,49.5161,404.08,36081.6
6481647,-13.0456,49.33,403.99,24009.6
9332273,-13.1961,49.4994,403.64,21337.3
160122,-12.4792,49.4428,402.78,64268.3
4166914,-12.8292,49.3006,400.96,27571.8
10069146,-13.0636,49.3119,400.68,20814.4
818127,-12.6164,48.9656,400.56,43606.6
8767179,-12.9147,49.2372,399.88,21774.8
2153825,-13.0706,49.2717,399.26,33545.1
1331191,-12.9625,49.6667,399.23,38356.6
1954687,-12.8467,49.1986,399.17,34487.2
1138351,-12.3758,49.3489,399.05,39995.8
6370086,-12.83,49.1956,398.93,24141.9
4030487,-12.5989,49.0228,398.7,27854.6
8041503,-12.9317,49.2239,397.85,22395.0
494595,-12.9631,49.5611,397.61,49481.6
1295794,-13.1344,49.5819,397.42,38632.9
649671,-12.9953,49.1947,396.39,46236.1
1153192,-13.1156,49.5428,396.32,39857.0
6292493,-12.3619,44.5,395.96,24236.7
9964126,-12.8231,49.1608,395.49,20884.7
1320612,-12.8672,49.1733,395.44,38439.5
5367288,-12.9642,49.5578,395.07,25482.3
6907713,-12.7847,49.1158,394.49,23524.4
8953683,-12.9442,49.2903,393.79,21628.0
2678579,-12.8278,49.5675,392.81,31485.7
5267997,-13.1578,49.4753,392.78,25631.9
10777680,-12.5258,49.0078,390.98,20350.0
2707749,-13.1856,49.8247,390.94,31386.4
8082059,-12.845,49.2375,390.57,22360.8
3827180,-12.7725,49.2664,390.35,28294.8
9684941,-12.0933,44.4506,389.17,21082.0
1692761,-12.3461,43.7933,388.68,35908.1
5647468,-13.0706,49.3192,388.29,25081.6
5185959,-12.3725,49.3364,387.26,25760.8
4913838,-12.6967,45.0808,386.94,26199.8
889188,-13.125,49.6369,386.35,42682.1
10178826,-12.5967,49.0078,386.16,20740.8
9829146,-12.5528,48.9381,385.59,20979.0
1866328,-12.3253,43.7844,385.26,34942.3
8224871,-12.8228,49.5233,385.22,22232.3
8575890,-12.7294,49.2819,385.14,21935.1
570025,-12.3472,49.3372,383.98,47781.1
4966278,-12.3286,43.7794,381.78,26112.1
11221528,-12.7147,49.0653,381.42,20079.0
2342996,-12.9656,45.1408,380.97,32741.5
6657047,-12.8042,49.1283,380.73,23807.1
7892565,-12.9392,49.6211,380.64,22534.0
1205774,-13.1761,49.7403,378.14,39387.5
840133,-12.6294,49.3872,377.91,43311.9
3192628,-12.3425,43.7744,377.53,29889.2
10453239,-12.5542,49.3311,377.2,20558.7
8356791,-12.325,43.7625,373.81,22120.2
10029718,-13.1475,49.5728,373.65,20841.9
1986434,-12.3667,49.3203,373.59,34331.6
373365,-13.0747,49.3731,373.44,52972.7
10453236,-12.8358,49.1664,373.32,20558.7
257971,-13.0928,49.5931,372.99,57785.1
7439205,-12.7844,49.3133,372.14,22970.8
9652491,-12.7669,49.09,371.39,21106.2
1569739,-13.0542,49.8175,370.5,36668.3
6026513,-12.3747,49.3683,369.94,24573.5
1306588,-12.4169,49.3783,369.02,38548.7
947771,-12.7364,49.065,368.93,41977.8
2292394,-12.7294,49.6258,368.73,32949.1
10240180,-13.1964,49.1,367.89,20697.7
488535,-13.06,49.16,367.5,49632.0
6259576,-12.8103,49.4875,367.45,24278.8
3246796,-13.065,49.8156,365.72,29739.6
1902009,-13.0706,49.3322,365.56,34755.9
6351143,-12.4067,49.2131,365.49,24165.7
6806734,-12.3461,49.3419,365.01,23637.9
2422394,-12.7786,49.3322,365.0,32428.7
1475377,-12.4689,48.9969,364.44,37297.1
6657043,-13.0581,49.8197,363.72,23807.1
3060782,-12.3867,49.3511,362.89,30270.4
6704089,-13.0114,49.5578,362.5,23750.8
4442900,-13.1767,49.5831,361.97,27030.4
1225310,-12.3539,43.8133,361.96,39218.9
431514,-13.1128,49.7603,361.3,51161.7
2339287,-12.3406,43.8058,361.13,32757.1
11017274,-13.0039,49.5497,361.02,20199.2
1349827,-13.0411,49.7808,360.77,38213.4
8178753,-12.8244,45.1614,360.76,22275.2
3874508,-12.5608,48.9303,359.79,28191.1
11298013,-12.6831,49.2972,359.03,20031.3
1849184,-13.1414,49.4586,358.84,35033.4
10579553,-13.0683,49.15,358.22,20478.0
3691920,-12.4494,48.8322,358.15,28608.3
683915,-12.3989,49.3536,357.87,45638.3
2186207,-12.4125,49.2306,357.86,33400.4
10938718,-12.9556,49.6739,357.66,20249.6
5321733,-13.0481,49.1744,357.4,25549.7
2892476,-13.1544,49.5447,357.21,30781.8
10611755,-12.7558,45.1689,356.6,20456.2
7850908,-13.1203,49.7269,356.51,22570.7
2218903,-12.3611,49.3461,356.1,33259.0
5562068,-12.7153,45.0833,354.74,25200.7
4379954,-13.0606,49.81,354.37,27152.7
163988,-12.2142,49.1675,353.39,63932.3
6929021,-12.0836,44.4539,353.31,23500.0
8946587,-12.7233,45.0775,352.49,21633.9
8993207,-12.5339,48.9428,352.33,21595.6
4034487,-11.4397,43.3958,352.07,27845.4
2143996,-12.5975,48.9256,351.71,33588.7
7754937,-12.6817,49.3181,351.39,22660.9
3883172,-12.8842,49.1906,350.86,28170.7
5839866,-12.9983,49.5775,350.03,24818.6
5838061,-12.7119,45.0594,349.6,24821.2
8547576,-12.4161,49.1375,349.49,21955.4
4008125,-12.3989,49.3783,349.17,27900.3
651591,-12.5497,48.9108,348.85,46201.6
1934635,-12.3525,49.3419,348.7,34588.6
5071070,-13.0625,49.3453,348.67,25940.7
765202,-12.3264,49.3361,348.47,44356.9
9648392,-13.1628,49.8433,348.3,21109.2
824628,-13.1378,49.53,348.24,43518.8
1902810,-12.7522,49.0558,348.18,34754.0
11059682,-12.7008,49.5917,347.49,20177.1
8072880,-13.0681,49.3375,346.92,22369.4
4986207,-12.6919,45.1006,346.25,26077.9
9506878,-12.8825,49.1842,346.25,21211.6
241534,-12.2658,49.17,345.72,58655.1
8982246,-12.5836,48.9692,345.69,21604.4
4996693,-13.1592,49.7139,345.25,26063.2
279561,-13.075,49.8231,344.95,56722.4
6505200,-12.7342,49.5528,343.96,23980.4
4049953,-12.3439,43.8197,343.64,27811.1
8579157,-12.3714,49.3206,343.59,21932.2
10266617,-12.6906,49.0572,343.04,20679.2
5213625,-12.6164,48.9856,342.88,25716.2
11603139,-12.3456,43.815,342.64,19855.6
7395904,-12.3575,43.82,341.77,23012.4
1012654,-13.1858,49.6933,341.52,41255.2
3466752,-12.3367,49.3461,341.5,29159.8
2123847,-12.6386,49.36,341.16,33679.7
4565919,-12.445,49.315,339.65,26805.6
3067046,-13.1856,49.6017,338.23,30251.5
4371382,-12.3658,49.3403,336.99,27166.8
4397379,-12.0839,44.4642,336.98,27117.5
11824043,-13.165,49.7172,335.75,19730.1
423892,-13.0175,49.7342,334.12,51387.9
1212277,-13.1731,49.4589,333.24,39330.8
308979,-12.9989,49.4331,332.96,55411.0
4339645,-13.1339,49.4814,332.78,27230.0
2313269,-13.0867,49.2194,332.78,32862.0
850525,-12.9981,49.6003,332.74,43174.9
6690632,-12.3378,43.7869,331.96,23766.9
6020753,-12.2592,49.1794,331.89,24581.3
191866,-13.1831,49.8936,331.6,61774.3
3485779,-12.3778,49.3647,330.91,29109.5
4420262,-12.9936,49.5967,330.68,27075.2
5279322,-12.4097,49.3678,330.63,25616.9
9926526,-12.6758,49.0556,330.38,20912.1
11812925,-12.6936,49.0536,329.59,19736.6
6224667,-13.1122,49.7317,329.01,24320.7
3258003,-12.7036,49.0683,328.93,29707.4
10165830,-13.0814,49.3761,328.57,20750.0
7707243,-12.3831,49.35,328.21,22708.6
1400188,-12.9483,49.1739,328.12,37833.1
1089141,-12.7019,49.6169,327.71,40469.3
7718299,-13.1931,49.8175,327.68,22697.4
7945129,-12.5064,49.0017,327.4,22483.0
9824988,-13.1769,49.5692,327.12,20982.0
1846059,-13.1944,49.8311,326.44,35047.9
2616618,-13.0864,49.3728,326.35,31703.5
11713667,-12.4725,49.3031,326.23,19794.6
3242213,-13.155,49.8425,325.41,29752.4
5055118,-13.0114,49.5853,325.02,25967.7
5132571,-12.7314,49.5778,324.88,25844.7
1573010,-13.1778,49.4664,324.32,36647.5
2957987,-12.6056,49.4519,323.87,30578.3
8060899,-11.9119,43.4758,322.3,22380.8
10475990,-12.3403,43.8264,322.3,20543.2
4650561,-12.3678,49.3544,321.93,26653.0
6253579,-12.9933,49.6061,321.29,24286.6
3837270,-12.6408,49.0247,321.07,28274.6
3460830,-12.3581,49.3814,321.01,29172.9
1572535,-12.4239,48.7978,320.63,36651.0
10498816,-12.9031,49.1686,320.13,20527.7
1667032,-12.6533,48.9897,319.72,36062.1
6188867,-13.0811,49.2461,319.42,24367.8
9085578,-12.4589,49.3083,319.35,21524.6
5104038,-12.3514,43.8289,319.13,25889.1
4308208,-12.1925,44.3786,318.45,27290.8
11134186,-12.8661,49.1825,317.24,20129.7
8619047,-12.7433,49.5711,317.18,21897.3
8212474,-12.3972,49.2333,316.96,22243.7
2120632,-12.5475,48.9228,316.16,33694.8
11414510,-12.3428,49.3467,315.71,19964.4
6893475,-13.0539,49.8086,315.42,23540.7
432414,-13.1317,49.3486,315.34,51134.3
11084367,-12.51,48.9867,314.67,20161.3
5216718,-12.3769,49.3544,314.24,25711.3
560000,-13.0336,49.7158,313.45,47991.3
7667321,-13.1769,49.1189,313.36,22745.0
7847942,-12.4789,49.0017,312.0,22573.5
1635744,-12.3972,49.3467,311.87,36250.7
714716,-13.1389,49.4306,311.73,45132.9
10321376,-11.3989,43.3217,311.28,20645.3
1095961,-12.4819,48.8669,310.99,40401.6
7222676,-12.5978,49.4664,310.39,23188.9
8911125,-12.755,49.3989,310.17,21663.3
6977553,-13.0433,49.3644,310.1,23448.5
3471822,-12.91,49.1825,309.63,29146.7
11362389,-12.5897,48.9433,309.55,19996.3
988565,-12.9578,45.1628,309.51,41518.4
4044802,-12.35,49.3664,309.45,27822.5
1994927,-12.8108,49.5056,308.95,34290.8
10635206,-13.0581,49.285,308.1,20440.6
8656111,-12.9772,49.1967,307.42,21865.3
4888202,-13.1586,49.5281,307.21,26241.1
3628184,-13.1281,49.5481,307.0,28761.6
1396313,-13.0706,49.3589,306.51,37860.0
6813674,-12.3275,49.3458,306.42,23629.8
6470981,-13.1381,49.3444,305.48,24022.9
9577749,-13.0378,49.3703,304.73,21157.4
6924249,-12.4406,48.8381,304.48,23505.4
4703964,-13.0258,49.7233,304.4,26557.2
1528751,-12.1944,44.2592,304.04,36936.7
1910748,-13.0761,49.2625,303.89,34711.8
10880329,-12.8839,49.2017,303.67,20287.3
700966,-13.1419,49.1697,303.16,45356.8
7505941,-12.3075,43.7503,302.54,22901.4
5312138,-12.7139,45.0564,301.56,25564.7
5827073,-12.9875,49.5933,301.54,24836.6
9897445,-13.0892,49.3808,301.36,20933.4
358398,-12.5244,48.9056,300.51,53490.9
8662922,-12.8356,49.1478,300.26,21859.5
7845080,-12.7794,49.0819,299.6,22576.4
6121117,-13.1372,49.5364,298.97,24454.0
5185958,-12.7344,45.0653,298.94,25760.8
6929016,-12.4953,49.0514,297.93,23500.0
10839929,-13.1319,49.4583,297.72,20309.3
11419698,-12.335,43.6883,297.21,19961.2
11824051,-12.8833,45.1989,296.88,19730.1
11440822,-12.7258,49.5322,296.51,19948.5
6423213,-12.3733,49.3561,296.3,24078.5
4954991,-13.1328,49.3592,296.11,26131.6
4163801,-12.9444,49.6656,295.8,27578.7
589146,-12.6725,48.9708,295.7,47386.1
11509198,-13.1858,49.6992,295.29,19906.9
1430094,-12.4828,48.8756,295.14,37616.9
529392,-13.1461,49.8322,295.06,48658.5
8813848,-13.1267,49.4575,294.73,21739.6
1046592,-13.0658,49.3861,293.82,40903.1
6379250,-13.0403,49.7867,293.47,24134.0
2530593,-12.4781,48.8144,293.44,32017.5
10183190,-13.1678,49.7336,293.4,20737.7
2874472,-12.9692,49.1722,293.27,30837.6
2372232,-12.2269,49.1897,292.16,32624.6
2303306,-13.0428,49.4536,291.69,32904.6
3402873,-11.4053,43.3831,291.42,29323.2
4719649,-12.6481,48.995,290.35,26528.4
5676987,-13.1733,49.7469,290.17,25038.4
2404713,-12.9394,45.1131,289.64,32499.4
246551,-12.9089,45.0914,289.29,58381.8
5897980,-13.1131,49.6372,289.17,24741.5
8675137,-12.6356,49.3881,288.36,21853.6
11143989,-13.0464,49.7936,287.78,20123.4
11206246,-13.2,49.5081,287.76,20088.5
3864779,-12.4861,48.8242,286.69,28213.7
464765,-12.0672,49.2075,286.4,50253.3
7981610,-12.8617,49.1531,285.33,22451.8
2840770,-12.6933,49.6108,285.11,30944.8
6741429,-12.9444,49.5931,284.82,23710.5
4691028,-12.3667,43.8242,284.39,26581.2
7073460,-12.4083,49.4067,284.23,23345.0
4127610,-12.9622,49.5703,283.88,27652.6
5618939,-12.8647,49.1469,283.85,25119.7
11169256,-12.6142,49.4486,282.98,20107.5
6162186,-12.9547,49.1614,282.17,24399.2
6160225,-13.1519,49.4425,281.89,24401.8
7048895,-12.9497,49.6631,281.42,23372.2
11440819,-12.9586,49.5525,281.17,19948.5
1722906,-13.1775,49.6142,281.14,35732.0
2440914,-12.1389,44.4922,280.89,32355.9
8572565,-12.3322,43.8067,280.76,21938.0
5582232,-12.3822,49.1478,280.54,25170.4
4082899,-13.1258,49.5589,280.49,27742.3
11768703,-12.5719,49.48,279.72,19762.4
1929823,-12.9433,49.5633,279.25,34614.4
2957988,-12.4011,49.0678,279.1,30578.3
5698099,-12.4086,49.2383,278.89,25007.8
6569682,-12.3464,43.8319,278.4,23905.9
2178423,-12.355,43.8383,278.07,33436.6
1822107,-13.1389,49.8325,277.58,35178.6
8047583,-13.1447,49.3342,277.33,22389.3
1310257,-12.1856,44.2419,277.0,38519.0
10639802,-12.7489,45.1925,276.94,20437.5
4320888,-12.94,49.5883,276.83,27265.1
2798393,-13.1781,49.8831,274.82,31082.5
697010,-13.1869,49.2947,274.8,45420.0
2869783,-12.3933,49.3631,274.76,30850.0
6736834,-13.0689,49.2531,274.23,23715.9
11196226,-12.7381,49.3953,274.22,20094.9
6797537,-13.0758,49.2297,273.56,23648.7
7517720,-12.4925,48.9689,273.13,22893.0
7924641,-12.3594,43.8428,273.12,22502.9
7463162,-13.0803,49.2556,273.04,22945.8
4949321,-12.9439,45.1194,272.62,26141.3
841437,-12.9756,49.3836,272.16,43294.2
6363802,-13.0381,49.1639,272.11,24149.8
920109,-12.9078,49.0794,272.02,42302.8
6462532,-12.8617,49.1411,271.96,24033.5
8900491,-12.3444,49.3517,271.96,21672.1
8900490,-12.3628,43.8417,270.72,21672.1
565154,-12.0769,49.24,270.25,47881.0
5139964,-13.1756,49.6872,269.98,25832.4
4933308,-12.4192,48.8089,269.89,26165.7
10090263,-12.3472,43.7219,269.14,20799.1
8659464,-13.0531,49.2619,268.7,21862.4
1483742,-13.0425,49.7203,268.49,37239.0
7141117,-13.05,49.7189,268.48,23273.9
9450066,-13.1958,49.7175,267.87,21250.6
2152189,-12.7636,45.1344,267.85,33552.7
2673956,-12.9356,49.5917,267.76,31501.9
10653950,-12.8564,49.1475,267.44,20428.2
2928948,-12.7322,45.095,267.37,30665.6
3322217,-13.0578,49.415,266.8,29535.4
8391958,-13.0136,49.7453,266.63,22088.5
5515459,-12.45,49.0444,266.4,25266.4
11323830,-12.9489,49.6389,266.13,20015.4
11104284,-12.8567,49.56,266.02,20148.7
448213,-13.0286,49.4817,265.48,50696.4
5508741,-13.1306,49.7278,265.18,25276.4
3691012,-13.1092,49.58,264.58,28610.6
516908,-12.4133,48.7667,262.73,48949.6
6421120,-13.0578,49.4217,262.66,24081.1
2519433,-12.88,49.1278,262.32,32057.2
6408455,-12.7311,49.5433,262.29,24097.0
4483243,-12.9106,49.075,262.23,26954.9
3435285,-12.7475,45.1633,262.04,29238.3
6903043,-13.0217,49.2203,262.01,23529.8
4668616,-12.9494,49.5697,261.91,26619.5
9605594,-12.6961,49.6147,261.48,21136.3
3677108,-12.2697,43.6847,261.36,28641.7
8914622,-12.3739,49.1861,261.17,21660.4
2772322,-11.4156,43.3947,261.0,31166.4
5508742,-12.4578,49.005,260.97,25276.4
1564646,-12.3292,43.8233,259.34,36703.1
11124288,-13.1272,49.4442,259.33,20136.0
10644568,-12.9167,49.0725,258.82,20434.4
708924,-12.3339,49.0867,258.29,45226.0
266284,-12.6408,45.0283,258.23,57362.4
3833401,-12.3625,49.3886,257.31,28283.6
2284232,-13.0914,49.3458,257.08,32982.0
9384496,-13.1469,49.5083,256.42,21301.5
9313281,-12.2575,49.1672,256.3,21352.3
4466100,-12.8769,49.1161,255.36,26987.9
6761833,-12.8558,45.1097,255.3,23686.3
10749397,-13.1775,49.7267,255.26,20368.8
11236890,-12.3483,49.3717,254.78,20069.5
4682820,-13.1322,49.7078,254.71,26593.2
6140689,-12.8836,49.1167,254.46,24427.9
11313554,-13.1314,49.715,253.83,20021.8
7628826,-12.9156,49.2069,252.48,22784.2
9301661,-12.8756,49.1189,251.9,21361.2
11002488,-13.1358,49.8269,251.63,20208.7
2202141,-12.9164,45.1725,251.15,33329.8
7784353,-12.2436,44.3806,249.9,22635.5
8605793,-12.4708,48.8494,249.9,21909.0
10639795,-13.1247,49.4897,249.83,20437.5
7106652,-13.1172,49.7361,248.98,23312.2
4328989,-12.4219,48.7592,247.62,27248.7
8246573,-12.4858,48.8589,247.46,22212.2
10904649,-12.8481,49.1375,247.07,20271.6
3576685,-12.6653,49.0222,246.75,28885.4
6349160,-13.0297,49.8125,246.64,24168.3
11461871,-12.3531,43.8456,246.03,19935.7
7889642,-13.0203,49.5853,245.95,22536.8
688604,-12.5119,48.9192,245.87,45560.1
1074528,-12.8319,45.1081,245.71,40613.9
10290457,-12.9203,49.07,245.6,20666.9
10992557,-12.7014,49.5636,245.53,20215.0
7792844,-12.9508,49.6475,244.54,22627.1
11002489,-12.9967,49.4508,244.29,20208.7
10029738,-12.0792,49.245,243.81,20841.9
11790972,-13.0594,49.4236,243.77,19749.5
1019590,-13.1039,49.5006,243.65,41182.5
4846015,-12.9147,45.0936,243.12,26311.4
3460833,-11.3917,43.3381,243.0,29172.9
1256529,-12.2436,49.1722,242.69,38956.5
10055583,-12.3492,49.3533,242.58,20823.5
11548607,-12.1964,49.2164,242.53,19887.7
7452623,-13.1506,49.4353,242.51,22956.9
2579969,-13.0053,49.1464,242.27,31835.9
10299416,-11.5997,43.2781,241.41,20660.8
9776330,-12.84,49.1428,240.87,21018.5
10948451,-13.085,49.2625,240.45,20243.3
8550878,-13.0286,49.3194,240.16,21952.5
11303248,-12.1969,44.2725,239.75,20028.2
4582231,-12.9267,49.3967,239.61,26774.6
313461,-12.8392,48.5739,239.35,55225.6
4148242,-13.0394,49.2811,238.74,27608.8
899714,-13.0217,49.6067,238.73,42549.1
9721433,-12.9375,49.6747,238.59,21054.8
9202054,-12.4364,48.8508,238.45,21435.6
5063701,-13.0403,49.4589,238.06,25953.0
5671765,-12.9167,49.6214,237.95,25046.0
2662070,-12.9256,49.0664,237.86,31542.3
6638471,-12.3736,49.1636,237.83,23825.8
4182196,-12.5033,48.9544,237.79,27539.4
2942779,-13.0139,49.6158,236.66,30624.1
1201984,-12.0464,49.2522,235.54,39419.8
9780471,-12.5217,48.9,235.3,21015.4
8414440,-13.1419,49.6217,233.48,22068.3
5457933,-13.0275,49.2681,233.32,25349.4
870461,-11.9989,49.2672,232.21,42917.3
8914618,-12.6614,49.0442,232.14,21660.4
7245556,-13.0083,49.7453,231.82,23164.2
641196,-12.0803,49.2922,231.17,46390.1
9399991,-12.7547,49.3472,231.02,21289.5
6748231,-12.1914,44.3439,230.05,23702.5
2200879,-12.9753,45.1792,229.72,33335.5
1473340,-13.0053,49.0939,229.18,37312.5
1699722,-12.0839,49.2278,228.74,35865.5
3360812,-12.9853,45.1469,228.68,29431.6
4449330,-11.4325,43.4017,228.63,27021.0
8957249,-13.0144,49.6119,227.53,21625.0
11344799,-12.4917,48.8572,227.34,20002.7
691731,-13.1372,49.7686,227.26,45508.3
3177424,-12.9411,49.5761,226.98,29933.9
11527175,-12.7758,45.2119,226.65,19900.5
8146375,-13.1375,49.6194,226.25,22300.9
8845846,-13.0294,49.2794,226.17,21713.2
8240361,-12.8889,49.1392,226.16,22217.9
9194709,-13.0364,49.3022,225.65,21441.6
10672466,-12.9978,49.4003,225.16,20415.7
697873,-13.0381,49.4056,224.52,45407.4
10763538,-12.9597,49.7314,224.4,20359.4
1108675,-12.8019,45.1072,223.78,40280.0
9764177,-12.1833,44.2322,223.08,21027.5
1617242,-13.1475,49.3719,222.6,36366.5
3026803,-12.7828,49.5125,222.2,30369.2
618379,-13.0214,49.4639,221.89,46812.6
1350818,-13.0461,49.7639,221.48,38205.1
10466832,-12.9333,49.0603,220.0,20549.4
7406321,-12.7428,45.1856,219.9,23001.3
7895405,-13.1919,49.3419,219.87,22531.2
901537,-12.985,49.5353,219.05,42528.1
1144267,-12.0067,49.2742,218.97,39940.0
4833605,-12.8581,49.1069,218.61,26333.2
8014677,-12.6467,45.035,218.56,22420.6
5304404,-12.3447,49.1764,218.54,25577.1
7812916,-12.5617,49.4564,218.31,22607.4
8739599,-12.9422,49.6469,217.53,21798.2
6330802,-13.1856,49.0844,216.36,24192.0
8946579,-13.1972,49.6222,215.77,21633.9
8125064,-12.8983,49.0883,215.48,22320.9
1088674,-12.0358,49.2842,215.14,40474.1
2948597,-13.1242,49.74,214.75,30605.3
9841590,-12.425,49.345,213.91,20969.9
10191854,-13.0578,49.6936,213.86,20731.6
7359124,-12.8483,49.1186,213.67,23051.1
11221516,-13.1856,49.4767,213.39,20079.0
480447,-11.7656,43.2422,213.13,49842.1
8215689,-12.9233,49.6281,212.72,22240.9
11292857,-12.3667,49.1186,212.48,20034.5
2204384,-13.0117,49.4097,212.08,33322.1
9020486,-13.06,49.2375,212.07,21577.8
2718453,-12.7189,49.3658,211.63,31347.8
2131487,-13.1078,49.2928,211.51,33645.6
4043798,-12.96,45.0933,210.82,27824.8
11034784,-13.0256,49.8147,210.75,20192.9
3802377,-13.1939,49.8806,210.25,28353.3
707083,-12.5328,48.8775,209.93,45255.6
1633048,-12.6869,48.9975,209.77,36268.3
6226758,-12.8639,49.1267,209.46,24318.1
6316518,-12.9494,49.545,209.36,24210.4
10082023,-12.9653,49.7356,209.12,20805.2
1779764,-12.0289,49.2592,208.91,35409.6
7182212,-13.1047,49.2989,208.78,23232.8
4530749,-12.8953,49.0933,207.98,26869.7
7951156,-12.1739,44.3917,207.76,22477.4
11164127,-13.1806,49.3464,206.99,20110.7
5543527,-12.3658,44.5233,206.53,25228.5
1463158,-12.4975,48.9178,206.33,37385.9
427765,-12.8233,48.6156,206.31,51272.4
427943,-12.7917,45.2886,206.27,51267.5
7698995,-12.4478,49.0083,205.48,22717.0
9985390,-13.0289,49.1461,204.7,20869.4
3786914,-13.1414,49.6514,204.5,28387.0
9506875,-12.9469,49.5806,204.16,21211.6
1471398,-12.7467,45.0456,203.92,37326.2
10209599,-13.12,49.7464,203.84,20719.3
6958497,-12.7428,45.0947,203.68,23470.2
5448054,-12.8417,49.0708,203.61,25364.5
1624793,-13.0308,49.4467,202.78,36319.2
5834397,-13.1778,49.2939,202.63,24826.3
6567604,-11.3839,43.3683,202.61,23908.6
3486608,-12.8903,49.1078,202.54,29107.3
772728,-12.1261,49.185,202.07,44246.2
2346922,-12.9753,49.4669,201.95,32727.9
11241877,-12.6203,48.9494,201.72,20066.3
8615689,-12.1933,49.1836,201.4,21900.2
2637638,-12.5033,48.9158,201.3,31629.1
1000082,-13.0894,49.4806,201.06,41390.8
4684136,-12.7422,45.0503,201.02,26590.8
10649206,-12.5561,49.4478,200.56,20431.3
7763394,-12.7331,49.3894,200.22,22652.4
2251143,-12.9436,49.1033,199.21,33120.7
2728849,-13.1931,49.2858,199.1,31313.2
7536663,-12.8925,49.1028,198.24,22873.5
10540724,-12.8539,49.1325,196.93,20499.8
6488036,-13.1372,49.7419,196.67,24001.6
1126235,-13.1747,49.2306,196.48,40108.8
1221912,-12.9925,49.4986,196.07,39249.8
8866869,-12.4522,49.075,195.73,21695.6
1947952,-12.0528,49.2694,195.69,34522.3
3363437,-12.3569,49.0681,195.14,29427.3
4340849,-12.9275,49.7011,195.09,27227.7
1393689,-12.5772,48.8831,195.08,37880.2
2171237,-12.0158,49.2761,194.9,33467.1
6114308,-12.5022,48.8164,194.42,24459.2
2476750,-12.4842,48.7961,194.34,32217.8
3435287,-12.1283,44.4911,194.2,29238.3
1413440,-13.175,49.85,193.72,37737.0
6477383,-12.9044,49.1181,193.51,24014.9
1539702,-12.9547,49.0533,193.46,36865.9
11403876,-13.0103,49.735,193.22,19970.8
877603,-12.6617,45.0961,192.65,42828.2
3968943,-13.1475,49.7703,192.42,27984.7
7321579,-13.1453,49.1836,192.11,23087.0
4642501,-12.0589,49.245,191.33,26665.0
9713171,-12.3469,43.8431,191.33,21060.8
6479508,-12.8583,49.0969,191.11,24012.3
5185955,-13.1244,49.3531,190.92,25760.8
5439826,-12.3317,49.1506,190.9,25377.1
10630519,-12.9428,49.1064,190.62,20443.8
7401153,-12.0547,49.2608,189.83,23006.8
11313561,-12.8608,49.1306,189.35,20021.8
11477769,-12.4483,48.9772,189.12,19926.1
556671,-12.1372,49.1544,188.32,48064.3
4938998,-12.0197,49.2606,188.06,26155.9
3984008,-12.6769,48.96,188.03,27950.5
2730048,-13.0506,49.3858,187.97,31309.2
2557747,-12.9956,49.4931,187.55,31915.8
4875651,-12.5169,48.9178,187.37,26262.9
6140688,-12.9294,49.6953,187.19,24427.9
5182906,-12.9275,45.1639,187.19,25765.7
9926524,-13.0281,49.7383,187.04,20912.1
524599,-12.4528,48.6697,186.67,48770.9
6092594,-12.0208,49.2533,186.61,24487.8
3918146,-11.4406,43.41,186.43,28093.7
10735226,-12.9828,45.1292,186.41,20378.2
6142663,-13.1742,49.3392,186.21,24425.3
3966926,-12.9461,49.0494,186.06,27989.2
6741430,-12.9239,49.6106,186.05,23710.5
2087453,-12.3667,49.2025,185.77,33849.5
998464,-12.9861,49.7628,185.62,41409.3
531152,-12.395,43.7042,185.5,48617.8
2490760,-12.9936,49.5228,185.23,32164.4
2711667,-12.0844,49.2806,185.1,31372.2
8950145,-13.0064,49.355,184.95,21630.9
11532532,-12.0822,49.2872,184.92,19897.3
4105585,-13.0033,49.1086,184.86,27696.3
3594125,-13.1139,49.3581,183.92,28841.2
8118832,-12.3536,49.0564,183.78,22326.6
2984614,-13.1894,49.7578,183.6,30496.9
789556,-12.9778,49.8061,183.01,44006.5
10383647,-12.7808,49.6267,182.59,20602.1
6294524,-12.4894,48.8797,182.41,24234.1
9031345,-12.3742,43.8267,182.26,21569.0
10644572,-12.4758,49.3714,181.84,20434.4
2219754,-13.1575,49.8597,181.84,33255.1
6436096,-13.1936,49.3097,181.74,24062.6
2042186,-13.1275,49.2919,181.59,34061.5
7479129,-12.5744,48.8969,180.79,22929.2
4776753,-13.1283,49.5944,179.44,26432.2
5513731,-12.3506,43.7039,179.4,25268.9
4731869,-12.9744,49.1083,179.36,26509.2
3470131,-12.4383,48.7489,179.35,29151.0
7409006,-12.365,49.0792,178.49,22998.5
4017568,-12.8233,45.1156,178.02,27879.7
5370537,-12.3708,43.8497,177.89,25477.3
6659360,-13.1008,49.3658,177.7,23804.4
4318563,-12.6808,48.9628,177.69,27269.8
11069487,-12.7558,45.1197,176.8,20170.8
4099233,-13.1086,49.6219,176.72,27710.1
2452377,-13.0725,49.4417,176.52,32312.6
8282381,-12.3683,49.085,176.19,22183.5
1668463,-13.1056,49.4817,175.83,36053.3
6552168,-12.915,49.1094,175.78,23927.2
7073457,-12.7481,45.0833,175.77,23345.0
11472391,-12.7508,45.1497,175.65,19929.3
10406426,-12.7408,45.1003,175.52,20586.6
11796413,-12.9975,49.0917,175.35,19746.2
11435541,-12.6178,49.4664,175.3,19951.7
2232588,-13.1819,49.8492,174.95,33199.5
11757871,-12.0664,49.2164,174.91,19768.8
8078982,-12.7989,45.195,174.84,22363.7
5740244,-13.0428,49.3969,174.49,24951.7
1981949,-12.4294,49.4194,174.38,34353.9
6398166,-12.1919,44.2806,174.19,24110.2
4163804,-12.4956,48.8783,174.06,27578.7
10588736,-12.9942,49.5183,173.32,20471.8
7027125,-13.1611,49.3161,173.0,23396.8
10725772,-13.1311,49.595,172.77,20384.5
10334595,-12.3808,49.0753,172.55,20636.1
9938998,-12.7842,45.2039,172.19,20902.9
8702140,-13.1572,49.3267,172.18,21830.3
4415498,-12.3475,43.6919,171.52,27084.6
7146102,-12.4753,48.8764,171.21,23268.4
4839133,-12.9592,49.0631,171.18,26323.5
1728504,-13.1367,49.2797,170.97,35698.1
8540953,-13.1731,49.6292,170.22,21961.2
11509211,-12.4697,49.3683,170.14,19906.9
3897322,-13.1994,49.8258,170.03,28141.3
1392217,-13.1944,49.8631,169.23,37892.0
9081802,-12.3553,49.0747,167.9,21527.6
4591167,-12.075,49.2964,167.79,26758.0
3561752,-12.4303,49.0514,167.55,28920.7
7807189,-12.9622,49.1014,167.54,22613.0
4816040,-12.3794,43.8592,167.32,26364.6
10410936,-12.9431,49.0833,166.99,20583.5
1368884,-13.1092,49.8514,166.68,38066.4
7073450,-13.1758,49.7575,166.28,23345.0
7907070,-12.9589,49.09,166.07,22519.8
1845033,-12.5006,48.8922,165.8,35053.4
4553137,-12.7222,49.02,165.36,26826.9
1154074,-12.8392,49.6253,165.23,39850.6
9183467,-12.9597,49.1094,165.23,21450.5
8729243,-13.1514,49.145,164.99,21806.9
3988002,-12.2161,49.1567,164.06,27941.4
9415398,-12.9722,49.46,163.66,21277.5
9286470,-12.9228,49.7086,163.57,21373.1
11840621,-12.67,48.9639,163.22,19720.4
687408,-12.7467,48.6831,163.05,45581.0
689505,-12.3853,43.7375,162.79,45544.7
690365,-12.3989,43.6692,162.7,45532.1
4646653,-12.8278,49.6231,162.46,26660.2
1536412,-12.5958,48.8989,162.37,36886.6
10383643,-13.0122,49.1308,162.19,20602.1
4956378,-12.8233,49.0428,162.02,26129.1
9959905,-12.3239,49.1414,161.27,20887.7
8224867,-13.0433,49.425,161.0,22232.3
1114497,-12.9967,49.7886,160.89,40223.0
7298429,-12.3736,44.5228,160.81,23111.8
5612072,-12.9244,49.1008,160.53,25129.8
1950837,-13.1719,49.2069,160.47,34507.5
4529540,-12.0703,49.2714,160.46,26872.0
1365489,-13.115,49.1517,160.46,38093.2
6549984,-13.1872,49.6469,160.08,23929.9
11069484,-13.0047,49.4097,160.06,20170.8
3486607,-12.9675,49.44,159.79,29107.3
6406427,-12.9875,49.1206,158.96,24099.7
3804241,-12.5297,48.8694,158.76,28348.8
6775941,-12.4214,48.8314,158.49,23670.2
839672,-12.9989,49.0117,158.49,43316.3
2777860,-13.1364,49.8453,158.42,31150.0
8838315,-11.9156,43.4547,157.41,21719.1
8166547,-12.3797,43.8536,157.18,22286.6
7615066,-13.1119,49.2956,156.45,22798.2
7838763,-12.9906,49.5275,156.4,22582.0
5704452,-12.5636,48.9017,156.25,25002.7
5393674,-12.9508,49.1183,156.2,25444.8
6114304,-12.9475,49.0647,156.08,24459.2
10312683,-12.3758,44.5206,156.05,20651.5
3629071,-13.1139,49.2836,155.96,28759.4
11697239,-13.1669,49.3419,155.79,19804.2
10588735,-12.9944,49.7856,155.78,20471.8
4741043,-12.0933,49.2867,155.33,26492.4
11323826,-12.9839,49.5408,155.22,20015.4
1155799,-13.1183,49.8422,154.94,39834.6
1319979,-13.1606,49.1331,154.77,38444.5
8323594,-13.1008,49.5131,154.75,22146.1
9085576,-12.9194,49.7144,154.63,21524.6
936729,-13.0106,49.0033,154.14,42105.0
8430777,-13.0006,49.4164,153.53,22053.9
9411482,-12.99,49.5331,153.45,21280.5
10695965,-13.1511,49.3558,153.43,20400.1
9096565,-12.5647,48.9047,152.99,21515.7
5515456,-12.7967,49.5189,152.71,25266.4
914476,-12.8856,48.5492,152.5,42369.0
5293564,-12.9639,49.4497,152.39,25594.6
8521091,-13.1156,49.8414,151.96,21978.6
4890970,-12.9819,49.0939,151.64,26236.2
5096586,-13.0036,49.7556,151.34,25901.4
4844653,-13.0464,49.4214,150.87,26313.8
2982464,-12.9961,49.5125,150.83,30503.2
10864068,-12.0661,49.2219,150.44,20293.6
8531041,-12.6533,45.0322,150.33,21969.9
5916747,-12.0369,49.2489,150.14,24715.7
6870173,-12.7242,45.1056,150.13,23567.7
813889,-12.8117,45.2336,149.63,43665.0
7525870,-12.0786,49.2569,149.2,22884.7
11367564,-13.1314,49.7636,149.2,19993.1
7272117,-13.1325,49.8217,149.14,23139.4
6098372,-12.3833,49.2222,148.51,24480.0
9866266,-13.1042,49.6356,148.15,20951.7
831619,-12.4,43.6439,147.99,43425.0
2000685,-12.9547,49.825,147.48,34261.1
2439410,-13.1239,49.7689,147.17,32361.8
841334,-12.5669,48.85,147.11,43295.7
8550881,-12.9717,49.0669,147.03,21952.5
9824992,-12.9844,49.1122,146.99,20982.0
6505197,-13.1286,49.6056,146.2,23980.4
1542054,-12.9761,45.2003,146.15,36850.3
1603540,-12.3475,49.2217,145.86,36452.2
3936577,-13.1525,49.8583,145.64,28055.1
3971947,-12.465,48.8731,145.18,27977.8
3897325,-12.6908,48.9522,145.04,28141.3
7473832,-12.9886,49.4222,144.91,22934.7
5490205,-12.6575,48.9389,144.8,25304.2
4295162,-12.7039,48.9986,144.57,27314.1
8592439,-13.1544,49.7422,144.47,21920.6
7343485,-12.6803,48.9711,144.4,23067.7
6623083,-12.76,45.0917,144.28,23844.5
7963971,-12.2161,49.1492,144.26,22468.9
6234628,-13.1706,49.2103,144.22,24307.6
9249189,-13.1914,49.425,143.75,21402.9
9888949,-12.9206,49.1061,143.58,20939.5
5111258,-12.2867,49.1467,142.99,25876.8
1320419,-11.7356,43.2353,142.86,38441.2
11257328,-12.9956,49.1111,142.51,20056.8
3667256,-12.4967,48.8869,142.17,28666.2
1921048,-12.0414,49.2297,141.61,34658.6
5299646,-12.1172,49.2467,141.6,25584.6
6616473,-12.28,49.1539,141.58,23852.5
4855547,-13.1986,49.2775,140.83,26294.4
5005315,-13.0144,49.0803,140.78,26048.6
9368940,-13.1078,49.6006,140.63,21313.4
9589847,-12.9897,49.3931,140.45,21148.4
9157540,-12.9878,49.8044,140.26,21471.3
9153827,-13.0247,49.2397,138.82,21474.3
8820785,-12.1256,49.2372,138.81,21733.8
4189842,-12.9894,49.4158,138.6,27523.2
6045273,-12.2364,49.1964,138.33,24547.6
965606,-12.4064,43.6578,138.15,41775.4
2016977,-13.1528,49.8078,138.04,34182.9
1522319,-12.5978,48.8692,137.97,36979.8
10406415,-13.1864,49.4497,137.71,20586.6
10047049,-12.9781,49.395,137.66,20829.7
2473324,-13.0794,49.1908,137.63,32231.6
6874841,-12.9619,49.8217,137.15,23562.3
8967988,-13.1942,49.4358,137.06,21616.2
6686127,-13.0283,49.2025,136.57,23772.3
3645638,-12.3564,49.04,136.34,28717.3
2337392,-12.4675,49.4108,135.98,32764.9
10174409,-13.0867,49.6108,135.87,20743.8
1350423,-12.9,48.5986,135.54,38208.4
5219773,-12.5017,48.8525,135.47,25706.3
6385594,-13.1897,49.2725,135.32,24126.1
8011590,-13.1636,49.8139,134.81,22423.4
2644632,-12.3972,48.9858,134.79,31602.9
4187720,-12.9697,49.0419,133.61,27527.9
3802380,-12.5186,48.8719,133.6,28353.3
9780461,-13.0083,49.3431,133.4,21015.4
2341633,-12.5122,48.8489,132.93,32747.4
7116501,-12.4917,48.8467,132.9,23301.3
3539348,-12.7806,45.2911,132.56,28975.7
7845078,-12.9706,49.0831,132.44,22576.4
8122000,-12.3786,49.2139,132.1,22323.8
1035600,-12.4058,43.7175,132.02,41015.1
7746453,-12.6925,48.9347,131.92,22669.3
2922541,-12.9164,48.5911,131.29,30686.4
11575986,-13.1219,49.6169,131.21,19871.7
1050228,-12.39,48.7042,131.06,40865.7
2245026,-12.9075,48.5689,131.02,33147.7
4224463,-12.9944,49.8067,130.92,27453.7
11054698,-13.0736,49.8136,130.64,20180.3
2607248,-12.1275,44.4342,130.51,31735.6
5647467,-13.0947,49.6394,130.43,25081.6
7398524,-12.385,43.8478,130.21,23009.6
2252438,-12.9061,48.5883,129.78,33115.0
1950130,-12.2042,49.2314,129.62,34511.2
8935932,-13.1044,49.3353,129.55,21642.7
6799736,-13.0533,49.4975,129.13,23646.0
6035814,-13.1764,49.2219,128.82,24560.5
4345448,-13.1492,49.7778,128.6,27218.3
1935705,-12.7908,45.275,128.39,34585.0
5264877,-12.3511,43.6756,128.15,25636.8
5253986,-12.0933,49.3003,128.13,25654.2
2789927,-12.9914,45.1281,128.08,31109.1
2684914,-12.9572,49.5133,127.78,31465.5
7594571,-12.0511,49.2386,127.73,22815.0
10082020,-13.1158,49.5119,127.73,20805.2
2835764,-11.8914,43.5072,127.67,30961.3
8877318,-13.1033,49.6147,127.4,21686.8
5709860,-12.9928,49.6856,126.91,24995.1
2525669,-12.4133,43.7236,126.77,32033.4
9951489,-12.8867,45.1364,126.61,20893.8
5069557,-12.8878,49.7003,126.44,25943.2
4371383,-12.2264,49.2053,126.37,27166.8
9224686,-13.1572,49.7472,126.29,21417.8
2970393,-13.0589,49.8603,126.26,30538.6
8625936,-12.1483,49.2269,126.06,21891.5
4426276,-13.1753,49.2158,126.04,27063.4
2255217,-13.0181,49.5106,125.88,33103.4
2262017,-13.0914,49.1261,125.83,33076.5
9627642,-13.0631,49.4958,124.85,21124.3
2360257,-12.4103,43.7069,124.39,32675.3
5605247,-12.9989,49.3181,124.32,25140.0
10658575,-13.1858,49.4378,124.0,20425.0
9212979,-13.0531,49.8317,123.75,21426.7
7927613,-12.4806,49.4064,123.18,22500.0
7617682,-12.9756,49.3133,123.06,22795.4
6370081,-13.1608,49.4083,123.02,24141.9
8041501,-13.0675,49.3975,122.94,22395.0
2470391,-12.1047,49.165,122.9,32243.5
2887685,-12.3633,43.74,122.9,30794.2
4860240,-13.1881,49.2122,122.76,26289.6
6999078,-13.1956,49.2139,122.64,23424.0
2448811,-12.1275,49.3214,122.45,32324.4
10899759,-12.9064,49.7144,122.37,20274.8
4057784,-13.1825,49.2625,122.31,27797.3
1532790,-12.9278,49.8058,122.29,36910.8
9593733,-13.1781,49.4369,121.95,21145.4
9668616,-12.995,49.4156,121.61,21094.1
10129138,-13.1214,49.2975,121.57,20771.5
2673362,-12.3536,43.6692,121.54,31503.9
6443233,-12.7461,45.1367,121.32,24057.3
8715685,-12.7597,45.0767,120.84,21818.6
9546111,-12.9053,48.6,120.83,21181.5
10257834,-12.3778,43.8419,120.79,20685.4
5936466,-13.0042,49.5239,120.63,24692.5
7398518,-13.1869,49.2061,120.57,23009.6
5354217,-12.9939,49.0314,120.47,25502.3
4584794,-13.1658,49.2206,120.38,26769.9
10430795,-13.1947,49.22,120.35,20574.2
2333683,-11.9856,49.2756,120.28,32780.4
10963068,-13.1983,49.2833,120.06,20233.9
5012478,-13.1767,49.4192,120.05,26036.3
1655838,-12.9717,49.8742,119.84,36127.5
10924173,-13.0339,49.8325,119.56,20259.1
10859221,-12.9092,49.6872,119.09,20296.8
8595695,-12.0944,49.2964,119.04,21917.7
4632225,-12.0553,49.2269,118.86,26684.1
11339453,-13.0019,49.5058,118.71,20005.9
10782472,-11.3786,43.3714,118.71,20346.9
3774792,-12.025,49.2408,118.7,28416.2
1975410,-12.4767,48.7794,117.64,34385.4
2407058,-12.1839,49.3408,117.45,32489.6
5911258,-13.0592,49.4822,117.21,24723.4
2355369,-13.1694,49.1347,117.09,32692.9
5231120,-12.4686,48.7881,117.03,25691.5
2762870,-13.0028,49.7772,116.95,31199.1
4272539,-12.3611,43.6767,116.75,27360.7
8743062,-12.2617,43.6775,116.71,21795.2
10059815,-12.9578,49.3242,116.65,20820.5
2248981,-12.2567,49.3539,116.44,33130.4
1311545,-12.2544,49.0039,116.39,38510.7
4783424,-13.1308,49.2736,115.78,26420.1
4375296,-12.8894,48.5572,115.53,27162.1
3799076,-13.0019,49.8067,115.16,28357.8
10625889,-12.8831,49.7092,114.89,20446.9
8859739,-13.1731,49.2386,114.5,21701.5
2918801,-13.0256,49.8281,114.15,30698.9
8907554,-13.0014,49.3447,114.07,21666.2
5342836,-13.0953,49.4525,113.95,25519.8
9172277,-12.1069,49.2381,113.81,21459.4
3934617,-12.3258,49.1011,112.57,28059.7
10187557,-12.4119,43.6711,112.44,20734.6
10299398,-12.995,49.3639,112.2,20660.8
8856275,-13.0794,49.8381,111.63,21704.4
6951292,-12.7894,45.0994,111.3,23478.3
3792513,-13.0214,49.5061,110.57,28373.5
8534284,-12.9408,49.3939,110.42,21967.0
8212469,-12.8953,49.6922,110.4,22243.7
11824047,-12.9344,49.3939,110.16,19730.1
10356777,-13.1897,49.2225,109.63,20620.6
4146091,-12.1017,49.1819,109.59,27613.4
8437192,-13.1628,49.2261,109.37,22048.1
2041067,-12.1014,49.2036,109.0,34067.1
9792568,-12.9136,45.1853,108.95,21006.3
6400211,-12.6478,48.8908,108.83,24107.6
3045472,-12.1564,49.2994,108.61,30314.6
11435531,-13.1103,49.3711,108.15,19951.7
7277726,-12.9869,45.1081,108.03,23133.9
5011089,-12.1008,49.2256,107.7,26038.8
9905729,-12.9167,48.5681,107.39,20927.3
5419553,-13.0375,49.4181,107.28,25404.7
2975913,-13.1044,49.7939,106.75,30524.0
1890081,-13.0617,48.9844,106.61,34818.1
7063656,-13.1614,49.2628,106.46,23355.9
2819021,-13.1422,49.1122,106.09,31014.8
4841869,-12.0806,49.3181,105.95,26318.6
10209619,-12.2603,43.6683,105.93,20719.3
10854497,-13.1972,49.2222,105.83,20299.9
1569470,-12.3028,49.3192,105.53,36670.1
9841582,-13.1186,49.3139,105.52,20969.9
1855460,-13.0317,48.9997,105.24,34998.8
11104290,-12.1922,49.3528,104.8,20148.7
4952278,-12.9494,49.4683,104.37,26136.5
2571353,-13.1106,49.0986,103.81,31865.9
10161426,-13.1781,49.2047,103.77,20753.1
9605607,-11.9911,49.2719,103.48,21136.3
3773838,-12.8658,45.2075,103.44,28418.4
4336158,-12.7353,45.1481,103.25,27237.0
11851737,-12.9,49.69,103.11,19714.0
6391888,-12.3489,49.1911,102.96,24118.2
6576116,-11.9919,49.2889,102.88,23897.9
5922333,-13.1828,49.8556,102.4,24708.0
3174582,-12.2778,49.1914,102.26,29942.4
7558983,-12.5086,48.8661,102.22,22851.2
8511149,-13.1978,49.8053,102.0,21987.3
10958167,-13.1622,49.2589,101.66,20237.0
7591771,-12.3569,43.7481,101.65,22817.8
8187745,-12.9267,48.5931,101.48,22266.6
6104454,-13.0706,48.9797,101.38,24472.2
7567180,-12.9431,49.3767,101.25,22842.9
8005613,-12.5178,48.9419,100.9,22429.1
7924631,-13.185,49.1972,100.83,22502.9
2836365,-12.68,49.5906,100.25,30959.3
5528915,-13.1442,49.8517,100.09,25246.2
2946647,-12.875,49.7875,100.02,30611.6
3324553,-12.1786,49.1664,99.71,29528.9
6148559,-12.2347,49.0164,99.28,24417.4
7374965,-13.1878,49.1817,99.15,23034.5
10602542,-12.38,44.5247,99.1,20462.4
9514727,-13.0972,49.4633,99.05,21205.6
2117874,-12.5422,48.8294,98.67,33708.0
8017647,-12.1586,49.1967,98.49,22417.8
7245559,-12.1014,49.3217,98.11,23164.2
9514742,-12.3414,49.2161,97.54,21205.6
6940918,-13.1667,49.25,97.53,23486.5
6288320,-11.7906,43.2703,97.33,24242.0
11277580,-12.9206,49.6431,96.47,20044.1
5318515,-12.7781,48.9747,96.4,25554.7
4685442,-12.3122,49.0481,95.78,26588.4
7604005,-13.0317,49.7642,95.76,22809.4
6518911,-12.3261,49.0539,95.38,23967.1
4731868,-13.015,49.0711,95.07,26509.2
11851734,-13.1169,49.3928,95.05,19714.0
8243443,-12.3506,49.3872,94.88,22215.1
4966280,-12.1575,49.3247,94.18,26112.1
2407529,-13.0531,48.9881,94.1,32487.6
6612089,-12.7672,45.2886,94.01,23857.9
8579149,-12.9836,49.7058,93.29,21932.2
5747382,-12.9497,49.5322,93.23,24941.5
6152531,-13.1092,49.8,93.07,24412.2
9914026,-12.8575,45.2006,93.03,20921.2
9434653,-12.9972,49.7572,93.01,21262.6
8870331,-13.1558,49.1672,92.97,21692.7
2230491,-12.2694,49.2353,92.82,33209.1
9585749,-13.105,49.4172,92.01,21151.4
7227588,-12.6675,45.0867,91.96,23183.4
2046083,-12.4692,48.7061,90.95,34042.8
2991883,-12.3303,49.2056,90.79,30473.9
11768708,-12.2372,49.0117,90.48,19762.4
9024082,-12.1703,49.3417,90.4,21574.9
6625264,-13.165,49.1525,89.78,23841.8
3423908,-12.2592,49.2028,89.76,29268.8
7046458,-13.1631,49.1472,89.74,23375.0
4918097,-13.095,49.7925,89.73,26192.5
7207532,-12.8092,49.6114,89.68,23205.4
8760292,-13.1542,49.1731,89.5,21780.6
2104274,-12.1631,44.2047,89.5,33770.3
7564494,-13.0147,49.5192,89.18,22845.7
9615678,-12.8733,49.7192,88.57,21133.3
9713163,-12.9372,49.5192,87.97,21060.8
8921775,-13.0322,49.4228,87.54,21654.5
11247057,-13.1006,49.4311,87.18,20063.1
10205159,-12.7997,49.5953,87.09,20722.3
9453958,-12.9664,49.5089,87.06,21247.6
7433794,-12.8831,49.5328,86.75,22976.4
7996623,-12.135,49.295,86.71,22437.6
8437200,-12.7353,45.1747,86.52,22048.1
10894925,-12.8975,49.4961,85.92,20277.9
5664785,-12.3017,49.1769,85.62,25056.2
7156134,-12.1581,49.26,85.31,23257.5
9434650,-13.1058,49.4261,85.28,21262.6
7515122,-12.0283,49.3053,85.25,22895.8
2603531,-12.3206,43.6356,84.89,31749.7
5572189,-12.3483,49.2036,84.33,25185.5
6447321,-12.8992,49.7658,84.19,24052.0
6677289,-12.8933,49.7706,84.05,23783.0
4710532,-13.1969,49.9042,83.87,26545.2
11521827,-12.0514,49.2169,83.75,19903.7
11835015,-13.1828,49.2236,83.68,19723.6
7041660,-12.3161,49.0403,83.64,23380.4
4599887,-12.9261,49.7978,83.41,26741.3
3044057,-13.0367,48.9997,83.06,30318.8
9368955,-12.3881,43.8636,82.77,21313.4
5632656,-12.9797,49.0386,82.5,25099.4
9142623,-12.8325,49.5861,82.36,21483.2
4926461,-13.0944,49.8186,82.25,26177.9
8807001,-12.8914,49.76,81.87,21745.5
4881159,-12.6181,48.8736,81.54,26253.2
8907557,-12.6828,45.0686,80.82,21666.2
10388291,-13.0183,49.8139,80.48,20599.0
3405326,-12.2442,49.2228,80.29,29316.7
3546420,-12.0464,49.3111,80.17,28960.3
10540723,-12.9025,49.7603,80.04,20499.8
2563047,-12.2639,48.9758,79.85,31897.8
11282768,-12.1656,44.2028,79.5,20040.9
11191135,-13.1681,49.1386,79.26,20098.0
11308381,-12.16,49.3103,79.24,20025.0
4163802,-12.9144,48.6047,79.22,27578.7
11372727,-12.1511,49.2664,78.94,19990.0
11619363,-12.1794,49.2642,78.68,19846.0
6488037,-12.9186,45.1997,78.52,24001.6
3783193,-12.4664,48.7589,78.48,28396.0
3346530,-12.2781,49.0908,78.17,29470.6
10484971,-13.1689,49.8031,78.07,20537.0
10286057,-12.3192,49.1581,77.76,20670.0
3005925,-12.9253,48.6028,77.5,30432.1
2758100,-12.9936,48.5447,76.47,31215.4
8681894,-12.1078,49.1997,76.37,21847.8
4487448,-12.3681,43.7469,75.6,26950.2
9355196,-12.4253,48.9511,75.58,21319.4
7202356,-12.9236,49.5306,75.42,23210.9
5467824,-12.9328,49.5325,75.32,25334.3
10904665,-11.7236,43.2492,74.98,20271.6
11553873,-13.1186,49.8264,74.87,19884.5
5773461,-11.7394,43.2431,74.79,24908.3
8806996,-13.115,49.0958,74.39,21745.5
9747922,-12.9719,49.4997,74.14,21039.7
9652495,-12.4553,48.7558,73.76,21106.2
3847051,-13.1469,49.9167,73.71,28252.0
9384497,-13.0944,49.8136,73.59,21301.5
7406323,-12.4592,48.6697,73.54,23001.3
10415516,-12.8836,48.6022,73.23,20580.4
11640757,-13.0172,49.7647,72.95,19833.2
3638617,-12.455,48.8689,72.14,28735.0
4954993,-12.4378,49.5,71.77,26131.6
6168145,-13.0956,49.1111,71.47,24391.3
6425344,-12.82,49.6983,71.39,24075.9
3737933,-12.2125,49.3019,71.07,28499.0
6552171,-12.6528,45.1047,71.0,23927.2
8719059,-11.3736,43.3731,70.9,21815.7
7889647,-12.885,49.7669,70.59,22536.8
3162107,-12.6072,48.8383,70.52,29976.4
3414292,-12.4556,49.56,70.13,29294.9
11662518,-13.105,49.8078,69.46,19820.3
7760548,-13.1214,49.9183,69.18,22655.2
4843261,-12.8506,48.6231,69.13,26316.2
8125078,-12.005,49.2386,68.8,22320.9
7111542,-12.2619,48.9797,68.79,23306.7
4884004,-12.3739,43.8692,68.66,26248.3
10361232,-12.9692,49.5183,68.1,20617.5
6098367,-12.7806,45.2747,67.6,24480.0
3423092,-12.9194,45.1422,67.24,29271.0
11483031,-12.6456,49.5078,66.75,19922.9
3642160,-12.2758,49.1308,65.76,28726.1
3557503,-12.9667,48.6044,65.69,28931.7
3569531,-12.8986,45.2333,65.55,28900.8
3587897,-12.4356,48.7111,65.35,28856.7
3628185,-13.0294,48.5461,64.92,28761.6
9697031,-13.0731,49.7975,64.83,21072.9
6367996,-12.9608,49.7739,64.3,24144.6
10038453,-12.8158,48.9969,64.16,20835.8
10754090,-13.1456,49.8636,64.13,20365.7
10059818,-12.8831,49.6725,63.91,20820.5
11477755,-13.1328,49.8581,63.59,19926.1
7217567,-12.3458,44.5358,63.15,23194.4
10392817,-12.875,49.5817,62.61,20595.9
4516837,-12.3444,48.9742,62.2,26893.4
8831199,-12.8039,49.6281,62.13,21725.0
8433931,-12.9819,49.0353,61.88,22051.0
6261632,-12.5161,49.5383,61.81,24276.1
4211219,-12.3717,48.9539,61.43,27481.6
7006259,-12.7025,45.1292,61.34,23415.8
10038466,-12.0142,49.2317,61.16,20835.8
5212155,-12.8367,48.6317,60.2,25718.7
6804397,-12.2472,49.2056,59.64,23640.6
8562680,-12.0956,49.2144,59.31,21946.7
7572638,-12.3081,49.0928,58.19,22837.3
5556929,-11.7789,43.2486,57.96,25208.3
9267822,-11.7531,43.2386,57.77,21388.0
9800632,-12.2906,49.1244,57.09,21000.3
9096568,-12.4375,48.7092,56.96,21515.7
10498825,-12.3397,49.3911,56.63,20527.7
6599007,-12.7819,45.2364,55.3,23873.9
10677238,-12.2606,44.5367,54.3,20412.6
9502892,-12.8644,49.5881,54.06,21214.6
4925058,-12.6769,45.0572,53.79,26180.3
5076852,-12.26,48.9567,52.77,25930.9
5761071,-12.1969,49.1522,52.38,24926.2
6739201,-12.0094,49.2067,52.31,23713.2
5861836,-12.1703,44.2053,51.89,24787.8
8859742,-13.0522,49.9239,51.13,21701.5
7631593,-12.9019,49.8556,51.08,22781.4
9905727,-13.1036,49.9178,50.99,20927.3
6494516,-12.1894,49.2758,50.93,23993.7
10973006,-12.4642,49.5103,50.74,20227.6
11667962,-12.8653,49.5836,50.09,19817.1
8589120,-12.6444,48.8519,49.89,21923.5
9438513,-12.3089,49.2314,49.69,21259.6
11527183,-12.0817,49.1647,49.66,19900.5
10658576,-13.185,49.91,48.94,20425.0
5883239,-12.2283,49.0197,48.32,24762.0
10303967,-12.7236,45.1686,48.02,20657.7
8269888,-13.0428,48.9969,47.84,22195.0
7650855,-12.7203,45.1658,46.9,22761.8
9784471,-12.2572,49.2792,46.56,21012.4
9290291,-11.3914,43.4008,46.37,21370.2
7422313,-12.515,49.58,45.27,22984.7
9324636,-12.3294,49.4031,45.02,21343.3
6581371,-12.5042,48.7747,44.81,23895.2
10621105,-12.8592,48.6133,44.68,20450.0
6612092,-12.4583,48.7208,44.67,23857.9
10107452,-13.1678,49.9119,44.35,20786.8
11226723,-12.8703,49.6269,43.53,20075.8
11461861,-13.0042,49.0422,42.7,19935.7
7337240,-12.6753,45.1125,41.77,23070.4
8656119,-12.4183,43.6717,40.93,21865.3
7740912,-12.1925,49.2619,40.35,22674.9
7881065,-12.3758,43.8758,39.89,22545.3
10038454,-12.7831,45.2989,39.89,20835.8
9709072,-12.5525,48.8694,37.57,21063.9
8642701,-12.7714,45.2511,37.56,21876.9
10077697,-12.9322,49.8369,37.29,20808.2
8786557,-12.7514,48.6656,37.17,21763.1
8820771,-12.9906,48.5975,37.07,21733.8
8831193,-12.9742,48.4861,37.04,21725.0
9150109,-12.23,49.2525,36.2,21477.2
9183465,-13.0042,45.1372,36.11,21450.5
9721437,-12.7797,45.2669,35.88,21054.8
11179186,-12.3603,49.5103,35.38,20101.2
10253425,-12.7875,45.2611,35.14,20688.5
10034130,-12.4883,48.7547,34.08,20838.8
10187563,-12.1358,49.3589,33.74,20734.6
11547499,-9.7447,46.5142,31.04,19887.7
