251922,-46.1378,166.9995,1179.2,58098.5
371349,-46.1364,166.9217,1138.63,53042.4
1864932,-46.1217,167.0033,1123.71,34949.6
43061,-46.1417,166.8447,1118.82,83738.9
473573,-46.1342,166.8719,1111.76,50018.2
4740844,-46.1389,167.0061,1102.64,26492.4
1197635,-46.1228,166.9117,1083.08,39458.6
8304158,-46.13,166.9995,1073.89,22163.4
1161282,-46.1003,166.9947,1073.87,39783.4
3484849,-46.1117,166.915,1066.25,29111.7
7148287,-46.1067,167.0689,1065.19,23265.7
12920,-46.1078,167.3267,1064.92,102652.9
8078531,-46.1186,166.9169,1051.92,22363.7
2929528,-46.1117,167.0144,1051.87,30663.6
3522997,-46.1522,167.0144,1041.62,29017.4
2383587,-46.1019,167.0167,1040.87,32579.6
1286005,-46.1283,167.3161,1035.19,38713.7
7041303,-46.1386,167.0189,1034.75,23380.4
6715139,-46.1194,167.3203,1029.55,23737.4
1569705,-46.1233,166.8528,1028.51,36668.3
9593185,-46.1483,166.8517,1006.87,21145.4
5548279,-46.1553,167.3075,1005.21,25220.9
8799725,-46.1475,167.3097,1005.11,21751.4
11762368,-46.1406,167.3136,1000.95,19765.6
4085926,-46.1097,166.8622,1000.43,27735.4
513320,-46.1136,166.8097,998.63,49032.8
7547235,-46.12,166.9308,998.48,22862.4
3929500,-46.1267,166.8592,996.69,28071.0
3471704,-46.1067,166.8145,993.03,29146.7
5263069,-46.1306,166.8792,992.04,25639.3
6300273,-46.1064,166.9055,988.78,24226.2
7344,-46.7403,167.9164,978.75,111676.0
1085553,-46.7436,167.8869,969.62,40504.0
9190487,-46.1136,167.0197,969.17,21444.6
9569211,-46.1297,166.8436,966.92,21163.4
10781737,-46.1136,167.0639,957.26,20346.9
5611835,-46.1311,166.9358,956.59,25129.8
6150248,-46.1031,166.8689,947.51,24414.8
6298190,-46.1142,166.8694,935.17,24228.9
5773202,-46.1161,167.0372,918.74,24908.3
7984131,-46.1633,167.3161,910.0,22449.0
4487269,-46.1436,167.0378,892.36,26950.2
4915037,-46.1233,167.0458,867.24,26197.3
4067179,-46.1222,167.3355,846.36,27776.7
11563674,-46.1425,167.0442,843.31,19878.1
10244031,-46.1044,167.0919,833.25,20694.6
8892939,-46.1,166.8269,828.75,21678.0
8239887,-46.74,167.8495,814.32,22217.9
670291,-46.1378,167.0789,813.01,45872.2
22840,-46.1686,167.8319,802.11,93647.0
4107627,-46.1775,167.8083,798.27,27691.7
3638484,-46.1881,167.7922,793.72,28735.0
8813318,-46.1525,166.8803,764.14,21739.6
177190,-46.2492,167.8392,760.87,62864.1
6732003,-46.1792,167.3181,760.31,23721.3
7473423,-46.1892,167.3167,758.48,22934.7
9971930,-46.1328,167.0725,757.76,20878.5
22299,-47.0856,167.7992,747.26,94038.0
834887,-46.7408,167.8133,746.08,43381.0
2107445,-46.2075,167.8433,741.86,33755.2
326695,-46.7681,167.9508,736.53,54686.5
4115088,-47.0731,167.8042,735.42,27675.6
8970957,-46.1914,167.3105,724.03,21613.2
35465,-46.4086,169.2842,718.4,86739.2
77050,-46.4389,169.1967,716.44,74882.4
377544,-47.0397,167.8422,715.16,52834.2
89494,-46.3308,169.3575,714.75,72615.5
62611,-46.3322,169.1331,713.29,78000.4
11779052,-46.1661,167.0094,710.01,19755.9
4116247,-46.1822,167.3075,709.04,27673.3
5773201,-46.4297,169.3014,700.18,24908.3
539554,-47.0553,167.8331,697.98,48431.4
676573,-46.4189,169.3725,696.14,45763.8
6230455,-47.06,167.835,693.56,24312.9
195934,-46.3756,169.2895,692.35,61484.8
232957,-46.3739,169.4211,684.79,59137.5
8517224,-46.1961,167.3089,683.81,21981.5
3595720,-46.34,169.3672,680.45,28836.8
1151636,-46.1617,166.9239,678.36,39871.4
45236,-46.9431,167.8803,677.21,82967.7
3257193,-46.3267,169.3392,676.31,29709.6
168776,-46.2714,169.4503,675.78,63530.5
6940557,-46.1625,166.8375,673.25,23486.5
6708232,-46.4031,169.3275,668.31,23745.5
9088669,-46.3253,169.3461,667.02,21521.7
2572925,-46.1414,166.7914,664.87,31859.9
3405204,-46.1233,167.0925,663.94,29316.7
6627151,-46.4133,169.3742,663.61,23839.2
11251438,-46.3672,169.405,663.18,20059.9
1519233,-46.3158,169.3353,662.3,37000.4
25820,-50.8964,166.0214,659.87,91696.5
1861313,-46.315,169.1622,658.01,34969.7
5868932,-46.3022,169.1883,656.03,24777.5
26714,-50.7572,166.1025,651.99,91147.4
53671,-46.1483,167.1836,651.71,80354.8
5347484,-46.3619,169.398,644.61,25512.3
6667944,-46.4375,169.2808,642.72,23793.7
709818,-50.8747,166.1006,640.78,45211.9
133417,-46.2386,169.3719,638.6,66858.0
626988,-46.4558,169.3367,638.18,46650.4
724444,-50.7269,166.0531,637.94,44977.4
1320800,-46.3519,169.0664,636.22,38437.9
856447,-47.1089,167.7614,634.21,43096.6
183271,-50.8236,166.1475,631.68,62402.3
2177141,-46.3169,169.32,631.52,33442.4
378569,-46.4292,169.4097,631.45,52800.4
179515,-46.2567,169.3961,625.57,62680.4
2913454,-46.455,169.3517,625.16,30715.5
913003,-46.1314,167.8831,623.67,42387.1
495654,-46.4756,169.3044,623.14,49457.2
295125,-46.3125,169.4067,622.92,56011.4
1788157,-46.2525,169.4042,619.73,35362.8
8530497,-50.8067,166.1339,616.08,21969.9
66505,-50.6325,166.0958,615.62,77080.1
7358731,-46.2778,169.4761,615.33,23051.1
189008,-46.1956,166.9067,614.99,61978.2
436886,-46.2969,169.4647,613.96,51008.3
776633,-46.3669,169.2678,613.03,44190.0
1962552,-46.3764,169.2783,610.58,34448.4
1382779,-46.1772,167.0181,608.76,37960.8
3302816,-50.8894,166.0567,606.54,29587.1
286735,-46.8108,167.9828,605.14,56388.9
5139754,-50.6436,166.0989,603.82,25832.4
1525060,-46.7661,167.9036,603.56,36962.5
1834341,-46.3256,169.4456,603.44,35111.5
3660807,-46.3097,169.3075,603.43,28681.7
6001529,-46.4311,169.3906,602.39,24607.2
5165317,-46.4067,169.3533,601.23,25790.5
9605021,-46.3031,169.1431,600.37,21136.3
790593,-50.7053,166.0572,599.54,43990.6
2405126,-46.2578,169.4533,597.78,32497.4
10392081,-50.7331,166.0558,594.44,20595.9
3411539,-50.7394,166.0783,592.46,29299.3
4115089,-46.3344,169.0831,590.33,27675.6
2098595,-46.3717,169.305,589.66,33794.8
2666551,-46.3203,169.4528,589.3,31528.2
8756269,-50.8878,166.0314,587.56,21783.5
10195607,-46.1292,167.8222,585.78,20728.5
10563195,-46.2003,166.9136,583.15,20484.2
936203,-46.1914,166.9897,581.77,42111.1
4175454,-46.3142,169.4311,581.19,27553.3
1002991,-50.6017,166.1142,580.52,41360.0
192027,-46.4003,169.4739,580.48,61761.9
2797166,-46.3564,169.4211,580.43,31086.6
1297143,-46.8311,167.9806,579.97,38621.4
8433464,-46.4783,169.317,578.34,22051.0
6399908,-47.0261,167.8417,577.36,24107.6
2321581,-46.2717,169.4903,577.08,32829.0
4118386,-46.2108,167.3256,577.01,27668.7
9938368,-50.7733,166.0867,573.73,20902.9
3295274,-47.1,167.7814,570.58,29608.6
11656125,-46.2742,169.5075,564.52,19823.5
10611103,-47.0942,167.7931,564.18,20456.2
1333602,-46.8008,167.9475,562.67,38336.6
7092851,-46.3547,169.3986,562.05,23323.1
4753050,-46.4017,169.3561,561.6,26470.7
297014,-46.2636,169.0878,561.56,55924.9
7947639,-46.3519,169.4039,560.7,22480.2
124764,-47.0839,167.68,560.34,67797.7
8178311,-46.3075,169.3189,560.29,22275.2
84742,-50.7439,165.9689,559.54,73432.2
10050600,-50.7464,165.9608,557.9,20826.6
601734,-50.7917,165.9481,557.51,47136.8
41577,-52.5708,169.1658,557.36,84273.6
6542997,-50.7989,165.9714,557.0,23937.9
220595,-50.6919,166.0914,556.82,59872.0
3576552,-46.2644,169.1025,556.28,28885.4
2484780,-46.4539,169.2714,555.05,32188.1
4878175,-46.3642,169.2539,554.77,26258.1
9346914,-50.8786,166.0817,553.99,21325.4
2432885,-47.1036,167.7942,553.65,32385.5
149459,-46.3606,169.5656,551.61,65238.4
7528169,-46.4503,169.4106,546.89,22881.9
7053426,-47.0867,167.6767,545.62,23366.8
4047694,-46.3108,169.4392,545.54,27815.7
1977470,-46.8606,167.9486,543.85,34374.3
1613761,-46.1303,168.6756,543.48,36389.3
8694899,-46.3311,169.335,542.94,21836.1
5439581,-50.6225,166.1083,542.59,25377.1
4151284,-46.2806,169.1681,542.24,27601.8
1300434,-46.3186,169.5211,541.05,38596.6
635720,-46.4039,169.1956,540.36,46490.3
7411281,-46.3858,169.4556,539.36,22995.8
7731978,-46.255,169.0744,537.8,22683.3
4185322,-46.3611,169.2753,534.28,27532.5
1121724,-50.7669,165.9408,532.79,40151.6
3379223,-50.5889,166.1081,532.44,29384.0
3742671,-46.4547,169.4325,530.69,28490.1
1348705,-46.3356,169.3914,529.39,38220.1
1833410,-46.7231,167.7964,528.09,35116.9
1468347,-46.1297,168.6542,527.87,37346.6
8500954,-47.1106,167.7717,527.28,21996.0
2341568,-46.3294,169.4625,527.24,32747.4
8124587,-50.7158,166.0389,526.98,22320.9
3847885,-46.8225,167.9881,526.86,28249.8
5147171,-46.2422,169.0769,522.54,25820.1
6489849,-47.0797,167.8244,522.39,23999.0
9779825,-50.7842,166.1564,520.38,21015.4
10378454,-46.2414,169.0839,519.79,20605.2
307038,-46.5075,169.2253,519.5,55493.8
6754609,-46.2883,169.5197,519.22,23694.4
531835,-46.2561,169.1608,518.72,48602.1
990810,-46.4256,169.5081,518.17,41492.3
5218018,-46.2617,169.1658,516.62,25708.8
403642,-50.5622,166.1025,515.86,51998.0
3737802,-46.1083,168.7008,515.78,28499.0
5013750,-46.2828,169.5042,514.48,26033.9
2654845,-46.1078,167.2842,514.1,31568.6
699651,-46.9739,167.9667,513.13,45377.9
1350401,-46.9936,167.9378,512.44,38208.4
2205617,-50.8658,165.9297,512.33,33316.4
142940,-46.1983,166.9617,512.28,65876.0
8269402,-46.1706,166.9178,512.22,22195.0
6389552,-47.0783,167.8397,511.6,24120.8
496208,-46.2736,169.3089,510.87,49443.0
3371366,-46.2692,169.3017,510.54,29405.6
6052716,-46.2883,169.1228,510.42,24537.2
1722273,-46.3878,169.2744,510.08,35735.6
1240602,-46.2858,169.1053,508.21,39088.7
4923449,-46.3586,169.2822,506.81,26182.7
3473347,-46.7114,167.8072,505.88,29142.3
3580064,-46.4494,169.3931,505.12,28876.6
11261668,-46.3053,169.2981,505.09,20053.6
3817584,-46.3125,169.3869,504.65,28317.4
851479,-46.2667,169.3214,503.95,43161.6
1624753,-46.1189,167.2283,501.87,36319.2
4397194,-46.1147,168.6925,501.49,27117.5
3465014,-46.2425,169.0444,501.08,29164.2
4981752,-46.1033,168.7122,500.74,26085.2
8739085,-47.0794,167.6767,500.22,21798.2
6861909,-47.0233,167.8161,499.79,23573.1
9747275,-46.2383,169.3836,499.34,21039.7
81007,-46.7586,167.7183,499.02,74098.9
315351,-46.3486,169.532,497.84,55145.9
10178164,-46.1611,166.9083,497.65,20740.8
2233412,-46.42,169.4836,496.79,33195.7
317870,-46.3925,169.1067,496.57,55041.9
3783040,-46.3964,169.3603,496.29,28396.0
1912702,-46.4778,169.3542,496.07,34700.8
879656,-46.2622,169.2878,495.74,42802.9
112576,-52.5714,169.0992,495.72,69278.5
341569,-46.1789,169.2575,495.48,54107.9
6177690,-46.4608,169.3853,495.03,24378.3
5910964,-46.1039,167.2958,494.67,24723.4
1350193,-46.4533,169.1753,494.54,38210.1
11834216,-46.9967,167.9194,494.28,19723.6
1010080,-46.1811,166.8539,494.13,41284.5
994385,-46.3444,169.5147,493.84,41453.9
8124614,-46.4239,169.5158,492.73,22320.9
9597111,-50.7275,166.0917,492.22,21142.4
3285764,-46.3728,169.5897,491.78,29632.3
7128365,-46.7864,167.9425,490.99,23287.6
7077987,-46.3739,169.5808,490.14,23339.5
78977,-47.2481,167.5292,489.77,74486.6
2858710,-47.2525,167.5203,489.48,30887.1
2916142,-46.4197,169.4997,488.49,30707.2
11629148,-46.1886,169.2794,488.43,19839.6
11333418,-46.2969,169.0894,488.19,20009.1
3132550,-46.3531,169.2514,487.99,30061.3
344238,-46.4858,169.0989,487.54,54008.9
8745962,-47.0775,167.6683,486.16,21792.3
149587,-46.9528,167.7956,486.12,65227.7
3072441,-46.3503,169.5119,485.58,30234.6
808485,-46.3606,169.325,484.78,43737.9
3828048,-46.2547,169.2722,483.9,28292.6
4106517,-46.3075,169.2814,483.8,27694.0
7800898,-46.2672,169.3956,483.74,22618.6
11338609,-46.3308,169.3867,483.15,20005.9
2542308,-46.1403,167.1636,482.61,31971.7
10549291,-46.1078,168.6061,482.29,20493.6
7055929,-46.2603,169.1778,481.38,23364.1
1246551,-50.8244,165.9739,481.12,39038.2
946711,-47.1231,167.7858,480.91,41989.9
469544,-47.2367,167.5294,480.86,50125.1
2492715,-46.2086,169.2964,480.01,32156.4
1064048,-46.2267,169.0345,479.53,40722.0
6759193,-46.3525,169.5272,479.29,23689.0
8823760,-46.4306,169.5156,478.42,21730.8
566150,-46.1547,169.2164,477.5,47861.1
1566677,-46.4656,169.0289,477.41,36689.2
7153285,-46.2319,169.035,477.1,23260.2
8211983,-46.3325,169.0131,476.74,22243.7
154658,-52.5086,169.1467,476.32,64760.1
2160275,-46.3278,169.4111,474.84,33514.7
8907052,-46.9825,167.9533,474.02,21666.2
7918310,-47.1222,167.7883,473.95,22508.5
6777889,-46.1136,167.2308,471.9,23667.5
3608977,-52.5142,169.1558,471.11,28805.9
9376061,-47.2583,167.515,471.02,21307.5
6620563,-46.4211,169.42,470.9,23847.2
6173745,-46.1681,167.3369,470.88,24383.5
3065598,-47.0817,167.8658,470.36,30255.7
5469270,-46.4236,169.2581,470.32,25331.8
5659269,-46.4844,169.3755,470.03,25063.8
5796778,-46.3472,169.2586,469.71,24875.0
967732,-47.2428,167.4975,469.7,41752.5
6998724,-46.3794,169.6067,469.67,23424.0
752458,-46.1842,166.8795,465.96,44547.6
1009835,-46.3539,169.6067,465.32,41287.6
8483973,-46.2339,169.0233,464.63,22010.5
6257260,-46.4147,169.475,463.03,24281.4
722860,-47.1006,167.6822,462.4,45001.5
856900,-46.3003,169.2486,461.63,43090.7
8060429,-46.3492,169.2545,461.21,22380.8
1118780,-46.3,167.8675,459.81,40181.8
8272565,-46.1097,167.2208,459.49,22192.1
3782116,-46.1814,169.2389,459.0,28398.2
3088712,-50.5772,166.145,458.95,30188.2
4288358,-47.0458,167.7983,458.2,27328.1
163741,-46.9808,167.805,457.7,63953.3
4251447,-50.7764,165.8947,456.63,27400.3
3378435,-47.2544,167.5003,456.58,29386.1
436106,-46.3881,169.5519,454.94,51029.5
8985373,-46.4092,169.4692,454.53,21601.5
4909554,-46.1742,169.2669,453.72,26207.1
1964026,-46.4706,169.3989,453.5,34441.0
9984769,-46.2833,169.4178,450.78,20869.4
9045103,-46.4531,169.3125,450.21,21557.2
7313540,-46.3542,169.3292,449.92,23095.3
8575376,-46.2928,169.0661,448.68,21935.1
138557,-52.5578,169.0422,448.62,66319.4
446832,-46.7806,167.7358,448.56,50734.0
1321833,-46.26,169.1928,447.94,38429.6
9395462,-46.2611,169.1967,446.34,21292.5
6921536,-46.4389,169.3489,446.32,23508.2
4475616,-46.1597,167.3428,445.3,26969.1
989528,-46.3431,169.2361,444.5,41507.7
1740360,-46.2119,169.3367,443.14,35632.0
6620564,-46.3725,169.2356,442.99,23847.2
96276,-46.1158,170.0736,442.87,71544.2
5510142,-46.3747,169.2097,442.38,25273.9
705651,-46.4269,168.9789,442.29,45279.5
76139,-50.6075,165.9706,442.17,75061.7
4043643,-46.2944,169.2525,441.41,27824.8
482765,-47.0183,167.7311,440.2,49779.4
11190400,-46.2111,169.3281,439.72,20098.0
2008111,-46.3347,169.4256,439.61,34225.7
9289718,-46.2969,169.4283,439.3,21370.2
10378453,-46.3775,169.2022,438.9,20605.2
3479110,-46.3975,169.5725,437.91,29127.0
4030348,-46.35,169.2989,437.26,27854.6
1330388,-46.2881,169.0403,434.41,38363.2
7118640,-46.3928,169.3475,434.19,23298.5
1226027,-50.5467,166.1456,433.77,39214.0
4498347,-46.4206,168.972,433.4,26928.9
1612383,-46.4008,169.4028,433.3,36396.3
11200457,-46.3019,169.2847,433.11,20091.7
9037874,-46.3486,169.3578,432.42,21563.1
3291374,-47.0933,167.7033,431.79,29619.4
4970281,-46.3139,169.0011,431.39,26104.7
11287106,-46.3008,169.4367,430.9,20037.7
9088667,-47.2547,167.5345,430.88,21521.7
7789547,-46.385,169.2292,430.18,22629.9
8684683,-46.1811,169.2889,428.71,21844.9
6267489,-47.1072,167.8253,428.3,24268.3
4043642,-46.3067,169.0567,428.06,27824.8
3922077,-46.1853,169.3006,428.05,28084.7
559163,-46.1903,167.1194,427.36,48008.6
5724062,-47.2261,167.5328,426.21,24974.7
4821220,-46.7778,167.735,425.04,26354.9
1113372,-46.3758,169.5147,424.76,40234.1
4009991,-46.1294,170.0555,424.73,27895.7
578320,-46.3028,169.585,424.51,47607.5
4227964,-47.1164,167.7914,424.48,27449.1
4858640,-46.3897,169.1769,424.26,26292.0
9905119,-46.2933,169.3069,422.72,20927.3
8038113,-46.3458,169.5403,422.39,22397.9
1769495,-46.4414,169.4858,421.48,35467.2
1969433,-47.0747,167.6394,421.1,34415.1
8281896,-46.3694,169.3839,421.07,22183.5
4050837,-46.8336,168.0106,421.04,27808.8
11683178,-46.4314,169.5289,419.67,19807.5
6953387,-46.3256,169.0094,419.56,23475.6
440344,-46.3322,169.5492,419.53,50912.1
4019483,-46.2731,169.2,419.52,27875.2
9623108,-47.0164,167.7206,418.66,21127.3
2537665,-46.3872,169.6275,418.65,31989.6
8407468,-46.4761,169.4167,418.62,22074.1
4032295,-46.3836,169.5597,418.3,27850.0
354337,-46.1819,167.9558,417.83,53638.4
2880116,-46.4711,168.9828,417.63,30819.0
281128,-46.4936,169.4936,417.52,56651.6
11366772,-46.2119,166.8908,415.91,19993.1
1936318,-46.2972,169.3608,415.84,34581.3
148667,-52.6003,169.1631,415.84,65314.6
88666,-54.7086,158.8275,415.43,72756.7
11043951,-46.4686,169.4194,414.81,20186.6
996003,-54.7289,158.8206,414.4,41435.4
6575791,-46.3503,169.5833,414.26,23897.9
6516438,-46.3436,169.5345,414.22,23969.8
4977474,-47.0125,167.9095,413.87,26092.5
3205232,-46.3258,169.2944,413.42,29855.0
4619391,-46.3392,169.5736,413.42,26707.9
157654,-46.5619,169.0525,413.02,64489.0
568678,-46.1419,169.0075,412.59,47807.8
1292824,-50.8033,165.8997,412.36,38657.7
1861984,-46.1581,167.1539,411.3,34966.0
355755,-52.5353,169.1675,410.1,53583.8
8642191,-46.2453,169.1744,410.09,21876.9
7871883,-46.4664,169.41,409.92,22553.8
3363328,-46.25,169.44,408.67,29427.3
4569383,-50.5389,166.0847,408.08,26798.4
3104365,-46.1269,169.0244,407.81,30143.9
8426982,-46.3178,169.2883,407.67,22056.8
603990,-46.5611,169.1964,406.97,47092.1
774796,-46.3861,169.0411,406.5,44217.4
5250721,-50.5786,166.1714,406.34,25659.2
9955056,-46.1381,167.3608,405.63,20890.8
2029943,-46.5675,169.1817,405.16,34119.4
10347274,-46.2486,169.257,403.49,20626.8
2018392,-46.2281,169.11,403.19,34175.4
9635831,-47.0128,167.7119,402.79,21118.2
4245968,-46.1772,166.9492,402.55,27411.9
970034,-46.2264,169.1767,402.49,41725.0
5138325,-46.7667,167.7222,400.93,25834.9
5743587,-46.3328,169.4333,400.83,24946.6
9967701,-50.5447,166.1639,400.18,20881.6
5972190,-46.3414,169.2467,399.33,24643.4
2697309,-46.4864,169.4169,399.14,31420.9
8236778,-46.18,166.7989,398.59,22220.8
2244090,-46.1931,169.3181,398.26,33151.5
11683177,-46.4458,169.3717,398.06,19807.5
10294207,-46.2519,169.2011,398.04,20663.8
7639480,-46.3008,169.3886,397.78,22773.0
3217710,-46.2606,169.3092,397.67,29820.9
5062125,-54.7056,158.8206,396.33,25955.4
6817876,-46.2253,169.3031,396.24,23624.4
10753406,-46.2158,169.3208,395.87,20365.7
752150,-46.1931,169.0575,395.25,44550.4
317973,-46.8289,167.7511,394.86,55038.4
10748692,-46.7694,167.7233,393.55,20368.8
11256564,-47.2669,167.5128,392.88,20056.8
10365090,-46.3997,169.455,392.63,20614.4
4079521,-46.1131,167.3736,392.38,27749.2
1007076,-46.2408,169.2203,391.87,41316.9
6359353,-46.2861,169.2831,391.37,24155.1
960566,-46.1681,167.1178,391.06,41831.8
7298041,-46.835,167.7669,390.9,23111.8
1883966,-46.1764,166.7911,388.89,34851.0
123337,-50.7933,166.0214,388.48,67957.3
9197821,-46.1164,170.0855,388.16,21438.6
1833411,-46.2253,169.1536,387.87,35116.9
2468821,-46.1861,169.0419,387.37,32249.4
516467,-46.2244,167.7417,387.34,48958.7
6598661,-46.2208,167.3178,386.64,23873.9
2188267,-46.3844,169.2075,385.58,33390.9
4367763,-47.2236,167.5425,385.46,27173.8
7433423,-46.4386,169.53,384.74,22976.4
553633,-54.6394,158.835,384.08,48125.2
5395066,-46.1108,168.6397,383.41,25442.3
3780255,-54.7411,158.8406,383.2,28402.7
4560360,-46.1453,166.7047,382.59,26812.7
1172271,-47.0597,167.6322,382.05,39682.4
10316324,-46.3883,169.3497,381.77,20648.4
1304136,-46.4503,169.1186,381.5,38568.6
4587190,-47.1197,167.7758,381.5,26765.1
5291736,-46.1275,169.0425,381.25,25597.0
283925,-54.5361,158.92,380.32,56521.0
11740389,-46.3097,169.5728,379.83,19778.5
5548278,-47.0278,167.9242,379.49,25220.9
1572512,-46.3381,169.4917,378.97,36651.0
8862778,-47.1133,167.7811,378.86,21698.6
1927002,-46.7881,167.7419,378.77,34629.1
10713964,-46.3256,169.4955,378.02,20387.6
221257,-46.5103,169.6264,377.44,59830.5
1666764,-46.1456,168.6328,377.36,36063.9
952143,-46.3836,169.1428,377.23,41927.6
1553122,-46.1253,166.69,377.07,36775.9
5576899,-46.2867,169.2439,377.04,25177.9
180483,-47.195,167.5569,376.69,62608.2
9426427,-46.1622,169.2306,376.44,21268.6
5331512,-47.1244,167.8667,375.85,25537.2
5671503,-46.2383,169.1664,375.6,25046.0
570156,-46.2136,168.9589,375.38,47778.5
7395516,-46.3564,169.3614,375.36,23012.4
7444249,-46.8806,167.9711,375.16,22965.3
707591,-46.7936,167.8889,375.12,45247.1
2148396,-46.2408,169.3086,374.87,33567.9
4009011,-46.5553,169.2019,374.58,27898.0
9684292,-46.3867,169.222,374.56,21082.0
1122719,-47.1183,167.6811,374.29,40143.7
2282839,-46.1625,167.9481,373.91,32987.8
10439079,-46.8775,167.968,373.7,20568.0
4584609,-47.0525,167.6364,373.65,26769.9
8859206,-46.1264,168.7042,372.67,21701.5
4001784,-54.7361,158.8133,372.33,27914.0
7444250,-46.7131,167.8625,372.18,22965.3
7449552,-54.7269,158.8397,371.63,22959.7
8520567,-46.4733,169.1242,371.55,21978.6
5488293,-46.5717,169.09,371.22,25306.7
1921709,-46.5511,169.2225,370.51,34654.9
11461091,-46.7167,167.865,369.65,19935.7
6953384,-47.27,167.5442,369.34,23475.6
3009718,-46.2186,169.0833,368.32,30419.5
2057965,-54.7475,158.813,367.69,33986.6
6283874,-47.0672,167.6242,366.91,24247.3
699398,-46.5067,169.4167,366.39,45382.1
7179290,-54.7169,158.825,366.1,23235.6
454247,-46.4908,168.9772,366.0,50534.0
7446897,-46.3058,169.0056,365.63,22962.5
1598702,-46.3642,169.5153,365.53,36483.7
5648949,-46.3806,169.3306,365.04,25079.1
8852241,-46.4819,169.4236,364.74,21707.4
4132905,-46.7022,167.765,364.61,27641.1
3648136,-46.5764,169.0658,364.29,28710.6
1868974,-46.2072,169.1056,363.77,34927.7
6585407,-50.8725,166.1639,363.28,23889.9
8618490,-47.1139,167.8042,362.51,21897.3
1242233,-46.3475,169.6636,362.31,39074.1
9783846,-46.9903,167.9969,361.4,21012.4
9197820,-46.5564,169.1917,361.37,21438.6
7446896,-46.9803,168.0122,360.38,22962.5
3242106,-46.2058,169.1178,360.37,29752.4
5544947,-50.8536,165.9167,360.05,25226.0
601458,-46.4556,169.5611,358.59,47142.2
6039348,-47.0347,167.9022,358.43,24555.4
1466965,-54.6969,158.8381,358.39,37356.9
1463406,-46.7992,167.7561,358.35,37384.1
2659815,-46.8047,167.7644,358.21,31550.4
8020184,-46.1747,166.7667,358.14,22414.9
4743507,-46.8228,168.0189,357.37,26487.6
8106072,-46.9764,167.9461,356.93,22338.0
1055796,-47.1028,167.5989,356.52,40808.0
1588916,-46.2778,168.9547,356.34,36546.5
1829867,-46.2269,167.7597,355.2,35136.9
803779,-46.5869,169.1975,355.17,43803.4
6518588,-46.3128,169.6011,354.81,23967.1
9194166,-46.1564,169.1895,354.06,21441.6
11812090,-46.3147,169.5956,353.7,19736.6
3794288,-50.7197,166.1339,352.88,28369.1
550187,-46.9397,168.0036,352.37,48198.0
6481339,-47.0497,167.625,351.53,24009.6
987845,-54.6039,158.8725,351.38,41526.1
2305543,-46.1389,168.6264,350.78,32894.9
6831496,-54.7606,158.8108,350.67,23608.2
7746043,-46.2039,167.9678,350.44,22669.3
1876389,-54.6539,158.8417,350.19,34889.4
1337478,-47.1942,167.5433,349.26,38308.4
3820418,-46.4633,169.1578,349.08,28310.6
7734804,-46.2131,169.1286,349.04,22680.5
4905407,-46.5175,169.6347,349.0,26214.3
8307393,-46.2489,169.3292,348.52,22160.5
6267491,-46.1719,169.1961,348.21,24268.3
2347767,-47.1389,167.8181,347.26,32724.0
1275874,-52.5392,169.0314,347.24,38795.9
4754404,-46.2694,168.9425,346.89,26468.3
10351643,-46.4692,169.1203,346.81,20623.7
4941568,-46.2708,168.9739,346.55,26151.1
5610093,-46.3747,169.5419,345.89,25132.4
11828704,-54.755,158.8267,345.85,19726.9
6538729,-46.9239,167.9339,345.84,23943.2
8236777,-46.7075,167.7775,344.81,22220.8
11729290,-46.2239,167.7997,344.78,19784.9
4436712,-46.4728,169.1697,344.74,27042.2
2310922,-54.6864,158.8483,344.67,32871.7
3576551,-46.5783,169.0864,344.36,28885.4
7664229,-46.2775,169.3581,344.28,22747.8
4118387,-46.1706,167.1431,343.95,27668.7
1594631,-54.6208,158.8625,343.44,36508.1
10657915,-46.4175,169.2378,343.16,20425.0
2899288,-46.2019,169.0361,342.92,30759.0
2591416,-46.2525,168.9561,342.4,31791.8
7433399,-52.4981,169.1783,342.15,22976.4
5805684,-46.3672,169.6036,341.25,24862.2
9623110,-46.3389,169.498,341.17,21127.3
7778230,-46.9953,168.0081,341.14,22641.2
6322362,-46.545,169.2744,340.84,24202.5
1947906,-46.4717,169.5269,340.59,34522.3
3213215,-46.2108,169.0636,339.75,29831.6
7930144,-46.2011,167.1094,339.65,22497.2
5660982,-46.9642,167.805,338.88,25061.3
2054174,-46.5033,169.1295,338.62,34005.3
3217003,-46.4625,169.59,338.54,29823.0
3557402,-46.2461,169.3,337.79,28931.7
3515962,-46.2214,168.9039,337.72,29032.8
3038442,-46.3742,169.3539,336.95,30335.6
3250325,-46.5303,169.2356,336.8,29728.9
7462753,-46.5842,169.05,336.43,22945.8
6222353,-46.2583,168.9481,336.12,24323.3
414901,-47.1681,167.5958,335.99,51655.0
9453361,-46.4467,169.0908,335.38,21247.6
11773502,-46.1678,169.1875,335.24,19759.1
5812973,-46.5761,169.1094,334.26,24851.9
6453468,-46.2822,169.2689,334.14,24044.1
5975998,-46.5547,169.1578,333.56,24638.2
212616,-46.1808,169.9217,333.1,60371.2
8648913,-46.1942,166.782,332.8,21871.1
332558,-46.5344,169.1136,332.32,54455.4
8638735,-47.0158,167.9622,331.95,21879.9
9696408,-46.1281,166.7197,331.29,21072.9
9533714,-46.3186,169.2592,331.24,21190.5
7956536,-47.0947,167.6425,331.1,22471.7
10217674,-46.4556,168.9803,330.48,20713.1
2170743,-46.3947,169.6461,326.82,33469.0
9771659,-46.4578,169.0467,326.8,21021.5
6128561,-47.0956,167.6131,326.73,24443.5
7311000,-46.1881,167.2811,326.48,23098.0
9700505,-46.2278,168.8986,326.14,21069.9
1351823,-46.1961,167.2614,325.96,38196.8
4146988,-54.6714,158.8408,325.84,27611.1
8694900,-46.1761,169.93,324.91,21836.1
10549288,-47.0944,167.8539,324.6,20493.6
6656694,-46.1131,169.7964,324.46,23807.1
4014109,-46.7931,167.7497,324.16,27886.6
403267,-46.2019,167.2189,324.04,52010.2
338237,-52.5928,169.1317,323.98,54227.9
9930088,-46.1358,168.692,323.48,20909.0
7219721,-46.9575,168.0511,323.39,23191.6
6810911,-46.4925,168.9586,323.07,23632.5
2006356,-46.1756,169.0081,321.85,34235.0
9623107,-47.0775,167.8878,321.51,21127.3
2841932,-46.4636,168.9422,321.05,30940.7
540212,-46.1903,169.3764,320.01,48416.9
9437890,-46.1953,167.3339,319.22,21259.6
493763,-46.4319,169.7197,318.37,49502.2
7661394,-46.2053,167.2142,318.36,22750.6
3197085,-46.41,169.4344,317.86,29878.5
10592620,-46.5864,169.1092,317.3,20468.7
5059264,-46.4356,169.7147,317.19,25960.4
2104207,-54.6503,158.8575,316.87,33770.3
1110426,-46.1436,170.0058,316.72,40262.6
2461742,-46.5233,169.49,316.26,32275.1
4035347,-50.5944,166.1792,316.14,27843.2
1306167,-50.7217,166.0097,316.05,38552.1
2826812,-46.3975,169.0742,315.82,30988.0
5722293,-46.1631,169.2653,315.61,24977.2
2609437,-46.3589,169.687,315.08,31727.6
8480725,-46.4494,169.0092,314.46,22013.4
2211143,-54.6369,158.8605,313.81,33291.5
6140401,-46.2339,169.1464,313.79,24427.9
9565212,-46.5539,169.3181,313.48,21166.5
10475263,-46.2686,169.2136,313.08,20543.2
496715,-46.8789,167.7755,313.04,49428.8
3407580,-46.8361,168.0356,313.02,29310.2
9684228,-54.6164,158.8647,312.89,21082.0
11591366,-47.1211,167.7311,311.92,19862.1
10671756,-46.2533,169.2958,311.12,20415.7
8611893,-46.3178,169.6067,309.9,21903.1
2916143,-46.1664,169.0308,309.44,30707.2
4139406,-46.4328,169.46,309.35,27627.2
6955761,-46.3086,169.5503,309.22,23472.9
5760788,-47.1567,167.8183,308.17,24926.2
6198465,-46.4806,169.1411,307.88,24354.7
8820270,-47.1206,167.6689,307.09,21733.8
2448167,-46.1703,166.9511,306.01,32326.4
7085365,-46.1097,169.0111,305.96,23331.3
9383931,-46.3367,169.5303,305.69,21301.5
11143301,-46.1494,167.0917,305.57,20123.4
3190419,-46.9919,168.0475,305.57,29895.6
5899506,-46.2058,167.2245,305.56,24738.9
4938770,-46.1922,169.0711,305.39,26155.9
10182513,-46.5553,169.3908,304.44,20737.7
3768688,-46.1781,169.0453,303.83,28427.4
4854021,-46.1422,169.77,303.56,26296.8
5985455,-46.145,168.9883,302.77,24625.3
1973479,-46.5758,168.99,302.19,34394.7
10511672,-54.65,158.8306,301.52,20518.4
5120051,-46.4042,169.6511,301.37,25862.0
3985805,-46.2,168.9758,300.89,27945.9
5536563,-46.2136,167.2039,300.86,25238.6
1754339,-46.5819,169.175,300.72,35551.5
1428434,-46.2392,169.4297,300.59,37628.8
2255158,-46.4367,169.1075,300.58,33103.4
8142920,-47.035,167.9886,300.56,22303.8
8359528,-46.4783,169.5206,300.2,22117.3
4585942,-46.5794,169.0119,299.73,26767.5
10819961,-47.1236,167.8156,299.45,20321.9
11178412,-46.5553,169.3392,299.36,20101.2
9486586,-46.2083,167.2881,299.34,21226.6
3685438,-47.0894,167.907,297.78,28623.9
7043702,-46.3983,169.6383,297.76,23377.7
5224214,-46.2439,169.2789,297.63,25698.9
7247786,-46.1814,166.7769,297.25,23161.4
4423698,-46.8389,168.0531,297.06,27068.1
8401122,-47.0225,168.0158,296.77,22079.9
11356444,-46.2478,168.9214,296.55,19999.5
3952321,-46.9794,167.7319,296.24,28018.8
8163016,-46.3831,169.3669,296.03,22289.5
8903492,-46.2247,169.3836,295.75,21669.2
1847054,-46.5297,169.6108,295.7,35042.5
4461199,-46.1986,167.2567,294.99,26997.4
6840889,-46.5119,169.4914,294.97,23597.4
8313653,-46.9267,167.9472,294.73,22154.8
8578653,-46.5006,169.5255,294.58,21932.2
1351198,-52.4828,169.1633,294.01,38201.8
4714247,-54.515,158.9225,293.88,26538.0
6808684,-46.9442,167.9203,293.82,23635.2
8598585,-46.1758,167.8753,293.58,21914.8
10089604,-46.9953,167.7353,293.24,20799.1
3522121,-46.4856,169.0117,292.95,29019.6
6389551,-47.1267,167.7789,292.86,24120.8
8892938,-46.1692,168.9892,292.5,21678.0
4960420,-46.4053,169.6697,292.08,26121.8
7762980,-46.4808,169.0005,292.04,22652.4
4683942,-46.1444,167.2439,291.95,26590.8
10507191,-46.1383,169.0594,291.35,20521.5
3837103,-54.705,158.8489,291.11,28274.6
3447024,-46.5711,169.368,290.63,29210.0
2943355,-46.7867,167.8889,290.32,30622.0
6629292,-46.4078,169.2342,290.29,23836.5
853796,-47.1614,167.5842,290.11,43132.1
3273341,-46.1967,169.0925,289.57,29666.6
9623109,-46.4356,169.4686,289.51,21127.3
1192963,-54.5789,158.9047,289.42,39498.9
7005879,-46.36,169.6592,289.19,23415.8
4742161,-46.8928,167.7803,287.88,26490.0
7672622,-46.2761,169.2528,287.35,22739.4
8615201,-46.2725,168.9289,286.86,21900.2
5020975,-46.1622,167.9089,286.82,26021.6
1286201,-46.9675,168.0769,286.09,38712.0
1856415,-47.1892,167.5744,286.06,34993.3
3222026,-46.5939,169.0289,285.81,29808.1
8892937,-46.4461,169.5547,284.69,21678.0
11328275,-47.0686,167.6094,284.18,20012.3
1893455,-47.0719,167.9211,283.96,34801.7
6208544,-46.2522,168.9775,283.95,24341.7
4247052,-46.47,169.6008,283.61,27409.6
387437,-46.2008,168.4383,283.35,52510.0
277513,-50.7028,166.1472,283.08,56822.3
4174409,-46.4467,169.588,281.66,27555.6
5414524,-46.1761,167.8844,281.09,25412.2
1418562,-52.5753,169.1322,281.09,37699.8
4967455,-52.5356,169.1331,279.87,26109.6
2633712,-47.0772,167.9142,279.63,31643.2
223983,-46.7728,167.6189,279.32,59658.8
1707710,-46.1342,169.1489,277.44,35819.3
530802,-46.6061,169.2642,277.02,48627.0
9716703,-47.0281,168.0147,276.9,21057.8
11281916,-54.6275,158.8672,276.65,20040.9
229470,-46.5722,166.8975,276.3,59335.4
11058919,-46.3106,169.2308,275.47,20177.1
4327692,-46.5936,169.0008,275.14,27251.1
3991502,-46.8439,167.8969,274.56,27936.8
7655914,-46.5919,169.0439,274.16,22756.2
8239889,-46.1997,169.0983,273.72,22217.9
1402374,-46.2939,167.7922,273.68,37816.2
2759820,-46.1061,170.0322,272.52,31209.3
2602378,-46.1239,167.7683,272.15,31753.7
4208792,-46.1783,168.985,272.01,27486.2
6754608,-46.6981,167.8719,271.9,23694.4
2949776,-50.6072,166.19,271.79,30601.2
1502748,-47.0358,168.0814,269.76,37112.2
7644962,-46.5153,169.5111,269.54,22767.4
1248052,-46.8794,167.8445,269.17,39025.1
3692702,-47.0472,167.9417,269.14,28606.1
10549289,-46.9136,167.9353,268.96,20493.6
11672437,-46.7789,167.6175,268.95,19813.9
3455767,-52.4961,169.1564,268.57,29186.0
764340,-46.5428,168.9536,268.11,44369.9
4801934,-50.6244,166.1772,268.0,26386.3
4493432,-47.1481,167.5997,267.85,26938.3
10356049,-54.6275,158.875,267.55,20620.6
3352663,-46.3008,169.0305,267.45,29453.3
7765795,-46.1636,169.0067,267.05,22649.6
4799238,-46.3933,169.4894,266.78,26391.2
6071182,-46.1722,167.0667,266.75,24516.4
5258374,-46.5625,169.0964,265.5,25646.8
2677313,-46.4908,169.5492,265.31,31489.8
9514144,-47.0397,168.0633,264.19,21205.6
1374002,-46.1283,167.5903,264.0,38027.9
1161607,-46.9489,167.8411,263.97,39780.2
7113656,-46.4017,169.23,263.85,23304.0
1901962,-46.5497,169.1175,263.27,34755.9
9407025,-46.1136,170.0558,262.88,21283.5
6357172,-54.6575,158.8681,262.25,24157.8
7454835,-46.1906,167.2222,261.85,22954.2
7909614,-47.0953,167.9108,261.63,22517.0
267165,-46.6153,168.3392,261.53,57317.9
7489355,-54.7414,158.8067,261.47,22918.1
10419300,-46.3925,169.0461,260.88,20577.3
11450509,-46.1492,169.0442,260.68,19942.1
5596472,-46.4336,169.0872,260.56,25152.6
1529250,-46.5297,169.1578,260.49,36933.2
7158290,-46.2064,167.2525,259.59,23254.7
4134988,-46.1539,169.0814,259.32,27636.4
2844944,-47.1397,167.6094,259.11,30930.4
7075549,-47.0708,167.9014,259.07,23342.2
2605595,-46.1186,167.5961,258.22,31741.7
1068082,-46.16,168.5589,257.6,40678.2
9145855,-46.3739,169.6683,257.51,21480.2
630167,-46.7244,167.7297,256.86,46593.0
5974042,-50.7258,165.998,256.61,24640.8
10333911,-54.6586,158.8714,254.71,20636.1
5743568,-54.5336,158.8775,254.31,24946.6
3269446,-46.1539,169.1328,254.07,29677.4
2749201,-47.2217,167.4939,253.97,31244.0
9267260,-46.4044,169.1228,253.6,21388.0
5940074,-47.1531,167.8775,253.15,24687.3
659100,-46.6114,169.3283,252.79,46067.7
9453313,-54.5236,158.8806,251.91,21247.6
2713238,-46.6031,169.1872,251.67,31366.1
281733,-46.1086,166.6375,251.62,56623.5
8992649,-46.1628,169.0761,251.17,21595.6
1522807,-46.3389,169.6369,250.86,36976.3
10685868,-47.0583,167.6997,250.69,20406.3
1409177,-46.9033,167.8828,250.29,37767.3
2995340,-47.1172,167.6236,250.2,30465.5
8698253,-46.9225,167.9608,249.98,21833.2
685421,-46.5908,169.2886,249.95,45613.2
3592218,-54.6483,158.8856,249.88,28845.7
9828396,-54.6228,158.8789,249.84,20979.0
2763379,-46.3644,169.1233,249.33,31197.1
7868956,-47.0706,167.6969,249.31,22556.6
2214069,-46.1608,166.6631,249.11,33278.1
1096267,-46.5181,169.0186,249.01,40398.4
6128562,-46.9678,167.752,248.28,24443.5
8242957,-46.9539,167.8394,248.23,22215.1
8269399,-47.2822,167.5255,248.22,22195.0
10401158,-46.2003,166.7497,247.96,20589.7
5049055,-46.1886,167.1011,247.59,25977.5
5285456,-47.1117,167.9086,246.29,25607.0
2214068,-46.7886,167.6383,246.09,33278.1
3254900,-46.5219,169.0133,245.68,29716.0
6435777,-47.0567,167.9261,245.21,24062.6
2502454,-46.4261,168.9092,244.86,32120.8
7906629,-47.1772,167.585,244.83,22519.8
299450,-47.2364,167.4055,244.51,55817.7
4984594,-46.9514,168.0389,244.08,26080.3
10544646,-46.1144,170.0436,243.84,20496.7
4550455,-46.9889,167.6933,243.65,26831.7
4981751,-46.2158,169.2155,243.22,26085.2
2929527,-46.7997,167.7128,242.88,30663.6
3891767,-46.1922,168.4347,242.69,28150.4
10507125,-52.5761,169.1264,242.5,20521.5
11016586,-46.6,169.2111,241.95,20199.2
9849295,-46.205,167.0953,241.72,20963.8
1362489,-54.6153,158.9025,241.66,38114.9
9884129,-52.5519,169.2322,241.65,20942.5
11455836,-46.1317,166.8136,241.34,19938.9
3887897,-46.3619,169.1092,241.3,28159.4
3317544,-47.0189,168.0597,241.29,29548.3
2760446,-46.2872,169.597,241.22,31207.3
4720818,-46.8039,167.7278,240.17,26526.0
2857499,-46.1164,167.5261,239.74,30891.3
3406783,-46.8906,167.8111,239.31,29312.3
788938,-46.4017,169.7272,239.0,44015.2
11387591,-46.1589,170.0181,238.83,19980.4
8655592,-46.1994,167.2739,238.75,21865.3
4505694,-46.7189,167.7275,238.65,26914.7
10387580,-46.6203,169.0831,238.62,20599.0
6804049,-47.0353,167.7733,238.14,23640.6
4545536,-46.8922,167.8331,238.13,26841.2
7005878,-47.0861,167.7511,238.02,23415.8
7978230,-46.2189,167.2139,237.91,22454.7
8816790,-46.4794,168.9186,237.17,21736.7
2178769,-46.5889,169.2597,236.47,33434.7
7681025,-46.1125,167.5203,236.39,22731.0
10378451,-46.8908,167.8992,235.99,20605.2
7457433,-47.0114,168.0475,235.98,22951.4
1717225,-54.5975,158.9089,235.86,35764.1
10606340,-46.5717,169.3156,235.4,20459.3
7800899,-46.1542,168.7019,235.09,22618.6
1230868,-50.5586,166.0964,234.71,39171.8
7140779,-46.1997,167.7372,234.68,23273.9
10819963,-46.1194,167.92,234.3,20321.9
8796362,-47.0933,167.5869,234.24,21754.3
11338611,-46.1775,166.6842,234.1,20005.9
9684290,-47.2258,167.495,233.69,21082.0
5528648,-54.5903,158.8889,233.47,25246.2
11113610,-47.0519,167.9328,233.36,20142.4
8253718,-46.9933,167.7114,233.26,22209.3
5839584,-46.1256,167.7886,233.24,24818.6
407044,-46.3239,167.7056,232.68,51892.5
5780377,-46.415,169.687,232.21,24898.0
5216469,-46.5636,169.4355,231.99,25711.3
1033193,-54.7658,158.7856,231.68,41041.5
2483835,-46.6119,169.2364,231.44,32192.1
526390,-47.2125,167.5908,231.15,48730.4
9857550,-47.2406,167.4044,230.73,20957.7
9840945,-46.3606,169.4925,230.47,20969.9
4137207,-46.1808,168.4283,230.29,27631.8
2392730,-46.7444,167.7353,229.64,32544.4
11591367,-46.8717,167.7883,229.15,19862.1
7060864,-46.8072,167.7347,229.11,23358.6
1804842,-46.5475,169.5939,228.61,35270.8
10957430,-46.1447,170.0239,228.04,20237.0
7428194,-47.0911,167.9408,228.03,22981.9
4611548,-46.8711,168.0275,228.02,26722.2
7140776,-46.9433,167.8222,227.94,23273.9
2824452,-46.4481,169.7505,227.94,30996.3
10410237,-47.1283,167.6953,227.87,20583.5
6914403,-46.1931,169.3831,227.81,23516.3
6681361,-46.3889,169.6975,227.79,23777.6
5094868,-46.2153,167.9867,227.56,25903.8
3775597,-46.3906,169.7364,227.53,28413.9
5767914,-46.6197,169.2361,226.75,24915.9
1891781,-46.3828,169.0056,226.31,34810.8
7653145,-46.1244,167.2133,226.11,22759.0
9216091,-46.1347,169.9967,225.69,21423.8
5890357,-46.1742,169.1022,225.58,24751.8
792828,-46.1175,168.3922,225.43,43958.7
2959771,-47.2169,167.4881,225.36,30572.0
9680278,-46.5578,169.0964,225.28,21085.0
2622525,-47.0031,168.11,225.24,31681.4
2403723,-46.1111,169.0855,225.05,32503.3
2814709,-46.5417,168.9017,224.82,31029.1
8960296,-46.9994,168.0725,224.8,21622.1
839124,-46.2994,169.8592,224.75,43323.7
8605289,-52.5511,169.1097,224.56,21909.0
4065037,-46.6056,169.0553,224.39,27781.3
2483328,-54.5661,158.8989,223.88,32194.1
2114294,-46.1867,168.5533,223.81,33725.0
6965288,-46.6136,169.2225,223.34,23462.0
9335474,-46.3556,169.6928,223.15,21334.4
3221314,-46.6264,169.0489,222.99,29810.2
9227779,-47.0511,167.9678,222.87,21414.8
5843283,-47.1794,167.6264,222.71,24813.5
7242635,-46.8453,167.8814,222.45,23166.9
2160276,-46.1514,170.1164,222.01,33514.7
10530831,-54.66,158.8825,221.93,20506.0
2248485,-46.5258,168.9781,221.51,33132.3
1271963,-46.4406,169.7867,221.21,38827.1
7408599,-46.1369,167.2628,221.14,22998.5
5358738,-46.1814,168.5436,221.05,25494.8
10502632,-50.6483,166.1708,220.84,20524.6
11276870,-46.8708,167.7753,220.48,20044.1
1001303,-46.4222,169.7625,220.46,41378.5
6874525,-46.2914,169.605,220.29,23562.3
7757381,-46.1794,167.0528,220.12,22658.0
3937451,-46.4136,169.5742,219.87,28052.9
11817684,-46.6103,169.2158,219.68,19733.3
6311619,-46.9883,167.778,219.61,24215.7
7622750,-54.5711,158.8875,219.47,22789.8
6437890,-47.1272,167.6444,218.6,24060.0
11461093,-46.1842,169.1211,218.17,19935.7
4628215,-47.0786,167.72,217.88,26691.2
6596373,-46.5117,169.0289,217.66,23876.6
9256065,-46.6336,169.0661,217.02,21397.0
10029078,-46.9797,167.9258,216.47,20841.9
6914402,-47.0667,167.713,215.75,23516.3
2370348,-52.5536,169.0767,215.5,32632.4
2930784,-46.3758,169.7133,215.03,30659.4
3621447,-46.4297,169.4422,214.84,28774.9
3723131,-46.1339,167.7567,214.79,28534.8
723103,-47.2328,167.4261,214.49,44997.2
4579437,-46.5878,168.95,213.71,26779.4
2384543,-47.0475,167.9072,213.67,32575.7
10553916,-46.105,167.5186,213.49,20490.4
755884,-46.5986,169.1542,213.45,44496.0
5720531,-46.5619,169.4486,212.86,24979.8
2270720,-46.8514,167.7803,212.65,33037.9
4266643,-46.1114,167.5022,212.57,27372.4
450953,-50.8247,166.05,212.48,50622.2
531202,-47.2222,167.5967,212.45,48616.5
8866345,-46.2217,168.4372,212.4,21695.6
9502274,-46.1844,168.9583,212.33,21214.6
5470944,-46.2075,169.9395,211.97,25329.3
7603557,-46.2169,167.2592,211.85,22809.4
3957881,-46.9369,167.8314,211.68,28009.7
10544645,-46.2922,169.8708,211.68,20496.7
10204426,-54.5925,158.8981,211.04,20722.3
5422564,-47.0372,168.0417,210.94,25399.7
8996217,-47.0008,168.1033,209.85,21592.6
3359099,-46.4406,168.8753,209.77,29436.0
5901347,-47.0417,167.735,209.76,24736.3
9179171,-46.1275,170.0011,209.74,21453.5
10918524,-46.165,168.6739,208.77,20262.2
2775362,-46.8503,168.0617,208.24,31158.2
9751375,-46.9797,167.9181,206.7,21036.6
7993101,-46.8661,168.0544,206.24,22440.5
3624190,-46.1672,166.6744,206.05,28768.2
1765688,-46.4539,169.7056,205.97,35486.9
5040184,-46.4697,169.5008,205.84,25992.2
474809,-46.5289,168.2469,205.83,49987.6
11158435,-47.0475,167.7669,205.31,20113.9
4241260,-46.1828,167.9217,204.82,27421.2
2168194,-46.4178,169.6486,204.78,33480.4
11333417,-47.0289,168.0622,204.25,20009.1
5218019,-46.1756,166.6597,204.12,25708.8
4311469,-46.5836,169.2222,203.34,27283.8
3767728,-46.1469,170.1222,202.64,28429.6
545366,-46.3614,167.9869,201.7,48303.6
6928671,-46.6014,168.9669,201.49,23500.0
2977122,-46.5386,169.0822,201.31,30519.9
11083623,-46.1022,167.5247,201.25,20161.3
11210458,-47.2314,167.4872,201.2,20085.3
3081186,-46.1697,167.0853,201.14,30211.4
9383932,-46.1711,168.6625,200.83,21301.5
6696975,-46.1356,168.7306,200.63,23758.9
11445254,-46.115,166.6122,200.24,19945.3
7046114,-47.1531,167.5844,199.98,23375.0
11790111,-50.7331,166.1183,199.85,19749.5
7935882,-46.525,169.5506,199.84,22491.5
11103550,-46.1842,167.0475,199.73,20148.7
1569980,-46.4017,168.8178,199.61,36666.6
2306464,-46.5247,169.1069,199.22,32891.0
6173746,-46.1308,170.1439,197.49,24383.5
3489020,-46.1364,167.7242,197.48,29100.7
2710429,-46.8664,167.8564,197.19,31376.3
2880756,-46.1289,169.3097,196.92,30816.9
4481805,-46.5167,169.1975,196.76,26957.2
10274792,-46.1367,167.75,196.22,20673.1
4414095,-46.2128,169.9611,195.74,27086.9
11531709,-46.2119,169.9506,194.91,19897.3
9168010,-46.5078,169.5647,194.08,21462.4
11088565,-46.4258,169.4481,193.8,20158.2
11429491,-46.8594,168.06,193.18,19954.9
8193387,-46.1019,167.7778,192.85,22260.9
8655591,-46.39,169.7483,192.73,21865.3
10824699,-46.2583,168.9917,192.51,20318.7
2089761,-47.2047,167.5583,192.34,33838.2
2743993,-46.4628,169.7647,192.29,31262.3
2899940,-46.1731,167.2195,191.98,30756.9
6474956,-46.1047,167.5361,191.86,24017.6
4913621,-46.2072,167.7078,191.57,26199.8
8953159,-46.2186,168.0086,191.53,21628.0
2709900,-46.5603,168.8922,191.24,31378.3
10625183,-46.2067,167.7155,190.71,20446.9
5560068,-46.6175,169.2111,190.6,25203.2
11812089,-46.5867,168.9672,190.06,19736.6
2783138,-46.1261,166.6314,189.94,31131.6
10553914,-46.1633,167.2342,189.84,20490.4
7950700,-46.2067,167.9044,189.75,22477.4
2591953,-47.21,167.5417,189.71,31789.8
9857552,-46.5686,169.46,189.51,20957.7
4608956,-46.1231,169.3664,189.33,26727.0
1968282,-46.5981,169.4003,188.95,34418.8
11093591,-47.1411,167.6611,188.92,20155.0
2526659,-46.1078,167.7514,188.77,32029.4
6216440,-46.3986,168.8289,188.75,24331.2
11205480,-46.1972,169.3869,188.62,20088.5
8547069,-46.7578,167.6333,188.34,21955.4
5995971,-46.4019,169.7608,188.32,24615.0
10800996,-47.0544,167.7586,188.3,20334.4
5716962,-47.1256,167.6103,188.29,24984.9
2938935,-46.2581,169.8994,187.24,30636.5
7704124,-46.4914,168.8958,186.01,22711.4
6782469,-46.4414,169.695,185.86,23662.1
9267261,-46.1658,167.7056,185.7,21388.0
1394528,-46.4964,169.58,185.61,37873.5
6893095,-46.1328,168.5828,185.53,23540.7
8005155,-46.7786,167.648,184.82,22429.1
535960,-47.1861,167.7044,184.68,48510.3
3639397,-46.4581,169.7686,184.52,28732.8
11205483,-46.1217,167.5356,184.43,20088.5
9627047,-47.1014,167.9417,183.91,21124.3
5886637,-46.8608,168.0792,183.69,24756.9
10553913,-46.2178,169.9236,183.66,20490.4
10967373,-47.1494,167.6756,183.49,20230.7
11466348,-46.41,169.7714,183.28,19932.5
5109603,-46.2436,169.8967,182.92,25879.2
6273731,-47.0672,167.7336,182.59,24260.4
8547068,-47.1836,167.6406,182.56,21955.4
10072787,-47.0817,167.7358,182.11,20811.3
8323140,-46.9933,167.8903,181.41,22146.1
1195775,-46.8094,167.8358,181.37,39473.1
8721947,-46.8653,167.7925,181.22,21812.8
3536654,-46.3714,169.7214,181.16,28982.3
9537668,-46.1436,167.5911,180.23,21187.5
5238644,-46.1911,169.9933,179.53,25679.1
3754754,-46.3878,168.8642,179.52,28461.0
4059665,-46.2806,167.9208,179.19,27792.8
10957426,-47.1858,167.5825,179.18,20237.0
11639981,-46.4431,168.8917,179.1,19833.2
8338956,-50.6047,166.1639,179.08,22131.7
10434626,-46.4144,169.655,178.72,20571.1
7400769,-46.2778,167.905,178.55,23006.8
6455585,-46.5022,168.9519,178.39,24041.4
6385302,-47.1761,167.8386,177.9,24126.1
3998753,-46.3336,169.5839,177.81,27920.8
9138478,-47.1772,167.6425,177.73,21486.1
3282748,-46.1483,167.6067,177.59,29640.9
6935776,-46.2056,169.9047,177.29,23491.9
11093595,-46.2867,169.8875,177.19,20155.0
7690379,-46.9344,167.7944,176.74,22725.4
7285164,-46.5331,169.0628,176.56,23125.6
6442899,-46.2797,169.8875,176.04,24057.3
9182912,-46.1319,169.3736,175.47,21450.5
6267490,-47.0508,167.7475,175.37,24268.3
1507602,-52.5456,169.15,175.33,37079.6
5599911,-46.3567,167.9653,174.92,25147.6
6674679,-46.2925,168.9081,174.68,23785.7
9976165,-46.8681,167.8028,174.26,20875.5
2569701,-46.4981,168.9225,174.03,31871.9
11850881,-47.0747,167.7125,173.88,19714.0
5070858,-46.5808,169.4047,173.12,25940.7
3757576,-46.1728,170.1006,172.97,28454.3
3363327,-46.5158,168.9395,172.86,29427.3
9059561,-47.0639,167.7261,172.48,21545.3
5401647,-46.4669,169.7128,172.47,25432.2
4755789,-46.3675,167.9906,172.12,26465.9
1489103,-46.8681,168.1178,171.97,37203.1
7222321,-46.1072,169.3747,171.18,23188.9
4735592,-50.8461,165.9164,171.06,26502.0
10461639,-46.1903,166.9761,170.46,20552.5
4500748,-46.5369,168.2533,170.28,26924.1
3219846,-46.6358,168.9833,170.2,29814.5
5666292,-46.1728,167.2253,170.16,25053.6
8417155,-46.2022,169.9206,169.41,22065.4
7379798,-46.2358,168.7617,169.14,23029.0
6775581,-47.2078,167.5883,169.03,23670.2
2612048,-46.4394,169.6214,168.5,31717.6
11817685,-46.4261,169.662,168.09,19733.3
7642225,-46.5672,169.2622,167.24,22770.2
3344940,-46.1658,168.4361,167.12,29474.9
8239885,-47.0539,167.7522,167.08,22217.9
7639479,-46.9533,167.9739,166.75,22773.0
4996494,-46.245,169.9178,166.45,26063.2
1815089,-46.5344,169.4672,166.29,35214.8
5172956,-46.1989,169.9964,166.28,25778.1
10360591,-47.0208,168.162,166.07,20617.5
6082732,-46.9917,167.8553,165.67,24500.8
1772454,-46.6489,169.1706,165.64,35449.2
1123817,-47.2444,167.6053,165.24,40132.6
10776994,-46.4978,168.9364,165.09,20350.0
8269400,-46.2483,169.8944,164.84,22195.0
11553120,-46.9939,167.8625,164.75,19884.5
4958993,-46.1928,167.0864,164.74,26124.3
4614046,-46.8606,168.0936,164.57,26717.5
10725093,-46.1203,169.3894,164.51,20384.5
4214412,-46.4131,169.028,164.47,27474.6
2043630,-46.6292,169.3481,164.12,34054.0
10549287,-47.1586,167.6842,163.97,20493.6
2998624,-46.2206,168.6219,163.4,30455.1
10848925,-47.0728,167.7708,163.02,20303.0
7468068,-46.2303,169.9028,163.01,22940.3
3197845,-46.5678,169.1553,162.27,29876.4
10634517,-46.1192,167.4553,162.2,20440.6
9399411,-46.4833,169.5692,161.75,21289.5
7416595,-46.1967,167.0653,161.71,22990.2
759626,-46.3808,167.8711,161.47,44440.2
3332890,-46.9881,168.1528,161.11,29505.1
8215210,-46.2175,169.9064,161.02,22240.9
9301106,-46.5822,169.2994,160.99,21361.2
2738275,-46.4975,168.8705,160.82,31282.7
11271740,-46.3069,169.8786,160.31,20047.2
9804098,-46.1186,166.645,160.3,20997.2
4001795,-46.1881,170.0189,159.56,27914.0
5766078,-54.5803,158.92,159.38,24918.5
2219299,-47.1669,167.7789,159.28,33257.0
2201256,-46.1169,166.6861,159.18,33333.6
4923451,-46.1481,167.7333,158.79,26182.7
4711628,-46.9136,167.7903,158.76,26542.8
7421904,-46.8719,168.0883,158.61,22984.7
2764617,-46.9197,167.7931,158.59,31193.0
6631488,-46.5658,169.25,158.58,23833.8
4661967,-46.4322,169.7594,157.88,26631.5
9426426,-46.4464,169.76,157.59,21268.6
4252573,-46.1058,169.8317,157.41,27398.0
11236136,-46.9308,168.0106,157.27,20069.5
7387543,-46.2342,169.8828,156.5,23020.7
10119833,-46.9597,168.0114,156.27,20777.6
10342687,-46.1242,167.5008,156.22,20629.9
3738733,-46.3758,168.9533,156.08,28496.8
8081558,-50.7139,166.1822,156.03,22360.8
9747270,-47.0556,167.74,155.04,21039.7
7706827,-46.8236,167.7319,154.83,22708.6
6442897,-46.9294,167.7942,153.75,24057.3
6504899,-46.4717,169.5614,153.43,23980.4
775099,-46.7031,167.715,153.41,44213.1
4029396,-46.1225,167.1536,153.19,27856.9
9553501,-46.1439,168.9531,153.18,21175.5
5845025,-46.1783,170.0233,153.05,24810.9
6126670,-47.0458,168.0278,151.9,24446.1
10475264,-46.1417,169.3489,151.57,20543.2
9783849,-46.1611,168.4355,151.55,21012.4
4913620,-47.205,167.5989,150.02,26199.8
4557951,-46.4103,169.6139,149.8,26817.4
11292093,-46.1633,167.7306,149.67,20034.5
9585149,-46.1397,168.8603,149.39,21151.4
4550456,-46.2197,169.8745,149.27,26831.7
7400768,-46.8814,167.8628,148.45,23006.8
3782114,-47.0669,168.095,148.01,28398.2
10484312,-46.1506,169.4197,147.28,20537.0
841421,-47.215,167.6603,147.1,43294.2
6960438,-47.0642,168.0933,146.86,23467.5
10316325,-46.2161,167.6961,146.72,20648.4
6585431,-46.1442,168.41,146.67,23889.9
4787132,-46.1547,168.4305,146.36,26412.9
855102,-48.0311,166.5867,145.88,43114.3
7603556,-46.3164,168.9086,145.35,22809.4
11108562,-46.1225,168.7761,145.24,20145.5
11034040,-46.1867,169.4261,145.1,20192.9
9123841,-46.9308,167.9939,144.59,21498.0
7366651,-46.9419,167.9878,143.83,23042.8
6065383,-46.3611,168.9033,143.41,24524.2
9212410,-46.205,169.3956,143.18,21426.7
11531710,-46.2114,169.8792,143.1,19897.3
9190484,-46.9947,167.6867,143.08,21444.6
5660983,-46.5978,169.2728,142.82,25061.3
7594149,-47.0519,167.7128,142.67,22815.0
7316105,-46.6408,169.0867,142.66,23092.5
9561300,-47.1711,167.8561,142.62,21169.5
5995972,-46.1228,169.8486,142.53,24615.0
8378705,-47.1436,167.9228,142.32,22100.0
10863340,-46.3747,168.0086,142.23,20293.6
7101359,-47.1139,167.9675,142.05,23317.7
3946371,-46.5058,169.1697,141.99,28032.4
3898140,-46.5933,169.1628,141.99,28139.0
3670741,-46.2192,169.54,141.86,28657.3
7428195,-46.5128,168.8939,141.82,22981.9
9106827,-47.1719,167.7439,141.61,21506.9
11236138,-46.2239,169.8714,141.56,20069.5
8075437,-46.5953,169.2622,141.45,22366.5
7591348,-46.2308,169.9164,141.38,22817.8
1799709,-47.1922,167.6694,141.27,35299.7
9692365,-46.2328,169.9622,140.7,21076.0
6815592,-46.6264,169.1908,140.67,23627.1
10244029,-47.0522,167.7367,140.36,20694.6
9619098,-47.0586,168.1008,140.09,21130.3
9865656,-46.1294,168.5628,139.97,20951.7
7201997,-47.0628,168.08,139.57,23210.9
10111219,-46.2111,169.8939,139.21,20783.7
948302,-46.9617,167.6717,138.25,41971.7
2504469,-46.7467,167.7117,138.22,32112.8
6575792,-46.2744,169.8956,138.17,23897.9
11762364,-46.9767,167.6858,138.12,19765.6
3917995,-46.6258,169.3139,137.41,28093.7
1227898,-46.3592,167.7397,136.65,39197.8
10791434,-46.1939,169.9017,136.17,20340.7
11672438,-46.1544,167.7167,135.92,19813.9
2010340,-46.8644,168.1367,135.68,34214.5
10098300,-46.5164,168.9225,135.34,20792.9
995572,-52.5228,169.0667,134.77,41440.1
9502270,-46.4139,169.6211,134.43,21214.6
8763157,-46.5847,169.3705,133.86,21777.7
9905118,-46.4989,169.4497,133.71,20927.3
9502267,-46.9594,167.6728,133.53,21214.6
7666929,-47.1739,167.7678,133.53,22745.0
4930420,-46.1164,169.8567,133.52,26170.6
9464990,-46.6303,169.3286,133.25,21238.6
4468280,-46.1817,169.5528,132.4,26983.2
4739485,-46.1814,169.8931,132.04,26494.8
9853492,-47.1489,167.7856,131.69,20960.8
7073056,-47.2036,167.7072,131.4,23345.0
3470025,-46.8961,168.0897,131.32,29151.0
4294996,-47.1528,167.7108,131.2,27314.1
11828780,-46.8936,168.0936,131.04,19726.9
8803005,-47.1297,167.5892,130.92,21748.4
8942463,-46.1789,167.6997,130.81,21636.8
11418874,-46.2128,168.6142,130.57,19961.2
10734503,-47.1364,167.5892,130.25,20378.2
7720790,-46.2428,169.9683,130.17,22694.6
2260646,-46.4475,169.8117,130.13,33082.3
6738822,-46.6014,169.2997,128.89,23713.2
9672133,-46.3125,169.8517,128.82,21091.1
2925674,-46.9139,167.8203,128.52,30676.0
7734805,-46.1283,167.7208,128.21,22680.5
10387581,-46.2269,169.8514,127.48,20599.0
8397931,-46.2319,169.9308,127.22,22082.7
8691544,-47.1167,167.9761,127.17,21839.0
1112890,-52.6158,169.1283,127.07,40238.8
5462642,-46.2422,169.623,126.09,25341.9
9925864,-46.4003,169.6844,126.02,20912.1
7077988,-46.2642,169.8622,125.95,23339.5
5003639,-50.6031,165.9533,125.79,26051.0
11231073,-46.1936,170.0242,125.76,20072.6
8208854,-46.17,169.5033,125.11,22246.6
3942411,-46.3028,169.6478,124.99,28041.5
5503324,-47.1378,167.5817,124.98,25284.0
5305686,-48.0283,166.595,124.65,25574.6
6104189,-47.1739,167.7239,124.64,24472.2
8335910,-46.2417,169.6011,124.46,22134.6
5344255,-46.805,168.0294,124.25,25517.3
1710415,-46.5792,168.2883,123.25,35803.3
2728778,-46.5989,169.2808,123.25,31313.2
1184032,-47.2011,167.6786,122.93,39577.9
7165720,-46.5042,168.8417,122.02,23246.5
5003655,-46.4606,169.7289,120.98,26051.0
6391578,-46.4031,169.5305,119.89,24118.2
1897878,-47.2617,167.6183,119.84,34777.8
6028174,-47.0461,168.0189,119.5,24570.9
8967514,-47.1481,167.7805,119.5,21616.2
10289825,-46.7886,167.6111,119.46,20666.9
7353518,-46.2172,169.5117,119.42,23056.6
6822304,-46.6214,169.2708,119.32,23619.0
7975272,-46.2522,169.5583,119.19,22457.5
9667994,-46.1167,167.5686,118.81,21094.1
11455834,-46.2042,168.6344,118.13,19938.9
6567252,-46.8072,167.8195,117.9,23908.6
11591368,-46.8475,167.7958,117.55,19862.1
1291860,-48.0442,166.6222,117.33,38665.9
11043954,-46.1383,167.5458,116.72,20186.6
4515459,-47.2478,167.623,116.6,26895.7
3431091,-46.7736,167.9925,115.61,29249.2
10077050,-46.1475,168.9392,115.55,20808.2
10643862,-46.8906,168.0797,115.1,20434.4
4462411,-46.7122,167.727,115.06,26995.0
8921234,-46.5564,169.5286,114.72,21654.5
8440010,-47.1456,167.7155,114.32,22045.2
9549513,-46.6403,169.1861,114.05,21178.5
8199558,-46.4586,169.5261,113.81,22255.2
11503111,-46.2358,169.9183,113.66,19910.1
6257262,-46.1881,170.0817,113.66,24281.4
9930086,-47.0522,167.7311,113.59,20909.0
2169911,-47.2283,167.6431,113.58,33472.8
10347270,-47.1567,167.6636,113.44,20626.8
8688068,-46.8475,167.8189,113.22,21842.0
1380824,-46.9411,167.6758,113.18,37975.9
7611900,-47.0964,167.968,112.89,22801.0
2579901,-47.2306,167.5692,112.21,31835.9
5802060,-47.2492,167.3836,112.16,24867.3
10498153,-46.4339,168.8369,112.14,20527.7
8578654,-46.4569,169.7336,111.79,21932.2
2243668,-46.6681,169.0647,111.32,33153.4
4364301,-46.6347,169.2453,110.53,27180.8
6381060,-46.9775,167.8414,110.44,24131.4
3132549,-46.3725,167.7658,110.42,30061.3
4412922,-46.3853,167.7919,110.1,27089.3
7783926,-46.2508,169.9336,109.89,22635.5
2919327,-46.9675,167.8355,109.55,30696.8
7204571,-54.5317,158.865,109.05,23208.1
4993689,-47.2392,167.6358,108.73,26068.1
4954798,-52.4683,169.195,108.54,26131.6
11667162,-46.8,167.8464,108.45,19817.1
5243212,-47.0803,167.9506,108.12,25671.6
1518473,-47.2236,167.3258,107.47,37005.6
3591345,-46.8808,168.1408,107.18,28847.9
9153280,-47.1708,167.7611,107.18,21474.3
5205851,-46.4244,169.5978,107.11,25728.6
4004825,-47.2581,167.6381,106.97,27907.1
4620601,-47.0936,167.9944,106.68,26705.5
10625182,-46.2425,169.8686,106.49,20446.9
10169497,-47.1572,167.7853,106.41,20746.9
4412920,-47.2231,167.6439,106.31,27089.3
4071265,-46.3267,169.692,106.28,27767.5
4279127,-47.0647,168.0483,106.11,27346.8
11558332,-46.6208,169.3083,105.06,19881.3
8426978,-47.1781,167.7239,104.92,22056.8
1623661,-54.4919,158.9431,104.02,36326.2
6965289,-46.1806,167.0819,103.74,23462.0
8704940,-47.215,167.575,103.33,21827.4
2709901,-46.4533,169.6811,103.04,31378.3
3484029,-48.0158,166.602,102.94,29113.9
5732875,-46.9981,167.8108,102.6,24961.9
3377660,-46.3428,167.9186,102.21,29388.3
7179327,-46.1992,170.0658,101.93,23235.6
6453469,-46.22,168.4683,101.31,24044.1
8715195,-46.5758,169.2717,100.94,21818.6
8211981,-46.6489,169.1503,100.89,22243.7
4337131,-46.8967,168.0372,100.34,27234.7
6869809,-47.2158,167.5625,99.92,23567.7
7798127,-46.4211,169.5983,99.75,22621.5
1756487,-47.2136,167.3883,99.12,35538.9
8090666,-46.8014,167.8522,98.52,22352.3
10414800,-46.9742,167.6758,98.36,20580.4
9030810,-46.1397,168.0133,98.28,21569.0
4724761,-46.8875,168.0206,98.04,26518.8
8078529,-47.0917,168.0472,97.55,22363.7
7240043,-46.185,167.0836,97.51,23169.7
9445647,-46.5094,169.0889,97.28,21253.6
11450507,-46.3781,167.8781,96.91,19942.1
7628385,-47.1836,167.7947,96.48,22784.2
9252346,-46.5269,168.8383,96.35,21400.0
7798128,-46.1983,169.6883,96.28,22621.5
7326367,-46.3283,167.7964,96.09,23081.5
9704556,-46.3578,168.8708,95.92,21066.9
8938929,-46.2225,166.7833,95.62,21639.8
4418897,-46.5036,169.6997,95.57,27077.5
8008101,-47.0736,168.0083,95.55,22426.3
8540488,-47.1172,168.0519,94.99,21961.2
6344798,-47.0831,168.0814,94.37,24173.6
5185745,-46.5614,169.5372,94.31,25760.8
1925963,-47.1511,167.4033,94.14,34634.7
7345730,-46.2428,169.8506,93.72,23064.9
5659268,-46.6183,169.1692,93.67,25063.8
6082730,-47.2386,167.602,93.35,24500.8
7313539,-46.885,168.0456,92.76,23095.3
5554927,-47.1497,167.6978,91.86,25210.8
9077578,-46.3092,169.6645,91.23,21530.5
6156084,-46.8869,168.0403,91.05,24407.0
10643861,-47.1108,168.0456,90.46,20434.4
8115220,-46.2175,170.0336,89.99,22329.5
5879185,-46.3633,169.7606,89.79,24767.2
7484090,-46.5925,168.8675,89.62,22923.6
2109801,-46.1033,166.6975,89.36,33743.9
10325126,-46.5033,169.3508,89.22,20642.2
8443413,-47.1703,167.6636,89.12,22042.3
6245270,-46.3436,167.9383,88.59,24297.1
7300640,-46.5619,168.2825,88.4,23109.1
7106295,-47.1019,168.0775,87.88,23312.2
2471296,-46.4767,169.757,87.4,32239.6
8510640,-47.2264,167.4697,87.32,21987.3
9059562,-47.0533,168.0092,87.27,21545.3
9182909,-46.2686,169.8714,87.19,21450.5
11323092,-47.1489,167.692,86.82,20015.4
11723824,-47.0692,168.1353,86.75,19788.1
10298747,-47.1378,167.9644,86.31,20660.8
4481804,-47.2186,167.3292,86.24,26957.2
10583452,-47.2408,167.6139,85.93,20474.9
11429493,-46.2517,169.87,85.77,19954.9
11806655,-46.2706,169.6322,85.29,19739.8
5637531,-46.9089,168.0314,85.26,25091.8
2934365,-46.9622,168.1772,85.23,30651.1
6810909,-47.1328,167.5811,85.19,23632.5
6165819,-46.6656,169.0867,83.77,24394.0
10884467,-46.1536,169.8678,83.58,20284.2
9297296,-47.2175,167.3767,83.16,21364.2
8467707,-46.1664,169.8433,83.13,22025.0
6972423,-46.3419,167.8089,82.81,23453.9
8285053,-46.6119,168.8589,82.75,22180.6
5122970,-46.4672,169.6647,81.81,25857.1
7647711,-47.0506,167.7239,81.79,22764.6
10507190,-46.2747,169.6931,81.52,20521.5
2489237,-48.0372,166.5747,81.22,32170.3
2510083,-46.7069,167.722,80.82,32091.0
11241188,-46.8881,168.0517,80.34,20066.3
8304156,-46.4636,169.6547,80.15,22163.4
3511840,-47.1492,167.5686,79.93,29043.8
4147003,-46.6528,169.0497,79.61,27611.1
10195604,-46.8853,168.0283,79.52,20728.5
9763583,-46.6597,169.0822,79.36,21027.5
7405938,-46.9039,168.1286,78.7,23001.3
5625548,-46.1436,166.6217,78.44,25109.5
7661392,-47.1094,168.0942,78.39,22750.6
10620388,-47.1,168.062,78.32,20450.0
8099870,-47.1767,167.6675,78.11,22343.7
6378955,-46.4436,169.683,78.09,24134.0
2669453,-46.4542,167.8397,77.96,31518.1
2673282,-47.2208,167.4375,77.89,31503.9
2705958,-47.265,167.3969,77.34,31392.5
2707120,-46.9311,168.1297,77.32,31388.4
6688052,-46.2944,169.6853,77.15,23769.6
8789564,-46.1819,169.648,76.88,21760.1
11048916,-46.8814,168.0414,75.38,20183.4
8759803,-46.9464,167.6669,74.95,21780.6
5791375,-46.9686,168.153,74.84,24882.7
2879467,-46.9125,168.2339,74.55,30821.1
3159793,-52.4758,169.14,74.48,29982.8
4724760,-46.8967,168.157,74.11,26518.8
11220738,-47.065,168.065,72.86,20079.0
11762361,-47.0811,168.032,71.93,19765.6
4398392,-47.2192,167.6636,71.48,27115.1
7561272,-46.8936,168.0017,70.62,22848.5
3161999,-46.9167,168.1536,70.52,29976.4
10933006,-47.07,168.1667,70.29,20252.8
7622791,-46.4342,169.6511,68.84,22789.8
5326729,-46.4906,169.7189,68.24,25544.7
7305786,-47.2044,167.6211,67.59,23103.6
3517927,-50.5325,166.0547,66.14,29030.6
8093649,-46.8936,168.0653,65.39,22349.4
7500064,-47.0794,168.1769,65.24,22906.9
9383891,-50.5181,166.2108,65.08,21301.5
10479806,-46.5747,169.5844,65.07,20540.1
5894010,-47.2356,167.5695,65.02,24746.6
8671277,-47.1183,168.1336,64.8,21856.5
6078811,-46.2389,169.7992,64.63,24506.0
3795180,-47.2022,167.4539,63.15,28366.8
10791433,-47.2811,167.4717,62.84,20340.7
6940555,-46.9,168.1436,62.74,23486.5
3941418,-47.2403,167.6617,61.72,28043.8
7969470,-46.8286,167.8094,61.58,22463.2
3958897,-46.7706,168.4761,61.56,28007.4
3971792,-47.1178,167.5547,61.43,27977.8
6472829,-52.6061,169.1347,61.3,24020.2
5856124,-46.8367,168.0908,61.21,24795.5
4807253,-46.7378,168.5325,61.03,26376.7
9414816,-46.8983,168.148,60.36,21277.5
4103262,-46.8775,167.7503,60.22,27700.9
11317898,-47.2358,167.5772,60.18,20018.6
9631075,-46.8875,168.1431,59.89,21121.3
11812087,-47.1122,168.0625,59.11,19736.6
10430108,-46.9022,168.0583,58.72,20574.2
10676509,-47.2042,167.6094,58.71,20412.6
4321831,-46.7703,168.5683,58.33,27262.8
6538730,-46.1847,169.6633,57.83,23943.2
7326364,-46.9083,168.1389,57.76,23081.5
9950854,-47.2575,167.4556,57.37,20893.8
8378704,-47.2275,167.5897,56.77,22100.0
11392723,-46.5114,168.7769,56.6,19977.2
10530890,-46.2894,169.6631,56.1,20506.0
4843046,-46.9322,168.1756,55.91,26316.2
5156188,-54.76,158.7847,55.85,25805.3
4777903,-47.2286,167.3619,54.82,26429.8
4871391,-46.8356,168.2172,54.16,26270.2
4933115,-47.1378,167.5264,53.73,26165.7
4934503,-47.2267,167.3725,53.72,26163.3
5007935,-48.0339,166.5722,53.53,26043.7
5091925,-46.8489,168.2094,52.68,25908.8
5181155,-46.9622,168.1378,52.11,25768.2
5263045,-50.4939,166.3017,51.59,25639.3
5401645,-47.1389,167.4014,50.76,25432.2
5416132,-46.8661,168.2272,50.67,25409.7
6575788,-47.0467,167.6989,49.42,23897.9
7751646,-50.5547,166.095,49.23,22663.7
5722274,-52.5328,169.0439,48.96,24977.2
11779049,-46.2928,168.3,48.93,19755.9
7408598,-46.7558,168.5169,48.87,22998.5
9692366,-46.2294,166.7808,48.8,21076.0
9601099,-46.6481,169.0275,48.67,21139.4
9828455,-46.3417,167.73,48.05,20979.0
6393614,-46.7675,168.4214,45.64,24115.5
9577150,-46.8553,167.8694,45.44,21157.4
9346956,-47.0928,168.1967,44.82,21325.4
7457432,-47.1572,167.5642,44.52,22951.4
6741064,-52.4681,169.1289,44.12,23710.5
6847879,-47.1186,168.2075,43.67,23589.3
7135719,-46.9075,168.1228,42.53,23279.4
7165716,-48.0325,166.5683,42.41,23246.5
7252844,-50.6619,166.0756,42.08,23155.9
9391690,-46.755,168.4869,41.79,21295.5
11163414,-46.7933,168.5094,41.51,20110.7
7622751,-54.4972,158.9322,41.32,22789.8
10239490,-46.6036,169.4406,41.2,20697.7
7561271,-47.0608,168.2153,40.97,22848.5
7669780,-46.5033,169.7139,40.59,22742.2
7687586,-47.1394,167.4164,40.54,22728.2
7789546,-47.13,167.5378,40.19,22629.9
11178411,-47.2528,167.5894,40.03,20101.2
7996142,-47.1044,168.2008,39.51,22437.6
8199529,-50.8433,166.025,38.87,22255.2
8417153,-46.875,167.7475,38.21,22065.4
8426980,-46.8164,168.2389,38.18,22056.8
8635445,-46.9828,168.1375,37.58,21882.8
8638702,-50.5153,166.2422,37.57,21879.9
9171658,-52.5675,169.0397,36.36,21459.4
9980513,-48.0575,166.5056,34.19,20872.4
10195603,-47.2322,167.3481,33.72,20728.5
10257161,-47.1256,168.155,33.58,20685.4
10396611,-48.0542,166.5142,33.28,20592.8
10434624,-46.8231,168.2453,33.21,20571.1
10729763,-46.7678,168.4653,32.6,20381.3
10982038,-46.9567,168.14,32.09,20221.3
11001716,-46.4819,169.752,32.05,20208.7
11163413,-46.8658,168.2644,31.74,20110.7
11225896,-47.1894,167.7833,31.63,20075.8
11461089,-47.2361,167.4383,31.19,19935.7
