80,20.7097,-156.2533,3055.01,197301.4
11189471,20.7072,-156.2563,3051.66,20098.0
11033090,20.7138,-156.25,3012.95,20192.9
10873874,20.7052,-156.2654,2989.17,20290.5
62758,20.7349,-156.1794,2714.85,77962.8
475387,20.7025,-156.1885,2570.07,49973.6
4158148,20.7331,-156.1577,2551.79,27590.3
823440,20.7186,-156.2195,2497.23,43534.9
3216860,20.7165,-156.2278,2490.83,29823.0
10429228,20.7398,-156.2232,2478.94,20574.2
2388399,20.7183,-156.1948,2346.35,32562.0
3015866,20.7143,-156.2039,2344.83,30402.7
3288847,20.7187,-156.199,2319.53,29625.8
11033089,20.7175,-156.2122,2317.7,20192.9
516791,20.7102,-156.1367,2314.35,48952.2
10429227,20.7458,-156.185,2308.25,20574.2
2891667,20.7124,-156.1784,2289.35,30783.8
7600229,20.719,-156.1882,2282.04,22812.2
5536268,20.7234,-156.1405,2274.72,25238.6
4688043,20.7178,-156.1378,2232.36,26586.0
8355689,20.7557,-156.249,2226.56,22120.2
3544419,20.7176,-156.1584,2099.77,28964.7
11355456,20.7718,-156.2443,2091.23,19999.5
7178839,20.6745,-156.3271,2075.38,23235.6
8355693,20.7318,-156.1147,2065.02,22120.2
6057089,20.7363,-156.1071,1954.38,24534.6
850,20.8904,-156.5863,1764.18,148448.7
3148246,20.7272,-156.0942,1734.31,30016.8
3990283,20.7281,-156.0887,1712.98,27939.1
8155772,20.895,-156.5699,1676.7,22295.2
7261034,19.7207,-155.923,1599.9,23150.4
1168,22.0586,-159.4975,1598.68,142726.5
7342588,20.8837,-156.5918,1594.71,23067.7
860751,20.8735,-156.5902,1593.19,43041.9
4410337,22.0564,-159.492,1550.21,27094.0
4814313,20.8828,-156.5972,1530.1,26367.0
2812758,20.7394,-156.074,1516.99,31035.3
1461,21.1065,-156.8682,1512.11,138808.3
6869350,21.1043,-156.8629,1450.24,23567.7
4262970,20.9093,-156.578,1446.58,27379.4
3655297,22.0963,-159.4992,1421.28,28695.1
5084263,22.0685,-159.5431,1420.67,25921.1
63217,20.849,-156.5569,1407.26,77863.1
8670542,22.1022,-159.5017,1406.04,21856.5
36189,21.1325,-156.8498,1403.91,86421.3
5995569,21.111,-156.8801,1402.08,24615.0
251356,20.7079,-156.0678,1399.64,58129.2
3438547,22.0485,-159.5164,1380.74,29231.8
1073198,20.8582,-156.5677,1372.51,40628.0
6057083,20.9181,-156.5744,1372.21,24534.6
11695222,22.059,-159.5382,1361.54,19804.2
66042,20.8669,-156.5483,1347.83,77186.7
96447,22.1339,-159.495,1344.17,71519.3
2545876,22.0744,-159.4819,1326.79,31959.7
3517784,20.8936,-156.5525,1322.83,29030.6
2529330,21.103,-156.8519,1322.83,32021.4
110600,22.1384,-159.5387,1321.61,69537.4
8056755,20.7329,-156.0645,1321.0,22383.6
7962944,21.1191,-156.8961,1310.94,22468.9
3863473,20.8539,-156.563,1309.12,28215.9
2286062,22.1549,-159.6174,1305.76,32976.2
2871061,22.1255,-159.5668,1299.67,30847.9
11519868,22.1568,-159.6138,1296.92,19903.7
1180294,22.0318,-159.5305,1295.7,39611.7
2613179,22.143,-159.6395,1289.91,31715.6
5326423,22.0293,-159.5341,1285.95,25544.7
60192,20.8518,-156.5985,1278.33,78583.1
8355606,22.1349,-159.5905,1272.54,22120.2
5536228,22.1631,-159.6182,1258.82,25238.6
7178783,22.1681,-159.6199,1256.08,23235.6
3288830,22.1184,-159.4882,1255.47,29625.8
1291431,21.1032,-156.8445,1248.46,38669.2
9122987,22.1677,-159.6099,1246.94,21498.0
3166,21.5079,-158.1425,1232.92,125340.4
8056691,22.1746,-159.6098,1228.04,22383.6
10146771,20.7119,-156.0807,1221.94,20762.3
11189356,22.1114,-159.5896,1220.72,20098.0
10873877,20.6514,-156.3705,1212.19,20290.5
2737583,20.7387,-156.0501,1210.06,31284.7
8670539,22.1416,-159.6005,1207.92,21856.5
7777655,21.1455,-156.8606,1207.01,22641.2
4814287,22.1217,-159.6411,1200.91,26367.0
1418075,22.1574,-159.5507,1189.02,37703.2
6311192,22.112,-159.6013,1185.98,24215.7
5084258,22.1747,-159.6263,1179.27,25921.1
7260900,22.0613,-159.5871,1173.78,23150.4
10429110,22.0759,-159.5929,1172.57,20574.2
8253026,22.1277,-159.66,1164.34,22209.3
10724172,20.862,-156.5654,1163.42,20384.5
4089430,20.8694,-156.5396,1160.98,27730.8
10724063,22.1083,-159.6183,1155.5,20384.5
194770,20.8434,-156.5811,1154.89,61567.7
11032982,22.1318,-159.6129,1150.62,20192.9
8561523,21.1141,-156.9167,1143.0,21946.7
351148,22.1637,-159.5142,1136.9,53754.7
9240342,22.0741,-159.6009,1136.6,21408.9
2243583,20.8947,-156.5461,1136.29,33153.4
3599174,21.1272,-156.9287,1132.64,28830.2
5130502,21.1362,-156.9263,1121.66,25847.2
2026868,22.0807,-159.6666,1118.92,34134.4
7868282,22.1181,-159.6632,1115.26,22556.6
5378638,22.0443,-159.4983,1112.82,25467.3
4122896,21.093,-156.8791,1112.82,27661.8
7100858,20.871,-156.5854,1101.85,23317.7
284337,21.1269,-156.8154,1101.55,56502.9
6182217,22.1228,-159.6237,1101.24,24375.7
6869312,22.1239,-159.5302,1094.54,23567.7
5326418,22.1214,-159.5275,1091.18,25544.7
6182219,22.0938,-159.6728,1090.27,24375.7
2932311,22.0512,-159.4837,1089.96,30657.3
8253079,21.1095,-156.851,1089.36,22209.3
10873751,22.0916,-159.6117,1088.75,20290.5
7777603,22.0763,-159.6653,1079.3,22641.2
1059397,21.4892,-158.1321,1068.02,40770.5
1132635,22.0198,-159.5041,1067.41,40050.0
1153517,20.8651,-156.5788,1064.06,39855.4
2545890,21.1164,-156.8069,1062.23,31959.7
11866219,22.0882,-159.6741,1061.62,19707.5
7511365,22.1172,-159.5251,1058.57,22898.6
5483019,22.1122,-159.5164,1053.08,25314.2
4991941,22.0902,-159.6793,1053.08,26070.6
10006998,20.7062,-156.0493,1051.86,20857.2
10873855,20.8873,-156.618,1045.77,20290.5
3926360,22.079,-159.4766,1045.46,28077.8
11519890,22.0446,-159.5953,1045.16,19903.7
4122883,22.0272,-159.5005,1044.55,27661.8
6115,20.8123,-156.8732,1031.75,114659.8
2314696,21.5121,-158.1329,1023.82,32858.1
9240341,22.0969,-159.6338,1015.29,21408.9
5995525,22.1816,-159.587,1013.76,24615.0
7600171,22.184,-159.5827,1007.97,22812.2
1808080,21.9936,-159.4995,1004.93,35254.5
8670548,22.0115,-159.5019,1003.71,21856.5
5702096,20.6414,-156.3759,1001.88,25005.3
5084279,21.1502,-156.9371,1001.57,25921.1
93237,22.1167,-159.4144,992.73,72006.7
5702040,22.1063,-159.6326,991.82,25005.3
9742329,22.107,-159.4921,989.08,21042.7
9614184,22.1848,-159.5793,979.93,21133.3
7962888,22.1229,-159.4135,979.02,22468.9
354108,21.4869,-158.1718,977.8,53646.8
2911396,20.7668,-156.0623,977.49,30721.7
3572065,22.1565,-159.5094,976.88,28896.4
9004915,21.4936,-158.139,975.36,21589.7
3863447,22.1022,-159.5205,968.35,28215.9
5875160,22.0026,-159.5012,966.22,24772.3
4947429,21.1183,-156.8636,966.22,26143.8
8892263,22.1136,-159.4205,965.3,21678.0
8253078,21.1153,-156.8647,961.03,22209.3
21931,21.358,-157.7881,960.12,94328.9
8892270,22.0057,-159.5652,955.55,21678.0
9742426,20.799,-156.196,955.55,21042.7
5758541,22.0432,-159.552,953.41,24928.7
71127,21.4415,-158.0987,953.11,76097.7
5084282,20.9203,-156.5468,945.49,25921.1
4772179,21.3537,-157.7885,944.58,26439.4
192557,21.4144,-158.1004,944.27,61725.8
7342537,22.0785,-159.6894,940.92,23067.7
1050189,21.9776,-159.4937,940.0,40865.7
10284526,20.7346,-156.0356,928.12,20670.0
1683391,22.0399,-159.5593,922.32,35963.1
5326422,22.0407,-159.5582,921.11,25544.7
694936,21.5125,-158.19,920.8,45455.1
1403920,22.0365,-159.5647,920.19,37806.1
6945589,22.0389,-159.5604,919.28,23483.7
1082814,21.4994,-158.167,916.23,40532.3
6651710,21.5138,-158.1875,914.7,23812.4
11032999,22.0341,-159.5689,906.78,20192.9
3170787,20.7396,-156.0313,903.12,29953.0
2373126,21.4908,-158.1679,902.21,32622.6
1254897,21.507,-158.1935,900.38,38969.6
3148244,20.8597,-156.5943,895.2,30016.8
9363758,22.0127,-159.5761,893.67,21316.4
10006985,20.9392,-156.5891,892.76,20857.2
1432653,21.4794,-158.1241,884.53,37600.0
1148116,21.4672,-158.1038,880.87,39904.9
2465296,22.065,-159.6182,880.87,32263.3
2125030,21.5195,-158.1714,879.96,33675.9
5130496,21.4818,-158.1319,871.42,25847.2
8253025,22.1612,-159.6514,870.51,22209.3
10573209,21.1237,-156.8624,870.51,20481.1
1758680,20.7658,-156.0506,869.29,35528.2
2418982,22.0835,-159.6274,867.77,32442.5
52192,21.5616,-157.9275,866.85,80776.3
11866231,21.5489,-157.9185,866.55,19707.5
481357,21.5054,-158.1952,865.33,49817.8
332112,21.4185,-157.8402,862.89,54472.9
273432,22.1492,-159.4229,862.28,57015.9
132278,21.3939,-157.8248,859.54,66976.1
6376456,21.5163,-158.1652,854.66,24136.6
407464,21.4599,-157.8764,854.05,51880.2
3438546,22.0886,-159.6421,852.53,29231.8
5591080,22.0067,-159.5419,851.0,25160.2
11355339,22.0886,-159.6437,849.48,19999.5
662454,21.4821,-157.8915,847.95,46008.1
3387294,21.3883,-157.8252,847.34,29364.4
2756160,21.4521,-158.0958,846.43,31221.6
5326437,21.4045,-158.098,843.38,25544.7
10006920,22.0301,-159.5735,842.47,20857.2
108314,21.369,-157.8076,841.86,69843.6
2665333,21.4911,-157.8931,839.11,31532.2
11355399,21.4951,-157.895,838.5,19999.5
11866251,20.8774,-156.5744,836.07,19707.5
10284480,21.4756,-157.8904,834.54,20670.0
4991958,21.4138,-157.8378,832.71,26070.6
8155754,21.4541,-158.0956,831.49,22295.2
8670582,21.4607,-157.8806,830.28,21856.5
4646221,21.3855,-157.824,829.97,26660.2
11033039,21.516,-158.1808,828.45,20192.9
2719565,21.12,-156.8777,826.92,31345.8
3802067,20.634,-156.3866,822.96,28353.3
7511401,21.457,-158.0991,821.13,22898.6
4192198,21.5241,-157.9167,818.39,27520.9
5429439,21.5015,-157.8979,817.47,25392.1
889527,21.4939,-158.2036,813.82,42679.2
9875019,21.4567,-157.8753,810.16,20948.6
9614242,21.4533,-157.8734,808.94,21133.3
8355681,20.9556,-156.6043,807.42,22120.2
9240393,21.3837,-157.8225,807.11,21408.9
6796645,22.0278,-159.4895,805.89,23648.7
8670578,21.4988,-157.8974,804.67,21856.5
8561467,21.9847,-159.5103,799.49,21946.7
527143,21.3317,-157.7596,798.88,48713.4
1639026,21.3276,-157.7508,794.92,36231.4
3771713,21.5281,-158.1759,786.69,28422.9
9485820,21.3261,-157.7481,786.08,21226.6
2087324,20.9467,-156.5518,783.64,33849.5
1174950,21.4348,-157.863,783.64,39659.9
5179239,21.3248,-157.7441,782.73,25770.7
9240347,22.0268,-159.578,782.42,21408.9
4055320,22.15,-159.4119,782.12,27801.9
6182221,22.0245,-159.5132,772.36,24375.7
979466,20.8405,-156.5698,771.75,41619.6
9123041,21.5036,-157.9049,771.45,21498.0
9123056,21.328,-157.7531,769.92,21498.0
10573180,21.5169,-158.1134,769.62,20481.1
7868329,21.4256,-157.8497,768.71,22556.6
9240398,21.3319,-157.763,768.1,21408.9
9875018,21.4638,-157.8875,766.57,20948.6
4448965,21.5092,-157.9077,764.13,27021.0
8457368,21.3231,-157.7373,761.09,22033.6
9875008,21.5724,-157.9227,759.56,20948.6
5429437,21.5819,-157.9428,759.26,25392.1
10006957,21.457,-158.0897,758.65,20857.2
1818406,21.3359,-157.7774,758.34,35198.5
10573178,21.5259,-158.1765,758.34,20481.1
10284474,21.5697,-157.9448,758.34,20670.0
9004930,21.3433,-157.7883,756.21,21589.7
655327,22.1661,-159.4871,756.21,46134.0
11033002,21.981,-159.517,752.55,20192.9
5935794,20.7423,-156.0226,747.06,24692.5
5875181,21.4169,-157.8541,745.24,24772.3
8561466,22.0025,-159.5396,736.4,21946.7
4902371,21.5343,-158.1844,735.18,26219.2
5935797,20.6214,-156.305,733.65,24692.5
10006908,22.164,-159.488,733.35,20857.2
8670584,21.4277,-157.8562,733.35,21856.5
4192201,21.3323,-157.7688,730.3,27520.9
4606266,21.4038,-157.8396,729.08,26731.8
10429164,21.5302,-158.1727,726.64,20574.2
3990263,22.0704,-159.6544,724.51,27939.1
4055323,22.1016,-159.487,723.29,27801.9
6945609,21.5472,-157.9367,723.29,23483.7
3957677,21.3225,-157.7307,722.68,28009.7
10146735,21.1516,-156.7875,721.46,20762.3
5935775,21.4285,-157.859,720.85,24692.5
11033074,20.9561,-156.5727,719.94,20192.9
6118535,21.4305,-157.8603,716.58,24456.6
6945635,20.956,-156.6131,715.37,23483.7
10873806,21.536,-158.1943,711.71,20290.5
5483038,21.5701,-157.9153,710.18,25314.2
8670620,20.8096,-156.5427,708.36,21856.5
10006968,21.3338,-157.7725,706.22,20857.2
11355402,21.4437,-157.8743,706.22,19999.5
5995558,21.4406,-157.8731,704.7,24615.0
7962915,21.5674,-157.9494,703.48,22468.9
11866216,22.1956,-159.5847,703.48,19707.5
52027,21.9255,-159.4018,701.34,80824.4
10573193,21.3228,-157.7333,699.21,20481.1
10146673,22.0944,-159.4795,698.6,20762.3
5483039,21.5489,-157.9433,698.6,25314.2
4262974,20.7653,-156.0403,696.77,27379.4
7260956,20.9621,-156.5818,691.59,23150.4
195225,21.5127,-157.8755,688.54,61536.6
8056693,22.115,-159.435,687.93,22383.6
7021345,21.9706,-159.5256,687.32,23402.2
2701347,20.8524,-156.2939,686.1,31408.7
3894045,20.8843,-156.551,685.8,28148.1
5326436,21.4143,-158.1164,684.58,25544.7
8778397,21.4137,-158.1188,683.06,21768.9
7342538,22.0683,-159.4648,679.7,23067.7
6442504,21.3456,-157.8015,679.4,24057.3
7100835,21.533,-157.9325,678.18,23317.7
5277318,21.3244,-157.7256,677.27,25619.4
6945646,20.6762,-156.0729,675.13,23483.7
8457326,22.2002,-159.5849,673.61,22033.6
7260933,21.477,-157.9008,665.38,23150.4
4089411,22.0944,-159.4577,662.03,27730.8
7777602,22.0969,-159.4537,660.2,22641.2
11033052,21.3631,-157.8192,660.2,20192.9
6182248,21.3506,-157.798,658.67,24375.7
8155753,21.5277,-157.9286,657.76,22295.2
5817292,22.0365,-159.707,651.66,24849.4
5429423,22.0335,-159.5864,648.92,25392.1
5591096,21.4877,-157.9204,648.92,25160.2
10724148,21.1669,-156.9846,648.61,20384.5
11355409,21.3997,-157.8446,647.7,19999.5
6945585,22.1028,-159.643,645.57,23483.7
7687027,21.5443,-158.1946,642.21,22728.2
7962924,21.4979,-157.9173,640.38,22468.9
8155769,20.9645,-156.5937,639.47,22295.2
9742381,21.5514,-157.9563,638.25,21042.7
11033084,20.7769,-156.8697,632.76,20192.9
104806,21.5381,-157.8652,632.76,70314.6
10284477,21.5531,-157.9596,626.97,20670.0
9485804,21.4844,-157.9211,626.67,21226.6
4373687,22.0485,-159.6307,624.23,27164.4
10146713,21.5093,-157.9259,621.49,20762.3
7260928,21.5315,-157.9415,614.17,23150.4
6796691,20.9693,-156.6071,613.87,23648.7
983523,21.3327,-157.8148,613.56,41573.6
10006909,22.1553,-159.431,613.26,20857.2
3170773,22.1494,-159.3958,613.26,29953.0
5277299,22.0553,-159.6476,613.26,25619.4
7178813,21.5423,-157.9481,612.95,23235.6
3655303,21.5433,-157.9567,611.73,28695.1
2932323,21.5316,-157.9544,611.43,30657.3
6651709,21.5248,-157.9446,607.77,23812.4
11866234,21.5376,-158.1707,605.33,19707.5
4055334,21.4796,-157.9119,601.07,27801.9
8056759,20.6136,-156.3075,601.07,22383.6
3863459,21.5488,-158.2145,601.07,28215.9
10429165,21.5169,-158.2043,600.15,20574.2
9875011,21.5372,-157.9467,600.15,20948.6
7260932,21.4876,-157.9077,598.63,23150.4
5758568,21.5484,-158.2046,598.32,24928.7
9614239,21.5307,-157.9573,598.02,21133.3
569678,21.4697,-158.1207,596.19,47787.8
5378659,21.5022,-157.9217,592.84,25467.3
212359,22.1573,-159.3494,591.01,60390.2
5179235,21.5745,-157.9637,588.87,25770.7
9875014,21.509,-157.934,588.26,20948.6
8778393,21.4777,-157.9148,587.96,21768.9
10006953,21.5326,-157.9612,586.74,20857.2
4410348,21.5544,-158.2213,583.39,27094.0
9485793,21.5763,-157.9663,580.34,21226.6
2630241,21.3431,-157.8126,577.29,31655.2
8056728,21.4358,-157.8836,576.99,22383.6
2496705,21.5581,-157.968,576.99,32142.6
425054,21.4021,-158.1321,575.77,51353.1
9004921,21.4505,-157.8962,574.24,21589.7
8253021,22.2056,-159.5856,571.5,22209.3
114935,21.5217,-157.8491,569.37,68976.2
7260942,21.3567,-157.829,568.76,23150.4
7100832,21.6277,-157.98,566.01,23317.7
10724067,22.09,-159.452,564.79,20384.5
2243576,21.399,-157.8643,564.79,33153.4
6722341,21.5435,-157.9699,563.88,23732.0
6580646,20.7681,-156.0324,563.88,23895.2
1469504,22.0203,-159.5983,562.97,37339.8
8056727,21.4502,-157.9031,562.05,22383.6
7342527,22.2071,-159.5846,559.31,23067.7
962908,21.4161,-157.8763,557.17,41805.9
10006956,21.4792,-157.9255,555.96,20857.2
7021340,22.0281,-159.5965,554.43,23402.2
5326431,21.5381,-157.9517,554.43,25544.7
6722349,21.374,-157.8474,553.52,23732.0
7777634,21.5261,-158.1237,553.21,22641.2
8778348,22.1591,-159.3541,552.3,21768.9
9004914,21.5084,-157.943,551.38,21589.7
9004925,21.4163,-157.8725,550.77,21589.7
4991955,21.5591,-157.9617,549.55,26070.6
9742421,20.8715,-156.9896,544.68,21042.7
1798073,20.6107,-156.371,541.93,35308.7
7687031,21.3419,-157.8187,541.32,22728.2
9485738,22.2122,-159.5844,541.02,21226.6
2257948,22.0253,-159.6085,540.72,33093.8
5227573,21.4006,-157.8526,540.11,25696.4
9874955,22.2128,-159.5837,538.28,20948.6
10146663,22.2131,-159.5838,538.28,20762.3
9742380,21.552,-158.2252,537.67,21042.7
2911384,22.0619,-159.6315,534.62,30721.7
3362379,21.5072,-157.9582,532.18,29429.5
7260940,21.4094,-157.8724,529.44,23150.4
230963,21.56,-157.8884,529.13,59253.8
5935772,21.5914,-157.9851,528.52,24692.5
6580609,22.062,-159.6346,526.39,23895.2
11519937,21.6312,-157.9875,526.08,19903.7
8778387,21.5428,-157.8559,525.78,21768.9
8892294,21.6083,-157.9544,525.48,21678.0
11033041,21.508,-157.9537,525.17,20192.9
9485814,21.3936,-157.8546,517.86,21226.6
7868325,21.4997,-157.9278,516.33,22556.6
10429163,21.5642,-157.9847,513.89,20574.2
10873807,21.5304,-157.974,512.37,20290.5
1647835,21.5137,-157.8869,509.63,36178.6
11866233,21.5437,-158.2274,505.97,19707.5
3684388,22.0178,-159.6446,505.97,28626.2
9485805,21.4694,-157.9227,505.36,21226.6
281418,21.9293,-159.381,505.36,56639.2
7427661,21.4058,-157.8826,505.05,22981.9
3742486,22.1532,-159.3381,504.44,28490.1
9004910,21.5216,-157.9635,504.44,21589.7
6118549,20.7839,-156.059,503.22,24456.6
9004920,21.4579,-157.9093,502.01,21589.7
2812754,21.4258,-157.8951,501.7,31035.3
151294,21.3613,-157.751,500.79,65064.4
6442502,21.5263,-157.8442,500.18,24057.3
10146709,21.5544,-158.2263,499.87,20762.3
10724115,21.5494,-157.8624,498.65,20384.5
7427652,21.5732,-157.9859,495.3,22981.9
5429440,21.4966,-157.9374,494.69,25392.1
10429160,21.5928,-157.995,492.86,20574.2
9485797,21.5437,-157.9773,492.56,21226.6
5536255,21.3881,-157.8618,491.64,25238.6
8670554,21.933,-159.3736,490.73,21856.5
4055338,21.3169,-157.7063,489.51,27801.9
11189370,22.0208,-159.6674,488.59,20098.0
10429167,21.5085,-157.968,487.98,20574.2
4299857,21.5285,-157.8669,487.68,27307.1
10873739,22.1693,-159.6538,481.58,20290.5
11695212,22.1569,-159.688,479.15,19804.2
5995534,21.9744,-159.5449,478.84,24615.0
9363761,21.978,-159.5484,478.84,21316.4
6580627,21.4392,-157.9055,477.93,23895.2
11033053,21.3598,-157.8339,477.93,20192.9
9363794,21.5249,-157.9763,477.62,21316.4
8457366,21.3706,-157.8465,475.49,22033.6
11355404,21.4416,-157.8981,472.14,19999.5
5995562,21.3937,-158.0788,471.53,24615.0
6511664,21.9284,-159.414,467.87,23975.1
9363757,22.0128,-159.6723,466.95,21316.4
7868284,22.0933,-159.4382,465.43,22556.6
7178810,21.6032,-157.9904,464.82,23235.6
11519959,21.4243,-157.9022,464.52,19903.7
9614244,21.4427,-157.9094,462.99,21133.3
11033063,21.1581,-157.0133,462.99,20192.9
9614247,21.394,-157.8754,462.38,21133.3
10146719,21.3752,-157.8618,462.08,20762.3
2595773,21.9284,-159.4239,459.33,31777.8
1484497,21.9313,-159.4352,457.81,37235.6
8355601,22.2006,-159.6031,457.81,22120.2
5483018,22.1414,-159.3895,457.5,25314.2
6244841,21.4302,-157.8865,456.9,24297.1
8561488,21.6398,-157.9949,455.98,21946.7
11189418,21.6242,-157.9673,455.07,20098.0
11189421,21.5854,-157.9913,454.15,20098.0
3863445,22.1504,-159.3303,453.85,28215.9
10429233,20.6599,-156.0896,453.85,20574.2
4487026,21.9983,-159.4761,452.63,26950.2
72089,20.5594,-156.5655,452.02,75893.2
1208287,22.0699,-159.6474,451.71,39366.5
8892314,21.3211,-157.8176,451.71,21678.0
7687026,21.576,-157.9924,444.09,22728.2
11519946,21.5187,-157.9811,443.79,19903.7
9240391,21.4383,-157.8911,441.66,21408.9
11866253,20.6066,-156.3294,441.05,19707.5
3464857,21.3569,-157.7487,438.61,29164.2
11355615,19.7728,-155.9731,438.3,19999.5
7427682,20.9786,-156.5612,437.39,22981.9
6722376,20.565,-156.5869,437.08,23732.0
2099737,22.1482,-159.3275,436.78,33791.1
10724184,20.7673,-156.8857,435.56,20384.5
9240358,21.9433,-159.5417,434.95,21408.9
177740,21.1379,-157.1666,433.43,62817.5
3517779,21.4727,-157.9332,433.12,29030.6
4055333,21.488,-158.2216,431.9,27801.9
6057095,20.6355,-156.23,430.38,24534.6
8457354,21.5992,-158.0009,430.38,22033.6
9004897,21.6483,-157.998,429.46,21589.7
5935769,21.6408,-158.0023,429.16,24692.5
9874960,22.1951,-159.6174,429.16,20948.6
9742377,21.608,-157.9957,428.85,21042.7
9004917,21.4732,-157.9292,427.63,21589.7
9240395,21.3483,-157.8391,426.72,21408.9
9485849,20.6361,-156.2297,426.11,21226.6
7100839,21.4362,-157.8972,424.28,23317.7
1127371,21.9395,-159.4592,421.23,40099.2
6311190,22.1551,-159.3915,419.71,24215.7
3125304,22.0309,-159.6402,419.1,30082.5
7511406,21.3644,-157.8566,418.49,22898.6
3170782,21.3184,-157.6984,417.88,29953.0
11033032,21.5736,-157.9944,417.58,20192.9
4299870,20.6216,-156.4029,417.27,27307.1
9485808,21.4587,-157.9407,415.14,21226.6
927018,21.3207,-157.6821,414.53,42221.4
8670605,21.1281,-157.1902,410.87,21856.5
4373683,22.1601,-159.3852,406.6,27164.4
6244847,21.31,-157.795,403.86,24297.1
6442487,21.9908,-159.5263,403.56,24057.3
2449786,21.3219,-157.6871,403.56,32322.4
6511685,21.3132,-157.7942,402.95,23975.1
4227764,21.9189,-159.3989,402.64,27449.1
3125301,22.1469,-159.3259,398.07,30082.5
7962926,21.4799,-157.9554,393.5,22468.9
1462194,21.9544,-159.4535,393.19,37392.7
101460,21.9387,-160.0834,393.19,70782.4
9485791,21.5798,-157.9045,392.58,21226.6
9123034,21.5766,-157.9826,391.97,21498.0
2465306,21.6081,-157.9327,390.45,32263.3
2831915,21.9132,-160.0852,388.01,30973.7
3544395,22.1849,-159.4796,387.71,28964.7
3894052,20.7265,-156.0077,383.13,28148.1
10873812,21.4821,-158.1524,381.61,20290.5
11866236,21.4777,-157.9512,380.39,19707.5
226977,22.0612,-159.3548,379.78,59482.4
10006929,21.9494,-159.5647,379.78,20857.2
8892295,21.5923,-157.9133,378.56,21678.0
6057051,22.0637,-159.3544,378.26,24534.6
6057059,21.9189,-160.0883,374.29,24534.6
3413192,21.5458,-157.893,373.08,29297.1
3362383,21.1296,-157.0122,372.77,29429.5
5227571,21.4814,-157.958,371.86,25696.4
7777638,21.4535,-157.9481,370.94,22641.2
2150398,21.4285,-157.9111,370.64,33560.3
6244859,20.8931,-156.3176,370.03,24297.1
4688010,21.9331,-159.4507,370.03,26586.0
9485756,22.0305,-159.6595,369.72,21226.6
3863463,21.4715,-158.142,369.11,28215.9
179337,21.285,-157.6864,368.2,62693.6
11695287,21.4402,-157.933,360.58,19804.2
8561500,21.4527,-157.9379,360.27,21946.7
6722318,21.9945,-159.626,359.97,23732.0
4227769,21.6088,-158.0104,359.97,27449.1
11355353,21.9914,-159.6038,359.05,19999.5
11355443,20.9812,-156.5496,358.14,19999.5
8778392,21.4873,-157.9724,356.62,21768.9
11189420,21.6048,-158.0029,355.7,20098.0
4410341,21.941,-159.3626,355.4,27094.0
9875005,21.604,-158.0138,355.09,20948.6
1674647,21.996,-159.4323,350.22,36016.2
8056732,21.3578,-157.8622,350.22,22383.6
5483058,20.9033,-156.2767,349.0,25314.2
5995553,21.4779,-157.964,347.47,24615.0
5326429,21.6199,-157.9931,345.03,25544.7
10873732,22.2184,-159.58,345.03,20290.5
11355410,21.3968,-157.893,344.42,19999.5
8355605,22.165,-159.4571,344.12,22120.2
6580600,22.1599,-159.3302,342.9,23895.2
3170771,22.1907,-159.5499,342.9,29953.0
9875003,21.6184,-158.0024,342.29,20948.6
9485792,21.5786,-158.003,341.99,21226.6
2112174,21.2986,-157.7848,334.98,33734.5
6722336,21.6254,-158.004,333.76,23732.0
9874973,22.0018,-159.4235,332.54,20948.6
5995552,21.4791,-157.9684,332.23,24615.0
9363799,21.4873,-157.9841,331.93,21316.4
10873811,21.4874,-157.9789,331.93,20290.5
5758564,21.6168,-158.0146,331.62,24928.7
10284491,21.3152,-157.82,331.62,20670.0
11033004,21.9459,-160.0968,326.14,20192.9
8778355,22.0423,-159.7391,323.39,21768.9
7962950,20.9917,-156.5729,320.95,22468.9
8778347,22.1675,-159.3837,319.43,21768.9
10573171,21.61,-158.0173,318.82,20481.1
1838841,21.4683,-158.1466,318.21,35087.9
1992301,21.9001,-160.1365,314.86,34303.8
3684400,21.1503,-157.0512,313.03,28626.2
7868328,21.448,-157.9347,312.12,22556.6
4262964,21.1668,-156.8883,306.02,27379.4
9004912,21.5176,-158.2219,306.02,21589.7
11520002,20.9771,-156.5344,303.89,19903.7
5758538,22.119,-159.3637,297.79,24928.7
3387295,21.3615,-158.0761,296.88,29364.4
539421,21.3841,-157.775,295.96,48434.0
7178811,21.597,-157.9232,295.66,23235.6
10573119,22.1843,-159.5145,295.35,20481.1
807052,21.397,-157.779,286.21,43758.2
3712745,21.4288,-157.9218,285.6,28559.3
9123001,21.9189,-159.4243,284.38,21498.0
8253071,21.3141,-157.7811,284.38,22209.3
8561468,21.9362,-159.3593,284.07,21946.7
11355460,20.7381,-156.0007,280.72,19999.5
2932310,22.0536,-159.4258,275.54,30657.3
11189482,20.5405,-156.6299,275.54,20098.0
8355607,22.1219,-159.3544,273.1,22120.2
2050985,21.3136,-157.6688,271.58,34020.3
8778405,21.3262,-157.7952,271.58,21768.9
6376469,21.3068,-157.7857,271.27,24136.6
8056724,21.5001,-157.8606,270.97,22383.6
4335736,21.9169,-159.5257,270.36,27237.0
4373699,21.3916,-157.782,262.74,27164.4
4410339,22.0406,-159.7473,261.21,27094.0
10146705,21.6231,-158.0157,260.6,20762.3
6511649,22.1831,-159.5648,260.6,23975.1
306198,21.4009,-158.1699,258.78,55531.6
10429104,22.1794,-159.4466,258.47,20574.2
10873737,22.1764,-159.4482,258.17,20290.5
6651728,20.9169,-156.2831,258.17,23812.4
9875006,21.6031,-157.9246,257.86,20948.6
682219,21.4606,-158.1553,255.42,45669.0
5817293,22.0184,-159.6081,252.68,24849.4
922969,22.0414,-159.3753,248.72,42268.2
6580644,20.8406,-156.6338,247.8,23895.2
9363785,21.6263,-157.9474,246.58,21316.4
8778414,21.1544,-156.7265,242.01,21768.9
11519963,21.3872,-157.7723,241.71,19903.7
8056694,22.0393,-159.7525,238.35,22383.6
3517771,21.9448,-159.3544,238.35,29030.6
7962929,21.4341,-157.951,237.74,22468.9
8355651,21.5973,-157.9156,235.61,22120.2
10873797,21.6589,-157.9769,235.31,20290.5
4858312,22.1874,-159.3784,235.0,26292.0
10006928,21.9655,-159.4675,235.0,20857.2
9123074,21.1725,-157.1874,235.0,21498.0
3312636,22.1794,-159.4122,233.78,29561.2
7260922,21.5847,-158.0378,233.78,23150.4
9742348,21.9151,-159.4317,232.87,21042.7
544934,21.2598,-157.8118,231.95,48312.9
1711302,21.4751,-157.8534,226.47,35799.7
11189452,21.1564,-157.1291,226.16,20098.0
10873777,21.8995,-160.075,224.94,20290.5
11189416,21.6736,-158.0009,224.64,20098.0
9004874,21.9067,-159.3987,223.42,21589.7
472386,21.4326,-158.1773,217.32,50051.3
4772164,22.2094,-159.5268,215.19,26439.4
1097358,21.404,-158.1561,215.19,40389.0
393233,22.0191,-160.0982,214.88,52326.5
689829,21.445,-157.8227,214.88,45540.5
10006921,22.0185,-160.0982,213.06,20857.2
1197068,22.0002,-159.3582,212.45,39463.4
5483023,21.904,-159.3909,212.45,25314.2
2257947,22.0389,-159.3553,210.31,33093.8
9240344,22.0355,-159.3536,209.7,21408.9
4299844,22.0224,-159.353,209.09,27307.1
452152,21.4544,-157.7319,201.78,50590.7
1390073,21.4455,-158.1704,200.86,37908.8
740842,21.2659,-157.7032,200.86,44723.1
11189372,21.998,-159.6621,199.34,20098.0
10429127,21.9131,-159.5024,199.03,20574.2
11355364,21.8879,-160.1031,198.12,19999.5
800784,21.3087,-157.653,198.12,43847.0
5702070,21.4287,-157.8272,197.82,25005.3
10724074,22.0139,-159.3532,197.21,20384.5
9614281,20.8962,-156.6682,196.9,21133.3
1390074,21.0011,-156.5454,193.85,37908.8
11695313,21.0038,-156.5965,192.94,19804.2
5875202,20.9198,-156.3314,191.11,24772.3
6796687,21.0036,-156.5664,190.8,23648.7
7600190,21.9006,-159.5291,188.67,22812.2
8355647,21.6409,-157.9553,188.37,22120.2
6511684,21.4738,-157.8612,187.76,23975.1
8253066,21.4304,-157.9594,186.54,22209.3
5702051,21.9378,-159.3505,186.54,25005.3
4410338,22.0538,-159.387,185.93,27094.0
950724,21.3812,-157.7195,185.01,41944.3
11189346,22.1883,-159.4178,183.79,20098.0
8056741,21.103,-157.2372,181.05,22383.6
2388390,22.2234,-159.3952,177.09,32562.0
8355682,20.8938,-156.6668,176.48,22120.2
9742347,21.924,-159.4734,174.96,21042.7
718695,21.7808,-160.203,168.86,45069.4
655328,21.6505,-160.5419,167.03,46134.0
3926384,20.9975,-156.5439,166.73,28077.8
2418988,21.4226,-157.7569,162.46,32442.5
5227570,21.4821,-157.8691,161.24,25696.4
7868302,21.9042,-159.483,150.88,22556.6
2851949,21.3123,-157.8492,147.22,30909.8
3362381,21.3635,-157.9081,146.91,29429.5
4947425,21.4136,-157.7585,143.26,26143.8
9123002,21.9186,-159.463,138.68,21498.0
10573118,22.2059,-159.465,138.38,20481.1
8056701,21.9159,-159.4447,137.16,22383.6
2630249,20.7315,-155.9886,136.86,31655.2
7427664,21.354,-157.7337,129.24,22981.9
4262958,21.8922,-159.5287,128.93,27379.4
6796674,21.3868,-157.7985,128.63,23648.7
2719563,21.369,-157.7281,128.02,31345.8
1838840,21.6535,-160.5414,127.71,35087.9
8253068,21.3798,-157.7108,127.41,22209.3
8457352,21.6496,-157.9547,125.88,22033.6
8892290,21.6605,-157.9588,125.88,21678.0
8155751,21.6519,-157.9597,125.88,22295.2
8056717,21.6533,-157.9537,125.27,22383.6
9614230,21.6299,-157.9294,124.97,21133.3
11866241,21.1897,-156.9633,123.44,19707.5
1191352,21.1746,-156.929,122.53,39513.5
2026880,20.7544,-155.9818,119.18,34134.4
1261101,20.511,-156.61,118.87,38918.8
6722325,21.9117,-159.4582,118.26,23732.0
3036985,21.3546,-157.9131,117.04,30339.8
6869333,21.6715,-157.9608,115.52,23567.7
11355466,20.6376,-156.1995,114.0,19999.5
7777644,21.3801,-157.7459,113.08,22641.2
1403930,19.6251,-156.1239,112.17,37806.1
1425351,21.328,-157.6564,111.25,37650.8
1462201,20.6363,-156.4487,109.73,37392.7
11695267,21.6916,-157.9841,107.59,19804.2
1758675,21.4482,-157.7568,104.55,35528.2
6722433,19.8001,-156.0096,104.24,23732.0
1604785,21.1834,-156.9241,104.24,36445.3
4991948,21.8913,-159.4406,101.5,26070.6
2513167,21.8452,-160.2177,98.15,32081.1
9123043,21.459,-157.723,96.62,21498.0
3362380,21.3875,-157.7436,94.79,29429.5
2613195,20.514,-156.6049,94.79,31715.6
9614256,21.2781,-157.7993,89.0,21133.3
10006960,21.434,-157.8244,87.48,20857.2
4728841,21.4224,-157.7936,85.04,26514.0
4089421,21.3931,-157.7208,80.16,27730.8
8670570,21.6281,-157.9268,77.42,21856.5
9614432,19.5117,-155.953,69.19,21133.3
11033048,21.4143,-157.8054,68.88,20192.9
3312656,21.1327,-156.7034,68.58,29561.2
3599170,21.4605,-158.2134,67.97,28830.2
3544410,21.3919,-157.6986,65.84,28964.7
10873779,21.8809,-159.4453,64.62,20290.5
3684396,21.47,-157.7216,64.31,28626.2
3684397,21.3878,-157.6977,64.31,28626.2
3832095,21.5095,-157.8294,62.79,28285.8
10873783,21.821,-160.218,60.96,20290.5
5995533,21.9862,-160.087,60.96,24615.0
4089424,21.1709,-156.9213,60.35,27730.8
4584292,23.5747,-164.7006,56.24,26769.9
8670552,21.9554,-160.1081,54.86,21856.5
4814316,20.6306,-156.4974,54.56,26367.0
6796690,20.9865,-156.526,43.89,23648.7
7021400,20.7282,-155.9778,42.98,23402.2
7260961,20.8756,-156.1725,42.06,23150.4
8457360,21.4718,-157.7189,38.1,22033.6
11695224,22.0498,-159.3471,37.49,19804.2
9614262,21.1695,-156.8875,35.05,21133.3
10873845,20.9811,-156.526,33.22,20290.5
