19026,-71.8764,6.67,3143.5,96513.6
184774,-71.8864,6.5617,3109.97,62291.9
326311,-74.4161,-6.0317,3085.44,54700.5
238222,-71.8608,6.8358,3075.97,58837.3
3785811,-71.9008,6.7242,3064.51,28389.3
190699,-71.9286,6.6183,3056.93,61856.7
4851303,-71.8917,6.74,3056.03,26301.7
1033909,-71.9031,6.5925,3039.68,41033.7
1909639,-71.8831,6.6375,3027.63,34717.3
4162585,-71.8928,6.6692,3023.14,27581.1
20307,-72.15,23.2608,3010.24,95487.6
14440,-71.8675,9.7667,3005.43,100891.3
389461,-72.1581,23.2108,3002.84,52443.3
964510,-71.8581,9.775,3001.18,41787.6
808381,-71.9208,6.7833,2999.47,43739.3
44307,-71.99,7.3517,2992.04,83290.4
1502961,-72.0036,7.3617,2985.59,37110.5
4108669,-71.9125,6.7383,2985.24,27689.4
1329315,-72.1181,12.2033,2971.37,38369.8
8921113,-72.0778,12.3342,2968.42,21654.5
86006,-72.0019,7.57,2968.14,73212.3
852144,-72.3414,24.8658,2968.12,43152.7
10072661,-72.0081,7.57,2966.85,20811.3
4195606,-71.8644,6.7667,2930.68,27514.0
412525,-71.9594,6.0608,2927.82,51725.2
4960371,-71.9667,6.1042,2927.21,26121.8
1394521,-71.9178,6.625,2924.47,37873.5
121500,-71.95,6.2125,2923.21,68173.5
5440,-71.8175,6.91,2919.05,116511.8
11291940,-74.1353,-3.6108,2916.87,20034.5
11302284,-72.0222,12.535,2915.07,20028.2
8480635,-71.9656,6.0767,2914.11,22013.4
5174449,-72.1692,23.185,2910.46,25775.6
29694,-71.73,12.1483,2909.48,89458.4
52539,-72.2,24.6867,2908.44,80677.7
2141101,-72.3269,24.8675,2902.57,33602.0
879420,-71.9186,12.1608,2901.46,42805.9
1269129,-71.9369,12.1392,2901.25,38851.7
63236,-72.5492,0.6542,2899.31,77859.8
60262,-71.9067,5.975,2898.14,78564.4
7063194,-72.0292,7.6158,2898.0,23355.9
9728796,-71.9164,6.7458,2894.32,21048.7
402298,-71.9333,6.155,2893.06,52039.6
354232,-72.2342,24.995,2892.64,53642.0
6551790,-72.3278,24.845,2891.86,23927.2
1295155,-72.1761,23.1658,2888.24,38637.9
447366,-72.3011,24.6475,2886.99,50719.0
8040952,-72.1544,23.25,2884.62,22395.0
10217520,-71.9319,6.1592,2883.75,20713.1
11718245,-71.9269,12.1525,2881.74,19791.4
3378408,-71.8739,9.7667,2881.58,29386.1
87333,-71.7861,11.4883,2880.66,72984.8
944470,-72.5503,0.6333,2876.63,42014.2
235120,-71.9422,6.9183,2875.14,59011.4
8029088,-72.1561,23.2417,2868.4,22406.4
191919,-71.7558,11.6117,2865.23,61770.2
129498,-71.9853,7.6192,2862.04,67279.8
1038523,-72.1367,11.65,2861.98,40985.6
9585020,-71.8606,6.7908,2860.18,21151.4
156938,-71.9111,11.5675,2859.22,64552.2
2181668,-72.0661,12.66,2857.73,33421.4
1704148,-71.9033,11.6142,2857.3,35840.6
419692,-71.9339,6.8808,2855.5,51510.5
435538,-72.135,23.3567,2855.49,51047.0
987843,-71.8044,11.4092,2855.2,41526.1
2318845,-72.3292,24.8208,2854.87,32840.6
196966,-71.8953,6.01,2853.72,61409.1
3238143,-72.3644,24.7583,2853.71,29761.0
7338,-71.7619,6.91,2852.79,111687.9
45231,-71.9814,9.7108,2852.48,82968.5
4899330,-71.9811,7.3742,2850.67,26221.6
5608400,-71.7878,11.5083,2850.34,25134.9
401244,-72.3153,24.3667,2848.86,52072.6
1412087,-72.0306,6.1483,2847.33,37747.1
224910,-71.9172,6.0192,2847.24,59605.4
1459608,-71.9061,6.0475,2847.16,37409.7
8193290,-72.3336,24.915,2846.29,22260.9
119855,-72.4222,1.1342,2845.81,68365.7
2848526,-72.2903,24.645,2845.01,30918.1
842381,-72.2708,24.6992,2843.79,43281.0
2045214,-71.7578,11.6317,2843.63,34046.5
1490574,-71.8861,12.2325,2842.6,37192.8
203644,-71.7964,11.645,2838.76,60963.5
2912817,-72.2067,24.6733,2838.25,30717.5
359938,-71.8189,11.6192,2837.65,53436.1
1718397,-72.2436,25.0033,2836.58,35757.0
254294,-72.1969,23.2008,2835.04,57973.3
9160514,-72.0097,7.3875,2834.79,21468.3
268789,-71.7525,12.1275,2833.2,57241.2
703292,-71.8317,11.6117,2832.58,45317.5
440544,-71.8447,12.3042,2830.97,50905.8
153137,-71.7433,11.6383,2828.72,64892.8
1054776,-72.1392,11.5183,2827.7,40818.9
8562089,-72.3558,24.8267,2827.19,21946.7
7921219,-72.3331,24.8133,2824.97,22505.7
2027292,-71.7831,11.4075,2824.26,34132.5
148413,-72.2164,24.7458,2823.94,65338.9
1887352,-72.14,23.3083,2822.22,34832.8
580458,-71.9322,11.54,2821.83,47562.0
1114323,-71.8017,11.6133,2821.63,40224.6
3966773,-72.2814,24.6558,2821.61,27989.2
1097708,-71.8892,12.1967,2821.3,40385.8
222514,-71.8833,6.0042,2820.72,59750.6
181853,-71.7394,12.4433,2820.06,62505.3
4172234,-72.0069,6.0883,2819.88,27560.3
977322,-71.8781,12.3692,2819.81,41642.5
3407555,-71.7892,11.4592,2819.52,29310.2
7140690,-72.5453,0.6233,2818.4,23273.9
879190,-72.3319,24.3533,2818.22,42808.8
712792,-72.2419,24.9358,2817.34,45162.6
8410607,-72.3275,24.7883,2817.29,22071.2
4589666,-71.9064,12.2058,2817.16,26760.4
1036521,-71.7628,12.1375,2816.2,41007.3
273255,-72.1892,24.7433,2816.19,57023.7
1534817,-71.75,12.1483,2814.43,36897.0
1636247,-71.8072,11.6008,2813.87,36247.2
388226,-71.8611,12.25,2813.63,52484.6
6263327,-72.2739,24.6975,2812.74,24273.5
6667866,-72.0478,7.6258,2811.53,23793.7
9647698,-72.2106,24.7442,2809.63,21109.2
6736418,-71.7594,11.5817,2808.99,23715.9
3037767,-72.2803,25.0792,2808.75,30337.7
822626,-72.2414,24.67,2808.19,43543.7
2725865,-71.8839,12.2708,2807.08,31323.4
1125777,-72.2506,24.9167,2806.52,40113.5
2145151,-71.9158,5.9633,2806.4,33583.0
1763584,-71.9786,7.3992,2803.22,35499.5
1680573,-71.8878,11.6275,2801.45,35979.0
1186158,-72.2642,24.7325,2801.12,39560.2
2349700,-72.1247,4.1775,2799.46,32716.2
666025,-71.7203,12.1375,2799.18,45945.8
206340,-72.2497,24.6158,2798.69,60782.4
1554686,-72.0856,6.9333,2798.54,36765.5
945770,-72.0414,4.8833,2798.47,41999.0
3895207,-71.8872,12.2775,2798.12,28145.8
129192,-72.0442,8.9492,2797.55,67310.1
419436,-72.4831,1.2267,2794.88,51517.9
5776787,-72.0594,5.0125,2793.81,24903.2
433820,-71.8689,11.675,2792.69,51094.4
1848362,-72.0722,4.0442,2791.96,35035.2
9224036,-72.2431,24.9875,2791.52,21417.8
9179058,-72.3119,24.9475,2791.15,21453.5
39516,-72.5706,0.4667,2790.76,85040.5
4937346,-72.3022,24.4067,2789.98,26158.4
7125813,-72.0642,4.9483,2789.71,23290.3
2336408,-72.2528,24.7133,2789.52,32768.8
4585905,-71.9831,6.0392,2788.41,26767.5
1011183,-72.055,4.8025,2788.4,41272.1
5249170,-71.9847,6.015,2788.23,25661.7
10704520,-71.7347,12.4458,2787.25,20393.8
164646,-71.705,11.6,2787.01,63873.5
57649,-72.1381,25.1333,2785.7,79227.4
5895770,-72.0778,6.1967,2785.29,24744.0
1714273,-72.0503,4.9208,2783.59,35781.9
1048720,-72.1933,23.1692,2783.21,40879.7
4642,-72.0794,23.1258,2783.05,119133.9
2734688,-72.1325,6.9475,2782.8,31292.9
8184195,-72.1436,23.2858,2781.79,22269.5
2515342,-72.0733,4.775,2781.53,32073.1
8945900,-72.4114,1.1392,2781.44,21633.9
6001476,-71.9394,6.1917,2780.89,24607.2
7754444,-72.3078,24.39,2780.52,22660.9
6073046,-72.0958,4.1075,2780.1,24513.8
7757289,-72.1719,4.2167,2779.06,22658.0
1840822,-71.7269,12.4442,2776.54,35077.0
8449832,-72.1308,11.6608,2776.39,22036.5
8662,-71.405,13.3483,2774.46,109134.0
885131,-72.13,23.3992,2773.64,42732.9
907226,-72.0967,4.6667,2773.15,42457.7
3179480,-71.9061,11.645,2772.49,29927.5
2610488,-72.0997,4.765,2770.48,31723.6
2298077,-71.8833,12.35,2770.29,32924.0
312301,-71.8283,12.2675,2770.1,55272.9
1129803,-72.1408,11.4833,2769.82,40075.4
6803973,-72.2778,25.0508,2769.29,23640.6
555232,-72.2031,14.4833,2768.74,48093.5
3087379,-72.3478,24.6175,2768.67,30192.4
644720,-71.7511,12.4208,2768.47,46325.6
8792884,-72.0072,7.515,2768.21,21757.2
335436,-72.2033,25.0008,2767.46,54339.4
4177603,-72.0581,12.6858,2767.11,27548.7
8988916,-72.0808,6.9183,2765.2,21598.5
631847,-71.9411,6.0983,2764.33,46561.5
2363373,-71.7436,12.1417,2763.85,32661.7
951661,-71.8525,11.6142,2763.78,41933.7
358306,-71.9667,6.2675,2761.89,53494.5
568275,-72.0464,4.7533,2761.8,47815.8
10289681,-71.84,12.31,2761.17,20666.9
6024232,-71.7308,12.1175,2759.36,24576.1
815204,-72.2411,24.74,2759.29,43646.0
1198868,-71.8531,12.3525,2759.25,39447.3
3727659,-71.7019,11.6233,2759.14,28523.6
9525747,-72.5769,0.4725,2758.75,21196.5
10068354,-72.0836,4.6575,2758.49,20814.4
2375072,-72.2181,24.78,2755.6,32614.8
8233648,-72.0778,23.1467,2755.54,22223.7
69587,-71.9086,5.485,2754.1,76423.5
747522,-72.0997,4.3317,2751.27,44620.4
6763758,-72.1419,11.5908,2750.87,23683.7
405839,-71.9828,9.7992,2748.65,51929.3
5483302,-71.91,11.6383,2747.04,25314.2
369866,-71.7533,11.4275,2745.99,53092.8
1949344,-72.3022,25.565,2745.61,34514.9
165465,-71.8583,6.6325,2745.44,63804.7
1670918,-72.1169,4.3583,2745.3,36037.4
3672505,-72.2256,24.7958,2742.59,28652.9
99411,-72.14,25.2117,2741.02,71083.3
9921576,-71.9214,11.5608,2740.16,20915.1
5305642,-71.7589,6.9008,2739.74,25574.6
596757,-71.915,5.5275,2739.31,47235.3
176039,-71.8064,12.0375,2739.26,62957.3
767203,-72.2406,25.2108,2739.18,44328.2
9959176,-72.0472,4.8717,2739.1,20887.7
5072248,-72.4339,1.1067,2738.51,25938.3
5783976,-72.0181,5.1542,2738.48,24892.9
7392777,-71.7617,12.4417,2737.1,23015.1
79293,-71.9258,8.825,2736.31,74425.8
596537,-72.2608,25.6067,2733.66,47239.4
4475591,-72.2953,25.5217,2733.6,26969.1
1099727,-72.225,24.9458,2733.58,40365.3
5925666,-71.9064,5.4725,2733.51,24702.8
10507040,-72.0078,7.4925,2732.37,20521.5
5230845,-71.8539,11.6433,2731.84,25691.5
11542128,-71.8094,12.0342,2731.64,19890.9
3771886,-71.77,12.4483,2729.53,28422.9
2384529,-72.2958,25.435,2727.71,32575.7
360661,-71.7803,11.3225,2726.35,53412.3
99092,-71.845,12.0217,2726.32,71128.1
100147,-72.1228,25.0175,2724.84,70976.5
7530760,-72.0364,5.24,2724.8,22879.1
1108159,-72.2533,25.1033,2724.02,40284.7
3628032,-72.2556,24.8433,2722.71,28761.6
21622,-72.0297,3.1858,2722.19,94550.9
19112,-72.58,-3.3833,2721.78,96446.2
10479679,-72.0411,12.685,2720.99,20540.1
376081,-72.1944,25.1425,2720.96,52882.4
5824929,-72.115,11.6467,2719.52,24839.1
5147118,-72.0414,12.695,2718.66,25820.1
2960439,-72.2344,24.7458,2718.34,30569.9
1849460,-71.7903,11.375,2718.13,35031.6
2275837,-71.9331,6.0967,2717.95,33018.6
1210847,-72.2047,14.39,2717.46,39343.8
788136,-71.7336,12.095,2716.25,44025.3
1655540,-72.2714,25.6642,2715.92,36129.2
1083140,-72.0953,25.68,2715.59,40529.1
3272561,-72.2583,25.6475,2715.38,29668.8
1097533,-72.0622,5.34,2715.21,40387.4
4944269,-72.0044,6.2583,2714.78,26146.2
4853984,-72.2681,24.7467,2714.62,26296.8
23730,-71.6672,11.4817,2714.39,93032.0
8159884,-72.0269,3.1825,2713.87,22292.4
4937347,-71.9789,9.7517,2713.4,26158.4
3995621,-71.8669,12.2717,2713.19,27927.7
3747304,-72.1039,25.6808,2712.18,28478.9
4223211,-72.2742,25.65,2712.11,27456.0
528289,-71.7833,11.6867,2710.35,48684.6
8002035,-71.9747,6.2683,2709.5,22432.0
2919961,-72.0647,4.7333,2708.97,30694.7
6208478,-72.1958,25.1808,2708.63,24341.7
163349,-72.1739,2.7308,2708.45,63989.1
144337,-71.9742,7.7158,2708.32,65734.6
14711,-72.1317,24.5683,2706.41,100606.1
9383799,-72.1953,25.125,2705.99,21301.5
4992208,-72.0683,6.9342,2704.99,26070.6
10786409,-71.7831,12.4467,2703.9,20343.8
5446070,-71.76,6.8908,2703.48,25367.0
1913843,-71.7856,11.2967,2703.48,34697.1
826253,-71.7256,11.6683,2702.97,43495.4
11707317,-72.1967,25.1617,2701.83,19797.8
11016436,-71.9183,5.545,2701.82,20199.2
482012,-71.7992,12.0992,2701.32,49799.9
3609811,-72.1511,25.1475,2700.12,28803.7
7058299,-72.4306,1.1942,2699.88,23361.3
48139,-71.9994,4.4992,2699.46,82013.1
515487,-71.7975,12.3483,2698.22,48982.1
235012,-72.515,0.5733,2697.92,59017.8
9372086,-74.5492,-7.5825,2696.78,21310.5
9573075,-71.9808,9.7717,2696.03,21160.4
1992358,-71.7697,11.5517,2695.79,34303.8
771097,-72.2206,25.0183,2694.43,44270.7
1017868,-71.7714,11.4225,2693.3,41199.5
765603,-72.5994,0.9592,2693.02,44351.2
413928,-71.7606,12.3908,2692.73,51684.6
2495152,-72.0614,6.99,2692.15,32146.5
8527118,-72.1692,23.2308,2691.93,21972.8
7341,-71.6822,12.3483,2690.96,111682.2
2400570,-71.7736,11.6392,2689.49,32513.1
592526,-72.0444,13.1908,2689.35,47317.5
6007187,-71.7661,11.4267,2689.07,24599.4
11048769,-72.6056,0.9625,2688.77,20183.4
1577115,-72.1856,2.7517,2688.68,36619.7
3295261,-72.0947,25.65,2688.31,29608.6
647928,-72.1114,25.0833,2687.09,46267.8
274613,-72.4756,0.69,2687.05,56960.0
1462233,-71.7906,11.6817,2686.53,37392.7
109819,-71.9922,4.8258,2686.34,69637.2
2092050,-71.8997,5.4667,2686.34,33826.9
472985,-72.0881,4.2967,2685.36,50034.8
57099,-72.2667,22.7633,2685.35,79382.4
1071838,-71.9222,5.4017,2684.97,40640.6
2450333,-72.5633,0.6217,2683.91,32320.5
27426,-72.6519,-3.2792,2682.71,90755.8
3125428,-71.8681,11.6417,2682.68,30082.5
5687106,-72.2803,25.2242,2682.62,25023.1
3245094,-72.6514,-3.2292,2682.41,29743.9
630163,-71.9169,8.9,2681.83,46593.0
9971812,-71.7686,11.64,2680.59,20878.5
149762,-72.2003,23.07,2679.77,65209.1
3522973,-71.9222,6.8742,2679.1,29017.4
606904,-72.1469,14.47,2678.04,47033.9
2642399,-72.1897,23.1458,2676.89,31610.9
9541533,-72.0714,6.0533,2676.79,21184.5
660878,-71.9856,11.49,2676.43,46035.8
3824068,-72.2183,24.72,2676.26,28301.6
3693568,-71.6742,11.4692,2676.14,28603.9
608522,-74.4864,-8.1383,2675.42,47002.8
9569095,-71.8636,9.8592,2673.91,21163.4
10479680,-71.9767,6.2825,2673.89,20540.1
1898543,-72.1158,25.0725,2673.75,34774.2
390493,-72.0694,14.5492,2672.54,52410.5
322747,-71.7806,11.7683,2672.15,54843.6
7751591,-71.8375,12.4092,2671.21,22663.7
2821972,-72.1981,14.4275,2670.94,31004.5
1864258,-72.2839,25.3758,2670.76,34953.3
1713690,-71.9158,8.8667,2669.33,35785.5
150458,-72.2403,2.4042,2668.72,65142.7
3341781,-72.3044,25.65,2668.43,29483.5
5981653,-72.0478,4.9825,2668.36,24630.5
4019454,-72.3042,25.6317,2668.02,27875.2
1164283,-72.0411,4.9592,2667.48,39756.2
159485,-71.9622,13.4308,2666.12,64326.8
1033908,-72.3875,1.1675,2665.58,41033.7
2272700,-71.7911,12.1092,2664.37,33032.1
265132,-71.9872,13.2667,2663.33,57420.1
1498011,-72.1497,10.0267,2663.05,37143.1
969295,-71.9036,5.4075,2662.88,41734.2
5752391,-72.2492,25.1458,2661.23,24933.8
72186,-72.095,24.955,2660.42,75875.5
1173510,-72.0108,8.8792,2659.36,39671.2
11575063,-72.0333,8.9842,2659.2,19871.7
432776,-71.9667,4.4942,2659.04,51124.3
698803,-72.1311,24.9233,2657.32,45391.9
4204392,-71.7017,11.6575,2657.01,27495.5
816957,-72.5928,0.5217,2656.11,43622.6
1196690,-71.8894,12.7842,2655.29,39465.1
9016170,-72.5681,1.0017,2655.09,21580.8
11845073,-72.0636,6.9458,2655.08,19717.2
5850531,-72.1933,14.4625,2654.02,24803.2
4076385,-71.9356,6.9325,2653.63,27756.1
6516368,-72.2642,25.5792,2653.24,23969.8
188564,-72.0339,14.4992,2652.97,62012.1
2899917,-72.1256,11.5567,2651.33,30756.9
4844407,-72.2678,25.1583,2651.12,26313.8
5472612,-72.1444,23.3542,2650.46,25326.8
2127019,-71.9728,7.6283,2650.25,33666.4
169463,-72.1544,25.0667,2649.31,63475.3
10068355,-71.7372,11.6517,2648.34,20814.4
762658,-71.9786,7.75,2648.16,44395.7
2086542,-71.71,11.6633,2647.95,33851.4
6204461,-72.0289,14.5017,2646.93,24346.9
199696,-71.9939,10.8275,2646.39,61221.1
2379254,-71.6625,11.49,2646.26,32597.2
1013532,-72.3603,15.9975,2646.16,41245.9
580728,-72.0556,4.5492,2645.25,47556.6
727738,-72.0758,14.5192,2644.93,44923.5
3845876,-71.8281,12.4183,2644.49,28254.3
6602982,-71.8733,12.2675,2643.81,23868.6
2586197,-71.7869,12.0933,2643.76,31811.8
8112041,-71.7761,11.5317,2643.21,22332.3
939576,-72.2339,25.66,2642.3,42073.3
1026118,-72.4083,1.3008,2641.97,41112.8
2801342,-72.0058,6.0008,2641.79,31072.2
8288055,-71.8494,11.3575,2641.3,22177.7
3275631,-71.9031,11.5183,2641.19,29660.2
4928962,-71.7894,11.7667,2641.11,26173.0
7082798,-72.3919,1.145,2640.26,23334.1
1839537,-71.8578,12.2225,2640.14,35084.3
932479,-72.0478,13.3492,2640.13,42156.5
663373,-72.0192,4.8808,2639.7,45991.5
3771885,-72.1267,24.975,2639.52,28422.9
1922053,-72.5803,0.5183,2639.35,34653.0
7544473,-72.2014,25.2158,2639.19,22865.2
808273,-72.2561,2.4775,2639.07,43740.8
9044996,-72.0683,6.0208,2638.49,21557.2
352608,-72.6117,0.4308,2636.93,53702.5
256218,-72.1789,16.7717,2636.12,57875.4
2557656,-72.5728,-3.3967,2635.2,31915.8
1128349,-72.1636,25.0225,2634.96,40089.7
9904973,-72.2314,25.6975,2634.24,20927.3
2224349,-72.0086,4.4975,2633.84,33234.0
584631,-72.5944,0.4342,2632.27,47477.5
1465809,-72.1211,25.2083,2630.68,37365.4
598592,-74.1247,-6.23,2629.25,47198.9
5233899,-71.825,11.6542,2629.2,25686.5
6923851,-71.9017,6.015,2629.05,23505.4
4905355,-72.0467,4.5867,2628.97,26214.3
7664151,-74.8611,-8.875,2628.57,22747.8
730390,-72.38,1.0758,2627.99,44882.4
148330,-71.9936,14.6625,2627.77,65346.7
7441392,-72.2303,25.6775,2626.72,22968.0
10776842,-72.1533,11.4167,2626.5,20350.0
1249188,-72.1331,24.8608,2625.33,39016.9
2190468,-72.5239,0.575,2624.97,33383.2
533660,-71.6967,12.3367,2624.1,48560.2
8852126,-72.4803,17.3975,2623.86,21707.4
780901,-72.4697,0.6642,2622.08,44128.0
1198167,-72.0372,13.3767,2621.62,39453.8
1110558,-71.6553,11.5183,2621.32,40261.0
4085896,-72.2806,25.6075,2621.21,27735.4
3553173,-72.0442,13.2108,2618.05,28942.7
8446572,-72.425,1.2783,2616.39,22039.4
914336,-72.0622,14.5667,2615.83,42370.5
1511049,-72.0683,4.5458,2615.57,37055.5
9647697,-72.5789,0.5075,2614.76,21109.2
9379963,-72.2322,25.2033,2614.5,21304.5
833751,-72.2144,2.7142,2614.39,43397.1
266495,-71.7492,6.9108,2613.5,57352.4
2634259,-72.1306,4.7392,2613.24,31641.1
6020393,-72.0131,4.9308,2613.04,24581.3
572825,-71.9731,7.6767,2612.85,47721.1
2958484,-72.4836,0.7192,2612.82,30576.2
3834240,-72.0214,8.9208,2611.82,28281.3
6222295,-71.8083,12.06,2610.93,24323.3
398789,-71.9264,9.1233,2609.88,52150.9
43426,-72.6347,-3.4517,2609.48,83603.4
1359330,-71.8278,6.9417,2609.05,38140.0
492307,-71.9964,13.415,2606.41,49538.2
538596,-72.2344,23.945,2605.8,48451.1
4026201,-71.9864,13.4192,2605.55,27863.7
1443819,-72.0117,13.2325,2604.23,37518.5
550017,-71.8081,11.7433,2603.15,48202.0
2307291,-72.0117,4.5242,2602.54,32887.2
6014695,-72.1608,24.9733,2599.29,24589.1
831172,-72.0939,25.0817,2598.89,43430.9
702243,-71.995,7.4758,2598.32,45334.4
8721858,-72.2942,25.6825,2598.16,21812.8
3680636,-74.8758,-10.4942,2598.11,28632.8
7196923,-71.7933,11.785,2597.49,23216.4
1532023,-72.3886,1.1967,2592.8,36916.0
10488686,-72.2264,25.1608,2592.16,20533.9
3426129,-71.8219,11.5208,2591.66,29262.3
9127307,-71.8003,12.0833,2591.19,21495.0
32949,-71.9319,7.2175,2591.15,87839.1
422682,-71.7686,12.3158,2591.05,51422.6
1727881,-72.2747,25.4308,2590.8,35701.7
11276733,-72.0525,13.3467,2590.14,20044.1
316787,-71.8964,11.9683,2589.94,55088.1
3735924,-71.9131,6.8442,2589.82,28503.5
10041895,-72.0053,5.9792,2588.34,20832.7
5983588,-71.9792,11.5275,2587.85,24627.9
351690,-72.0161,14.5575,2587.83,53734.6
741237,-72.5278,-3.5767,2587.0,44717.4
207156,-72.0131,14.6333,2586.89,60728.9
4663162,-72.2236,23.9592,2586.39,26629.1
298469,-71.9517,8.7933,2585.02,55858.8
2173261,-72.1667,24.9417,2584.5,33457.6
1428911,-71.9319,9.1508,2583.96,37625.4
1086044,-72.0164,4.8158,2583.78,40499.2
748318,-72.195,8.13,2583.09,44607.6
927534,-72.2178,23.7692,2581.26,42215.4
7219640,-72.6047,0.4117,2581.13,23191.6
1775518,-72.1269,25.0825,2579.59,35431.2
1443818,-72.1106,25.6517,2579.21,37518.5
6134415,-71.9608,11.535,2578.47,24435.7
6810852,-72.2053,2.7067,2578.33,23632.5
435332,-71.9911,5.055,2577.88,51052.0
4497065,-72.0217,4.5092,2577.87,26931.2
8763051,-71.9667,11.56,2577.49,21777.7
5470890,-72.1742,2.8433,2576.9,25329.3
3096404,-72.105,14.5192,2574.46,30165.0
734111,-72.1608,23.8883,2574.26,44824.2
43060,-72.7544,-3.5083,2573.88,83738.9
8742403,-71.8711,5.9783,2572.73,21795.2
9327774,-71.7253,12.4167,2572.64,21340.3
117361,-72.1503,25.3742,2572.55,68678.1
992340,-71.8908,5.4,2571.79,41476.9
3222777,-71.8358,12.0367,2571.74,29805.9
138480,-71.8572,10.5692,2571.67,66328.0
3964790,-72.0019,13.2358,2571.33,27993.8
3766776,-72.385,1.1058,2571.24,28431.9
1493865,-71.8475,10.56,2570.93,37172.2
40212,-72.7056,-3.7467,2570.38,84786.9
4638436,-72.2075,23.7658,2570.26,26672.1
2054931,-72.0278,8.8017,2569.18,34001.6
289727,-72.0567,4.1592,2568.98,56250.9
209382,-72.0878,3.6683,2568.36,60580.8
6895442,-71.78,11.3592,2568.3,23537.9
6624888,-72.4739,0.65,2567.68,23841.8
5236985,-71.8803,12.1317,2567.56,25681.5
2117427,-72.1917,24.785,2565.29,33709.9
339741,-71.7997,6.9075,2563.66,54175.0
10578671,-72.2361,23.9308,2562.23,20478.0
3886960,-72.55,0.7217,2562.13,28161.7
8184196,-72.0883,24.9467,2561.89,22269.5
1255113,-73.5433,-3.7392,2561.4,38967.9
5393396,-72.0817,3.6575,2561.13,25444.8
185399,-71.8492,11.8167,2560.39,62247.9
3077994,-71.4183,13.3625,2559.02,30217.8
150366,-72.0869,24.2767,2558.56,65151.5
5875525,-72.5286,0.61,2558.41,24772.3
2312713,-71.9825,10.7875,2557.73,32863.9
2837507,-71.9258,6.52,2557.44,30955.1
3578273,-72.0297,4.5625,2557.16,28881.0
505362,-72.0628,14.8042,2556.89,49224.7
417537,-74.6164,-10.0183,2555.69,51573.5
10360443,-72.0267,4.53,2554.89,20617.5
7297964,-71.9864,4.5517,2553.02,23111.8
250501,-72.1144,3.8167,2552.67,58173.0
1267584,-74.6222,-9.9842,2552.17,38864.8
1411400,-72.5431,-3.4542,2551.95,37752.2
2607695,-72.5233,-3.6067,2551.72,31733.6
985795,-71.7411,12.56,2551.71,41547.5
6747865,-72.0725,5.3883,2551.43,23702.5
820749,-71.7803,11.8058,2550.7,43571.5
7285089,-72.2467,2.4458,2548.35,23125.6
353032,-72.3517,22.9408,2547.76,53685.9
3534155,-71.9464,8.7683,2544.99,28988.9
6022314,-71.8744,12.8008,2544.76,24578.7
9663777,-71.7617,6.8583,2544.12,21097.1
1944324,-71.8292,12.0742,2541.69,34538.9
2232940,-74.1558,-6.22,2541.35,33197.6
3816619,-73.2675,-1.4117,2541.11,28319.6
4919213,-72.0378,13.3508,2539.32,26190.0
1415420,-71.8089,12.1117,2539.11,37721.8
5857899,-71.9283,6.9525,2538.91,24792.9
162380,-71.9617,9.3758,2538.4,64072.7
556488,-71.9908,13.5383,2537.34,48068.3
8449833,-71.8589,12.1967,2536.37,22036.5
1312493,-72.0192,14.5175,2535.67,38502.4
6194458,-72.2192,25.3,2534.66,24360.0
2171152,-71.7881,12.6008,2534.02,33467.1
5331459,-71.9394,7.2067,2533.98,25537.2
8568697,-71.9931,7.4642,2533.68,21940.9
2439819,-72.0961,14.475,2532.8,32359.9
1121225,-71.9236,9.0283,2530.89,40156.4
9565092,-73.2464,-1.7542,2530.79,21166.5
314737,-72.1333,24.6225,2530.61,55173.7
56574,-72.7206,-3.8308,2529.67,79526.0
6962755,-72.0353,14.4767,2527.35,23464.7
11596673,-74.1208,-6.2567,2526.69,19858.9
108630,-72.1528,25.6817,2526.61,69799.8
1072749,-72.6436,0.92,2526.31,40631.2
161334,-72.3281,1.4067,2525.8,64163.1
1093580,-71.9483,7.2017,2525.58,40425.2
430594,-72.6517,0.4542,2525.58,51187.9
5213366,-74.6208,-9.9417,2524.72,25716.2
1310678,-71.9175,9.0575,2524.52,38517.3
5198217,-72.2144,24.105,2524.33,25741.0
5941912,-72.2453,25.6833,2523.5,24684.7
3049379,-72.0136,5.0417,2522.02,30302.0
2248907,-71.9997,9.8025,2520.98,33130.4
969046,-72.6928,-3.7008,2520.86,41737.3
7795144,-72.1414,25.3492,2520.86,22624.3
1159783,-72.0775,14.8192,2520.82,39797.8
2962445,-72.2353,16.7758,2519.98,30563.7
1625276,-72.1656,25.3975,2518.73,36315.7
1146853,-71.8294,10.5342,2517.77,39914.5
3040540,-71.7767,12.3375,2517.42,30329.3
3054209,-72.1917,8.0692,2516.78,30287.3
11811883,-71.9725,7.4192,2516.47,19736.6
4975996,-73.1631,-1.6175,2516.42,26095.0
229068,-71.9819,5.6283,2516.36,59356.9
1465602,-72.2153,23.1217,2515.34,37367.1
2144345,-72.6825,-3.6467,2513.76,33586.8
1113368,-72.1611,25.1917,2513.61,40234.1
2994657,-72.0219,13.3883,2512.91,30467.6
2613773,-72.0114,13.4083,2512.85,31713.5
4996451,-71.9092,5.9092,2512.76,26063.2
5302515,-72.6231,0.4525,2512.33,25579.6
5079670,-72.5661,-3.4225,2510.93,25926.0
11281825,-72.0222,8.8425,2510.0,20040.9
1135908,-72.6169,0.5625,2509.88,40018.1
74537,-72.7169,-3.9258,2509.8,75386.9
2217551,-71.8417,10.5217,2509.49,33264.7
821028,-72.6703,-3.3183,2507.75,43567.1
1029291,-71.7844,12.3008,2507.15,41080.3
8996100,-72.5897,0.9283,2506.91,21592.6
2710965,-72.0119,10.7892,2505.23,31374.2
35522,-72.1517,25.505,2504.85,86716.4
1659011,-71.8756,11.2917,2503.67,36109.8
2290487,-71.7694,12.5692,2503.43,32956.8
755688,-71.78,12.7683,2501.42,44498.9
763370,-71.8611,10.5233,2501.01,44384.2
104032,-71.6692,12.6458,2500.97,70415.1
728523,-71.7608,12.8317,2500.37,44910.8
600913,-71.9053,9.7167,2499.72,47153.0
212936,-74.0997,-6.2567,2499.68,60351.1
2223537,-71.9997,13.3833,2499.36,33237.9
3724917,-71.9214,9.0842,2496.43,28530.3
2627422,-71.7303,12.5525,2496.1,31663.3
1244981,-71.8483,9.8383,2494.67,39051.2
2928191,-72.2042,23.125,2494.65,30667.7
377288,-72.4175,0.9067,2494.04,52842.7
138002,-71.7711,10.3358,2493.91,66376.0
1747939,-72.0472,14.4825,2493.88,35587.3
902861,-72.0064,9.4517,2493.58,42511.6
827956,-73.6236,-4.2142,2493.0,43473.4
9824292,-72.2181,24.8358,2492.96,20982.0
478156,-72.1583,23.415,2492.57,49900.9
5501544,-72.0994,24.2658,2491.66,25286.5
9783707,-71.9569,9.3583,2490.56,21012.4
5796726,-71.7631,10.3117,2490.35,24875.0
165274,-71.6886,12.6817,2488.89,63819.6
5469220,-71.9658,6.96,2488.82,25331.8
9399288,-71.7703,12.3475,2488.61,21289.5
1051976,-71.7661,12.81,2487.46,40847.0
4273467,-72.1933,8.05,2487.12,27358.4
1074381,-72.1142,24.2283,2486.66,40615.5
2783695,-72.0675,13.5958,2485.85,31129.6
2072397,-73.7192,-4.5483,2485.55,33917.2
9044997,-71.9231,9.0933,2484.96,21557.2
1048006,-72.0578,14.4217,2484.88,40887.5
2548092,-71.7556,12.6367,2483.98,31951.7
698804,-72.07,3.1908,2483.26,45391.9
7906548,-71.9011,9.7175,2482.03,22519.8
11723666,-72.41,0.895,2481.93,19788.1
412883,-71.7161,12.6358,2480.65,51714.1
1033189,-71.9169,9.695,2480.46,41041.5
6397734,-72.0206,11.4758,2479.92,24110.2
1672911,-71.7283,12.6483,2479.79,36025.0
665177,-72.0919,3.7533,2478.27,45961.0
11745682,-72.075,13.58,2476.78,19775.3
1037804,-72.1219,24.59,2476.25,40993.3
222978,-72.1439,24.83,2475.39,59720.7
8288054,-72.1844,23.8625,2475.1,22177.7
4272314,-74.4958,-8.2067,2473.68,27360.7
2399639,-71.7647,12.2017,2473.64,32517.0
4138293,-72.5986,0.5483,2472.33,27629.5
10307514,-71.8375,10.5242,2470.81,20654.6
3332053,-72.0361,14.5942,2470.7,29507.3
11476785,-72.2236,23.14,2470.62,19926.1
1761758,-72.0003,14.6833,2470.42,35510.2
10947535,-72.0797,24.295,2468.66,20243.3
11073502,-71.7544,12.5617,2468.46,20167.6
1289464,-72.0067,10.8892,2468.04,38684.0
7070536,-71.74,12.3658,2467.51,23347.7
10597080,-73.6289,-4.19,2466.82,20465.6
2027661,-72.1797,25.4567,2466.09,34130.6
3506805,-73.7319,-4.4692,2465.83,29056.9
1207381,-71.9033,11.47,2465.32,39372.9
2784883,-72.2164,16.1508,2465.22,31125.5
7348241,-72.3292,1.4208,2465.21,23062.2
45501,-72.6075,-2.9917,2464.97,82882.4
129253,-71.9439,14.32,2464.24,67303.5
1384338,-72.1819,25.28,2463.92,37950.8
386816,-71.8403,9.7208,2463.24,52529.5
3394656,-73.1958,-2.0825,2462.1,29344.9
1126697,-71.9694,13.5433,2461.91,40104.0
690579,-71.8531,6.6017,2461.46,45527.9
8635327,-72.11,3.6675,2461.33,21882.8
488528,-72.2969,1.465,2459.81,49632.0
570012,-71.9528,4.4758,2459.51,47781.1
1289656,-72.6072,-3.38,2458.94,38682.4
8310395,-71.9839,4.8542,2458.8,22157.6
1049194,-72.2767,23.2642,2458.31,40875.0
6646926,-72.0044,10.8525,2457.86,23815.1
279656,-72.27,22.8658,2457.18,56717.9
9967620,-72.6136,-3.3708,2454.94,20881.6
2769893,-72.7428,-3.5775,2453.88,31174.6
1147393,-72.3067,23.2517,2453.28,39909.7
2184087,-74.0453,-5.5883,2453.25,33410.0
1877460,-71.7722,6.895,2453.0,34883.9
9938277,-71.9597,9.1292,2451.94,20902.9
126666,-71.9356,9.6683,2451.92,67585.9
910849,-72.1297,25.4633,2449.41,42412.6
7778147,-71.9967,9.4092,2449.25,22641.2
8483864,-72.0131,9.465,2449.08,22010.5
1659871,-73.3775,-0.7117,2448.37,36104.5
2322065,-71.7172,12.5642,2447.48,32827.1
4780533,-72.0519,14.4458,2446.47,26424.9
1018186,-72.1836,23.7367,2445.98,41198.0
8313567,-71.7828,10.3058,2445.94,22154.8
1463112,-72.6628,-3.6883,2444.65,37385.9
39229,-71.8889,8.3567,2444.37,85144.6
551574,-71.7044,12.4617,2443.89,48168.9
1528248,-72.3756,22.94,2443.36,36940.1
5962591,-72.1728,25.44,2442.87,24656.3
10666918,-72.0703,10.7425,2442.65,20418.8
1252950,-71.8747,12.0142,2442.26,38984.3
11220578,-71.99,10.8392,2441.57,20079.0
743874,-72.1553,16.125,2441.43,44676.1
2722414,-71.8611,6.6375,2440.01,31335.6
5462583,-72.0397,10.7192,2439.52,25341.9
2336409,-71.9289,9.7117,2439.49,32768.8
2852034,-74.0831,-5.7142,2439.29,30909.8
3845875,-72.3022,1.4775,2438.52,28254.3
68602,-71.8664,8.3283,2438.51,76621.7
1296742,-71.7892,12.2708,2436.99,38624.7
10028955,-72.0108,10.8567,2436.25,20841.9
834467,-72.6975,-3.3425,2435.79,43386.9
1392181,-71.9886,11.4183,2435.33,37892.0
66312,-71.9411,8.3992,2435.19,77122.3
2895440,-72.0253,9.4567,2434.9,30771.4
2006347,-72.0356,13.6642,2434.52,34235.0
425392,-72.0211,3.295,2434.37,51343.2
2513771,-72.2947,23.26,2434.31,32079.1
632427,-71.8764,10.5775,2434.22,46551.9
2618124,-72.1081,24.9725,2433.88,31697.5
11558180,-72.1694,25.1708,2432.39,19881.3
10928072,-72.1686,24.9067,2431.93,20255.9
69244,-72.9769,-3.8175,2431.74,76489.4
2873729,-71.8592,8.3317,2430.23,30839.7
3131835,-73.7853,-5.0017,2429.69,30063.4
1097535,-71.6892,12.7008,2428.41,40387.4
2166070,-72.6319,-3.1625,2427.95,33489.9
11762187,-71.9539,9.3517,2427.9,19765.6
1470657,-71.8592,12.1483,2426.98,37331.3
6900258,-72.0306,14.6025,2425.64,23532.5
2039046,-71.96,13.5475,2425.28,34076.5
1264276,-72.3803,0.9883,2423.69,38891.0
310634,-72.4664,20.7625,2423.62,55340.9
10535337,-72.3689,22.9317,2421.86,20502.9
1996755,-72.6903,-3.34,2421.59,34281.5
6442846,-74.0906,-6.2275,2421.58,24057.3
9581004,-72.5481,19.995,2421.36,21154.4
107505,-72.7878,-3.7217,2421.12,69951.2
6065328,-72.3686,22.9633,2420.62,24524.2
148611,-72.7161,0.265,2418.97,65321.4
6756896,-71.9508,13.4383,2418.71,23691.7
1297135,-72.2433,2.3508,2418.43,38621.4
839654,-72.0967,16.1025,2417.95,43316.3
56074,-71.3758,13.5417,2416.56,79654.1
385786,-72.1789,24.6642,2416.2,52563.4
576373,-71.7517,12.2408,2416.09,47647.6
9896651,-72.9725,-3.7975,2415.81,20933.4
3556505,-71.9578,4.4725,2415.65,28933.9
5508438,-72.6494,-3.6575,2415.23,25276.4
3662565,-71.6828,12.67,2415.03,28677.3
8262920,-72.1317,25.4467,2414.63,22200.7
6245213,-71.9633,9.6992,2414.57,24297.1
5491548,-71.945,6.5475,2413.67,25301.6
37004,-72.9225,-3.4825,2413.33,86072.6
408471,-72.0192,7.7325,2413.05,51848.3
1885994,-71.7939,10.27,2411.17,34840.1
2193350,-71.9697,10.825,2408.79,33369.9
11429313,-71.8892,11.2817,2408.71,19954.9
4546721,-73.17,-2.125,2408.18,26838.8
1429612,-72.025,7.7242,2408.05,37620.3
3636701,-72.1781,25.2442,2407.55,28739.4
4522788,-71.9458,8.9475,2406.73,26881.5
6157919,-72.0028,10.875,2406.05,24404.4
232180,-71.6644,12.745,2404.72,59183.9
636575,-72.6469,-3.5025,2404.34,46473.8
5059226,-72.5306,19.9967,2403.79,25960.4
545536,-72.3061,1.3783,2403.67,48299.7
1725282,-71.9406,9.7442,2402.72,35717.8
8239808,-73.785,-5.0333,2402.16,22217.9
1091053,-72.1103,11.4258,2402.07,40448.9
123864,-71.4214,13.4542,2401.76,67896.3
4243687,-72.2064,25.4133,2399.97,27416.6
7853291,-72.2072,25.4275,2396.84,22567.9
5921953,-73.8314,-5.1208,2396.27,24708.0
6184,-71.9183,24.6558,2395.81,114477.4
53069,-72.0778,2.8125,2395.68,80524.3
249086,-72.6189,-3.4892,2395.54,58246.3
5383758,-71.8075,6.9175,2395.15,25459.8
3414937,-72.7083,-3.3308,2394.83,29292.8
603858,-72.3542,19.3758,2394.65,47093.5
5510094,-71.9903,14.6858,2394.35,25273.9
10333832,-72.1992,24.8192,2394.15,20636.1
2941503,-71.8139,11.7758,2394.03,30628.2
7692984,-71.9536,13.5517,2393.98,22722.6
1109612,-72.3103,1.4258,2393.87,40270.5
137301,-72.8419,-3.8517,2392.34,66451.8
5866992,-71.9747,13.5383,2390.98,24780.1
559091,-72.1539,2.7292,2386.83,48009.9
11482018,-72.2086,25.4375,2385.89,19922.9
44724,-72.5439,-2.9808,2384.31,83145.7
648621,-72.2383,22.7808,2382.98,46255.4
4142558,-72.4614,20.7558,2382.71,27620.3
2564565,-72.4953,20.75,2382.54,31891.8
2349156,-72.2206,23.0292,2382.54,32718.2
1124986,-71.9078,24.6267,2381.98,40121.5
1292240,-72.1147,24.1392,2381.62,38662.6
196147,-72.1072,25.3608,2381.58,61468.2
5558307,-72.0539,14.8167,2381.2,25205.8
112099,-71.6308,11.4867,2381.17,69342.9
3158316,-72.1211,24.2083,2380.78,29987.1
1639373,-72.6456,-3.3075,2380.15,36229.6
2637565,-73.2208,-2.1433,2379.05,31629.1
7678163,-72.0644,2.8133,2377.47,22733.8
2791591,-72.2303,16.05,2375.52,31103.0
11520885,-72.2319,25.3992,2374.35,19903.7
4279097,-72.2919,1.4525,2373.75,27346.8
7561181,-72.19,25.3392,2373.42,22848.5
11073501,-72.0042,4.8033,2373.1,20167.6
4031295,-72.0217,14.4458,2371.01,27852.3
592190,-72.3881,0.805,2370.2,47324.3
2915389,-72.1817,8.1108,2369.64,30709.2
8474177,-72.0333,9.7892,2366.86,22019.2
2468809,-71.6792,12.7333,2366.79,32249.4
2021297,-72.1117,16.1083,2366.55,34160.5
175162,-72.1253,24.485,2366.02,63028.1
691254,-71.9658,8.7792,2365.32,45516.7
7348240,-72.6286,-3.1492,2364.56,23062.2
8615101,-71.9533,7.1967,2363.89,21900.2
8372092,-72.2331,23.0292,2362.58,22105.8
9651769,-72.2633,23.27,2362.01,21106.2
7371859,-71.9578,7.2033,2361.01,23037.3
3906894,-71.9775,9.4033,2360.68,28118.7
189041,-71.9208,5.3083,2359.68,61977.1
6472788,-71.9236,24.63,2359.41,24020.2
299553,-71.8533,5.9842,2359.24,55813.2
11751230,-71.9489,13.4475,2359.15,19772.0
3793340,-71.8825,5.4075,2359.11,28371.3
4096976,-71.6781,12.6717,2357.57,27714.7
8032086,-72.0233,14.625,2356.98,22403.5
10199910,-72.2242,16.0275,2356.79,20725.4
4327658,-72.0831,2.8442,2355.32,27251.1
1072906,-71.8208,10.545,2354.33,40629.6
59917,-72.0828,24.8117,2353.63,78656.8
4025175,-72.6558,0.4767,2353.04,27866.0
9263415,-72.6581,-3.7192,2352.78,21391.0
304796,-72.0917,24.6058,2352.14,55590.1
65582,-71.4436,13.1275,2351.37,77289.8
9712427,-72.0892,14.3217,2349.45,21060.8
5286997,-71.8156,10.535,2349.27,25604.5
9149452,-71.98,4.8592,2348.81,21477.2
6654356,-73.3797,-3.3575,2348.48,23809.8
545595,-71.9867,14.735,2348.09,48298.4
4484247,-72.1094,24.5158,2347.78,26952.5
6861846,-71.965,7.7567,2347.33,23573.1
3687224,-72.0769,24.9575,2347.25,28619.5
10676361,-73.8683,-5.2375,2346.45,20412.6
335240,-71.9678,14.3342,2346.27,54347.6
9372089,-72.2047,2.6533,2345.41,21310.5
509056,-71.8408,6.7708,2343.48,49136.6
3051434,-72.8331,-3.8442,2343.33,30295.7
1559209,-72.7719,-3.6025,2343.27,36737.8
86379,-71.9075,8.3767,2342.7,73147.0
729530,-72.3514,19.2942,2341.87,44896.6
9755261,-72.1233,24.1492,2341.82,21033.6
1749887,-71.7269,12.0383,2341.66,35578.4
2223538,-71.7086,12.6175,2340.29,33237.9
200815,-72.7281,-5.8008,2339.34,61144.0
484647,-71.6761,12.5983,2338.91,49732.1
3037073,-73.8275,-5.1675,2338.82,30339.8
9464873,-72.1294,24.1742,2338.45,21238.6
5110973,-71.6936,11.7017,2335.67,25876.8
990686,-71.7428,12.7817,2334.55,41493.8
252177,-71.4147,13.25,2332.44,58086.4
6435708,-71.8481,9.7392,2331.52,24062.6
4801909,-72.0356,3.305,2331.04,26386.3
9743094,-71.8819,6.0292,2330.52,21042.7
120603,-71.3869,13.4658,2330.21,68276.2
11423950,-72.0797,2.8342,2329.64,19958.1
1978877,-71.9128,10.6433,2328.22,34366.9
11618346,-72.03,3.305,2327.24,19846.0
820647,-72.7236,-3.9742,2327.09,43572.9
10320603,-73.1281,-1.8408,2325.66,20645.3
186801,-71.9372,14.7558,2324.97,62145.5
60674,-71.4972,12.9517,2324.7,78471.9
95821,-72.5289,-2.9008,2323.12,71610.1
1584327,-74.0836,-6.1775,2323.1,36574.4
4322994,-71.7858,10.2333,2321.87,27260.4
5344205,-72.1006,24.535,2320.68,25517.3
630686,-71.8819,8.3467,2318.27,46583.4
65448,-71.8472,5.38,2317.2,77322.8
8172207,-71.67,12.7233,2317.16,22280.9
114337,-71.8889,8.9125,2316.44,69053.8
3644581,-73.8972,-5.3033,2315.53,28719.5
847709,-72.0033,14.7925,2314.83,43211.8
3953318,-71.9061,10.5625,2313.97,28016.5
3767707,-72.0814,25.6292,2313.65,28429.6
721845,-72.3911,20.1917,2312.71,45018.5
9506147,-71.9864,14.6858,2311.82,21211.6
5824930,-71.9486,8.4017,2311.32,24839.1
5465892,-72.4919,20.8833,2310.45,25336.9
5462581,-72.3689,1.1542,2309.12,25341.9
44771,-71.6461,12.555,2309.09,83131.9
10592486,-71.8408,11.8358,2307.06,20468.7
3183858,-71.9803,8.8483,2306.46,29914.7
10461494,-71.9272,9.0033,2306.01,20552.5
8480634,-71.9842,13.5917,2303.62,22013.4
8332661,-73.8628,-5.2283,2303.27,22137.5
4282614,-72.1114,25.3533,2301.42,27339.8
1389615,-71.7406,12.8758,2301.33,37910.5
2509072,-71.9744,10.7333,2300.71,32095.0
31745,-71.465,12.4625,2300.57,88390.8
5767853,-72.0811,16.1208,2299.81,24915.9
150280,-71.8308,6.8158,2299.27,65158.3
5196398,-71.7422,6.8783,2299.22,25743.5
3164821,-73.7697,-5.0533,2293.27,29967.9
1515509,-72.1578,8.0267,2292.02,37026.3
9327772,-72.2747,2.2933,2291.36,21340.3
7214607,-71.9389,9.2192,2290.11,23197.1
4141516,-73.7772,-5.0483,2289.93,27622.6
11088413,-71.4047,13.275,2289.56,20158.2
1529237,-72.1258,25.3375,2287.47,36933.2
980363,-72.1683,25.6717,2286.86,41608.8
486647,-72.0975,24.8058,2284.8,49679.5
437278,-72.7128,0.1825,2284.55,50995.8
6401914,-71.9756,8.8442,2284.4,24104.9
152843,-71.8814,14.4575,2284.26,64921.2
8142837,-72.2531,22.8558,2280.23,22303.8
5830430,-71.7628,11.2433,2278.32,24831.4
472393,-73.5211,-3.8775,2277.71,50051.3
9537536,-71.7658,11.2442,2277.13,21187.5
2387359,-71.8756,6.0492,2274.76,32564.0
66048,-71.3703,13.6567,2274.55,77185.9
3145205,-73.4956,-3.7883,2273.8,30023.2
5568617,-71.9922,13.73,2273.32,25190.6
3486455,-73.8875,-5.34,2273.2,29107.3
10098172,-71.9228,10.6183,2271.54,20792.9
10307513,-71.8419,11.9833,2270.75,20654.6
1606772,-72.2314,22.725,2269.73,36433.0
7918218,-73.4908,-3.7917,2269.3,22508.5
57373,-72.1711,2.375,2269.26,79306.2
5647182,-72.5053,0.52,2269.05,25081.6
7762890,-71.8353,6.9608,2267.14,22652.4
7128288,-72.2536,22.7867,2266.74,23287.6
2323872,-72.1839,8.0342,2265.37,32819.3
6620488,-71.95,6.5175,2264.44,23847.2
301661,-72.1122,23.3283,2263.35,55724.0
9984620,-71.9275,5.85,2263.16,20869.4
6455512,-72.7278,-3.5575,2262.82,24041.4
3485621,-72.0153,14.7808,2261.65,29109.5
1223336,-74.3844,-9.5817,2258.98,39236.8
655334,-72.0919,2.8733,2258.72,46134.0
794287,-71.9656,4.82,2258.11,43937.0
443068,-72.2789,1.3425,2257.38,50835.7
408603,-72.3372,1.34,2256.83,51844.6
3595696,-72.7044,-3.9408,2254.78,28836.8
5462582,-72.1508,8.0442,2254.64,25341.9
10338153,-72.0836,17.1317,2253.61,20633.0
9368262,-72.5389,-3.0075,2250.38,21313.4
781889,-71.6722,12.5767,2249.31,44113.5
1167307,-71.9411,14.3,2248.49,39727.3
84864,-71.7917,9.7,2245.58,73412.2
743343,-71.8981,14.4817,2244.54,44683.2
58341,-72.5394,0.3683,2244.18,79059.1
8300856,-72.18,8.0467,2244.0,22166.3
528817,-71.8269,8.2733,2243.49,48672.9
4541625,-72.1639,8.0258,2243.03,26848.3
463117,-72.5214,0.5142,2242.61,50297.7
6780050,-71.7319,12.8508,2241.76,23664.8
1408248,-72.8128,-3.8092,2240.97,37774.1
54331,-71.4964,12.7217,2239.85,80167.5
159826,-72.6536,-4.0692,2239.33,64297.0
750263,-71.5119,12.725,2237.97,44580.4
978685,-72.5219,-3.3833,2236.96,41627.2
2760423,-72.1183,8.0567,2236.9,31207.3
5596413,-72.2394,2.2742,2234.56,25152.6
7279853,-72.4678,20.7475,2231.7,23131.1
1620685,-72.3683,0.7575,2231.02,36343.7
723100,-72.8422,-4.2317,2230.81,44997.2
2395688,-73.1422,-4.48,2230.61,32532.7
738722,-71.845,8.2308,2229.01,44754.5
1864592,-72.3383,19.4667,2228.52,34951.4
2623657,-71.8217,10.3467,2228.4,31677.4
5671447,-71.3661,13.6558,2228.37,25046.0
6146200,-72.1328,8.0783,2227.56,24420.1
117002,-72.2197,1.35,2226.56,68720.8
10620221,-72.9258,-5.69,2226.38,20450.0
5865190,-72.1611,25.5258,2225.4,24782.6
4112980,-72.1103,24.6017,2223.4,27680.2
2547075,-72.0867,24.6058,2222.73,31955.7
150045,-72.0264,3.9775,2222.52,65181.8
4194584,-71.98,13.8058,2222.27,27516.3
6607278,-73.3717,-3.4233,2221.93,23863.2
3690840,-71.8556,8.2358,2221.93,28610.6
3492613,-72.25,22.98,2221.36,29094.2
2391796,-72.6622,-3.3633,2220.95,32548.3
1518734,-73.2947,-0.7258,2220.73,37003.9
3135392,-71.395,13.4558,2219.43,30052.8
8368840,-72.5539,0.4392,2219.16,22108.7
13468,-71.9519,25.1267,2218.53,102014.1
3643713,-72.8208,-3.785,2218.09,28721.7
8642077,-72.2439,2.1892,2218.05,21876.9
2374578,-71.9503,6.5,2217.92,32616.8
1373539,-72.7319,0.3592,2217.42,38031.3
10972155,-71.8164,11.8025,2216.2,20227.6
402248,-72.9656,-3.8825,2211.82,52040.8
1562803,-72.6353,-3.65,2211.77,36713.5
505814,-74.0669,-6.3242,2211.0,49213.1
133961,-72.2706,21.9017,2210.44,66798.9
841960,-72.2694,1.3283,2208.9,43286.9
111400,-71.5136,12.4708,2208.21,69434.7
2799503,-71.67,12.31,2208.17,31078.4
189820,-72.0983,23.3642,2207.51,61919.5
128707,-71.5522,12.5683,2207.37,67364.0
142090,-71.595,12.66,2207.13,65964.9
6074926,-72.2458,22.74,2205.97,24511.2
6324320,-72.5894,-3.0075,2203.87,24199.9
557636,-71.9567,14.7733,2203.66,48041.8
580984,-72.0731,24.9067,2203.43,47551.2
6290034,-71.8956,8.8842,2203.28,24239.4
7889104,-71.8825,11.9267,2202.99,22536.8
5451027,-72.5506,0.4242,2201.47,25359.5
369642,-71.9119,5.1858,2201.17,53101.2
1574011,-72.4219,20.92,2201.16,36640.5
238494,-71.6614,11.2458,2200.52,58824.3
841319,-72.6483,-4.0575,2200.2,43295.7
4521597,-73.0564,-4.2925,2199.99,26883.9
4302288,-72.0606,2.7633,2199.88,27302.5
627297,-72.5717,-3.2817,2199.86,46644.9
3075162,-72.2081,1.3733,2199.84,30226.2
470117,-71.9461,4.64,2198.89,50109.8
1450555,-72.1,24.8842,2198.54,37472.7
275784,-72.2067,2.5367,2198.26,56904.1
1805775,-72.1556,2.3717,2196.95,35265.4
3185251,-73.1519,-1.4925,2196.92,29910.5
2261958,-71.3867,13.2833,2196.61,33076.5
9160515,-71.8508,8.2375,2196.15,21468.3
39650,-71.745,9.0383,2193.72,84990.3
4024132,-72.3461,19.3142,2192.67,27868.3
9795873,-72.2069,23.69,2192.6,21003.3
1054150,-72.0808,24.1817,2191.25,40823.6
8992535,-73.3483,-0.7292,2191.13,21595.6
976431,-71.7975,10.5817,2191.11,41653.2
1829233,-72.0994,23.085,2190.74,35140.5
7120975,-71.845,6.6,2190.29,23295.8
2505440,-71.7875,9.6833,2189.95,32108.9
4346438,-72.1119,8.0892,2189.86,27216.0
2417489,-71.6578,11.2783,2189.77,32446.4
40780,-71.7053,9.7008,2189.66,84573.2
11536874,-73.9519,-5.4083,2188.72,19894.1
118894,-72.8506,-3.37,2186.76,68483.0
6598590,-72.2764,1.5483,2185.6,23873.9
8892859,-71.6986,12.6133,2184.55,21678.0
334434,-71.6614,11.3825,2183.78,54379.3
595085,-71.7497,6.8008,2182.93,47267.7
7285090,-72.2161,1.3283,2182.7,23125.6
67946,-71.3469,13.3325,2182.43,76764.6
2063702,-71.35,13.3142,2181.84,33960.3
6059417,-72.3406,19.4533,2180.84,24532.0
8942344,-71.4236,13.3817,2178.8,21636.8
87653,-71.8081,8.9675,2178.34,72931.6
6429267,-74.5897,-10.1875,2177.85,24070.6
7588550,-73.0633,-4.2792,2177.71,22820.5
8628639,-73.4103,-3.5192,2177.14,21888.6
447151,-72.1144,22.8683,2177.13,50725.3
2245395,-72.3647,20.2425,2176.14,33145.7
10734352,-71.9611,14.7783,2175.96,20378.2
400583,-72.6389,-3.7633,2175.96,52094.7
91155,-72.9047,-3.2992,2175.82,72343.0
4420053,-72.2939,22.6892,2175.46,27075.2
11471412,-71.875,6.5508,2174.02,19929.3
5543231,-71.8411,9.7842,2173.92,25228.5
1511308,-71.3781,13.3017,2173.45,37053.8
5409552,-71.9786,4.8025,2172.23,25419.7
277937,-73.0689,-1.9058,2171.7,56803.2
6485511,-72.6197,-3.19,2170.99,24004.3
7282518,-72.1772,3.6483,2170.84,23128.4
312700,-71.7925,8.9408,2169.54,55255.6
3381621,-72.1128,22.9183,2168.41,29377.5
8208755,-72.5364,-2.9108,2165.68,22246.6
2649193,-71.7925,10.6092,2164.96,31588.7
2548636,-71.4356,13.1333,2164.86,31949.7
5406341,-71.6953,12.6158,2164.56,25424.7
9414691,-71.8458,10.6042,2164.27,21277.5
1699954,-71.8669,8.2392,2164.18,35863.7
8291266,-72.7028,0.21,2163.5,22174.9
1387171,-71.8019,8.9758,2162.94,37928.9
10137006,-71.8433,9.7825,2162.44,20765.3
10962222,-72.7186,0.3358,2162.02,20233.9
4997879,-73.0756,-1.89,2161.89,26060.8
786874,-71.7842,11.1583,2161.54,44044.1
1834638,-72.0847,24.5658,2161.38,35109.7
585013,-72.5981,-3.1692,2161.33,47469.4
2119382,-72.0039,14.5108,2161.3,33700.5
11138210,-72.4106,20.9175,2160.92,20126.5
5796724,-71.8694,8.3383,2160.89,24875.0
3242832,-72.3992,20.925,2160.79,29750.3
1078810,-71.8461,6.9458,2160.54,40571.5
1868653,-74.3369,-9.7325,2159.89,34929.6
2965101,-71.9567,7.7067,2159.67,30555.3
4331000,-71.8358,8.255,2157.66,27244.1
182579,-71.9453,25.1925,2157.45,62450.2
6393563,-74.0908,-6.3008,2156.71,24115.5
1231478,-71.6794,11.5567,2156.18,39168.5
3594861,-71.7603,11.2133,2155.1,28839.0
243997,-71.605,12.6208,2154.94,58519.2
4366644,-71.9644,8.4367,2154.2,27176.2
7160765,-71.8661,5.9533,2154.19,23252.0
6589703,-73.4047,-3.55,2154.18,23884.6
2875644,-72.7886,0.2608,2153.79,30833.5
1402150,-72.7822,-3.6575,2153.79,37817.9
5240063,-73.8172,-5.2083,2153.48,25676.6
3779303,-72.5161,-3.385,2153.11,28405.0
10583339,-71.7628,12.0467,2152.7,20474.9
2164814,-71.5178,12.7175,2151.83,33495.7
4652879,-71.9158,5.5892,2151.66,26648.2
3580904,-72.2581,1.3208,2151.36,28874.4
5243151,-72.2658,1.3167,2151.25,25671.6
1343748,-73.3894,-3.6008,2147.32,38260.1
2999245,-71.8478,11.9567,2147.13,30453.0
11563521,-73.1614,-2.1942,2144.41,19878.1
1725564,-71.4042,13.4508,2144.11,35716.0
4500709,-72.29,22.6633,2144.1,26924.1
3126115,-71.7244,12.8708,2143.61,30080.4
10461492,-72.0892,24.1075,2143.41,20552.5
4597217,-72.0042,14.5342,2143.22,26746.1
2100223,-71.7828,10.5967,2143.15,33789.2
5253720,-71.9286,5.305,2142.84,25654.2
454723,-71.9519,7.2592,2142.1,50521.4
1311691,-72.7303,-4.0342,2141.26,38509.1
10884315,-71.9614,8.4133,2141.13,20284.2
2916774,-71.6633,12.3467,2141.13,30705.1
878750,-71.9361,4.6042,2138.43,42814.8
744336,-71.8375,5.3583,2138.21,44669.0
294221,-71.8408,9.0,2136.97,56051.2
541121,-72.9317,-3.7575,2135.1,48395.9
1323654,-72.1439,24.7958,2133.41,38416.3
350207,-72.7133,-3.5142,2133.07,53787.9
798637,-72.0431,4.1308,2132.33,43876.0
3330507,-72.6961,-3.9483,2132.03,29511.6
1832719,-71.8994,14.4225,2130.93,35120.6
7387465,-72.11,22.94,2128.55,23020.7
2255145,-72.6336,-3.7767,2127.84,33103.4
53553,-72.1133,1.42,2127.27,80388.9
8477328,-72.2075,2.5575,2126.75,22016.3
8550343,-72.8342,-4.2433,2125.86,21952.5
4476819,-73.3944,-3.5683,2125.57,26966.7
699488,-72.6256,-3.8475,2124.75,45380.7
592137,-71.8292,8.9817,2124.14,47325.6
8156273,-72.6572,-3.5392,2123.86,22295.2
1905259,-72.1142,22.9833,2123.79,34741.2
248998,-73.1047,-1.5608,2123.13,58251.8
7207050,-71.8914,8.4,2122.46,23205.4
286343,-71.8608,14.5775,2122.33,56408.1
4365430,-72.3308,1.3583,2122.01,27178.5
1431711,-72.06,24.3425,2120.8,37605.0
508658,-71.6908,12.535,2120.48,49145.7
10265804,-72.1153,23.28,2119.68,20679.2
3307216,-73.3344,-3.2258,2119.49,29574.2
51792,-71.5331,11.5158,2119.22,80895.4
8513808,-71.8744,8.9125,2118.69,21984.4
1406680,-71.9147,8.415,2118.14,37785.9
3965785,-72.0517,4.1333,2117.62,27991.5
4366642,-73.9558,-5.7,2117.6,27176.2
4492153,-73.8469,-5.2975,2117.59,26940.7
2793553,-72.0131,7.78,2117.24,31098.9
523341,-71.5703,12.6275,2116.35,48799.7
2256932,-71.9703,14.5258,2115.99,33095.7
52790,-71.6089,12.245,2115.41,80604.2
1059842,-72.6994,-3.8317,2115.24,40765.8
6890713,-71.9086,5.5667,2114.89,23543.4
1584328,-71.7014,9.6783,2114.32,36574.4
234384,-73.0944,-1.5675,2112.51,59054.5
11343843,-71.8078,10.25,2110.68,20002.7
10438942,-72.0997,24.5625,2110.51,20568.0
1306163,-71.8042,9.6825,2110.22,38552.1
1344781,-71.7703,10.6158,2110.17,38251.8
1812258,-71.7658,10.6325,2110.11,35231.0
4478067,-72.7986,-3.7492,2106.38,26964.3
1774309,-72.1208,22.8292,2105.83,35438.4
51172,-71.4247,12.6667,2105.73,81068.4
5841383,-71.8117,10.5042,2105.67,24816.0
1076903,-71.7428,11.3642,2104.12,40588.8
10475107,-71.6761,11.4183,2103.63,20543.2
195049,-71.9425,7.7858,2103.51,61549.0
5912747,-71.9456,14.7717,2103.23,24720.8
412642,-72.1975,2.3858,2101.08,51721.5
1648152,-71.8172,8.98,2100.5,36176.8
4136067,-71.9228,7.2317,2100.45,27634.1
5493311,-72.9594,-3.9008,2099.76,25299.1
3702548,-72.05,2.7258,2098.97,28581.6
3157635,-71.7581,12.025,2098.64,29989.2
10781577,-71.8714,8.9167,2097.26,20346.9
1033770,-71.4136,12.6683,2096.88,41035.3
3344921,-72.175,2.6392,2096.42,29474.9
562363,-71.7844,6.7783,2094.73,47940.9
60141,-71.5867,12.235,2094.5,78593.6
796140,-72.1239,2.2517,2094.4,43910.9
93326,-71.7667,9.02,2094.14,71993.4
479939,-71.7367,10.6458,2093.96,49854.9
2864159,-72.2428,22.8667,2093.22,30868.6
874054,-71.7661,6.9525,2092.73,42871.3
9521923,-72.12,22.8492,2092.2,21199.5
2363845,-71.4819,12.7233,2091.24,32659.7
6269525,-71.8208,8.9817,2090.7,24265.6
165501,-71.8189,6.5258,2090.19,63800.7
1157571,-72.6911,0.1842,2089.46,39817.0
2444736,-71.785,6.7933,2088.44,32340.2
7348242,-72.0547,3.0808,2086.25,23062.2
75989,-71.9886,25.125,2084.55,75089.7
10303137,-71.9397,7.7758,2083.75,20657.7
84963,-72.0425,24.1333,2083.04,73395.7
828966,-71.5611,12.6308,2081.15,43460.2
205349,-71.6564,12.5208,2080.46,60848.4
1639372,-74.6217,-10.6858,2080.42,36229.6
1760879,-71.6969,12.1242,2079.64,35515.6
2221035,-72.6439,-3.7367,2078.52,33249.4
191930,-71.6175,12.1983,2078.47,61769.1
1437144,-71.6508,12.7375,2078.05,37566.1
140103,-71.9011,7.2967,2077.55,66161.6
9171578,-72.3483,20.2517,2077.07,21459.4
1719241,-71.855,9.005,2076.54,35751.6
3159781,-72.3019,22.6192,2076.18,29982.8
244954,-71.6636,12.4958,2075.19,58466.9
178457,-72.0331,24.31,2074.33,62758.6
359356,-72.3331,1.0875,2074.15,53457.6
9521920,-72.5822,-3.0042,2073.61,21199.5
3104344,-71.9892,8.38,2073.54,30143.9
5163718,-71.3758,13.3958,2073.46,25792.9
736130,-72.6872,-3.9883,2072.54,44792.9
11839596,-71.8361,8.9967,2071.72,19720.4
283498,-71.5358,11.4142,2071.58,56540.1
6756895,-72.6189,-3.745,2071.57,23691.7
982138,-71.9561,5.0283,2071.23,41587.4
4023119,-72.2483,22.675,2070.12,27870.6
460097,-71.9297,24.5492,2069.91,50377.4
4229058,-71.9142,6.4558,2069.48,27446.8
6741014,-71.9383,7.2375,2068.27,23710.5
132928,-72.0681,25.2358,2067.9,66906.6
5318239,-71.925,14.7275,2067.87,25554.7
2097458,-71.8778,8.2283,2067.51,33800.5
2914080,-72.3097,22.6017,2067.44,30713.4
10199911,-71.4117,13.4567,2066.91,20725.4
9783708,-71.9083,5.1692,2066.34,21012.4
2501447,-72.6639,-4.0783,2064.94,32124.7
7655832,-71.4511,13.1108,2064.25,22756.2
214399,-71.785,8.9958,2064.08,60257.1
968902,-71.8192,9.7117,2064.04,41738.8
151629,-71.9747,3.3142,2063.29,65034.0
6334513,-71.9678,14.5683,2061.81,24186.7
1351406,-72.3339,1.0133,2061.32,38200.1
216407,-72.6606,0.1842,2061.05,60131.1
560373,-71.6367,11.2842,2060.98,47983.4
4428432,-72.7158,0.1583,2060.82,27058.7
3968783,-71.9219,5.2175,2059.35,27984.7
10942733,-71.6606,11.2192,2059.34,20246.5
751483,-71.6306,11.59,2058.3,44560.4
81313,-71.7842,5.8467,2056.89,74045.6
7574845,-72.7242,-4.0033,2056.68,22834.5
9088545,-71.9528,7.7275,2056.24,21521.7
8017143,-71.6289,11.29,2055.67,22417.8
1271780,-71.9461,9.6267,2055.47,38828.7
1569436,-71.8694,14.5192,2055.15,36670.1
4536751,-71.8981,5.1533,2054.73,26857.8
393960,-71.5358,12.5175,2054.32,52303.4
9667866,-72.0472,24.1417,2053.52,21094.1
3887874,-73.9028,-5.9133,2052.95,28159.4
436237,-71.8261,8.915,2051.81,51025.8
3431061,-73.9192,-5.3375,2051.74,29249.2
917537,-72.125,25.48,2051.48,42332.9
5865188,-72.9464,-3.7933,2050.96,24782.6
8184192,-72.9331,-3.7475,2050.29,22269.5
263228,-72.0472,23.0658,2049.7,57514.3
8698154,-71.44,13.1533,2047.82,21833.2
4593437,-72.6242,-3.8083,2047.03,26753.2
893201,-71.8336,6.5608,2046.11,42632.9
393261,-71.3961,13.7275,2046.03,52325.3
4983164,-71.5583,12.6158,2045.47,26082.8
5331460,-71.7725,6.7683,2045.03,25537.2
1918982,-72.3214,1.0533,2044.38,34669.6
2473763,-72.1028,2.9483,2043.96,32229.7
2954635,-71.6183,12.2192,2042.7,30588.7
5760725,-72.1297,25.5,2040.89,24926.2
1549843,-72.1867,2.3733,2039.17,36798.4
8494242,-72.0442,23.0833,2038.11,22001.8
79171,-72.0981,23.8058,2037.0,74448.1
230165,-71.5947,12.55,2036.23,59297.9
5611781,-71.8586,14.5158,2035.25,25129.8
2609950,-71.3794,13.6517,2035.13,31725.6
8233649,-72.0483,23.05,2034.37,22223.7
70637,-72.3019,0.3483,2032.18,76201.5
340239,-72.5147,-3.6733,2031.92,54155.0
158933,-71.7833,8.9042,2030.88,64376.3
3304246,-71.6372,11.57,2030.88,29582.8
3005178,-72.0481,23.0133,2030.82,30434.1
330863,-72.075,25.13,2028.57,54519.7
620047,-71.9233,9.3525,2026.06,46781.3
3292064,-71.3722,13.3308,2025.86,29617.2
5403227,-71.9867,4.4375,2025.16,25429.7
1022986,-71.4622,13.2792,2024.94,41146.9
6082668,-71.8153,10.4658,2024.7,24500.8
4437912,-71.7106,12.3342,2024.49,27039.8
253815,-71.5833,11.6908,2024.29,57999.7
3500880,-72.2044,1.4725,2022.89,29072.3
8215119,-71.8231,9.7033,2022.76,22240.9
3933447,-72.5961,0.3583,2022.6,28062.0
302666,-72.8786,-3.295,2022.29,55679.4
286625,-71.8347,5.5092,2021.78,56394.6
3307218,-71.6642,11.3417,2021.33,29574.2
1201079,-72.6686,-4.1708,2021.09,39427.9
1448881,-72.0889,23.4008,2020.14,37484.6
1473051,-72.7894,0.215,2019.39,37314.2
11230906,-79.0419,-8.8008,2017.47,20072.6
4885137,-71.6028,12.2767,2017.1,26245.9
6527133,-72.6925,-3.8517,2016.87,23956.5
2004363,-71.4547,13.2675,2016.45,34244.3
785592,-72.0536,25.2567,2015.73,44062.9
7835334,-71.9689,7.7725,2015.53,22584.8
263725,-71.8189,5.84,2014.09,57490.0
3675187,-71.9847,7.9858,2014.09,28646.2
1478241,-71.7378,10.3208,2013.04,37278.3
6876726,-71.9228,7.2525,2012.66,23559.6
4137174,-72.1275,2.295,2012.45,27631.8
150074,-72.0236,2.8492,2012.31,65177.9
5743524,-71.7875,11.1358,2011.44,24946.6
2753793,-71.8122,11.8325,2010.09,31227.7
656971,-72.6353,-4.2,2010.07,46105.0
6663385,-71.4511,13.275,2009.4,23799.1
5337896,-72.0033,8.7683,2007.41,25527.3
1384769,-71.9125,14.7292,2005.08,37947.4
8272480,-71.6489,11.305,2004.01,22192.1
1834637,-72.8639,-3.3725,2001.76,35109.7
12073,-71.35,12.6092,2000.39,103705.7
773899,-71.3656,13.2992,1999.29,44230.4
2331363,-72.0453,3.89,1998.79,32790.2
130392,-71.4244,12.7967,1998.29,67180.3
842923,-71.9286,7.7617,1997.35,43273.6
1895542,-71.9372,9.35,1995.89,34790.7
11058757,-71.9228,14.7142,1995.0,20177.1
994260,-72.685,0.1525,1994.4,41455.4
1622317,-71.7203,10.625,1994.29,36335.0
226339,-72.0525,2.5992,1994.28,59519.8
3264968,-72.695,-4.0408,1994.22,29690.3
4723402,-71.5975,12.5458,1994.2,26521.2
1461191,-72.0783,25.205,1994.09,37397.8
250301,-72.5108,-2.8267,1993.96,58184.0
2688841,-73.1117,-1.5758,1992.95,31451.3
611009,-71.6122,11.5075,1992.69,46953.9
9372090,-71.8797,8.8892,1992.18,21310.5
454438,-72.0511,22.935,1991.84,50528.9
6078750,-71.5858,12.65,1990.67,24506.0
5419256,-72.7867,0.235,1990.29,25404.7
904380,-71.4011,13.7392,1990.07,42493.6
6261264,-71.8675,14.4617,1989.34,24276.1
4379748,-72.5433,-2.9475,1988.75,27152.7
2557123,-71.88,6.07,1988.16,31917.8
212360,-72.5703,-4.17,1987.58,60390.2
972668,-74.3139,-9.7133,1987.25,41696.0
1580291,-71.5889,12.2058,1987.05,36600.5
7574847,-72.0494,24.11,1987.02,22834.5
915925,-71.6731,11.7458,1986.66,42352.5
1582653,-71.6164,11.3067,1985.9,36584.8
9194048,-71.5447,12.54,1984.91,21441.6
112690,-71.5506,12.1833,1983.98,69262.9
1378522,-71.9092,5.2917,1981.26,37994.4
985377,-74.2986,-9.5867,1981.05,41552.1
496663,-72.0533,24.6033,1980.82,49430.1
3029411,-71.8967,8.1867,1980.73,30360.8
10307511,-71.9556,5.0158,1980.67,20654.6
761799,-71.6236,11.6283,1979.71,44408.6
3136835,-72.1408,2.7667,1978.99,30048.6
486518,-72.1347,2.7492,1978.22,49683.4
889666,-71.9144,6.1908,1977.26,42677.7
249756,-71.4658,12.7225,1976.91,58211.3
4587157,-72.0822,25.1242,1976.48,26765.1
490908,-72.4411,0.5792,1975.77,49571.7
246753,-71.4931,12.465,1975.26,58369.8
2991067,-72.0131,3.2983,1974.98,30476.0
664479,-71.6017,11.29,1973.96,45972.1
10957288,-72.0369,3.9717,1973.55,20237.0
738332,-71.8328,14.52,1973.16,44760.1
1506341,-71.5219,12.4975,1973.05,37086.4
1103535,-71.5267,11.5133,1972.22,40329.0
10767503,-72.0558,2.6108,1971.54,20356.3
5366986,-71.3592,13.68,1971.16,25482.3
64331,-71.9981,24.5717,1969.49,77586.8
1043676,-71.4603,12.73,1968.36,40932.7
4050805,-71.5903,12.2217,1968.19,27808.8
8820167,-71.8439,5.9267,1967.64,21733.8
147011,-71.9697,3.2758,1966.38,65474.3
4829333,-71.8981,8.2042,1964.81,26340.4
341624,-71.9319,4.9625,1962.24,54105.6
5353926,-72.6572,-3.9592,1961.02,25502.3
329844,-71.9192,4.5742,1960.35,54561.7
5897649,-72.0072,3.1625,1960.17,24741.5
4520307,-71.6561,12.2875,1959.88,26886.2
5341036,-71.9567,7.605,1957.69,25522.3
5353927,-72.1233,25.4975,1957.31,25502.3
2355755,-71.5347,11.4575,1956.14,32690.9
3890703,-72.7142,0.1392,1955.27,28152.6
1292044,-74.5281,-9.9783,1954.63,38664.3
10986793,-71.7144,10.6083,1953.06,20218.1
3478264,-72.9042,-3.4683,1949.65,29129.2
9812057,-71.7636,6.9767,1949.37,20991.2
3346391,-71.3892,13.6667,1949.19,29470.6
662984,-71.6381,15.1142,1948.65,45998.5
2010329,-71.6003,11.68,1948.56,34214.5
4705022,-71.6053,11.5158,1948.49,26554.8
6459947,-72.0744,3.7692,1948.36,24036.1
3857512,-72.0617,2.6183,1948.12,28227.2
663287,-71.7378,6.7417,1947.55,45992.9
90691,-71.9783,24.5925,1947.05,72418.7
7060779,-71.7283,10.6325,1945.69,23358.6
1692717,-71.4836,13.0825,1945.31,35908.1
3678798,-71.5383,11.4408,1944.66,28637.3
2239535,-71.4311,12.7067,1944.47,33168.8
2804304,-71.8661,5.3633,1944.19,31062.0
4807215,-71.9233,8.3983,1943.36,26376.7
7090315,-72.1814,2.3783,1942.64,23325.9
916447,-71.7128,11.7842,1940.68,42346.5
5697814,-71.7497,10.6358,1940.54,25007.8
494383,-72.0903,23.7433,1939.55,49486.8
53870,-71.4808,12.19,1939.24,80303.3
11271546,-72.6167,0.3792,1935.52,20047.2
6770967,-72.0592,25.1258,1934.43,23675.6
1167129,-74.4242,-9.92,1934.31,39728.9
4145906,-71.6464,15.1183,1934.25,27613.4
4421201,-71.9367,25.0767,1933.69,27072.8
416288,-72.1267,22.7592,1933.61,51611.8
2030298,-71.9011,9.65,1933.42,34117.6
4638434,-74.3086,-9.7358,1932.45,26672.1
2256501,-71.6778,11.7275,1932.34,33097.7
1659309,-71.5358,11.4992,1931.75,36108.1
11033871,-73.0864,-1.8783,1930.93,20192.9
10573977,-71.4675,13.2842,1929.16,20481.1
1546268,-71.675,12.5167,1928.85,36820.9
485638,-71.5617,12.1675,1928.19,49705.2
2717766,-72.0467,22.9017,1926.45,31349.8
370244,-71.4431,12.7433,1926.22,53078.4
1472309,-72.4342,0.5467,1926.1,37319.3
4048702,-71.3708,13.69,1924.09,27813.4
5037241,-71.7783,5.8375,1923.34,25997.1
10360444,-71.8217,6.5067,1920.8,20617.5
1666165,-71.8797,9.3792,1920.35,36067.4
3099872,-71.8403,14.5242,1920.1,30154.4
4059627,-71.3978,13.6883,1920.07,27792.8
2568171,-72.6144,-3.8625,1919.67,31877.9
5272320,-72.8875,-3.4992,1919.62,25624.4
4342984,-71.5933,11.6967,1918.71,27223.0
287791,-71.9247,4.4225,1918.46,56339.2
185187,-72.29,0.7908,1916.18,62262.2
4028299,-71.9214,24.5625,1915.96,27859.2
485508,-72.5117,-3.8892,1911.47,49709.0
10511586,-71.5706,12.1325,1910.3,20518.4
10324992,-71.8611,14.4667,1908.87,20642.2
2448730,-71.8936,9.3325,1908.81,32324.4
5185690,-72.4983,-3.4708,1908.3,25760.8
2560209,-71.7758,12.0133,1907.34,31905.8
8562088,-72.8853,-3.4483,1906.37,21946.7
11338454,-71.6908,12.1092,1906.27,20005.9
536197,-71.5256,11.3875,1906.11,48505.0
9379964,-72.0656,2.6258,1905.68,21304.5
2251957,-72.5239,0.3808,1904.91,33116.9
11639821,-71.4086,13.4667,1904.62,19833.2
11418709,-71.5956,11.5033,1904.05,19961.2
4796415,-72.6181,-4.16,1903.89,26396.0
1429380,-71.6133,12.1842,1903.22,37622.0
3697089,-71.4497,12.7325,1902.33,28595.0
895914,-71.7889,9.935,1900.76,42597.0
2623091,-72.5544,-3.625,1900.22,31679.4
705916,-71.9161,4.6633,1900.09,45275.3
813568,-72.7075,0.0975,1899.77,43669.3
452054,-72.0342,22.7983,1899.57,50591.9
616847,-71.6672,11.7867,1899.27,46843.9
4624412,-72.1072,23.785,1899.2,26698.4
1734853,-71.6739,10.6017,1897.02,35662.4
4000744,-71.8969,9.3458,1895.58,27916.3
4255782,-72.2414,21.985,1894.87,27391.0
280218,-71.6367,12.2592,1894.77,56692.0
568212,-71.7981,5.8642,1894.54,47817.1
7494627,-71.4289,13.1708,1893.31,22912.5
7757294,-71.355,13.2942,1892.79,22658.0
2032165,-71.5997,12.5867,1891.65,34108.2
1160431,-71.84,5.9942,1890.62,39791.4
2885070,-71.6178,11.6483,1890.25,30802.5
924144,-71.4736,12.735,1889.75,42254.6
1275284,-71.8144,8.2708,1889.58,38800.8
3469104,-71.8547,5.4525,1888.87,29153.2
11466153,-73.0075,-3.8592,1888.47,19932.5
2719648,-71.7536,9.6867,1888.29,31345.8
10898915,-72.8108,-3.6075,1888.1,20274.8
4678754,-71.6925,10.615,1887.85,26600.4
1673744,-72.3731,0.6633,1887.3,36019.7
6296157,-71.5283,12.5133,1887.12,24231.5
6306438,-71.9014,9.3533,1886.69,24218.3
5148707,-71.9475,7.6392,1886.58,25817.6
8598482,-72.0011,2.8758,1886.42,21914.8
814804,-71.5319,12.595,1884.31,43651.8
588474,-71.5275,12.1542,1884.13,47400.9
2508073,-71.4689,12.1525,1884.08,32098.9
9779750,-71.4939,13.1075,1883.94,21015.4
4895153,-71.915,9.3308,1882.75,26228.9
3295260,-74.5525,-10.0758,1881.4,29608.6
3145206,-71.7172,11.8042,1881.24,30023.2
6895443,-71.5061,12.4917,1880.9,23537.9
136002,-71.5994,12.1375,1880.05,66587.8
141525,-71.435,12.4967,1879.57,66022.8
1176310,-72.5506,-3.69,1879.14,39647.1
5599861,-72.5428,0.3425,1878.14,25147.6
1479184,-74.4153,-9.89,1876.72,37271.5
684395,-71.5394,12.1592,1876.41,45629.9
2596381,-71.6031,11.4467,1875.19,31775.8
35234,-71.3606,12.365,1875.16,86841.2
5420899,-72.0847,18.9483,1874.51,25402.2
8752809,-71.8742,6.8625,1874.27,21786.5
2584626,-71.9556,7.4108,1874.26,31817.8
7457351,-71.7483,6.74,1873.8,22951.4
1410037,-71.8467,8.1083,1873.23,37760.6
4404286,-71.6408,11.3225,1872.68,27103.4
3708078,-72.0108,3.1025,1871.89,28568.2
2741649,-72.2833,21.4325,1871.39,31270.5
164967,-71.4806,11.4517,1871.01,63845.6
1019724,-71.5933,11.4167,1869.38,41181.0
8708269,-71.8175,8.2767,1869.36,21824.5
11707319,-71.9769,25.1217,1868.82,19797.8
1526766,-72.5947,-4.22,1868.47,36950.5
1789709,-72.0867,2.7708,1868.0,35353.8
11613027,-71.6097,11.6575,1867.88,19849.2
492647,-71.5133,11.5558,1867.42,49529.2
427396,-71.5569,11.6433,1867.32,51281.1
4526847,-71.4244,13.1308,1865.98,26876.8
9879957,-71.9603,7.7875,1865.78,20945.6
2564032,-72.0275,25.6875,1865.67,31893.8
1760572,-71.9258,4.675,1865.26,35517.4
2705942,-72.5553,-2.9458,1864.52,31392.5
1432684,-74.4278,-10.125,1864.51,37600.0
767592,-71.9022,4.56,1863.67,44322.4
5622042,-72.6106,-4.16,1863.4,25114.6
3439428,-71.9219,4.6575,1861.94,29229.6
1616933,-72.4992,-2.83,1861.62,36368.3
5258333,-72.225,2.2042,1861.28,25646.8
9339175,-71.4878,13.01,1859.76,21331.4
11033873,-72.3069,21.4483,1858.44,20192.9
7184302,-71.7369,9.0425,1857.86,23230.1
10918379,-71.7664,9.6867,1857.36,20262.2
9581005,-72.055,22.9817,1856.85,21154.4
616482,-72.0942,23.8883,1854.86,46849.3
655978,-71.6697,11.8508,1854.39,46122.9
8142836,-72.5456,-6.1992,1853.54,22303.8
6348787,-72.0586,24.9017,1853.4,24168.3
2345443,-71.8325,9.8208,1852.71,32733.8
6504836,-71.6603,10.6508,1852.34,23980.4
6393564,-72.1372,2.4467,1851.78,24115.5
3581791,-71.6719,11.81,1851.65,28872.1
689657,-72.0286,2.5875,1851.32,45541.9
10918382,-71.3533,12.6183,1850.53,20262.2
4375095,-72.515,0.3833,1849.51,27162.1
9808086,-71.6714,11.7625,1849.5,20994.2
1678888,-72.0289,2.8525,1849.45,35989.6
4081564,-71.9089,7.1683,1848.8,27744.6
684731,-71.4353,12.7883,1848.63,45625.7
4658006,-71.7467,9.6783,1848.2,26638.7
6930927,-72.4897,-3.4358,1848.12,23497.3
470253,-72.0714,23.9183,1847.58,50106.0
5501543,-72.4011,-5.5675,1845.57,25286.5
11286935,-72.0681,23.92,1844.58,20037.7
10853665,-71.9167,5.6175,1843.96,20299.9
2914730,-71.9106,4.5817,1843.93,30711.3
7580316,-72.2017,2.3542,1842.73,22828.9
9113942,-71.6583,11.1575,1842.19,21500.9
6644737,-72.2903,21.8183,1841.51,23817.8
1110425,-71.6119,11.2117,1841.35,40262.6
7204521,-71.8281,6.7483,1840.54,23208.1
3229301,-71.71,9.6558,1840.41,29786.7
1216180,-71.8117,5.8917,1839.51,39298.4
2112233,-71.9514,7.395,1838.45,33734.5
6522877,-71.6258,15.1233,1837.88,23961.8
601277,-72.8094,-3.2233,1837.62,47146.2
10024590,-71.6797,10.6025,1837.58,20845.0
11839595,-71.9106,4.6683,1836.82,19720.4
1138998,-72.4897,-3.8617,1836.8,39989.5
4081563,-72.5931,-2.9508,1835.68,27744.6
832657,-72.5422,0.3008,1835.4,43410.3
466053,-72.7897,-3.1517,1834.58,50217.8
2268499,-72.0083,24.5867,1833.97,33047.6
4162586,-71.7811,10.1733,1833.83,27581.1
353698,-71.6294,12.105,1833.49,53661.0
3946331,-71.8664,8.9767,1832.15,28032.4
3696253,-71.5383,12.7317,1831.27,28597.2
6487678,-72.0472,22.8725,1830.98,24001.6
402550,-71.81,8.8058,1830.62,52031.0
6028105,-71.5753,12.2467,1829.95,24570.9
541917,-71.6519,12.4725,1828.87,48378.8
10544499,-71.7044,9.6658,1827.67,20496.7
5657501,-71.9592,25.2658,1827.65,25066.4
2733500,-72.0056,3.9708,1827.55,31297.0
1319480,-71.6569,11.805,1827.47,38447.8
9194047,-72.2261,2.1508,1827.12,21441.6
2968256,-72.3089,1.0533,1827.11,30544.9
2653681,-72.1089,22.7617,1827.11,31572.6
3743567,-71.5636,11.6483,1826.86,28487.8
10369446,-72.0197,4.4217,1824.77,20611.4
8615100,-72.0647,3.6467,1824.34,21900.2
3117552,-72.2178,20.1942,1823.4,30103.7
7918220,-71.9558,25.2525,1822.12,22508.5
3462293,-71.9156,7.2717,1819.55,29168.5
4823879,-72.0417,22.8467,1817.81,26350.1
1821756,-71.8283,5.6,1817.05,35180.4
8256728,-71.8917,8.1667,1816.28,22206.5
1357402,-71.4414,12.4275,1815.93,38155.0
11575062,-72.0589,25.06,1814.12,19871.7
102677,-71.4608,11.9692,1813.74,70608.4
855004,-72.0075,24.3192,1812.83,43115.8
7658587,-71.4222,12.7125,1811.64,22753.4
1331545,-71.9164,8.7592,1811.54,38353.2
10072660,-72.0592,3.6425,1810.39,20811.3
8341981,-72.1353,22.7375,1809.24,22128.9
7760071,-72.0064,3.9608,1808.86,22655.2
5558308,-71.8061,5.8883,1808.82,25205.8
4162587,-71.6256,12.1808,1808.25,27581.1
7745958,-72.1633,23.6883,1808.23,22669.3
1103830,-71.4786,12.5333,1807.68,40325.8
5745361,-71.4189,13.1867,1807.28,24944.1
475177,-71.5478,11.34,1807.21,49977.4
7628306,-72.0111,3.9433,1805.35,22784.2
1661009,-72.4456,0.3408,1804.76,36097.5
8388185,-71.9336,4.465,1804.51,22091.4
767804,-71.4672,11.475,1803.94,44319.6
2882606,-71.5186,11.5483,1803.21,30810.7
10991676,-72.1747,2.3883,1803.01,20215.0
10173625,-72.0103,24.3192,1801.96,20743.8
2408849,-72.5406,-3.7483,1801.3,32481.7
9406903,-71.4656,12.4308,1801.23,21283.5
4669676,-71.6597,12.4817,1801.13,26617.1
1442058,-72.2606,1.2742,1800.07,37532.1
7055836,-71.8311,6.6,1799.44,23364.1
1656999,-71.6947,12.2808,1799.44,36122.2
4360407,-71.6667,11.8733,1799.26,27187.9
1904152,-71.4322,12.4133,1799.17,34746.7
11016434,-72.0056,24.315,1797.61,20199.2
5094822,-72.0142,24.595,1797.07,25903.8
96974,-71.3478,12.3842,1795.33,71434.6
7823863,-72.5561,-3.6675,1794.72,22596.1
95590,-72.1981,-2.9742,1794.51,71648.4
3760241,-71.5753,11.705,1791.42,28447.5
3347126,-71.8369,6.0067,1791.03,29468.4
4424872,-71.8486,9.3425,1790.79,27065.7
2456209,-72.1231,24.7533,1790.54,32296.8
183693,-71.4944,11.6017,1789.74,62373.7
4307999,-72.3819,-5.5667,1789.13,27290.8
6163762,-71.655,15.1183,1789.11,24396.6
632108,-71.6483,11.7408,1788.85,46556.0
3173747,-72.5442,0.2683,1786.25,29944.5
630083,-71.8928,4.5383,1784.3,46594.3
8988914,-72.29,0.37,1783.63,21598.5
3213189,-71.9033,4.6833,1783.45,29831.6
3694509,-71.4475,12.4367,1782.81,28601.7
436409,-71.3833,13.9208,1782.36,51020.8
3463118,-71.78,8.9208,1780.93,29166.3
969893,-71.4236,12.4008,1780.58,41726.6
2400571,-71.4933,12.1792,1780.47,32513.1
699489,-71.4806,11.6533,1779.77,45380.7
567805,-72.1042,22.7033,1779.27,47825.1
1390510,-72.8075,-3.1967,1778.75,37905.4
2453749,-72.0053,3.1975,1777.45,32306.7
10539868,-72.1192,24.7633,1775.94,20499.8
8032085,-72.5708,-4.1442,1775.45,22403.5
534864,-71.7406,6.9767,1775.18,48535.2
2191685,-71.4139,13.1158,1774.1,33377.5
1880162,-72.0558,23.2808,1773.99,34869.3
742261,-72.0708,23.4317,1773.53,44700.3
4493387,-72.0264,24.1208,1773.35,26938.3
1792602,-71.4719,11.485,1773.04,35337.6
2406532,-72.1194,2.39,1771.82,32491.5
4758454,-71.8306,5.91,1770.62,26461.1
361577,-71.9008,24.4608,1770.51,53381.3
6551792,-71.7714,10.1708,1769.21,23927.2
2477725,-71.8211,6.6175,1768.59,32213.9
6989093,-71.4894,11.6092,1768.56,23434.9
1017732,-72.0136,24.1067,1767.47,41201.1
6916761,-71.4067,12.6425,1766.06,23513.6
2832582,-72.8017,-3.1742,1765.94,30971.6
320150,-72.0303,25.2942,1765.2,54949.2
409155,-71.7417,8.955,1764.67,51827.4
7492002,-71.7622,9.945,1763.7,22915.3
266110,-71.9619,2.8742,1763.53,57371.3
7158219,-71.7786,9.7458,1761.93,23254.7
8977881,-71.8103,6.5425,1760.16,21607.4
8517126,-72.4378,0.3425,1759.32,21981.5
2492172,-72.6606,-3.1408,1759.29,32158.4
9131044,-72.4444,0.3483,1758.9,21492.0
11734546,-71.4303,12.3992,1755.16,19781.7
9041315,-71.9497,4.8342,1753.96,21560.1
3228537,-72.0283,23.1117,1753.66,29788.8
3468267,-71.3758,13.9375,1753.42,29155.4
467374,-71.6894,9.685,1752.82,50182.3
1940432,-71.9994,24.0958,1752.6,34559.2
4730365,-71.6308,12.1767,1751.89,26511.6
2571264,-71.8847,5.035,1751.73,31865.9
3091509,-72.0628,23.2558,1751.45,30179.8
1638452,-71.8778,4.5375,1751.28,36233.1
292317,-71.8772,24.57,1751.26,56133.0
2237344,-72.2808,0.7625,1751.19,33178.4
246211,-71.8625,24.69,1750.76,58400.4
1478476,-72.1814,20.2525,1750.32,37276.6
1000322,-71.7364,8.9858,1750.17,41387.8
6538656,-72.2103,22.9517,1750.06,23943.2
7295309,-72.0333,23.115,1748.7,23114.6
2263223,-71.6217,12.1292,1748.3,33070.7
47804,-71.8497,25.3892,1747.62,82130.3
859699,-72.1497,21.3042,1745.91,43055.2
6210431,-72.0375,25.2958,1745.86,24339.0
2649792,-72.8786,-3.2208,1745.71,31586.7
1313072,-72.1517,22.1108,1745.05,38497.5
876049,-71.8014,8.785,1744.77,42847.5
3161974,-71.8958,5.2675,1743.28,29976.4
10981881,-71.8653,6.0633,1741.73,20221.3
850179,-71.54,11.5825,1739.82,43177.8
6622732,-72.1108,2.2158,1738.42,23844.5
6696898,-71.9242,4.9758,1738.28,23758.9
98448,-71.9158,24.345,1738.01,71214.9
7717834,-71.8942,24.4667,1737.49,22697.4
628986,-71.4864,12.6683,1736.43,46613.5
2139481,-71.5972,11.63,1736.17,33609.6
4280290,-71.365,13.975,1731.94,27344.4
3746390,-72.4594,0.2625,1730.69,28481.1
933160,-71.9547,2.8575,1729.12,42147.4
3775571,-71.8361,6.9925,1728.73,28413.9
5958813,-72.3758,-5.5733,1727.67,24661.5
8674547,-71.8092,8.8383,1726.08,21853.6
3520395,-71.7178,10.2617,1725.69,29024.0
11073503,-71.5964,12.2767,1725.29,20167.6
10734353,-71.8,8.7808,1725.05,20378.2
4961762,-72.1347,2.4733,1724.61,26119.4
7366572,-71.8208,6.9917,1724.05,23042.8
114742,-71.9467,25.5492,1723.87,69003.0
680359,-71.5878,12.2925,1723.18,45701.1
855097,-71.4619,11.6367,1722.72,43114.3
75336,-72.1039,-2.3708,1722.62,75226.2
2029932,-72.0686,25.6183,1721.35,34119.4
308485,-71.9075,24.2333,1720.65,55431.7
2847927,-71.4714,11.9658,1717.72,30920.1
6069123,-71.6267,12.2467,1716.71,24519.0
11083460,-71.8711,7.0767,1715.73,20161.3
9581008,-71.6256,11.4125,1714.46,21154.4
9063059,-71.9344,7.6558,1712.1,21542.4
4823877,-72.2514,21.4283,1711.25,26350.1
7366573,-71.6114,15.1558,1709.92,23042.8
10369447,-71.8833,4.5483,1709.89,20611.4
557464,-71.4644,11.565,1707.7,48045.7
7853290,-72.4775,-6.4192,1706.27,22567.9
3784877,-72.1628,22.1017,1705.85,28391.5
2710966,-71.8128,8.8892,1705.24,31374.2
11397825,-71.6475,12.4708,1705.22,19974.0
3473320,-71.5511,15.4858,1704.95,29142.3
3766777,-72.0761,2.6092,1704.66,28431.9
10986790,-72.4314,0.3583,1703.7,20218.1
344505,-72.0394,24.6042,1702.48,54000.7
9708347,-72.4972,-3.9492,1702.22,21063.9
1327917,-72.1258,22.0608,1702.19,38381.5
636092,-71.9586,24.6258,1701.2,46483.4
9110279,-71.85,8.3925,1701.02,21503.9
2566636,-72.2164,1.2475,1700.84,31883.9
949589,-71.8136,5.2258,1698.98,41956.5
3213886,-72.1272,2.4742,1698.88,29829.4
3950323,-71.4008,12.8058,1698.61,28023.3
1670586,-72.2211,21.8767,1698.3,36039.2
4471956,-72.3347,0.7642,1697.51,26976.1
234780,-72.2628,-3.4317,1696.29,59030.8
8259847,-72.1689,22.1092,1696.08,22203.6
8855643,-72.1553,23.0275,1694.76,21704.4
395141,-72.1431,-3.1783,1694.04,52265.6
9704424,-71.3753,13.4183,1692.87,21066.9
739275,-71.4078,12.3775,1691.55,44745.9
10810290,-72.2411,21.5092,1691.29,20328.1
3698016,-71.4308,12.4392,1690.73,28592.8
2806089,-71.6089,11.7425,1689.72,31055.8
9055736,-71.8597,6.07,1688.69,21548.3
4329932,-72.1433,22.1075,1687.62,27246.4
7242552,-71.8772,4.5183,1685.04,23166.9
4793672,-71.7283,9.6708,1683.87,26400.8
1461416,-72.0494,2.5275,1683.27,37396.1
7930048,-71.8944,4.6717,1680.26,22497.2
6330460,-71.7378,8.9375,1680.19,24192.0
11817493,-71.9686,3.2892,1679.34,19733.3
273689,-71.355,12.4475,1678.05,57003.6
3970749,-71.3956,13.8017,1677.96,27980.1
1222437,-71.4886,11.6592,1676.68,39244.9
3750078,-71.9811,2.9,1676.44,28472.2
4579402,-71.8325,5.2342,1676.32,26779.4
4722075,-71.8461,24.6917,1674.07,26523.6
2321565,-71.8853,24.45,1672.93,32829.0
3351866,-71.5147,15.5183,1672.93,29455.4
400584,-72.0042,24.26,1672.78,52094.7
160151,-72.0986,-2.845,1672.01,64266.3
8011075,-71.7536,9.0192,1671.81,22423.4
8648832,-71.6575,11.715,1671.62,21871.1
1456810,-71.3458,12.4108,1671.14,37430.1
868888,-71.7067,7.9667,1670.52,42938.1
11745684,-71.5853,11.4642,1669.38,19775.3
11286936,-71.7486,9.7333,1669.07,20037.7
5936105,-71.5253,15.5142,1667.98,24692.5
1088799,-71.4714,11.5275,1666.01,40472.5
7655831,-72.0906,22.8217,1665.94,22756.2
4649010,-71.5417,11.3867,1665.41,26655.4
506685,-71.9097,22.695,1665.33,49192.4
458621,-71.7283,8.3417,1665.03,50415.3
584008,-71.4997,15.4958,1664.05,47490.9
4152315,-72.1128,25.3783,1663.63,27599.5
2885711,-71.4708,11.6517,1663.11,30800.4
5467529,-72.1375,22.0767,1661.51,25334.3
601956,-71.4819,11.9617,1661.07,47134.0
1470429,-72.7375,-2.0867,1660.94,37333.0
8420257,-71.84,5.275,1660.93,22062.5
4664468,-72.04,22.7008,1660.89,26626.7
893889,-71.9103,24.2983,1660.71,42623.9
7428110,-72.4872,-2.8492,1660.15,22981.9
4823880,-71.9783,2.8883,1659.15,26350.1
5899443,-71.3894,13.7892,1658.06,24738.9
2825023,-71.6411,12.1708,1657.78,30994.2
10539870,-71.8672,5.0108,1657.11,20499.8
8477329,-71.6083,12.4875,1656.9,22016.3
8145822,-71.85,8.8817,1656.25,22300.9
677002,-72.0406,23.48,1655.41,45756.8
4282613,-72.1317,22.0525,1654.46,27339.8
2785529,-71.5792,11.7683,1653.63,31123.4
4546723,-71.8097,4.9375,1653.15,26838.8
6292121,-71.9108,24.4992,1652.74,24236.7
3134620,-71.5456,11.6167,1652.7,30055.0
581812,-72.0467,23.9267,1652.03,47535.2
1772444,-71.7356,7.1125,1651.89,35449.2
5912748,-71.5644,11.7075,1651.38,24720.8
1378298,-74.2878,-9.5967,1650.97,37996.1
4589665,-72.4764,0.1692,1650.81,26760.4
1867302,-71.7761,8.2183,1649.38,34936.9
883619,-72.0497,23.4667,1649.3,42752.2
9445532,-72.15,20.3167,1648.24,21253.6
4289361,-71.9603,2.8892,1648.11,27325.8
5543230,-71.9022,24.3108,1647.4,25228.5
4709014,-71.5114,10.8608,1647.32,26547.6
559212,-72.1039,-2.695,1646.88,48007.3
9787788,-71.3594,13.99,1646.55,21009.4
8300858,-71.8706,4.4758,1646.21,22166.3
9672005,-72.0492,24.9167,1645.81,21091.1
803088,-71.9169,22.6467,1645.68,43813.5
6257187,-71.6086,12.4792,1645.25,24281.4
7421814,-71.6842,9.6008,1645.06,22984.7
2302344,-72.0603,23.4417,1644.41,32908.5
1198004,-72.0258,22.94,1641.73,39455.4
6696899,-71.4736,11.5467,1641.46,23758.9
3277216,-71.8869,24.1875,1640.12,29655.9
3819469,-72.2097,1.1992,1639.96,28312.9
942965,-72.2864,-3.235,1639.71,42032.4
1056384,-71.9111,25.0392,1637.65,40801.7
7033917,-71.8039,4.9483,1637.06,23388.6
3547121,-72.0381,23.9183,1636.53,28958.1
1635167,-71.5839,12.0333,1635.95,36254.2
6540855,-71.5992,10.5533,1634.71,23940.5
7533443,-71.9906,24.5925,1632.67,22876.3
7279854,-71.8133,8.325,1632.08,23131.1
3019965,-72.1061,-2.7317,1629.18,30390.2
3613288,-71.845,8.8608,1628.41,28794.8
85920,-72.2633,-0.4117,1628.27,73228.9
9308715,-71.6044,10.5567,1627.33,21355.2
826697,-71.4614,12.5308,1627.28,43491.0
11397824,-72.8264,-1.0992,1626.08,19974.0
2208903,-72.0919,2.215,1626.0,33301.1
445240,-71.4556,15.5833,1623.65,50776.7
3928536,-71.7925,5.1967,1622.7,28073.3
1447223,-72.2725,-3.3175,1622.67,37496.5
557579,-72.1867,-2.7883,1621.41,48043.1
1230362,-72.2814,-3.4275,1620.96,39176.6
2652020,-71.9925,24.2492,1618.2,31578.7
2325690,-72.0853,2.195,1618.08,32811.5
967993,-71.9536,25.3808,1617.83,41749.5
11762186,-72.0914,23.2167,1617.39,19765.6
1850428,-72.0989,1.3833,1616.99,35026.1
3701614,-72.0186,23.1542,1616.55,28583.8
1558435,-72.115,22.0033,1614.2,36743.0
8467623,-71.9125,22.6458,1613.97,22025.0
8348370,-72.2106,1.2108,1613.87,22123.1
11778862,-71.8011,8.2908,1613.76,19755.9
4164671,-71.9467,25.3567,1611.2,27576.4
1794225,-72.0208,23.92,1610.55,35328.6
1289840,-72.0131,25.0875,1610.51,38680.7
1032910,-72.2464,-3.3992,1610.51,41044.6
9186522,-72.2697,-3.3658,1610.33,21447.5
5962592,-72.0317,23.4692,1610.32,24656.3
3610710,-72.1639,-3.0333,1609.62,28801.4
179678,-72.0108,24.8425,1607.58,62667.2
970288,-71.3489,13.6217,1604.65,41722.0
5358684,-72.2558,-3.3892,1604.4,25494.8
2811385,-71.9522,25.5742,1603.55,31037.4
5449389,-71.6844,9.6675,1603.45,25362.0
3951267,-74.2811,-9.6258,1602.18,28021.1
7068013,-72.2569,-0.4242,1602.12,23350.4
2245830,-72.1133,-2.7533,1601.97,33143.8
524204,-71.515,12.575,1599.98,48780.1
2152960,-71.4139,12.6308,1598.47,33548.9
3081164,-71.9903,2.8133,1597.79,30211.4
891726,-72.0344,1.6267,1597.53,42650.8
3223492,-72.0219,22.8808,1596.82,29803.8
11762185,-72.1464,23.7383,1594.56,19765.6
8728662,-71.4028,14.0317,1594.41,21806.9
3331289,-71.7694,5.1408,1593.24,29509.5
11016433,-72.0081,24.85,1592.55,20199.2
6457777,-71.4447,13.0833,1591.61,24038.8
10923281,-72.3756,-3.7675,1591.44,20259.1
57752,-72.1242,-0.3217,1591.27,79200.9
4576959,-72.0328,23.9183,1591.0,26784.2
3140342,-71.9933,-4.9458,1589.69,30038.0
496874,-72.0731,-2.4142,1584.21,49426.2
818109,-71.9925,23.4942,1581.51,43606.6
3701613,-72.2044,1.1117,1581.35,28583.8
8262921,-72.1189,22.0175,1580.58,22200.7
5639292,-71.9697,25.0508,1579.67,25089.2
10050513,-71.9169,24.2617,1578.14,20826.6
11623677,-72.2808,-3.325,1577.51,19842.8
11033875,-71.7219,7.785,1576.99,20192.9
562991,-71.8572,25.4725,1573.57,47927.6
2070897,-71.3667,12.3925,1571.45,33924.7
763291,-72.0342,24.5617,1570.63,44385.6
2665930,-71.4411,11.9733,1570.58,31530.2
2301363,-71.4889,11.9483,1568.46,32912.3
4829332,-72.095,21.9667,1567.81,26340.4
8348371,-72.0394,1.6333,1566.32,22123.1
10208773,-71.7306,6.9117,1566.26,20719.3
3923049,-72.0839,1.7208,1565.74,28082.4
10681225,-72.1103,-2.7508,1564.96,20409.4
1574298,-72.1328,-2.7475,1563.86,36638.8
353239,-71.4189,11.9517,1562.85,53678.8
4326477,-72.0114,22.8333,1560.44,27253.4
544523,-72.0631,-2.7242,1560.22,48320.8
2260631,-71.7314,8.3992,1559.87,33082.3
4927577,-72.6281,-2.9383,1559.01,26175.4
4550420,-71.7061,7.7933,1558.74,26831.7
2929510,-71.8742,24.6867,1557.64,30663.6
9980377,-71.5744,12.215,1557.47,20872.4
6694655,-72.0972,23.9183,1555.3,23761.5
550130,-71.9608,23.34,1554.82,48199.3
1650858,-72.0086,23.4767,1552.2,36159.2
5332975,-71.9239,24.3758,1552.01,25534.7
125482,-71.765,25.0625,1550.31,67714.9
10853664,-72.1344,21.5975,1549.78,20299.9
5332974,-72.185,-3.0108,1549.77,25534.7
466876,-72.1878,-3.4508,1548.45,50196.2
2432389,-72.0128,23.4608,1548.14,32387.4
11492450,-71.5444,12.4758,1548.12,19916.5
1347853,-71.7031,8.4425,1546.2,38226.8
284558,-71.3214,13.4058,1544.5,56491.7
3642864,-71.8625,24.535,1544.32,28723.9
7620016,-71.33,13.3192,1541.9,22792.6
4763823,-72.1064,-2.7717,1540.36,26451.5
1325506,-72.0006,23.1825,1538.42,38401.4
2248051,-71.3244,13.3133,1538.12,33134.2
9110278,-71.9622,23.3342,1537.7,21503.9
1191924,-72.6186,-2.8692,1536.4,39508.6
4659303,-72.1658,1.1358,1535.09,26636.3
4996450,-71.9469,2.8342,1534.95,26063.2
7055834,-72.0883,-2.3983,1534.72,23364.1
4129746,-71.4306,11.975,1534.49,27648.0
1582405,-72.0661,-2.415,1534.2,36586.6
1936980,-72.0444,23.3092,1532.51,34577.6
1121226,-71.3936,13.0142,1531.98,40156.4
7757291,-71.9853,24.23,1531.82,22658.0
2753792,-71.8881,22.7367,1530.07,31227.7
7706746,-71.8886,24.2908,1529.94,22708.6
2327494,-71.5044,11.9383,1524.41,32803.8
10147462,-71.4981,11.9392,1523.36,20762.3
3488169,-72.025,23.46,1521.16,29102.9
5752390,-72.2883,-6.04,1520.63,24933.8
7227132,-71.8942,22.7392,1519.72,23183.4
8227406,-72.2961,-3.8592,1519.48,22229.4
2325691,-72.0842,1.435,1518.56,32811.5
2450818,-71.7156,8.99,1517.97,32318.5
273921,-72.1758,-0.0758,1517.9,56992.4
8655484,-72.3031,-3.7892,1515.96,21865.3
4192396,-72.0597,1.6242,1514.41,27520.9
3371336,-72.2208,-3.415,1513.57,29405.6
3292892,-72.6344,-2.9233,1513.01,29615.1
2001335,-71.6947,8.4275,1512.73,34257.3
3205211,-71.4628,15.5742,1512.35,29855.0
1577645,-72.0056,23.8967,1511.41,36616.2
3588673,-71.9625,25.5333,1509.82,28854.5
858595,-71.9014,24.7725,1509.26,43070.0
11118403,-71.7244,6.9142,1507.61,20139.2
1800048,-72.1367,-3.3033,1507.24,35297.9
2342498,-72.0125,22.9975,1506.66,32743.5
1657863,-72.0817,-2.3692,1505.14,36116.9
9134701,-74.3208,-9.8017,1504.68,21489.1
1093581,-71.8725,25.485,1504.18,40425.2
2273127,-71.7336,8.8367,1502.99,33030.2
953955,-71.9297,24.4192,1501.34,41906.4
8806379,-72.1258,-3.2908,1500.71,21745.5
1025412,-71.6067,7.055,1499.77,41120.6
7720709,-72.2169,-3.425,1498.72,22694.6
2362427,-72.0006,23.0033,1498.33,32665.6
4017376,-72.0064,22.9992,1492.31,27879.7
2834415,-72.2725,-0.4192,1492.23,30965.4
3997709,-72.2156,-2.9392,1491.81,27923.1
410459,-71.3761,12.47,1490.72,51786.8
8759693,-71.7083,7.7742,1490.46,21780.6
299857,-71.8972,25.6683,1489.08,55800.6
7334090,-72.0153,23.0767,1488.16,23073.2
312328,-71.8367,25.0683,1486.43,55271.7
3182406,-71.9928,22.9858,1485.0,29919.0
3941382,-72.0119,23.0342,1484.29,28043.8
1420826,-72.1983,-3.45,1483.93,37682.9
6029928,-71.9919,23.185,1482.04,24568.3
4224276,-71.7392,8.8525,1478.29,27453.7
3555634,-72.2814,-3.8008,1474.31,28936.1
5465893,-72.0378,23.3067,1473.88,25336.9
6330459,-72.2781,0.2992,1473.23,24192.0
2810792,-72.2806,-3.9192,1472.53,31039.4
5375069,-71.9867,22.9925,1472.37,25469.8
898885,-71.8611,22.7733,1472.1,42559.6
8011074,-71.9797,24.2233,1470.45,22423.4
4545496,-72.2875,-3.9208,1469.75,26841.2
8443313,-71.985,24.105,1465.72,22042.3
606776,-71.8272,25.2792,1465.06,47036.6
5972135,-71.7017,8.3567,1464.21,24643.4
1126213,-72.0808,1.3325,1463.0,40108.8
6715058,-71.6858,8.0217,1462.76,23737.4
571963,-71.4278,12.61,1462.3,47739.8
6059419,-72.0353,2.4767,1461.66,24532.0
2984489,-71.8361,25.0475,1461.35,30496.9
6202440,-71.4492,15.5642,1459.85,24349.5
11823056,-72.0406,24.8042,1459.73,19730.1
3709010,-71.3131,13.4233,1454.91,28566.0
11083461,-71.6881,8.025,1454.34,20161.3
1419218,-71.8256,25.095,1452.26,37694.7
10392002,-72.0417,24.9542,1447.83,20595.9
1591228,-71.3911,12.7642,1447.43,36530.8
519376,-72.1197,-0.3817,1446.25,48891.0
579997,-71.8072,25.0183,1445.72,47571.3
1655797,-71.2967,13.4367,1444.42,36127.5
11655953,-72.0247,24.5992,1444.36,19823.5
10516153,-72.0944,-2.7325,1443.85,20515.3
6073047,-71.3403,13.6183,1442.81,24513.8
5150177,-72.4689,-2.8475,1439.39,25815.1
380339,-72.4247,-2.3067,1439.2,52742.5
2021298,-72.0944,1.2167,1435.39,34160.5
11163230,-71.9803,22.9958,1431.86,20110.7
10957290,-71.3628,13.485,1431.69,20237.0
8715087,-72.0842,1.3475,1431.64,21818.6
2793554,-71.9853,24.5142,1430.95,31098.9
4732957,-71.8614,2.8258,1430.6,26506.8
9967622,-71.9031,22.6308,1430.53,20881.6
3561606,-72.2461,-3.4642,1429.66,28920.7
10695136,-72.0472,24.85,1428.88,20400.1
10615515,-72.2772,-0.4158,1426.03,20453.1
182139,-72.3653,-1.9925,1423.32,62482.9
1409611,-72.03,24.8133,1422.88,37764.0
3997710,-71.3658,12.4608,1418.05,27923.1
842924,-71.8006,25.0758,1417.61,43273.6
2223954,-71.9464,24.5233,1416.74,33236.0
3035474,-71.8356,25.3508,1415.75,30341.9
1128016,-71.8125,25.0983,1415.67,40092.9
1139514,-71.9317,24.46,1414.32,39984.7
2889572,-72.0714,1.3217,1413.68,30788.0
4345258,-71.7981,25.0575,1412.04,27218.3
3191824,-72.1658,-0.0475,1411.08,29891.3
984459,-71.8231,25.1933,1410.71,41562.9
11602133,-71.3275,13.4008,1409.84,19855.6
3980782,-71.41,11.9233,1409.44,27957.3
1081137,-72.0075,2.53,1409.05,40548.0
6646927,-71.9308,24.4458,1408.74,23815.1
1283805,-71.6339,8.4458,1404.97,38730.1
8300857,-72.1689,-0.0575,1404.2,22166.3
10709172,-71.6819,7.7975,1402.44,20390.7
952388,-72.0467,-2.7858,1401.77,41924.6
4555339,-71.67,8.46,1401.65,26822.2
3712873,-71.4,13.1575,1401.15,28559.3
2847928,-71.3081,11.4458,1400.52,30920.1
5970276,-72.05,-2.7967,1400.01,24646.0
6474887,-72.0025,2.525,1399.0,24017.6
1510343,-71.3269,13.6117,1398.91,37060.6
1575543,-71.5731,19.3842,1398.75,36630.1
2833825,-71.8511,22.8208,1398.14,30967.5
10124040,-71.3072,13.4267,1397.36,20774.5
7874675,-71.955,23.9467,1392.39,22550.9
8899832,-71.9583,23.9417,1390.57,21672.1
3945359,-71.5989,7.0433,1387.05,28034.7
1825935,-71.3831,12.4775,1386.27,35156.8
605192,-72.0078,-2.5367,1385.51,47067.8
1883600,-72.4386,-2.7575,1385.43,34852.9
7947551,-71.9325,24.3642,1383.87,22480.2
7279855,-71.3833,13.0267,1381.82,23131.1
3792358,-71.3333,13.3942,1378.76,28373.5
5419257,-72.5814,-2.4383,1378.74,25404.7
9113940,-72.1389,-2.6275,1376.78,21500.9
6672342,-71.8461,24.5342,1376.24,23788.3
420464,-71.9903,-2.5892,1376.11,51488.2
4868492,-71.6608,8.4667,1375.05,26275.0
1893446,-71.7867,25.095,1373.94,34801.7
3914054,-72.0581,-2.65,1373.37,28102.8
4546722,-72.0875,-2.3608,1373.18,26838.8
1668747,-72.0556,-2.4483,1369.19,36051.5
7781029,-72.22,-3.4567,1368.18,22638.4
6169755,-71.9403,2.78,1367.92,24388.7
10986791,-72.1103,-2.405,1367.69,20218.1
2227703,-71.3331,12.6383,1366.2,33218.7
8792885,-71.8944,24.3433,1363.52,21757.2
6743295,-71.6206,8.9433,1359.37,23707.9
701203,-72.0386,-3.3825,1358.1,45352.6
8735567,-71.8261,25.1433,1356.37,21801.1
5241591,-71.2967,11.4417,1356.13,25674.1
7058300,-71.8064,25.08,1353.48,23361.3
780708,-72.0536,-3.405,1350.33,44130.8
4751686,-72.0506,-2.7608,1349.51,26473.1
5949492,-72.0769,1.165,1348.17,24674.4
1740959,-71.7733,25.095,1347.44,35628.5
7400683,-72.0656,1.3183,1346.77,23006.8
5250687,-71.6342,8.4233,1346.51,25659.2
9934178,-71.6736,8.0683,1346.26,20906.0
3693569,-71.6481,8.4517,1343.68,28603.9
1056524,-72.0756,-3.4175,1340.04,40800.2
2394235,-71.9917,-2.57,1339.4,32538.5
3256407,-71.8981,25.6033,1339.23,29711.7
699063,-72.2372,-0.2917,1336.6,45387.7
368072,-71.8131,25.685,1331.39,53156.4
568452,-71.6706,23.5517,1325.14,47811.8
4949078,-72.0142,-3.38,1323.01,26141.3
2668294,-72.1192,-3.2975,1322.8,31522.1
3210239,-71.7678,25.1083,1319.7,29840.1
10704519,-71.8567,25.3708,1318.91,20393.8
2309153,-72.1522,-0.2383,1318.77,32879.4
11682998,-72.1269,-3.1867,1316.13,19807.5
2762182,-72.0883,-3.2958,1314.54,31201.1
10466061,-72.1172,-2.3892,1309.46,20549.4
11366601,-71.8267,25.1642,1307.93,19993.1
2023870,-72.3575,-1.9875,1305.1,34147.4
11178234,-72.1383,-0.2817,1303.53,20101.2
10625007,-72.0069,-2.5492,1303.1,20446.9
539492,-72.1097,-0.1983,1302.97,48432.7
3067599,-72.1256,-0.3992,1302.85,30249.4
104879,-71.4672,23.9575,1302.5,70306.4
10748547,-71.6314,8.7692,1299.91,20368.8
3387425,-72.1694,-0.0983,1299.02,29364.4
617291,-72.1383,-2.2792,1293.77,46834.4
7642155,-71.5631,8.9208,1293.07,22770.2
1134494,-71.5361,8.8817,1291.38,40032.5
6416555,-71.8128,23.8675,1290.06,24086.4
775093,-72.0347,-2.7983,1289.01,44213.1
673240,-71.2903,13.72,1288.79,45820.8
7123421,-71.6253,8.4108,1287.46,23293.1
898184,-71.3033,13.7083,1285.49,42568.5
3431864,-71.8289,25.245,1284.99,29247.1
128540,-70.9964,12.0175,1281.02,67382.9
10128358,-71.5719,8.8883,1280.93,20771.5
892543,-71.8258,25.4125,1280.71,42640.3
7706745,-71.9986,-2.5408,1278.49,22708.6
1377663,-71.3519,13.1992,1276.93,38001.1
6741016,-71.2836,13.4008,1261.41,23710.5
7620015,-71.8136,25.1867,1260.6,22792.6
1287699,-71.8761,-2.5992,1259.66,38698.9
5449388,-71.6889,23.5642,1251.44,25362.0
6451252,-71.5539,8.91,1251.01,24046.7
653452,-71.3314,12.545,1248.46,46167.1
590020,-72.2472,-0.485,1243.77,47368.7
208618,-71.7442,25.26,1242.15,60631.3
2492699,-71.5478,8.8792,1238.92,32156.4
236444,-71.7017,25.1983,1236.75,58935.7
1117814,-71.8061,25.4158,1235.95,40191.3
375675,-71.9233,-2.9583,1233.68,52895.7
5882909,-71.8361,-5.6992,1232.32,24762.0
10643706,-71.81,25.2025,1228.83,20434.4
9215992,-71.8647,25.3283,1223.59,21423.8
7924118,-71.3303,12.7967,1222.0,22502.9
11235966,-71.6989,23.5525,1221.29,20069.5
1549078,-71.7706,25.1325,1220.55,36803.6
1289073,-71.9967,-3.375,1217.17,38687.3
2385001,-72.2306,-0.5217,1216.21,32573.8
8008003,-71.8769,-2.57,1215.15,22426.3
1502744,-72.0394,-3.5275,1214.48,37112.2
1311512,-72.2386,-0.4617,1213.16,38510.7
3447809,-72.1344,-2.3483,1210.31,29207.8
497890,-71.7406,25.5042,1209.58,49401.7
7633773,-71.3008,12.8775,1207.73,22778.6
1016799,-71.3486,7.675,1206.14,41211.9
9553368,-71.8047,25.6867,1204.53,21175.5
991479,-71.7056,25.2375,1204.52,41484.6
5525220,-71.9786,0.5208,1202.54,25251.2
3012298,-71.9903,-3.3633,1199.43,30411.1
836807,-71.7231,25.2525,1197.67,43356.0
1151481,-71.3347,7.6042,1194.79,39873.0
11220579,-71.2975,12.8858,1191.84,20079.0
3979784,-71.4928,8.925,1191.37,27959.6
8575275,-72.1547,-0.1075,1190.06,21935.1
8924758,-72.245,-0.505,1187.84,21651.5
1447694,-71.3178,12.59,1187.55,37493.1
775447,-72.0161,-3.5108,1187.11,44207.3
3364897,-72.0372,-3.5067,1186.13,29423.0
828400,-71.8031,25.65,1184.47,43467.5
3916018,-71.7331,25.4992,1184.3,28098.3
510380,-71.6858,25.1367,1183.2,49105.5
1050802,-71.8081,25.4608,1180.62,40859.5
5084501,-71.3142,13.6933,1179.66,25921.1
3970748,-71.7961,25.4017,1173.13,27980.1
634826,-71.7672,25.2958,1169.13,46506.7
2489222,-71.9133,-2.97,1165.85,32170.3
10874705,-71.8783,25.6683,1164.69,20290.5
7499999,-71.29,12.9042,1163.49,22906.9
2430488,-71.7117,25.1825,1160.02,32395.3
892863,-71.7006,25.4533,1155.87,42635.8
8677907,-71.6972,25.2483,1153.39,21850.7
1436081,-71.7558,25.6142,1149.48,37574.5
1916906,-71.7189,25.5008,1147.29,34680.6
11466154,-71.9303,-2.9767,1141.87,19932.5
11596675,-72.1106,-0.4017,1140.65,19858.9
6059420,-71.9561,0.4908,1137.52,24532.0
1385664,-71.8244,-1.7242,1135.02,37940.7
5459324,-71.8664,-1.7567,1127.24,25346.9
1171421,-71.7558,25.2892,1124.35,39690.4
7829636,-71.7636,25.2883,1121.48,22590.5
5489890,-72.1628,-0.2475,1120.22,25304.2
1215828,-72.0814,-0.255,1120.15,39301.7
1038824,-71.9653,-3.3775,1119.4,40982.5
2741650,-71.795,25.6458,1118.81,31270.5
6808615,-71.8728,-1.715,1110.88,23635.2
3400333,-71.7478,25.5258,1104.11,29329.7
854384,-71.6711,25.1975,1098.34,43124.7
5585368,-71.6856,25.2558,1098.29,25165.3
5010822,-71.6817,25.2442,1097.87,26038.8
6977116,-71.9319,-2.94,1094.93,23448.5
11361429,-71.9519,-2.0158,1094.2,19996.3
3542555,-70.95,11.3933,1087.42,28966.9
771857,-71.6369,-1.2392,1086.66,44259.2
5819516,-72.0169,-3.55,1082.3,24846.8
7757293,-71.7542,25.5292,1081.59,22658.0
8075341,-71.7042,25.1542,1080.33,22366.5
2310915,-71.7039,-1.5183,1074.75,32871.7
463727,-71.5928,-1.1525,1070.68,50282.5
2014675,-71.7325,25.5933,1067.83,34192.2
3655451,-71.3064,13.305,1067.62,28695.1
680133,-71.8947,-3.2275,1066.54,45705.3
2118557,-72.0636,-0.2783,1063.81,33704.2
7229672,-72.3183,-1.9583,1055.9,23180.6
6598591,-71.8636,-2.6983,1052.16,23873.9
2259332,-71.7706,-1.355,1052.0,33088.0
3970747,-71.9628,-3.3358,1050.9,27980.1
6257185,-71.9594,-3.3242,1048.29,24281.4
5033931,-72.0703,-0.2667,1041.13,25999.6
6265397,-70.96,11.495,1039.48,24270.9
4795014,-71.5953,-1.1692,1038.8,26398.4
4465909,-71.6483,-1.2317,1032.62,26987.9
1628048,-71.7586,-2.82,1031.43,36298.1
9339174,-71.6422,-1.2275,1026.43,21331.4
1063277,-70.9661,11.8492,1022.78,40728.3
3604673,-71.7564,-2.7775,1018.46,28816.9
2019453,-71.6892,25.6575,1017.12,34169.8
1168653,-71.2053,13.5592,1008.22,39714.5
10685722,-71.2464,8.2217,1001.32,20406.3
1528716,-71.5589,25.4117,1000.66,36936.7
7821036,-71.9556,-3.3192,993.06,22598.9
1960743,-71.6886,25.5117,989.75,34457.6
4455083,-72.2992,-1.9417,982.66,27009.2
5396669,-72.0047,-3.5433,982.14,25439.8
10270319,-71.7089,25.6825,979.31,20676.2
1422416,-71.4581,25.2983,973.56,37671.1
3430218,-71.8992,-2.9742,972.96,29251.4
7549878,-71.8917,-3.2242,968.94,22859.6
1721969,-71.5872,-1.1925,958.63,35737.4
7609060,-71.6075,-1.2533,953.0,22803.8
2241272,-71.6594,-1.5733,941.33,33161.1
5846805,-70.9772,12.0308,938.28,24808.3
4446292,-71.4983,25.3475,925.86,27023.3
9521925,-71.955,-3.3942,908.56,21199.5
5249171,-71.455,25.3367,904.46,25661.7
8362614,-71.5764,-1.13,892.47,22114.5
1195769,-70.8719,11.5317,881.76,39473.1
5650661,-71.7525,-2.8558,866.92,25076.5
3759328,-71.6739,-2.8442,859.58,28449.8
2899260,-70.8858,11.5192,856.97,30759.0
2394734,-70.9147,12.0442,826.18,32536.6
10704521,-70.9117,12.0592,821.6,20393.8
1845325,-70.9239,12.2408,821.02,35051.6
11596677,-71.6083,-1.3958,816.94,19858.9
4568138,-71.5308,-1.0192,775.45,26800.8
2519887,-71.5556,-2.1783,747.23,32055.2
10662326,-70.9044,12.0667,732.38,20421.9
559342,-71.1761,-6.7575,697.58,48004.6
8011076,-71.5392,-2.8217,674.86,22423.4
4656689,-71.5233,-0.9992,661.97,26641.1
4726018,-70.9136,12.27,657.16,26516.4
1456563,-71.4892,-3.245,496.35,37431.8
733438,-70.385,18.7617,430.56,44835.5
6230400,-71.4817,-3.2017,400.76,24312.9
137872,-70.4028,-3.0275,398.77,66390.4
5705919,-70.2981,16.2417,363.96,25000.2
191252,-70.3678,4.3617,352.88,61817.6
1415180,-70.5003,21.8842,348.07,37723.5
3166271,-70.5375,24.0708,336.86,29963.7
1498744,-70.1847,9.1767,317.32,37137.9
257749,-69.8878,15.8939,314.59,57795.0
622549,-70.9956,-10.1367,278.25,46732.2
348838,-70.5311,-6.0608,273.01,53837.6
449147,-70.9175,-2.6042,270.35,50670.0
356408,-70.1281,1.1925,266.98,53561.2
430694,-70.5075,2.9717,262.19,51185.4
4660612,-71.0603,-2.6392,259.83,26633.9
1634065,-70.7564,-3.0533,251.8,36261.2
10967233,-70.7683,11.6208,238.58,20230.7
863838,-70.2475,7.6717,230.85,43000.4
2716609,-70.7589,11.6725,222.1,31353.9
8550345,-71.785,-0.7892,204.14,21952.5
1419220,-71.1731,-3.23,190.91,37694.7
3267210,-70.7439,11.4783,184.88,29683.8
1057615,-70.27,5.64,183.16,40787.7
3057663,-70.1108,12.9617,165.37,30276.7
5618639,-70.7569,11.75,164.69,25119.7
11371812,-70.7508,11.54,163.79,19990.0
4481762,-71.4422,-1.6825,157.96,26957.2
9300990,-70.7753,11.8617,157.48,21361.2
7729106,-70.7378,11.4558,155.57,22686.1
9343017,-70.7675,11.8075,155.24,21328.4
1622033,-70.0536,10.84,147.57,36336.7
11487230,-71.3394,-3.4133,146.64,19919.7
5940022,-70.7686,11.8308,145.66,24687.3
9297200,-70.7803,19.0008,134.4,21364.2
11634415,-70.7397,11.5083,126.62,19836.4
1332998,-70.74,11.66,125.63,38341.6
3213190,-70.1556,6.4525,124.09,29831.6
10156172,-70.7461,11.6008,123.78,20756.1
8820168,-70.8797,19.33,118.96,21733.8
8520466,-70.7581,11.7925,118.04,21978.6
6449083,-70.1217,17.245,115.33,24049.4
7628308,-71.2997,-3.9108,111.78,22784.2
3548811,-70.6444,2.045,107.95,28953.7
6389489,-70.7433,20.7908,105.05,24120.8
10316180,-71.4317,-1.7633,103.87,20648.4
5695998,-70.1806,-1.8458,100.31,25010.4
9659738,-70.4153,10.645,98.21,21100.1
5666241,-70.7003,-7.8333,86.39,25053.6
8546942,-70.2136,-2.15,82.73,21955.4
4895163,-69.7272,13.6478,82.12,26228.9
10724956,-70.3625,24.6467,68.76,20384.5
10592487,-70.0711,11.695,66.11,20468.7
11558183,-70.0639,11.6492,65.09,19881.3
10829382,-70.54,-8.5033,64.4,20315.6
10072662,-70.0258,9.8675,64.35,20811.3
9525748,-70.1325,7.325,61.05,21196.5
8178237,-71.3028,0.45,56.93,22275.2
11138213,-70.2253,19.2075,45.44,20126.5
11487234,-70.0986,17.345,40.42,19919.7
