714,51.8831,-178.1442,1797.2,151328.9
549870,51.8917,-178.1219,1575.35,48204.6
1352,51.7883,-178.7944,1543.05,140221.2
3912442,51.7839,-178.8003,1484.76,28105.1
25136,51.8697,-178.0094,1431.62,92119.4
1903267,51.8669,-178.0286,1411.51,34750.4
501143,51.8725,-178.1708,1336.17,49324.3
2493364,51.8772,-178.0294,1307.58,32152.5
273654,51.875,-178.1928,1306.81,57004.7
2792,56.1397,163.005,1288.62,127510.4
3384,51.9856,179.6008,1211.76,124260.2
3513,52.1028,177.6025,1197.26,123514.5
3835,51.9531,178.5367,1172.07,122208.3
5220004,56.1272,163.0122,1169.59,25703.8
4241,52.0156,178.1367,1142.93,120679.5
2917012,51.8725,-178.0669,1051.69,30703.0
960743,51.9769,179.585,1002.91,41828.7
281867,56.0764,163.0158,995.69,56615.6
8729791,56.0697,163.0106,986.62,21804.0
5829263,56.1503,163.0108,980.94,24831.4
7702,52.8933,172.9808,966.82,110993.3
279268,52.8939,172.9425,943.57,56738.1
3230336,52.8922,172.9342,939.55,29782.4
520675,56.1992,163.0025,931.86,48859.7
14382,56.2844,163.2983,925.82,100968.3
8009197,51.8631,-178.1428,920.2,22423.4
1024919,52.8864,172.9889,919.63,41125.2
9199,58.9644,164.2997,916.67,108076.3
4370451,51.8975,-178.0917,912.22,27166.8
5869504,52.8961,172.9475,908.78,24774.9
735367,51.8533,-178.0894,907.63,44804.2
295330,52.8714,173.0542,907.49,56001.2
628012,58.9525,164.2725,904.8,46631.2
43225,52.9194,172.6958,895.94,83676.5
1762474,52.8892,172.9114,895.11,35504.9
7578503,56.1256,163.0008,891.24,22828.9
4719925,52.9189,172.7056,888.66,26526.0
563667,52.9083,172.7031,887.81,47911.6
4331380,52.1036,177.6255,886.12,27241.7
720786,52.8819,173.0147,881.46,45034.0
232505,52.9325,172.7406,879.62,59162.3
2154713,52.8769,173.0189,878.75,33539.4
7893054,52.8869,172.9158,877.85,22531.2
2653888,52.8761,173.0508,876.31,31570.6
6436488,52.9042,172.6997,874.96,24060.0
2129969,51.8828,-178.0803,873.72,33651.3
1109674,56.0728,163.0481,873.14,40268.9
40972,52.8614,172.8539,872.88,84494.8
33385,52.9564,172.6825,870.45,87650.3
88443,58.8472,164.1406,869.13,72792.5
36051,51.8933,179.6367,869.08,86485.4
2740227,52.9253,172.7522,860.72,31274.6
2040766,52.8636,172.8692,858.81,34067.1
11008335,52.9125,172.71,857.1,20202.4
77600,52.8503,172.9097,855.05,74764.9
118721,52.9208,173.0122,852.05,68504.4
86572,52.9108,172.8656,850.08,73111.3
3004108,52.8783,173.0442,848.91,30436.2
2362607,52.9286,173.0192,848.22,32663.6
9653236,51.8872,-178.0444,847.77,21103.2
27606,51.9228,179.6842,846.11,90638.5
432128,56.0558,163.0183,845.98,51143.0
125408,52.9286,173.0608,844.57,67722.5
190998,52.95,173.1008,843.12,61834.1
2478401,52.8864,173.0092,842.98,32209.9
8240947,51.7781,-178.8328,842.82,22215.1
1056988,52.9475,172.7931,842.01,40793.9
342824,52.9617,173.0042,842.0,54059.6
69483,52.9261,172.9731,841.64,76440.2
24944,56.2036,163.2656,841.41,92254.9
1880638,52.9144,172.8567,840.22,34865.7
3813018,52.9417,172.7881,837.48,28326.4
7542712,52.9289,172.7472,837.37,22865.2
3282228,52.8894,172.9025,831.36,29640.9
1331234,52.9267,172.6947,830.29,38354.9
1854177,52.9306,172.7747,830.25,35004.3
5132853,52.8928,172.9692,827.72,25842.3
3249845,52.9606,173.0122,827.42,29728.9
18986,56.56,163.2417,826.64,96553.8
1230249,52.9517,173.0005,826.19,39176.6
2721480,56.5514,163.2339,825.57,31337.7
4802328,58.8344,164.1525,824.94,26383.9
3140613,52.9314,172.7817,824.58,30035.9
452439,52.8417,172.9392,824.19,50581.9
2313349,52.8781,173.0317,822.12,32860.0
2095682,52.9661,173.0233,821.5,33808.0
137032,52.9328,172.9158,820.6,66477.7
113246,51.9681,179.6742,820.43,69190.2
7228078,51.8586,-178.077,818.19,23180.6
20303,56.6289,163.15,817.61,95490.2
5703015,52.85,172.915,814.21,25002.7
1458545,52.9353,173.0233,813.93,37416.5
11227510,56.1956,163.0106,811.34,20072.6
11630946,52.8978,172.9325,808.6,19836.4
296713,52.8708,173.0956,808.29,55938.6
769407,56.0433,163.0122,807.5,44293.7
74948,51.9306,179.6039,806.26,75301.5
4685639,56.1458,163.0314,804.21,26586.0
912923,52.9581,172.7797,803.87,42387.1
930547,51.9339,179.585,802.08,42177.6
2641520,52.9017,172.6872,801.53,31612.9
4301478,58.9678,164.3164,801.3,27302.5
10070007,51.8886,-178.0753,800.49,20811.3
518709,56.1906,163.2064,797.43,48906.6
424777,52.9544,173.0681,796.78,51359.3
3274334,52.9011,172.9472,795.04,29662.4
369205,58.9414,164.2483,794.78,53116.8
1311765,56.2028,163.2422,794.63,38507.4
211892,52.9461,172.6339,788.05,60418.6
255033,52.86,173.1267,781.08,57933.8
452398,52.9506,172.7033,780.41,50583.1
2319918,52.9383,173.055,778.54,32834.8
362719,58.8864,164.1883,778.3,53340.7
1688739,52.9439,173.1,777.27,35929.4
124972,52.8994,173.0367,777.16,67774.2
4315225,56.1956,163.2272,777.0,27274.4
11070190,58.9561,164.2889,776.45,20167.6
761930,52.9214,172.8355,775.94,44405.7
7523626,52.9314,173.0547,775.84,22884.7
4905857,52.92,172.8606,775.72,26211.9
7316965,52.9028,172.6758,772.0,23089.8
2308348,52.97,172.6967,770.32,32881.4
944522,52.9281,172.8947,770.04,42012.6
7046799,56.5639,163.2392,769.46,23372.2
1511910,52.8456,172.9217,768.14,37048.6
6067932,52.9572,172.713,767.9,24519.0
2796736,52.9436,173.0717,766.1,31086.6
8508510,51.9719,179.6631,765.78,21987.3
2431603,52.9581,173.1006,764.47,32389.4
2964666,52.9125,172.7225,764.2,30555.3
8646712,51.9378,179.5842,764.06,21871.1
4119836,52.8806,172.9758,763.85,27664.1
2780913,52.9172,172.7492,762.72,31137.8
4467445,52.9225,172.8956,760.58,26983.2
209506,52.8594,172.8097,759.54,60570.3
4998360,52.8792,172.93,758.04,26058.3
149113,52.9481,172.5731,757.43,65272.6
62257,56.6728,163.2008,755.81,78086.1
1659417,52.9117,172.7442,755.55,36106.3
7083669,52.9,172.985,752.63,23331.3
8846479,52.9497,172.8014,752.62,21710.3
8444484,52.9156,172.8425,752.52,22039.4
1070392,52.9478,172.9117,750.69,40654.7
1232595,52.8803,173.0714,750.69,39157.1
7699445,52.9386,172.7525,750.16,22714.2
654568,52.9642,172.6542,747.44,46145.0
11278532,52.94,172.7381,747.26,20040.9
1432038,52.9086,172.9072,746.68,37601.7
6392269,52.9083,172.9025,746.46,24115.5
777716,52.9167,172.963,746.15,44172.7
4171515,56.2994,163.2975,745.65,27560.3
832168,52.9872,172.6625,744.72,43416.2
10116999,52.9428,173.0642,744.03,20777.6
3156489,52.9594,173.0625,743.29,29991.3
18284,54.8894,166.3317,740.74,97153.1
1909738,58.9781,164.3158,740.63,34715.5
27964,54.9436,166.34,740.44,90420.3
492181,52.8972,172.6505,737.98,49540.8
8091662,52.9319,172.9233,737.13,22349.4
239105,56.6461,163.2364,736.53,58788.5
1504470,52.9161,172.7339,736.15,37098.4
92060,54.9592,166.295,735.92,72190.5
6954093,56.1919,163.0283,733.94,23472.9
31634,57.6083,163.195,733.66,88447.0
3184103,52.9625,173.0667,733.61,29912.6
3592473,52.9214,173.0322,733.19,28843.4
45724,52.8969,173.1467,732.58,82811.7
2662708,58.9625,164.2675,732.17,31538.3
4508580,52.8994,173.0442,731.01,26907.6
5557250,52.9261,173.0789,730.7,25205.8
4277189,52.9256,173.0839,729.88,27349.1
1646545,52.9625,172.8247,729.79,36183.8
645113,52.8719,172.8142,729.62,46317.3
2950664,56.6339,163.2175,729.46,30597.0
1835399,52.9411,172.9067,729.04,35104.2
3258145,52.9558,172.8139,728.8,29705.3
1199686,52.9706,172.7892,728.02,39439.2
38097,58.7467,163.8742,727.36,85598.3
5232948,52.8414,172.9281,726.85,25686.5
152994,52.8111,172.9367,726.69,64906.5
1429222,56.6286,163.1942,726.27,37622.0
11050414,57.6081,163.1906,726.07,20180.3
2858289,52.8917,172.8858,724.97,30887.1
760516,52.8119,172.9222,723.37,44425.8
518050,54.9783,166.2797,723.36,48920.9
8790704,52.9697,172.8297,721.5,21757.2
970491,52.9017,173.08,720.92,41718.9
11736628,52.9389,172.7289,720.62,19778.5
2662738,52.8369,172.95,719.02,31538.3
7755474,52.9853,172.6492,718.16,22658.0
3350611,56.6375,163.1417,717.26,29457.6
1180370,58.905,164.22,716.93,39610.1
8653358,51.9617,179.6767,716.86,21865.3
809706,52.9258,172.7881,716.77,43718.9
1955475,52.9439,172.6189,714.14,34481.6
8411741,56.0647,163.0383,713.69,22068.3
7951562,58.9392,164.2367,713.66,22474.5
5764969,52.915,172.9683,713.18,24918.5
674117,52.8064,172.91,713.05,45804.1
1412407,52.9414,172.605,712.76,37743.7
7836406,52.9769,172.8389,712.48,22582.0
1492503,52.9311,172.8481,711.97,37180.8
3561906,52.9408,173.0897,710.95,28918.4
1265287,52.9514,172.6475,710.81,38881.2
890629,52.9419,172.9664,710.56,42664.2
5260455,54.9894,166.3122,710.18,25641.8
10504141,52.9753,172.8314,709.07,20521.5
2041503,52.9411,172.6114,707.63,34063.4
623913,52.8022,172.9447,707.05,46706.3
609164,54.9289,166.3233,706.58,46989.2
8524948,54.9819,166.3083,704.59,21972.8
4750617,52.9564,172.6517,703.6,26473.1
2054293,58.8194,164.1331,703.08,34003.5
1522357,58.9239,164.2222,702.96,36978.0
6915154,56.2739,163.2572,702.49,23513.6
5134333,52.9381,172.9122,701.75,25839.8
7892989,56.6367,163.195,701.02,22531.2
816659,52.9161,172.6717,700.37,43624.1
5610625,52.9222,172.7914,699.89,25129.8
48677,57.7344,163.195,699.58,81839.7
4996952,52.9114,172.8983,698.82,26060.8
367641,52.7878,172.9281,698.71,53170.8
5487155,56.6144,163.1631,697.21,25306.7
7594956,58.9306,164.2108,697.06,22812.2
733563,57.7336,163.1358,696.72,44832.7
231822,52.8239,172.815,696.64,59202.2
5039204,52.9456,173.0064,696.28,25992.2
790529,56.3119,163.2892,695.99,43990.6
4434764,52.9511,173.1225,695.76,27044.5
1615681,52.9589,172.5764,694.45,36375.3
4167138,52.8997,173.0517,694.43,27569.5
7346530,56.6317,163.1789,690.54,23062.2
241878,58.9186,164.2725,689.45,58634.4
3776809,57.7256,163.185,689.12,28409.4
2409945,52.8636,172.8181,688.63,32475.8
412747,52.8561,173.155,688.06,51717.8
178046,57.5808,163.0,687.01,62792.1
1205991,52.8383,172.965,685.31,39384.3
2046555,57.7175,163.1642,685.03,34039.0
4905817,57.7272,163.1633,682.14,26211.9
8933028,54.8836,166.3389,680.44,21642.7
4013424,57.7414,163.1908,678.0,27886.6
4389407,56.28,163.2508,677.5,27131.6
4265910,52.9211,172.9792,677.45,27372.4
11504869,52.8658,173.0414,676.0,19906.9
3354443,52.9919,172.6792,675.11,29446.8
4482205,51.85,-178.1042,673.91,26954.9
8330570,56.6672,163.1906,672.73,22137.5
374111,52.8864,172.7025,672.61,52947.4
156181,58.7456,163.9239,672.37,64615.3
6853349,52.9092,172.675,671.07,23581.2
155437,52.8767,172.8675,669.66,64684.3
3797367,52.8992,173.1514,668.69,28360.1
10659478,52.8786,173.0608,667.26,20421.9
331481,52.8258,172.9122,665.86,54495.1
314803,52.9239,172.5183,664.51,55170.2
9060653,58.9594,164.2608,664.49,21542.4
25560,52.3483,175.9106,662.15,91854.8
5487199,52.9806,173.0414,661.93,25306.7
3676361,58.9506,164.2222,661.27,28641.7
9566484,56.1814,163.1308,661.08,21163.4
638042,52.9325,172.5781,660.38,46447.8
1617837,52.8328,172.9797,659.99,36361.2
2744169,54.9531,166.3575,659.75,31260.3
7240861,52.8739,172.8806,659.4,23166.9
7782056,52.8144,172.9525,658.52,22635.5
1728912,56.6808,163.1933,658.43,35694.6
428419,56.5994,163.1533,658.26,51251.3
546843,52.9019,172.7772,658.21,48270.6
519177,56.5319,163.2322,657.84,48894.9
3381109,58.8675,164.15,656.46,29377.5
2989286,52.8161,172.8108,656.06,30480.2
10210464,52.8294,172.8214,655.7,20716.2
11560129,52.9408,173.0125,655.67,19878.1
58389,54.7164,166.6389,654.95,79049.5
524609,58.8094,164.1117,654.89,48769.6
6096759,52.8608,173.0889,654.64,24480.0
3880406,58.8039,164.1081,653.74,28175.3
1074304,52.8894,172.7147,653.54,40615.5
6552591,52.9469,173.0239,653.37,23924.5
123697,54.7883,166.56,652.77,67916.0
4321094,52.9119,172.8839,652.42,27262.8
554617,52.9244,172.5517,652.2,48105.4
2775555,52.7906,172.9183,651.66,31156.2
2644750,52.855,172.7864,651.65,31600.8
2938484,52.9019,172.6475,651.42,30636.5
4576177,52.9714,172.9958,651.01,26784.2
3345946,52.8706,173.1192,650.19,29470.6
2970496,58.7175,163.8508,649.62,30536.6
8783643,52.8978,172.6708,649.24,21763.1
2163773,54.9333,166.3397,648.89,33499.5
1892270,52.9383,172.8558,647.35,34807.1
4683040,56.6794,163.2164,647.16,26590.8
7503712,52.8725,172.8042,646.2,22901.4
163197,54.8194,166.5789,645.7,64001.1
4000079,56.0844,163.0483,644.98,27916.3
9726268,52.9747,172.8497,644.39,21048.7
11055520,56.6519,163.23,644.23,20177.1
6715892,52.9403,172.5789,643.75,23734.7
10750263,52.8969,172.6664,643.6,20365.7
2984715,58.89,164.2072,643.29,30494.8
658518,52.8889,172.6456,642.3,46077.3
9734347,52.9092,172.8922,642.03,21042.7
9734251,56.3139,163.2792,640.93,21042.7
5647793,52.8811,173.0808,640.03,25079.1
2811595,52.8614,173.1408,638.95,31035.3
8389201,58.7281,163.8592,638.4,22088.5
6673094,58.7314,163.8608,637.74,23785.7
5784544,58.9789,164.2864,637.66,24890.4
5146169,56.0725,163.0592,637.08,25820.1
295402,54.9611,166.3283,636.59,55997.8
80501,58.93,164.5164,636.55,74186.6
10788214,52.8553,173.118,636.24,20340.7
1288558,52.8881,172.7572,635.87,38690.6
3335466,52.9031,172.7206,634.92,29496.5
1344652,54.7253,166.623,634.74,38251.8
129212,57.7703,163.0358,633.92,67307.3
2433043,52.8936,172.77,633.24,32383.5
1438598,56.3219,163.3006,631.8,37554.2
142266,55.0356,166.2322,631.08,65946.5
29412,54.8336,167.4883,630.31,89619.2
529846,58.7736,164.0547,629.18,48646.7
844833,52.8719,172.8992,629.07,43248.6
29641,52.4586,173.5717,628.39,89482.6
113349,52.8231,172.8475,627.25,69177.3
591711,52.4478,173.5531,626.59,47333.7
10344225,52.8111,172.9064,625.59,20626.8
1355708,56.1503,163.0597,625.07,38165.1
11549530,52.9175,172.76,624.95,19884.5
622181,51.9706,178.5375,624.06,46739.0
11130277,51.8606,-178.0992,622.17,20129.7
4311824,54.9006,166.3342,621.13,27281.4
40578,52.9122,173.2658,619.18,84654.5
271743,52.3617,175.9367,618.96,57094.1
2381331,56.6422,163.1281,617.35,32587.5
976996,54.985,166.3306,617.1,41645.6
956935,54.8436,167.4817,617.07,41871.4
3316996,58.9225,164.5008,614.75,29548.3
4471130,54.9717,166.313,614.55,26976.1
737704,54.8242,167.5208,614.23,44767.3
1904293,52.9111,172.7805,613.46,34744.9
8234697,56.2117,163.0114,612.44,22220.8
10223485,52.8606,173.04,610.6,20707.0
55729,54.7842,167.593,610.59,79739.6
8003013,58.7944,164.1042,609.61,22429.1
2536293,52.9389,172.6464,608.76,31993.6
356570,54.8381,166.5756,608.73,53554.0
9352135,52.9769,172.9972,607.91,21319.4
245467,58.9489,164.5589,607.33,58438.5
996187,58.9025,164.1797,607.15,41432.4
7356926,58.7086,163.8464,606.84,23051.1
470228,52.9083,173.1992,606.58,50106.0
1945179,52.9592,172.63,605.52,34533.3
4842070,58.9992,164.3508,604.99,26316.2
309774,54.78,166.6014,604.63,55376.5
1553744,52.9114,173.2089,603.31,36770.7
465844,54.7061,166.6555,601.94,50222.9
587967,55.0378,166.2189,601.49,47410.3
630797,52.9267,173.2092,600.82,46580.7
895197,55.0206,166.2517,599.85,42605.9
365850,58.9667,164.5192,599.52,53231.9
7575816,52.8856,172.7514,599.03,22831.7
230518,51.9189,178.515,598.43,59279.6
4271598,54.7103,166.6356,598.38,27360.7
107047,52.4769,173.635,596.58,70014.0
953618,57.7597,163.0555,595.71,41909.4
1180956,51.9467,178.51,592.95,39605.3
7872829,56.1553,163.0467,590.81,22550.9
5498807,56.3178,163.2975,590.69,25289.0
633281,54.7231,166.6592,590.3,46534.1
2680891,56.2903,163.2631,589.53,31475.6
74288,52.8458,173.3292,588.68,75439.3
7056675,56.1597,163.0647,588.42,23361.3
339700,54.7547,166.6183,587.97,54176.2
7086178,52.9067,173.2708,587.81,23328.6
10411771,52.8475,172.78,586.92,20580.4
8633173,51.9133,179.685,586.7,21882.8
645398,52.9017,173.1764,584.11,46311.8
384268,54.7969,166.5972,583.63,52613.1
393097,57.7417,163.0047,583.44,52328.9
2802125,58.8919,164.1572,583.02,31068.1
4193893,55.0347,166.2408,582.08,27516.3
1311570,54.8267,167.5047,579.37,38509.1
7623630,58.9458,164.5642,578.96,22787.0
8929486,56.2803,163.2425,577.74,21645.6
79687,57.6747,163.1814,577.73,74346.2
626720,55.0214,166.2683,577.49,46654.5
2182243,58.7856,164.0839,576.43,33417.6
6534642,56.1106,163.0033,575.44,23945.8
11431105,56.1617,163.0706,574.81,19951.7
1529822,52.8144,172.8439,574.6,36928.0
1311160,54.9672,166.3375,572.73,38512.4
1784744,54.7897,166.5417,572.15,35379.0
4730845,52.4742,173.6406,570.35,26509.2
961802,54.8481,166.5914,569.75,41816.6
164703,52.8331,173.005,567.91,63867.5
197160,52.8458,173.2733,567.87,61394.6
6537224,58.7742,164.0267,567.1,23943.2
9939688,56.04,163.0022,566.14,20899.9
39890,51.2706,-179.1311,565.67,84899.5
68115,52.8133,173.1342,564.64,76727.2
156546,54.8831,166.3892,564.19,64584.7
533934,55.0161,166.2306,563.94,48553.6
2795508,56.3297,163.2797,562.52,31090.7
423450,58.9822,164.5855,562.21,51399.0
157875,57.5567,163.0797,561.95,64467.2
194491,56.6608,163.1247,561.78,61585.3
226069,54.9981,166.3317,560.93,59535.9
8814524,51.9419,178.5106,560.71,21736.7
11304086,56.3142,163.27,560.66,20025.0
1195475,52.845,172.8175,559.2,39474.7
2487382,54.9928,166.2617,558.28,32176.3
326033,55.0097,166.2975,558.2,54711.0
2062217,52.4492,173.5667,557.65,33964.1
535613,58.9906,164.5431,556.37,48516.8
2848740,52.8056,173.1372,556.26,30916.0
8041975,57.6131,163.2014,555.37,22392.2
53080,51.9475,177.365,555.31,80522.0
214626,52.8631,173.2389,555.12,60242.3
5771995,52.9314,172.6197,552.39,24908.3
7589430,56.3189,163.2733,552.03,22817.8
2155084,58.9878,164.2647,551.75,33537.5
5696669,51.2669,-179.1225,550.99,25007.8
1651216,58.9417,164.5208,549.93,36155.7
4652047,54.8047,166.5964,549.47,26648.2
1676197,52.8292,173.0158,549.41,36005.6
2796159,54.9575,166.368,548.88,31088.6
308864,56.6314,163.0358,548.77,55415.6
3973153,51.9325,179.6914,546.9,27973.3
8188185,58.9389,164.5622,546.8,22263.8
358918,52.8931,173.2381,546.52,53471.9
5629457,56.2178,163.01,545.95,25101.9
1657967,54.8503,167.47,545.8,36115.1
1117880,56.1908,163.0564,545.72,40189.7
1262096,52.8408,173.3172,545.47,38909.0
2284765,52.7817,172.9397,544.82,32978.1
6664173,56.1794,163.2256,544.7,23796.4
7679234,52.9156,173.1917,544.66,22731.0
7436858,58.8236,164.1631,544.62,22970.8
1508467,52.8708,173.2175,543.99,37072.7
4979402,52.4458,173.5683,543.54,26087.7
9964861,54.9894,166.275,543.35,20881.6
499222,58.6461,163.7542,542.47,49368.2
1602809,56.6606,163.1397,542.18,36455.7
333737,56.6456,163.0842,541.89,54406.2
11309227,56.5778,163.24,541.64,20021.8
7506315,57.5536,163.0867,541.4,22898.6
2981318,52.8669,173.2306,541.2,30505.2
10013298,58.9389,164.2067,540.19,20851.1
1413061,54.7364,166.6325,540.1,37738.7
1330837,55.0042,166.315,539.2,38358.2
657214,52.3569,175.9464,538.88,46099.5
7618245,51.9506,177.3683,538.38,22792.6
117913,54.8569,166.4267,538.33,68608.5
1531405,52.8614,172.91,538.09,36919.4
3252843,51.9483,179.6925,537.54,29720.3
2497991,52.9344,172.5456,537.33,32136.6
769311,51.9472,179.5589,537.31,44295.1
1812364,56.6592,163.0942,535.53,35229.2
178597,52.4564,173.6008,535.12,62747.4
10900710,51.9172,179.7031,534.66,20271.6
262949,52.9217,172.4758,533.22,57527.6
141430,54.8072,167.4942,533.03,66032.5
300993,54.8603,166.5506,532.73,55749.2
1947295,52.4461,173.5831,532.61,34524.1
7200177,58.9939,164.5558,530.99,23210.9
10431572,54.8217,167.5389,530.09,20571.1
592421,55.0,166.2467,529.45,47318.9
5450000,52.8072,172.7992,528.13,25359.5
82681,54.7503,167.66,526.87,73797.4
2227006,54.7428,166.5956,526.8,33220.6
820683,56.3469,163.2842,524.85,43571.5
623266,54.8589,166.3497,524.77,46718.6
1887149,54.8656,166.43,524.47,34832.8
5867659,52.9267,172.5622,524.18,24777.5
2231843,52.8758,173.2025,523.73,33201.4
1798859,52.8025,172.8355,523.06,35303.3
82675,54.6333,167.8547,523.04,73799.1
1391000,54.6956,166.67,522.12,37900.4
3512948,52.4706,173.6475,521.62,29039.4
150093,54.5611,167.9825,521.22,65174.9
959705,54.7478,166.6483,520.64,41840.9
1694555,54.8572,166.373,520.34,35895.7
669239,52.8536,173.3014,520.19,45888.9
4667483,56.6361,163.0464,520.05,26619.5
4673982,58.8378,164.1814,519.5,26607.6
9586408,58.9214,164.2347,519.25,21148.4
7673531,52.9322,172.505,519.04,22736.6
2313335,58.7614,163.9247,518.89,32860.0
3567943,58.9306,164.5622,518.41,28903.0
1570793,54.9992,166.345,518.35,36659.6
8067445,52.855,173.3058,518.31,22372.2
3639634,58.9772,164.4955,518.09,28730.6
1664765,51.2764,-179.1133,517.95,36072.7
5258892,54.7842,166.5289,517.6,25644.3
1309902,58.9528,164.5158,517.4,38520.6
3824410,54.8683,166.3808,516.31,28299.3
7051674,58.9081,164.1767,515.19,23366.8
9793289,52.8089,172.8417,513.71,21003.3
3845254,52.9728,172.5847,513.26,28254.3
816007,52.8506,173.3483,512.05,43632.9
180381,54.8506,166.4839,511.77,62615.3
4761613,57.7794,163.0175,511.72,26453.9
5932054,52.9697,172.5722,511.6,24692.5
4814946,51.2856,-179.1119,511.56,26364.6
2710069,52.8414,172.8233,511.33,31376.3
4244088,52.9483,172.5347,510.98,27414.2
854865,51.2503,-179.1125,510.83,43117.3
1332651,52.8353,172.7708,510.69,38343.3
3179003,54.8533,166.355,510.67,29927.5
1371878,56.3211,163.2556,510.54,38043.0
5131314,51.8406,-178.1261,509.94,25844.7
7667826,54.8575,166.5408,509.31,22742.2
10060540,54.8544,166.5942,508.81,20817.4
1296045,54.8094,166.618,507.82,38629.6
7056699,54.7461,166.6564,507.8,23361.3
11035621,56.6508,163.0717,505.86,20189.7
767841,54.8119,166.5208,504.94,44318.1
577863,57.6167,163.0142,503.4,47616.8
5223110,58.9847,164.3408,501.9,25698.9
10526819,58.9894,164.5283,501.16,20506.0
11075200,56.6686,163.2458,500.78,20164.5
11615005,52.9531,172.6255,500.74,19846.0
7180137,51.9589,177.3733,500.2,23232.8
797042,54.7742,166.6389,500.0,43896.3
332812,58.925,164.5781,499.83,54444.8
1813950,57.5089,163.0005,499.45,35220.2
1537405,58.9639,164.5472,499.09,36878.0
10082768,52.9453,172.5317,498.91,20802.1
2832806,54.8203,167.5514,498.72,30969.5
5268245,56.6339,163.1108,498.53,25629.4
4600117,52.7706,172.9247,498.46,26738.9
597668,52.88,173.1214,497.96,47216.4
1835400,52.8369,173.3347,497.54,35104.2
9801268,58.9347,164.563,496.39,20997.2
1333078,56.2183,163.2239,495.51,38339.9
1940940,57.7289,163.0139,495.27,34555.5
8982929,51.9556,177.3697,494.86,21601.5
350244,58.7789,163.8825,494.77,53785.5
3826381,56.0833,163.0605,494.66,28294.8
10485857,51.28,-179.1083,494.6,20533.9
11720189,55.0172,166.2747,493.47,19788.1
716673,58.9497,164.6097,493.16,45100.5
6303078,52.9006,172.7114,492.88,24221.0
1983153,52.8189,173.1233,492.84,34346.5
3379515,56.3025,163.2525,491.98,29381.8
1008904,52.9628,172.6131,491.92,41295.3
188359,54.7342,167.6306,491.78,62027.5
764463,58.9611,164.5989,491.47,44367.0
792764,55.0544,166.2447,491.05,43958.7
181924,54.775,167.6558,490.99,62499.2
6934137,52.7742,172.9292,490.53,23491.9
5885379,54.7506,166.6097,490.08,24756.9
5006930,56.3058,163.2631,489.68,26043.7
191782,55.0875,166.185,489.28,61779.4
661947,54.8956,166.3631,488.37,46015.1
6030494,58.8067,164.0889,488.17,24565.7
1452779,51.8839,179.6322,488.11,37455.7
4596379,58.7225,163.9214,485.92,26746.1
10645332,54.8997,166.3083,485.28,20431.3
4733414,56.6747,163.2581,485.15,26504.4
3764315,58.9108,164.5789,485.04,28436.3
9158231,51.2786,-179.12,483.86,21468.3
418878,51.9689,177.4739,483.37,51534.0
1390999,54.7706,167.6331,481.51,37900.4
6400568,55.0344,166.2664,480.08,24104.9
10759704,52.8722,172.843,479.41,20359.4
381331,52.4614,173.6167,479.3,52708.7
3798309,54.8072,167.5108,479.09,28357.8
7235711,54.8542,166.5567,478.19,23172.4
1373605,54.815,167.4781,478.02,38029.6
10458439,58.9642,164.595,477.65,20552.5
3762421,56.3392,163.2817,476.85,28440.8
9408261,54.8161,167.4833,476.19,21280.5
2191810,58.8744,164.1217,475.84,33375.6
253405,58.9953,164.62,475.82,58019.5
1642595,54.9297,166.2733,475.76,36208.5
2528392,58.9844,164.6233,475.62,32021.4
609223,58.7331,163.9589,474.48,46987.8
6282445,58.7672,163.9292,474.26,24247.3
3849148,58.9889,164.615,474.22,28245.3
5512346,56.3,163.2455,473.92,25268.9
2091819,52.7592,172.915,472.62,33826.9
1342803,52.82,173.1008,472.05,38265.1
4885608,54.8903,166.395,471.09,26243.5
8421463,55.0867,166.1908,470.89,22059.6
5119040,52.9075,172.8142,470.83,25862.0
6519282,54.8367,167.5125,470.2,23964.5
9287181,52.845,173.2822,470.2,21370.2
3555937,54.8036,167.52,469.98,28933.9
6278462,52.9306,172.8139,469.98,24252.5
6545972,54.78,167.6058,469.96,23932.5
286269,58.9497,164.4117,469.34,56411.5
7964505,52.8411,172.7747,469.03,22466.0
394011,55.0106,166.3281,468.96,52300.9
9760720,58.9328,164.2606,468.56,21027.5
6841554,58.9847,164.5025,467.71,23594.7
6053235,58.7233,163.9342,467.59,24534.6
4233829,57.5864,163.0372,467.19,27435.1
747034,55.0617,166.218,467.14,44627.6
2790615,54.7669,166.6267,465.55,31105.0
2307038,52.8256,173.123,464.83,32887.2
9143297,54.7689,166.6475,464.65,21480.2
7821922,58.8842,164.2281,464.31,22596.1
679483,58.895,164.625,463.89,45713.6
9249880,52.8797,173.1283,463.7,21400.0
2158318,51.9667,177.3697,463.62,33522.3
2013370,54.9767,166.2439,463.41,34197.8
4050070,58.8978,164.6183,463.35,27808.8
455196,54.8236,166.6439,462.53,50508.8
5600441,58.9436,164.4131,462.52,25145.0
244155,54.7889,167.515,461.68,58509.4
376172,58.9856,164.4492,461.59,52880.0
5272875,56.2544,163.2622,461.21,25621.9
10300185,56.0469,163.0464,460.86,20657.7
2677487,52.8492,173.2925,459.12,31487.7
4769648,54.7814,166.6508,458.62,26439.4
501437,54.795,167.5539,458.46,49316.5
1725382,56.3342,163.3042,458.28,35716.0
3851111,54.7728,167.6272,457.55,28240.8
235642,52.485,173.6781,456.66,58981.1
1524385,58.8797,164.2406,456.44,36966.0
5095302,58.9361,164.5717,455.25,25901.4
4155979,55.0619,166.2489,454.45,27590.3
9846286,58.8786,164.1983,454.41,20963.8
2294628,56.5217,163.2392,454.01,32937.5
5037705,58.9031,164.5808,453.54,25994.7
6530083,54.7911,167.5517,453.5,23951.2
350352,52.0086,179.6408,453.49,53782.0
10663773,58.7467,163.94,453.19,20418.8
10210465,52.8089,172.8939,452.75,20716.2
296201,54.6156,167.898,452.68,55961.4
9582298,57.505,163.0075,452.66,21151.4
2689058,58.9944,164.63,451.81,31449.3
4796938,51.2575,-179.1125,451.09,26393.6
837383,54.8617,166.6175,450.82,43347.2
684764,54.8772,166.4789,449.62,45624.3
2486852,58.6917,163.8175,449.07,32178.2
1201465,54.5728,167.9881,448.87,39423.1
2172603,51.2494,-179.125,448.61,33459.5
3343631,51.2575,-179.1236,448.25,29477.1
2696381,52.8517,173.2642,446.98,31422.9
2923272,58.6606,163.7733,446.2,30682.3
2567847,54.7481,167.6772,446.17,31877.9
2904542,56.0944,163.0592,445.96,30740.3
4762920,58.7303,163.968,445.47,26451.5
9685645,52.9703,172.6281,445.02,21079.0
1624275,58.9789,164.2272,444.89,36320.9
2599251,54.8253,166.5506,444.8,31763.7
10811895,56.1478,163.0814,444.65,20325.0
2206593,54.7689,166.665,444.27,33310.6
2024733,56.3403,163.2467,444.22,34141.8
7056721,52.8964,173.0925,443.81,23361.3
1532589,58.9864,164.4175,443.75,36910.8
11577037,51.2456,-179.125,443.75,19868.5
3099424,54.8797,166.37,442.84,30154.4
8176193,58.6925,163.8242,442.81,22275.2
3482656,52.9036,173.2505,442.1,29116.1
761829,54.7547,167.7097,441.87,44407.2
413828,54.6497,167.8164,441.81,51687.0
780659,54.6375,167.9147,441.69,44130.8
980054,52.7942,172.9589,441.22,41611.9
5476468,56.0908,163.0672,441.12,25319.3
10393474,56.6242,163.1092,440.99,20592.8
397539,51.9289,179.5031,440.98,52188.7
4850409,54.7339,166.5842,440.78,26301.7
5359252,54.8583,167.46,440.03,25492.3
1398723,52.4769,173.6031,439.12,37843.2
2787037,51.9294,179.5514,439.05,31117.3
687427,54.6158,167.9208,438.46,45579.6
9756660,54.8414,166.4206,438.41,21030.6
3150080,51.2664,-179.1092,437.54,30010.4
7375428,54.5692,167.9917,437.4,23031.8
4049104,52.3597,175.9281,437.23,27811.1
3737171,54.8039,166.5717,436.88,28499.0
3901376,51.9439,179.5425,436.55,28130.0
2090239,56.3333,163.2564,436.16,33834.4
8298752,54.7733,167.6442,435.86,22166.3
6792468,54.8406,166.5614,434.89,23648.7
1814277,51.9089,179.5772,434.71,35218.4
1071271,54.6453,167.8392,433.81,40645.3
244156,51.9222,177.315,433.57,58509.4
671529,54.8967,166.4508,432.09,45850.0
8856740,58.9842,164.5697,431.84,21701.5
3982180,55.0758,166.2031,431.55,27952.8
5495529,54.8811,166.4347,430.69,25294.1
268507,58.8767,164.4625,429.67,57254.5
2363075,51.9269,178.5506,429.47,32661.7
11657737,58.9908,164.4522,429.3,19820.3
10416291,54.7947,166.61,429.05,20577.3
7890115,56.0964,163.0492,428.97,22534.0
1829660,52.0161,179.6442,428.58,35136.9
2262523,58.9728,164.4322,428.39,33072.6
1982430,52.4711,173.6072,427.54,34350.2
9566521,54.7731,167.5814,427.14,21163.4
4969348,54.8678,166.4864,426.66,26104.7
10826380,51.2703,-179.1003,426.58,20315.6
5811691,54.6311,167.9131,426.03,24851.9
183470,58.8472,164.2392,425.48,62388.0
4096274,56.2642,163.2233,424.42,27714.7
8408397,58.9592,164.6097,423.78,22071.2
3471134,51.2417,-179.1117,423.18,29146.7
1755999,51.9097,179.6467,422.71,35540.7
1655620,56.1325,163.0908,422.17,36127.5
298158,52.4989,173.7139,421.36,55873.6
3056521,54.8956,166.4431,421.21,30278.8
2098717,54.8339,166.468,421.06,33793.0
1258585,58.8025,163.8897,420.23,38936.8
3128538,54.7814,166.63,420.22,30071.9
10039026,58.8817,164.4556,418.52,20832.7
2763580,56.7072,163.1914,418.1,31195.0
3050967,58.9792,164.4347,417.97,30295.7
2746482,51.2342,-179.1117,417.8,31252.1
2136736,52.4922,173.6667,417.56,33619.1
371971,54.6656,167.7706,417.52,53020.8
11625497,54.6539,167.8164,417.26,19839.6
1698587,54.8258,166.6267,417.25,35870.8
4994139,54.9081,166.3733,416.79,26065.7
1977596,51.83,-178.1069,416.35,34372.4
4488865,54.8164,166.5333,414.9,26945.4
5183134,58.9231,164.1872,414.78,25763.3
7732863,58.695,163.8225,413.65,22680.5
2782128,51.9403,177.5289,413.64,31133.7
2814904,54.7497,167.7025,413.63,31027.1
3886281,58.6806,163.808,413.61,28161.7
917585,54.8678,166.4675,413.58,42331.4
3829283,58.9281,164.1805,413.38,28288.1
276623,57.6342,163.0172,413.34,56863.7
3355257,56.5428,163.2105,413.12,29444.6
1374057,58.9269,164.405,412.99,38026.2
6303081,52.8572,173.2522,412.2,24221.0
105682,54.5125,168.0781,411.9,70194.8
2789440,54.7592,167.5706,411.49,31109.1
5909685,55.0794,166.21,411.48,24723.4
2350776,58.8906,164.5747,411.01,32710.4
824934,51.2761,-179.0853,410.27,43513.0
7149090,55.0678,166.2222,409.53,23263.0
5721034,58.9672,164.485,409.09,24977.2
4103617,58.9614,164.4875,409.03,27698.6
2642601,56.2172,163.0742,408.79,31608.9
3208393,52.9233,173.2614,408.21,29844.4
8405233,54.64,167.9217,408.2,22074.1
1132900,51.9025,177.285,407.75,40046.8
6708906,56.3397,163.2683,407.12,23742.8
1631777,51.9589,177.3958,406.78,36275.3
5025859,51.94,177.35,406.75,26011.8
5252765,51.93,179.4906,405.64,25654.2
1708985,57.5578,163.1097,405.37,35810.4
2005267,58.7592,163.9517,405.07,34238.7
5885380,54.6622,167.7683,404.19,24756.9
1348342,58.9611,164.4208,403.85,38221.8
1177913,54.6747,167.8242,403.42,39631.0
11050562,52.9581,172.935,402.9,20180.3
1449432,51.965,177.4192,402.86,37479.5
7215526,54.7803,167.5442,402.42,23194.4
9850625,54.8636,166.6275,401.79,20960.8
10710878,54.6506,167.8272,401.47,20387.6
6820772,58.9186,164.4008,401.18,23619.0
437510,54.7494,167.5947,401.04,50988.3
677502,54.5764,167.9447,400.47,45748.5
6150872,54.5761,167.9525,400.29,24412.2
2047312,55.0503,166.2592,400.26,34035.3
5369137,58.8808,164.5683,399.97,25477.3
5328827,55.0869,166.2125,399.0,25539.7
7139110,51.9033,177.2933,398.3,23273.9
6688681,58.9053,164.605,398.01,23766.9
10532290,56.2636,163.23,397.96,20502.9
10998209,56.3397,163.2625,396.27,20208.7
9294667,56.5164,163.243,395.97,21364.2
195192,52.8428,173.4142,395.73,61537.6
258214,58.9283,164.4597,393.54,57773.0
4288685,58.9606,164.2089,393.15,27325.8
5078707,51.9686,177.4417,392.79,25926.0
9744502,54.8664,166.6147,392.36,21039.7
2140015,57.5508,163.045,392.28,33605.8
3138467,54.9025,166.3964,391.51,30042.2
171048,52.0281,177.5564,391.26,63342.7
514697,51.9678,178.4875,390.66,48999.0
2463943,58.8911,164.6439,390.51,32265.2
11857713,56.1667,163.0597,390.47,19707.5
7495533,54.8372,167.4508,389.4,22909.7
9881473,54.75,167.6889,388.97,20942.5
6527875,54.7622,167.5667,388.38,23953.8
937008,54.8969,166.5114,388.04,42100.5
6565777,51.2311,-179.1167,388.01,23908.6
11830438,58.9692,164.5855,387.78,19723.6
8408474,54.7642,167.64,387.61,22071.2
6266055,56.1797,163.2581,387.13,24268.3
4208059,54.7894,166.6505,386.9,27486.2
9677426,58.875,164.2108,386.32,21085.0
2954844,55.0189,166.2922,386.03,30586.6
6497045,51.9533,177.5056,385.92,23988.4
229194,58.8247,164.2758,385.77,59350.5
765130,54.9022,166.5225,385.42,44356.9
9161871,55.0228,166.205,385.09,21465.4
1041814,54.6639,167.7867,384.95,40951.3
7230510,54.8994,166.4592,384.68,23177.9
3585461,58.75,163.9522,384.4,28861.1
2364480,55.0333,166.3147,384.19,32655.8
4959391,58.8969,164.3972,384.14,26121.8
8197433,55.0547,166.2281,383.65,22255.2
10379955,51.9558,177.4731,383.58,20602.1
11582247,54.5556,167.9955,382.82,19865.3
7763856,56.0414,163.0447,381.69,22649.6
3582093,57.5069,163.0347,381.61,28869.9
1589514,52.8933,173.2867,380.65,36541.3
9628238,58.9064,164.3989,380.06,21121.3
2680352,54.6692,167.8075,379.95,31477.6
6572085,58.8925,164.6505,379.89,23900.6
2510247,58.8133,163.8947,379.7,32089.0
256599,52.8361,173.0967,379.26,57855.6
7779232,51.9064,177.3067,379.2,22638.4
571987,54.9133,166.4625,378.94,47738.4
5497216,54.6669,167.7617,378.64,25291.6
10640570,57.5239,163.0156,378.01,20434.4
742492,51.9772,179.5108,376.97,44696.0
4356113,57.7458,163.0825,376.49,27194.9
8045054,54.5531,167.9967,376.48,22389.3
6081427,54.6644,167.8055,374.03,24500.8
881200,54.5881,167.9464,373.87,42782.0
1081658,55.0578,166.1647,373.37,40541.7
7804659,57.7517,163.0933,373.33,22613.0
8884842,51.9372,179.5083,372.01,21678.0
4775626,54.7903,167.5364,371.67,26432.2
3114338,51.9158,177.3139,371.54,30112.1
7256128,57.7483,163.1006,370.72,23150.4
2149687,58.9492,164.4925,370.59,33560.3
9744506,54.6219,167.9005,369.48,21039.7
11263252,58.9675,164.4775,368.74,20050.4
6351493,56.1328,163.0783,367.76,24163.0
4527276,58.995,164.4889,367.6,26874.4
8176265,54.8339,166.4172,367.46,22275.2
4676616,57.5711,163.0375,367.18,26602.8
9355803,57.6164,163.2105,366.52,21316.4
9373451,55.1069,166.1967,365.83,21307.5
974566,56.2769,163.2125,365.77,41673.1
919371,51.9647,179.5133,362.69,42310.3
2560913,56.1983,163.0864,362.38,31901.8
11164935,57.7569,163.0905,361.94,20107.5
4698987,58.9597,164.4408,361.64,26564.4
11023124,52.0208,177.5475,361.32,20192.9
2375216,58.8628,164.2489,361.19,32612.9
2332861,57.6783,163.1525,361.1,32782.4
8629765,56.2411,163.0192,359.03,21885.7
675748,54.7133,167.6981,358.97,45777.7
1244692,54.9875,166.3606,358.69,39052.8
1729532,54.8867,166.4517,358.67,35691.0
792565,54.6919,167.7322,358.47,43961.6
2855930,58.9953,164.4197,358.09,30895.4
1161338,55.1111,166.1472,357.83,39781.8
11714495,58.8722,164.2022,357.61,19791.4
1020484,52.0042,179.6875,357.56,41171.7
127619,51.6058,178.8142,357.35,67479.3
2196406,58.7631,163.8514,356.91,33354.6
9321470,55.1117,166.1542,354.94,21343.3
3891054,54.9192,166.4655,354.83,28150.4
6748564,58.8989,164.1442,354.47,23699.8
5162778,51.6044,178.8083,353.98,25792.9
10968934,55.0883,166.2214,353.86,20227.6
5046608,58.9722,164.4089,353.01,25980.0
3871635,58.9547,164.4692,351.88,28195.6
5976607,54.7494,167.6458,351.35,24635.7
9867014,54.6247,167.9058,350.95,20948.6
1023458,51.6078,178.8742,350.59,41140.7
7784794,56.3289,163.2358,349.42,22632.7
840153,58.9161,164.4292,348.67,43310.4
11714535,57.7414,163.0892,347.61,19791.4
5330418,57.5658,163.0506,347.6,25537.2
5418262,51.2278,-179.1219,347.3,25404.7
5393908,58.9144,164.435,345.63,25442.3
7215530,54.6264,167.8933,345.32,23194.4
9809512,54.8622,166.5014,343.74,20991.2
968162,54.9661,166.39,343.26,41746.4
1277085,58.9464,164.4355,343.2,38784.4
3358411,56.0797,163.0914,343.04,29436.0
1390383,51.6008,178.8342,342.25,37905.4
7463560,56.1136,163.0633,341.15,22943.1
775570,55.0392,166.3342,340.82,44204.4
3176114,57.76,163.2083,340.18,29936.0
9998702,58.8656,164.1814,340.18,20857.2
3805328,56.2808,163.2031,340.06,28344.3
143559,51.7906,178.3272,339.93,65814.0
8893996,58.9514,164.4608,339.87,21675.1
4898431,54.7394,167.6505,339.17,26221.6
10726472,58.9014,164.5942,338.65,20381.3
6594846,56.1953,163.0781,338.6,23876.6
11160002,54.6853,167.8308,338.39,20110.7
8437809,54.7594,167.7197,338.25,22045.2
6427851,54.9014,166.3808,337.64,24070.6
5813518,58.8858,164.6139,337.22,24849.4
5827349,58.7439,163.85,336.88,24834.0
2250384,55.1178,166.1408,336.43,33122.7
2770096,54.7147,167.6855,336.35,31172.5
5369136,58.8814,164.5806,336.35,25477.3
11420588,55.0183,166.2155,334.19,19958.1
2877734,58.935,164.5855,333.8,30825.2
1927459,51.5942,178.8733,331.71,34625.5
8113028,58.9103,164.5575,331.41,22329.5
1947642,58.7369,163.83,331.31,34522.3
1321259,54.7242,167.6356,331.18,38432.9
8811081,54.6453,167.9297,330.91,21739.6
1510906,51.5967,178.8972,330.48,37055.5
7246048,51.9656,179.4906,329.38,23161.4
5181629,57.62,163.1589,329.24,25765.7
3960181,58.9178,164.5356,328.98,28002.9
1900042,52.8439,173.4033,328.64,34765.0
1732874,55.0656,166.125,328.31,35673.1
3767123,52.3678,175.915,328.23,28429.6
7197775,54.8819,166.4447,328.06,23213.6
3547386,58.7556,164.0314,328.05,28955.9
4540817,55.1078,166.1675,327.73,26848.3
1422724,54.765,167.6133,327.58,37667.7
1268615,58.9722,164.4647,326.93,38854.9
5887168,58.8919,164.1239,326.59,24754.3
771304,57.6831,163.025,325.69,44266.3
822377,58.8964,164.4239,324.9,43546.6
1229494,57.6192,163.2247,324.86,39183.1
8659938,58.9075,164.4406,323.94,21859.5
10108235,54.7353,167.6447,323.86,20783.7
758493,58.8917,164.5214,323.35,44455.9
1939855,58.8492,164.2105,323.12,34561.0
9232720,51.9311,179.6283,322.75,21408.9
1557225,54.6011,167.9314,322.7,36749.9
1966558,58.9369,164.4322,322.06,34426.2
10267302,58.8678,164.2505,321.51,20676.2
1422055,54.7028,167.7083,321.41,37672.8
10929659,58.7847,163.87,321.26,20252.8
5871377,54.905,166.45,320.73,24772.3
165039,51.9528,178.3258,319.83,63838.6
508618,58.8872,164.5414,319.83,49145.7
6087159,54.8914,166.5042,319.66,24493.0
1504994,52.495,173.6914,319.23,37095.0
2201797,58.7703,163.8533,318.59,33329.8
4790216,54.5206,168.0605,318.42,26405.6
4380187,51.6125,178.8175,318.37,27150.4
6730394,55.0531,166.1533,318.2,23721.3
6406814,54.5164,168.063,318.03,24097.0
11100090,58.9864,164.2406,317.55,20148.7
4816289,51.8008,178.3,317.02,26362.2
1833163,54.6806,167.7397,316.94,35116.9
11641689,54.8878,166.4425,316.87,19830.0
11175061,54.7375,167.6906,316.7,20101.2
637449,58.8492,164.2908,316.42,46458.8
4672666,57.6031,163.1689,315.61,26609.9
2320353,58.8528,164.0592,314.69,32832.9
5046685,51.6003,178.8647,314.24,25980.0
6737273,51.7933,178.3108,313.34,23713.2
3988170,54.6808,167.7283,313.25,27939.1
3687535,51.5892,178.9005,313.09,28617.3
11709225,56.3472,163.2375,313.03,19794.6
3576808,56.3647,163.2464,312.98,28883.2
7512771,58.9214,164.4217,312.16,22895.8
9473849,58.7742,163.8947,311.64,21229.6
3600448,58.8294,164.0397,310.93,28825.8
2268202,58.8036,164.0322,310.02,33047.6
1445387,56.2922,163.2105,309.44,37506.7
768387,52.8414,173.3839,307.47,44309.5
2760625,58.8972,164.4392,306.97,31205.2
4225775,52.0308,177.5847,306.52,27449.1
471581,51.9875,177.5092,306.43,50070.4
1631768,56.6044,163.1997,306.4,36275.3
7290986,58.7864,163.9033,305.76,23117.3
3349025,54.6719,167.7497,305.74,29461.9
4701588,58.9892,164.3881,304.12,26559.6
6011719,51.9111,177.2733,303.68,24591.6
695449,57.6369,163.1958,303.2,45445.2
7495486,58.9658,164.4475,303.09,22909.7
8475333,54.6722,167.7381,302.72,22016.3
6836874,57.5369,163.0525,302.62,23600.1
11273255,58.7133,163.9092,302.28,20044.1
6364094,58.9858,164.4033,301.79,24147.2
354538,58.9214,164.6505,301.25,53628.9
6481965,57.7678,163.0742,300.71,24007.0
11340502,51.8006,178.2964,300.29,20002.7
11452108,58.7722,163.938,300.21,19938.9
2342201,56.2792,163.1855,300.11,32743.5
10125534,56.1781,163.2739,300.07,20771.5
7455608,56.0994,163.035,299.83,22951.4
7933895,56.3578,163.2497,298.61,22491.5
623328,58.8644,164.3439,298.4,46717.2
9260895,57.6333,163.2017,298.31,21391.0
11420463,58.7617,164.0158,298.23,19958.1
1122436,57.6336,163.1625,298.22,40145.3
2490849,58.8811,164.3992,296.94,32162.4
1221753,57.64,163.1864,296.88,39249.8
538939,51.5681,178.9317,296.86,48443.2
3566249,56.265,163.1967,295.13,28907.4
6343340,55.0756,166.2575,295.12,24173.6
5321945,57.5392,163.0214,294.11,25547.2
1397092,57.6264,163.1317,293.27,37855.0
7752587,56.0361,163.0497,293.04,22660.9
8079510,54.6781,167.8067,292.75,22360.8
2629258,55.1289,166.2114,292.59,31655.2
8182343,51.2647,-179.0833,292.58,22269.5
4202629,54.7625,167.5972,292.54,27497.8
9217139,58.7544,163.8447,292.43,21420.8
5863929,58.7483,163.8414,292.29,24782.6
6668595,58.8528,164.1939,292.0,23791.0
5098287,58.7078,163.8172,291.97,25896.5
11075220,56.2397,163.0333,291.82,20164.5
5186186,56.2822,163.1939,291.54,25758.3
7096199,56.3464,163.3105,291.5,23317.7
3939718,56.1475,163.1006,291.42,28046.1
7217985,56.145,163.1058,291.36,23191.6
6051334,58.8553,164.2931,291.17,24537.2
9039092,52.8814,172.8239,291.09,21560.1
4398746,55.0581,166.2708,290.06,27112.8
9279536,54.6761,167.7447,289.91,21376.1
7985073,56.2125,163.1981,289.81,22446.2
674119,51.6253,178.8006,289.27,45804.1
2158716,57.6544,163.0342,288.8,33520.4
6227074,57.6342,163.1675,288.3,24315.5
9408220,56.3783,163.2531,288.24,21280.5
9640984,56.2847,163.1855,288.21,21112.2
10348539,58.9386,164.3797,288.16,20623.7
6469178,58.8736,164.0797,287.62,24022.9
884840,52.4392,173.4642,287.15,42735.8
4620933,58.84,164.0706,286.95,26703.2
2422944,58.7722,163.9667,286.68,32424.8
2314943,51.9992,177.4964,286.57,32856.2
6236948,57.6086,163.1642,286.44,24302.4
4118706,58.9517,164.4397,286.18,27666.4
4268174,54.6533,167.7675,285.4,27367.7
4963676,56.2656,163.0075,284.73,26114.5
3709281,57.6478,163.0075,284.68,28563.8
4103618,58.8408,164.0305,284.24,27698.6
6599324,57.5164,163.035,283.89,23871.2
2160011,52.9744,172.7564,282.69,33514.7
7779190,54.8714,166.5297,281.88,22638.4
2330138,54.885,166.4106,281.68,32794.0
6077500,57.5372,163.08,281.47,24506.0
9245968,58.8989,164.6425,281.31,21402.9
8622920,58.9269,164.6533,281.09,21891.5
5150688,57.6203,163.1255,281.04,25812.7
787878,58.7831,163.7858,280.85,44028.2
2937223,52.4992,173.7383,280.57,30640.7
6778588,56.5306,163.2,280.44,23664.8
8492181,56.1589,163.2356,280.16,22001.8
3607518,58.8467,164.0383,279.15,28808.1
11268291,56.1067,163.0375,279.01,20047.2
780110,58.9281,164.623,278.91,44138.1
6499188,51.8039,178.2922,278.81,23985.7
5766706,51.5786,178.86,278.78,24915.9
1509197,57.6344,163.0481,278.01,37067.5
2282087,51.6231,178.7175,277.91,32989.7
4533401,55.1522,166.2083,277.42,26862.5
9412078,58.8917,164.4467,277.31,21277.5
4332529,56.3803,163.2483,276.87,27239.4
4360842,55.1181,166.1931,276.44,27185.5
5042007,58.9611,164.4564,276.0,25987.3
10998146,58.8786,164.0733,274.43,20208.7
7016749,58.8461,164.0592,274.32,23402.2
8373115,58.8056,164.0255,273.83,22102.9
6349502,54.6908,167.7575,273.6,24165.7
8444413,56.1911,163.1022,273.41,22039.4
504568,58.9139,164.685,273.36,49242.8
1514548,56.2711,163.0689,273.29,37029.7
5252726,55.1425,166.1892,273.2,25654.2
8330605,55.1458,166.2097,272.63,22137.5
9821480,58.915,164.6892,272.39,20982.0
3039425,54.5469,168.0117,270.67,30331.4
1782861,58.8322,164.273,270.32,35389.8
7364938,51.9397,177.3892,270.32,23042.8
9392844,56.1942,163.1175,268.71,21292.5
3740828,58.97,164.6308,268.59,28490.1
11075137,58.8633,164.0714,268.53,20164.5
10546209,52.5028,173.7283,268.43,20493.6
1452564,57.805,163.0864,267.13,37457.4
9389024,55.0922,166.1572,266.99,21295.5
2116023,54.5006,168.0956,266.45,33715.6
7238278,55.0236,166.3333,266.41,23169.7
4154882,51.9461,177.3408,266.13,27592.6
10214645,57.7183,163.0942,265.66,20713.1
2918276,57.6136,163.1622,265.52,30698.9
10476655,57.7175,163.0706,264.9,20540.1
4555769,58.8786,164.618,264.88,26819.8
6567916,56.2042,163.1281,264.59,23905.9
2519523,56.2253,163.2856,264.42,32055.2
3548266,52.9811,172.7492,264.34,28953.7
1493952,57.6825,163.115,264.21,37170.5
6938888,56.5289,163.1956,264.17,23486.5
1684123,55.0892,166.2575,262.42,35957.8
6475598,58.7667,163.9683,262.41,24014.9
11110218,54.6769,167.755,262.21,20142.4
5045172,56.5025,163.2475,262.05,25982.4
1087670,55.1553,166.2306,261.5,40483.5
2922666,52.4181,173.3906,260.79,30684.3
4270476,58.7147,163.8092,258.79,27363.1
7011470,54.5972,167.9275,258.33,23407.7
3510425,58.7203,163.8858,257.63,29045.9
11684822,57.7217,163.0914,257.58,19804.2
2178502,56.2044,163.145,257.3,33434.7
2765433,57.5872,163.0858,257.12,31188.9
10201373,58.9136,164.6106,256.72,20722.3
730085,58.8767,163.938,256.18,44886.6
5262011,51.925,177.3322,255.18,25639.3
6234970,55.1431,166.1731,254.85,24305.0
4360825,57.4931,163.05,254.72,27185.5
7988009,56.7081,163.2242,254.05,22443.3
2418179,56.2519,163.1172,253.98,32442.5
5879748,58.7089,163.8067,253.56,24764.6
10034783,58.9069,164.4147,253.54,20835.8
11149852,58.7722,163.9533,253.52,20117.0
7422707,57.7678,163.1156,252.05,22981.9
8649896,58.9703,164.2039,251.99,21868.2
6083375,51.9592,178.3347,251.81,24498.2
5430228,57.6219,163.1475,251.67,25389.6
9242272,58.8806,164.5258,250.99,21405.9
3524091,56.2311,163.2708,250.71,29013.0
11489024,56.5489,163.1972,250.51,19916.5
2167915,55.1325,166.2242,250.03,33480.4
4955267,52.435,173.4481,249.6,26129.1
6160532,58.8153,164.0156,249.34,24399.2
1090196,51.6494,178.6758,248.94,40456.7
8870829,58.8681,164.3325,248.51,21689.8
9927140,58.875,164.5258,247.95,20909.0
5346411,54.5261,168.0467,247.95,25512.3
8468718,57.5019,163.0508,247.15,22022.1
10245345,58.7919,163.9022,247.01,20691.6
6172300,57.4911,163.0392,246.31,24383.5
295080,51.9786,178.273,246.22,56012.6
6997119,56.6281,163.0725,245.85,23424.0
9217269,52.9369,173.1283,244.68,21420.8
3091735,58.9803,164.3667,244.59,30177.7
2872668,57.7011,163.0717,244.23,30841.7
7813369,56.2619,163.0875,243.76,22604.6
5984197,56.2497,163.09,243.64,24625.3
4839320,58.7778,163.9447,243.56,26321.1
8203620,52.825,172.8739,243.19,22249.5
10920143,54.87,166.5814,243.11,20259.1
2097958,58.8753,164.4206,242.77,33796.7
4395217,56.2553,163.1989,242.31,27119.8
6415113,57.6247,163.2067,242.2,24086.4
8197407,56.2131,163.1205,242.18,22255.2
6941360,51.8956,177.2264,241.63,23483.7
6592644,58.7783,163.9689,241.07,23879.2
10564583,55.1456,166.2414,240.68,20481.1
4135310,58.6592,163.7439,238.9,27634.1
5991678,57.6058,163.1197,238.82,24615.0
10691977,57.725,163.0789,238.67,20400.1
10645344,54.6475,167.805,238.22,20431.3
4031598,58.8342,164.0164,238.18,27850.0
9893799,58.7789,163.9608,237.84,20933.4
1349875,57.7897,163.1456,237.33,38211.8
9260866,58.8725,164.3272,237.11,21391.0
6780804,58.9075,164.1325,237.02,23662.1
6236936,58.6728,163.7689,236.82,24302.4
1839330,58.9011,164.345,236.66,35084.3
11252912,58.7583,164.0075,236.44,20056.8
4129066,51.9464,177.4881,236.38,27648.0
2468997,55.0758,166.2831,236.21,32247.5
8286045,56.6053,163.0922,236.21,22177.7
11399488,58.8969,164.6633,235.45,19970.8
8633159,52.4206,173.4442,235.11,21882.8
5397277,51.9247,179.6447,235.04,25437.2
749712,58.6269,163.7114,235.01,44587.6
7068825,58.7936,163.9172,234.91,23347.7
5735152,57.6792,163.08,234.84,24956.8
8573045,58.87,164.3217,234.49,21935.1
11549395,56.4972,163.2483,234.41,19884.5
7715945,56.1531,163.2197,234.0,22697.4
6043736,51.2542,-179.077,233.74,24547.6
9028393,52.8425,173.1505,233.38,21569.0
5265101,58.8194,164.2642,233.24,25634.4
9809421,58.7961,164.0031,232.85,20991.2
10792818,58.79,164.01,232.79,20337.5
3933770,55.0819,166.1275,232.55,28059.7
1884072,55.1325,166.1342,232.2,34849.2
7399046,52.4208,173.475,231.99,23006.8
3878492,58.7506,164.0172,231.58,28179.8
3662896,55.0444,166.3622,231.18,28675.1
11488985,57.7769,163.1783,230.73,19916.5
3596837,51.9689,178.3458,230.57,28832.4
7346514,57.6036,163.1408,230.53,23062.2
7042120,51.2503,-179.0833,230.5,23377.7
2193117,52.0847,177.6617,230.47,33369.9
3761488,58.9653,164.3767,229.89,28443.1
7422688,58.8664,164.2258,229.85,22981.9
3249085,56.2714,163.0242,229.7,29731.0
6661896,57.63,163.1497,229.12,23799.1
6268138,56.3739,163.2342,228.29,24265.6
6954069,58.9,164.41,226.89,23472.9
7526225,58.9711,164.3789,226.85,22881.9
1130564,57.5142,163.0681,226.31,40067.5
3008000,54.7239,167.6767,225.69,30423.7
8339925,55.1503,166.2539,225.61,22128.9
7133961,57.4931,163.0617,225.27,23279.4
2192704,55.1717,166.2122,224.0,33371.8
4249584,58.7925,163.9672,223.34,27402.6
8122465,56.2686,163.025,222.97,22320.9
936121,58.8725,164.3814,222.47,42111.1
5854854,56.5203,163.2031,222.45,24795.5
5843852,56.6042,163.2175,222.22,24810.9
3533574,52.0728,177.6475,222.03,28988.9
3942717,55.1347,166.25,221.58,28039.2
9542838,58.9531,164.1731,221.36,21181.5
5028608,58.8872,164.4108,220.94,26006.9
3623538,57.6439,163.1275,220.46,28768.2
10584862,57.7811,163.1142,220.38,20471.8
2850081,58.9931,164.688,220.34,30911.9
5014265,51.7978,178.3275,220.34,26031.4
1833529,52.8111,172.8697,219.77,35115.1
6467096,58.8703,164.4083,218.35,24025.5
7114400,56.3758,163.2483,218.08,23301.3
11803068,52.3617,175.8797,217.92,19739.8
6732725,56.26,163.1214,217.67,23718.6
8874400,55.0956,166.3022,217.38,21686.8
9677510,55.0922,166.1322,216.86,21085.0
1561629,58.9247,164.6967,216.82,36720.4
4230487,57.6842,163.0533,216.4,27442.1
7262236,57.7758,163.1381,215.89,23147.6
2743572,58.8792,164.3014,215.77,31262.3
4463901,58.9381,163.9483,215.67,26990.3
11155158,51.78,178.3339,215.5,20113.9
2211675,58.9919,164.1914,215.35,33287.7
1612187,56.1517,163.2706,215.29,36396.3
11335000,58.7033,163.7947,214.49,20005.9
7495592,52.0778,177.6555,214.4,22909.7
10384356,57.6806,163.1342,213.31,20599.0
3039407,58.8306,163.84,213.22,30331.4
6372518,56.2981,163.175,212.85,24136.6
9570536,52.4158,173.4583,212.84,21160.4
5972756,58.9211,163.9397,212.67,24640.8
10271812,54.9239,166.5247,212.57,20673.1
3695664,59.0,164.6658,211.25,28597.2
8544764,55.0725,166.3133,211.04,21955.4
6855722,52.0742,177.6567,210.99,23578.5
5104268,56.535,163.1897,210.92,25886.6
11298954,52.9819,172.8883,210.22,20028.2
798984,51.2508,-179.0633,209.33,43870.2
4747951,58.9286,164.3414,209.27,26477.9
2469483,58.9622,164.1533,209.2,32245.5
2298198,58.8661,164.438,208.23,32922.0
10617172,56.2811,163.09,208.18,20450.0
7939736,51.5772,178.9725,208.0,22485.9
9257295,52.4128,173.5064,207.92,21394.0
6357817,58.7222,163.7992,207.74,24155.1
3827320,58.9208,164.3517,206.85,28292.6
3630109,51.9544,179.6347,205.53,28755.0
1042879,51.9425,177.5697,204.31,40940.5
1678401,56.3753,163.12,204.26,35991.4
9935703,52.4208,173.5206,204.21,20902.9
4864748,54.9089,166.5031,202.66,26279.9
7730100,54.7067,167.7514,201.78,22683.3
2162026,58.6442,163.6789,201.41,33505.2
516970,55.2858,165.8633,201.12,48947.0
9640913,58.8675,164.2775,201.09,21112.2
6402602,58.94,164.6764,200.29,24102.3
8716187,58.6967,163.7839,200.23,21815.7
4636205,58.8594,164.3581,199.65,26674.5
6922239,58.8911,164.3475,199.42,23505.4
6804851,51.6347,178.6642,198.86,23637.9
7004311,51.6325,178.7492,198.37,23415.8
5492148,57.6367,163.1475,198.35,25299.1
5967089,58.8622,164.4142,197.95,24648.6
9713800,57.8108,163.0717,197.82,21057.8
7309173,54.9008,166.495,197.63,23098.0
9176642,54.5292,168.0406,196.81,21453.5
11780701,56.5078,163.2147,196.52,19752.7
474291,52.7653,173.8856,196.2,50000.4
6592643,58.8153,163.8375,194.98,23879.2
6926995,57.5911,163.1308,194.77,23500.0
6183138,58.9078,164.3133,194.36,24373.1
2382798,51.9417,177.4983,194.29,32581.6
9064279,57.6283,163.0389,193.77,21539.4
9669277,56.1658,163.2842,193.46,21091.1
11543895,58.6511,163.72,193.26,19887.7
11587776,52.4133,173.5208,193.24,19862.1
10508611,56.2619,163.1289,193.11,20518.4
2342202,56.1472,163.2583,193.07,32743.5
7190137,56.2314,163.1042,193.03,23221.8
5842011,57.5722,163.1067,193.03,24813.5
7215469,58.9136,164.6742,192.8,23194.4
10370954,56.3022,163.1608,191.43,20608.3
11674311,51.9803,178.4706,191.24,19810.7
10617170,56.3114,163.3405,191.1,20450.0
6537256,56.2842,163.0992,189.8,23943.2
7484951,52.8872,172.8558,189.39,22920.8
4847686,53.0019,172.7692,188.99,26306.5
4507293,58.9331,164.6897,188.84,26909.9
2009710,54.9128,166.5892,188.62,34216.4
7936814,52.4006,173.4097,188.61,22488.7
11576884,55.16,166.1681,188.48,19868.5
1344449,58.9769,164.6725,187.41,38253.4
3348244,54.8414,166.5317,187.32,29464.1
10503988,58.8039,163.82,187.04,20521.5
4871804,58.8894,164.3725,186.48,26267.8
1684998,54.7319,167.7475,185.39,35952.4
1396128,52.7722,173.8656,184.61,37860.0
5976565,58.8419,164.2564,184.52,24635.7
9165445,56.6022,163.0017,184.45,21462.4
3450386,55.1797,166.1747,184.37,29199.1
6661908,56.3125,163.15,184.25,23799.1
11808412,55.1883,166.1525,183.8,19736.6
5871329,58.8831,164.3675,183.62,24772.3
5575767,52.8731,173.1781,183.13,25177.9
9111566,56.2986,163.1558,182.79,21500.9
3644924,52.8392,173.0333,182.37,28717.3
4680498,54.7436,167.618,181.6,26595.6
9914641,58.6767,163.7572,181.15,20918.2
9817631,52.4272,173.4983,179.53,20985.1
7994002,58.9764,164.1689,178.89,22437.6
7126624,55.1706,166.2447,178.5,23287.6
5585955,58.9678,163.96,177.35,25162.8
6629993,54.9097,166.5692,176.87,23833.8
4983618,57.6461,163.0933,176.14,26080.3
2912354,54.9936,166.3864,175.89,30717.5
3473635,54.7264,167.7175,175.06,29140.1
9858873,54.8075,166.6464,174.82,20954.7
6684353,51.5483,178.9142,174.56,23772.3
5231342,58.9828,164.6792,174.56,25689.0
858529,58.4853,163.4731,173.53,43070.0
10197125,51.6389,178.6508,172.64,20725.4
1568800,56.2367,163.2489,172.09,36673.5
3931768,58.6186,163.6464,171.36,28064.2
7298850,56.145,163.1897,171.33,23109.1
8366770,58.8328,164.2572,171.07,22108.7
6929349,57.5964,163.1608,170.99,23497.3
5045220,51.9489,178.4567,170.33,25982.4
5483900,54.6925,167.8292,169.31,25311.7
8918701,58.8422,164.3105,168.91,21654.5
1166016,52.8511,173.1805,168.77,39738.5
11164893,58.9464,164.3475,167.98,20107.5
8273575,55.2106,166.2175,167.82,22189.2
9881470,54.9406,166.4506,167.43,20942.5
2854704,58.9553,164.6706,167.43,30899.5
7393608,58.9031,164.0597,167.33,23012.4
9550647,58.9306,164.6855,166.36,21175.5
5624364,56.4378,163.135,166.36,25109.5
3368422,58.9297,164.1142,166.12,29412.1
8740091,58.8181,164.24,165.84,21795.2
9726112,58.9139,164.1208,165.33,21048.7
9150636,58.9022,164.4525,164.99,21474.3
1983532,55.2194,166.0925,164.92,34344.6
1671016,52.9192,173.1342,164.81,36035.6
8282895,57.6756,163.1075,164.39,22180.6
679903,51.3453,-178.9742,163.96,45708.1
11714538,57.7086,163.0883,163.74,19791.4
11668732,58.9344,164.6267,163.12,19813.9
8733325,52.4728,173.5814,162.94,21801.1
4346849,56.3456,163.1764,162.72,27213.6
7482167,57.6147,163.0975,162.16,22923.6
862225,55.2594,166.1064,162.05,43021.1
2337960,58.5925,163.6183,161.28,32761.0
8033071,55.1581,166.2608,161.05,22400.7
8626417,58.6178,163.6747,160.85,21888.6
9462230,58.8492,164.3139,160.72,21238.6
10039027,58.8036,163.9425,160.46,20832.7
11436392,56.1211,163.1456,160.15,19948.5
3880403,58.9636,164.6733,159.99,28175.3
949132,55.2808,166.2189,159.97,41961.1
9969082,55.0206,166.3947,159.37,20878.5
1467046,51.3808,-178.9392,158.77,37355.2
1093928,55.2606,166.0164,157.0,40420.5
10710762,58.6261,163.6658,156.58,20387.6
9598337,58.6117,163.6697,156.45,21139.4
10621786,58.4928,163.4722,156.44,20446.9
11357968,58.9108,164.0706,156.38,19996.3
6936499,56.3672,163.1539,155.81,23489.2
7848420,55.3017,166.0308,155.78,22570.7
7235704,55.1833,166.1272,155.65,23172.4
9336651,56.3,163.1422,155.31,21331.4
2797923,55.2511,166.0206,154.9,31082.5
2869272,52.7689,173.8708,154.9,30850.0
10905544,52.4064,173.4425,154.7,20268.5
11080113,58.9542,164.3814,154.32,20161.3
11742257,51.5839,178.7675,154.29,19775.3
4258468,55.0361,166.3833,154.03,27384.0
10626656,55.2064,166.1789,153.9,20443.8
6329148,54.68,167.7825,153.83,24192.0
1826994,56.3758,163.1939,153.81,35149.6
3279145,55.2539,166.11,153.52,29649.5
9503547,55.0944,166.3247,153.31,21211.6
11335246,51.9383,179.6608,153.14,20005.9
9089902,52.8183,172.9917,152.84,21518.7
7185087,58.745,163.9858,151.68,23227.3
3978045,58.5061,163.4614,151.36,27961.9
1826333,55.2439,166.2231,149.77,35153.2
3155746,55.2161,166.1664,149.12,29993.4
4778280,58.6017,163.6517,148.88,26427.4
1380907,55.2728,166.09,148.18,37974.3
3510457,52.9231,173.1539,148.03,29045.9
9427592,58.4997,163.4822,147.83,21265.6
7029995,52.9856,172.7747,147.74,23391.3
3432164,51.9333,177.4856,147.63,29244.9
7161577,58.7556,163.9831,147.5,23249.3
10009070,58.9061,164.68,147.23,20854.1
6501317,54.9306,166.3822,146.56,23983.1
7645799,57.6469,163.0692,145.38,22764.6
4527305,54.9447,166.4297,145.32,26874.4
7458322,52.3936,173.6364,144.55,22948.6
2558323,52.9072,173.1222,143.71,31911.8
5721075,55.1453,166.1489,143.24,24977.2
5936787,55.2153,166.2117,142.36,24689.9
10925045,52.9556,173.1622,141.68,20255.9
7857102,52.8364,173.0425,140.63,22562.2
2522672,58.84,163.9181,140.4,32043.3
5710108,58.6161,163.6839,139.99,24992.5
8234687,56.7092,163.1247,137.87,22220.8
10517751,56.4131,163.1567,137.63,20512.2
5636402,52.8283,173.0792,137.33,25091.8
10138675,51.9503,177.5572,133.28,20762.3
3954619,58.8875,163.8472,132.05,28012.0
9503615,52.4503,173.6614,131.9,21211.6
5661587,52.0464,177.6342,130.9,25058.7
1069193,51.9481,177.6575,129.79,40667.2
5896438,52.365,173.6547,129.76,24741.5
10706250,51.8103,178.2733,129.21,20390.7
1081965,51.9639,178.3117,128.97,40538.5
7640391,55.0553,166.11,128.26,22770.2
4466283,56.3758,163.2064,127.88,26985.6
3280688,55.1119,166.2872,127.51,29645.2
5454978,51.955,177.6308,126.64,25351.9
6541582,56.6958,163.2592,126.48,23937.9
9115257,52.3922,173.525,125.38,21498.0
8790645,55.2236,166.1781,124.42,21757.2
9313950,52.435,173.6742,124.33,21349.3
6732764,52.9714,172.96,123.99,23718.6
11587570,58.7461,163.7422,123.6,19862.1
9632440,51.9253,177.3883,122.88,21118.2
5314029,55.2306,166.195,122.8,25559.7
11663380,55.1372,166.2783,119.76,19817.1
10876468,52.3908,173.5322,118.46,20287.3
2324030,52.0075,177.5875,116.64,32817.4
10440625,52.4461,173.6783,116.51,20564.9
5021465,52.3917,173.4122,116.43,26019.2
11786493,52.42,173.6792,116.25,19749.5
4507343,52.9992,172.7358,115.24,26909.9
3290853,51.82,178.2358,114.55,29619.4
4383651,54.9706,166.4292,113.93,27143.3
9169152,55.3047,166.1555,112.69,21459.4
7878517,55.2194,166.2439,112.32,22545.3
10402683,52.4253,173.6889,112.17,20586.6
11175049,55.1019,166.3206,109.65,20101.2
9764925,51.9536,177.6675,106.0,21024.5
10013390,55.2511,166.2339,104.63,20851.1
2567863,51.3783,179.3017,104.16,31877.9
3397369,51.9761,177.5733,102.84,29336.2
11720306,51.8125,178.255,102.41,19788.1
6985116,58.9392,164.0742,102.39,23437.6
10988606,52.4117,173.7017,100.49,20215.0
11462613,58.8275,164.2175,100.36,19932.5
8733327,52.4392,173.6875,100.13,21801.1
5512397,52.0061,177.5725,99.86,25268.9
8298812,51.9286,177.5739,97.45,22166.3
4783651,52.3944,173.5972,96.57,26417.7
11075226,56.1467,163.1589,96.15,20164.5
1945180,51.9222,177.4556,94.82,34533.3
10692158,51.9683,177.6397,94.55,20400.1
3572536,51.9489,177.69,93.97,28894.2
8936470,56.7264,163.1097,92.48,21639.8
1996521,51.5536,-178.8144,92.23,34281.5
2077621,56.7317,163.2492,90.15,33892.7
5243741,51.9622,178.3606,89.94,25669.1
5265170,51.9125,177.47,88.2,25634.4
7601613,57.5808,163.1406,87.49,22809.4
2313351,52.7336,174.1042,84.74,32860.0
10304806,51.9183,177.4767,82.34,20654.6
4598917,52.9208,172.4475,81.2,26741.3
7104624,55.19,165.9958,78.24,23312.2
2736605,51.2686,-179.1475,76.81,31284.7
11565402,55.3119,166.1183,75.11,19874.9
3150076,51.5786,-179.0519,70.68,30010.4
11399717,51.3731,179.405,70.55,19970.8
3766171,58.8281,163.7772,70.49,28431.9
8696043,52.8319,173.05,69.61,21833.2
3303060,51.8181,177.3256,68.69,29584.9
10541611,52.0569,177.5781,67.91,20496.7
11410176,51.7014,-178.1008,67.67,19964.4
11170054,56.4564,163.1867,67.67,20104.4
10330868,55.2428,166.1097,65.95,20636.1
11565476,52.9856,172.6072,65.78,19874.9
3591646,51.9792,178.3397,65.3,28845.7
4047026,51.5675,178.7864,60.72,27815.7
11070438,51.4058,179.2306,57.12,20167.6
10668666,51.9519,177.6033,56.04,20415.7
4792825,51.4789,-178.2778,54.7,26400.8
4955235,54.8494,167.523,54.29,26129.1
5938741,55.225,166.023,49.03,24687.3
5726418,52.7375,173.9722,48.93,24969.6
7264885,51.8078,177.338,42.04,23144.9
7782067,52.3847,175.845,40.21,22635.5
9689738,52.0539,177.5572,39.91,21076.0
8176340,51.575,-178.8492,39.24,22275.2
9242368,54.8228,166.3775,36.07,21405.9
9777087,51.6381,178.7375,34.66,21015.4
11140057,51.3153,-178.9717,32.15,20123.4
11090316,51.245,-179.1428,31.88,20155.0
11170094,55.2147,165.7908,31.72,20104.4
