7,-78.4092,-85.8658,4918.81,250353.6
42068,-78.4025,-85.9783,4638.31,84086.7
303611,-78.4256,-85.8942,4555.48,55640.5
447561,-78.4439,-85.8367,4493.2,50713.9
11778860,-78.3992,-85.9633,4300.15,19755.9
2786133,-78.4033,-85.9475,4236.86,31121.4
2949107,-78.4036,-85.93,4200.29,30603.2
4097997,-78.3831,-85.9733,4138.37,27712.4
2488,-78.1483,-86.1858,4126.87,129577.2
291217,-78.1781,-86.1633,4109.53,56184.1
21533,-78.2897,-86.0883,4067.99,94604.7
3549691,-78.3022,-86.08,4063.86,28951.5
187887,-78.3264,-86.1042,4052.3,62064.4
20850,-78.2025,-86.1658,4023.26,95075.0
937097,-78.1633,-86.1983,4002.09,42100.5
135112,-78.2244,-86.1525,3977.01,66679.6
10874700,-78.1583,-86.1858,3947.27,20290.5
4988837,-78.2233,-86.1617,3936.84,26073.0
5419255,-78.1683,-86.1792,3917.42,25404.7
138862,-78.3594,-86.0767,3897.03,66288.6
7781026,-78.225,-86.1417,3895.66,22638.4
4214382,-78.3708,-86.0233,3815.94,27474.6
371721,-78.3478,-86.1092,3798.96,53029.2
4923409,-78.2894,-86.1158,3771.57,26182.7
42923,-78.3072,-85.9158,3754.22,83787.6
849163,-78.2906,-86.1392,3740.29,43191.1
7413868,-78.2144,-86.1833,3735.69,22993.0
6014694,-78.3428,-86.0975,3691.55,24589.1
3401,-78.015,-85.9825,3681.7,124188.4
8524,-78.1203,-85.9025,3670.01,109399.8
7987010,-78.2911,-86.1158,3663.41,22446.2
7005802,-78.1156,-85.8917,3658.72,23415.8
753,-76.7992,-117.6592,3645.81,150360.5
2271801,-78.1058,-85.8708,3636.05,33036.0
10320602,-76.8172,-117.6733,3616.9,20645.3
455,-75.7975,-115.8133,3593.64,160368.4
647926,-78.0953,-85.8758,3592.45,46267.8
21929,-76.7256,-117.7417,3549.98,94332.3
331,-76.2814,-112.1267,3517.34,166816.2
22339,-78.2644,-86.16,3511.94,94010.9
14431,-78.1136,-86.2517,3506.4,100903.3
2684237,-76.7156,-117.8417,3490.85,31467.5
5575180,-78.1142,-86.2608,3467.21,25180.5
185727,-77.9831,-85.9883,3442.3,62224.4
4382111,-78.2189,-86.1283,3394.32,27148.0
97645,-78.4961,-85.9433,3366.38,71339.1
1730375,-78.2547,-86.12,3364.49,35689.2
5159206,-78.305,-85.975,3352.09,25800.3
2086179,-75.8125,-115.8808,3347.42,33853.2
7033915,-78.1158,-86.2183,3334.32,23388.6
747002,-78.1628,-86.035,3333.18,44629.0
5803776,-78.1669,-86.0583,3330.6,24864.8
5662702,-78.1294,-85.9367,3330.14,25058.7
61693,-77.9522,-86.0567,3317.52,78228.0
1145363,-78.1556,-85.9958,3307.85,39928.9
3319773,-78.4944,-85.9108,3292.39,29541.8
5945813,-77.9931,-85.9758,3282.55,24679.6
2309152,-77.9417,-86.0475,3236.1,32879.4
653665,-77.9292,-86.0492,3159.86,46163.0
893447,-78.2183,-86.0383,3135.05,42629.9
974251,-78.4889,-85.8675,3134.16,41677.7
1569435,-78.0208,-86.0875,3122.53,36670.1
618980,-78.0944,-86.2192,3101.45,46803.1
452713,-78.0303,-86.1133,3094.79,50574.3
634361,-78.2431,-86.1825,3076.33,46513.6
9553366,-78.2744,-86.0217,3070.85,21175.5
11531538,-78.2194,-86.0675,3064.73,19897.3
302706,-75.8103,-116.1,3051.49,55677.1
7029109,-77.9681,-85.9775,3051.27,23394.0
558365,-78.0761,-85.8608,3023.89,48025.9
8625328,-78.035,-86.1042,3023.23,21891.5
5007877,-78.0928,-86.2625,3011.22,26043.7
8127578,-78.0433,-86.1017,3004.92,22318.1
150792,-78.0731,-86.1983,3003.54,65110.4
970702,-78.1492,-86.3067,2993.18,41717.4
544185,-78.1931,-86.0025,2971.62,48328.7
1210642,-77.9239,-86.1017,2940.45,39345.4
3727658,-78.1944,-86.0208,2925.94,28523.6
1637890,-78.2,-86.0708,2910.61,36236.6
1975705,-78.0956,-86.3358,2894.67,34383.6
3977739,-78.4325,-85.9975,2892.61,27964.2
742458,-78.0561,-86.1158,2872.84,44697.5
8262918,-78.1975,-86.0492,2847.55,22200.7
44633,-77.89,-86.155,2842.63,83176.3
248797,-76.6611,-118.1133,2832.08,58262.7
5671444,-78.55,-85.9125,2821.79,25046.0
10239340,-78.3828,-85.8883,2805.18,20697.7
3055585,-78.0664,-86.15,2795.36,30283.0
198845,-77.9639,-85.8808,2790.56,61282.4
894473,-78.2636,-85.9108,2784.78,42616.4
744954,-78.1439,-86.4225,2756.5,44659.0
1111315,-78.5694,-85.9158,2755.73,40253.1
117811,-77.8708,-86.1358,2740.17,68619.7
2228512,-78.5642,-85.8667,2737.92,33214.9
2114279,-78.2847,-85.8192,2735.56,33725.0
3366,-77.6114,-86.0492,2729.77,124354.5
226978,-78.255,-85.8625,2727.12,59482.4
2070185,-76.6686,-118.0558,2710.61,33928.4
2297176,-78.3817,-85.81,2704.48,32927.8
4332141,-77.8664,-86.1283,2701.63,27241.7
6136409,-78.27,-85.95,2696.44,24433.1
11038834,-78.3547,-86.24,2695.19,20189.7
52464,-77.6517,-86.0442,2681.55,80695.9
1698790,-77.9567,-86.1283,2663.7,35870.8
3057662,-76.6989,-118.0517,2658.47,30276.7
369482,-77.9822,-86.0933,2656.25,53107.2
280324,-78.4817,-86.0317,2649.15,56686.4
77081,-78.1211,-86.6683,2639.09,74874.7
623,-75.345,-110.7367,2635.71,154291.7
990302,-78.0044,-86.1258,2623.88,41498.4
6685711,-76.6717,-118.0308,2608.37,23772.3
3853601,-77.5744,-85.8042,2596.92,28236.2
72615,-77.8033,-86.2825,2592.65,75793.2
246477,-77.9236,-86.185,2588.38,58385.1
9179053,-78.1886,-85.9708,2573.0,21453.5
11756846,-76.8633,-117.64,2570.21,19768.8
3652547,-78.005,-86.1733,2554.51,28699.5
8745865,-77.5717,-85.8267,2543.53,21792.3
335960,-77.6372,-86.0708,2542.89,54318.3
10221912,-78.2958,-85.865,2529.68,20710.0
299009,-78.0692,-86.3533,2526.77,55836.0
151169,-77.7892,-86.3092,2524.19,65074.2
345163,-77.8508,-86.1825,2523.94,53974.7
643149,-78.1403,-86.5017,2521.74,46354.4
603788,-77.8731,-86.1883,2515.25,47094.8
166069,-77.8281,-86.2317,2505.73,63751.7
3944406,-78.4997,-86.0442,2501.93,28037.0
590743,-78.0614,-86.2425,2499.86,47353.9
197495,-77.8672,-86.0508,2490.76,61373.8
2545958,-78.3372,-86.2842,2489.81,31959.7
7650336,-77.6681,-86.0067,2475.13,22761.8
10829380,-77.9833,-86.0517,2474.68,20315.6
583004,-77.8136,-86.26,2469.03,47509.7
3017949,-77.9061,-86.1142,2468.45,30396.4
5096317,-75.3264,-110.7633,2466.9,25901.4
2423264,-78.1769,-86.3967,2466.4,32424.8
337237,-75.3433,-110.8592,2464.98,54269.0
7650335,-78.4811,-86.0792,2458.59,22761.8
6012876,-78.5769,-85.8192,2457.48,24591.6
537339,-78.0261,-86.31,2452.69,48480.1
392667,-77.7692,-86.3283,2451.62,52343.6
5133790,-78.3669,-86.2242,2447.61,25842.3
1537574,-78.0319,-86.2317,2442.78,36878.0
7993017,-78.2494,-85.8717,2442.48,22440.5
380102,-77.5753,-85.9942,2441.63,52750.9
2553849,-75.3317,-110.8242,2427.56,31929.8
380607,-77.9128,-86.2058,2426.21,52734.0
311184,-78.5214,-86.8117,2421.68,55319.0
425067,-77.9447,-85.8808,2420.44,51353.1
1015408,-78.1378,-85.8142,2410.39,41227.3
935348,-77.7781,-86.3142,2402.41,42121.7
4844406,-77.8539,-86.155,2394.12,26313.8
1753692,-77.8342,-86.1917,2387.79,35555.1
2383575,-78.0883,-86.4292,2384.85,32579.6
5145672,-78.1194,-86.7283,2380.26,25822.6
175921,-77.6878,-86.0558,2378.97,62966.4
8779026,-78.5989,-85.8333,2375.45,21768.9
4724714,-78.5189,-86.7558,2371.53,26518.8
9775607,-78.1308,-86.3842,2368.0,21018.5
756263,-77.82,-86.2408,2367.67,44490.3
37989,-76.9469,-116.8625,2366.98,85644.5
849281,-77.5683,-86.0075,2360.04,43189.6
842514,-77.8333,-86.1225,2358.86,43279.5
11190254,-78.2456,-85.8583,2358.66,20098.0
2749176,-78.5186,-86.6958,2357.64,31244.0
11552952,-77.6842,-86.0583,2350.26,19884.5
4817167,-78.2372,-86.3325,2346.81,26362.2
7478654,-78.4942,-86.885,2346.0,22929.2
5132276,-77.9428,-86.1475,2345.66,25844.7
1962907,-78.0517,-86.2533,2342.27,34446.5
6210429,-77.5644,-85.91,2340.81,24339.0
23436,-77.5892,-86.2967,2338.46,93217.4
245526,-78.0483,-86.5042,2338.42,58436.3
247829,-77.9222,-86.3517,2338.07,58313.0
704266,-77.8314,-86.0483,2337.8,45300.6
656516,-78.1522,-86.6825,2330.79,46113.3
2885710,-78.545,-86.8283,2330.73,30800.4
6249213,-78.2389,-85.8267,2326.52,24291.9
1586167,-78.1283,-86.5933,2315.93,36562.2
4805890,-77.8961,-86.0817,2315.6,26379.1
3180912,-77.7947,-86.2717,2306.44,29923.2
11163227,-78.0231,-86.275,2299.29,20110.7
3698013,-76.9478,-116.9508,2294.3,28592.8
6090366,-77.8383,-86.1442,2288.21,24490.4
4025174,-78.5194,-86.6267,2286.14,27866.0
5576850,-78.1347,-86.5717,2285.91,25177.9
1372852,-77.7519,-86.3725,2278.98,38036.3
6140336,-77.5681,-85.9275,2276.94,24427.9
2440822,-77.6894,-86.1033,2269.01,32355.9
10016169,-77.9581,-85.8142,2259.63,20851.1
2888863,-77.7581,-86.3525,2257.18,30790.0
1007072,-78.5333,-86.2142,2255.65,41316.9
56366,-75.8783,-115.2142,2254.14,79582.8
4517865,-77.8303,-86.2742,2252.15,26891.0
3549692,-78.1131,-86.795,2242.93,28951.5
7194343,-78.1194,-86.7775,2242.69,23219.1
2341057,-75.3286,-110.9117,2241.27,32749.3
1701128,-77.9989,-86.2675,2241.1,35856.6
408388,-78.0311,-86.5483,2237.55,51850.7
3132525,-77.5867,-86.0467,2233.62,30061.3
11178227,-78.525,-86.5867,2228.87,20101.2
246435,-77.9108,-86.4808,2222.32,58387.3
4889399,-77.6981,-86.0333,2211.11,26238.6
3340162,-77.9967,-86.3392,2209.58,29487.9
809197,-78.5628,-86.1175,2208.12,43727.7
8852124,-78.5239,-86.1342,2204.08,21707.4
6859551,-75.8767,-115.265,2201.28,23575.8
1224952,-77.8328,-86.3008,2195.25,39222.1
233706,-77.9672,-87.2158,2190.1,59093.4
2019087,-77.9433,-86.2783,2185.65,34171.7
177863,-77.7464,-85.875,2185.41,62808.3
241283,-77.9222,-87.41,2184.04,58668.1
564129,-77.9619,-87.3542,2168.39,47903.6
8381875,-78.5378,-86.5383,2168.04,22097.2
871324,-78.5822,-86.08,2166.41,42906.9
81518,-75.4069,-110.4908,2163.02,74002.6
5459322,-78.5511,-86.5092,2157.11,25346.9
1319080,-77.7178,-85.9783,2154.73,38451.1
2928836,-78.0556,-86.44,2144.69,30665.6
349773,-78.0167,-86.5733,2141.51,53803.3
291282,-77.74,-86.3875,2139.0,56180.7
3917952,-77.5414,-85.8075,2133.55,28093.7
621237,-77.9261,-86.4508,2133.5,46759.5
5875524,-77.7047,-85.9975,2132.85,24772.3
1173337,-77.8056,-86.41,2127.17,39672.8
3885951,-77.5961,-86.3242,2123.12,28163.9
2787418,-77.9814,-86.2942,2113.72,31117.3
2784280,-78.1122,-86.9667,2112.45,31127.5
3901996,-77.9653,-87.1875,2104.86,28130.0
6479130,-77.8108,-86.1225,2100.81,24012.3
7829634,-77.9219,-86.4592,2086.68,22590.5
240019,-78.6633,-86.2875,2081.89,58738.7
2286544,-77.8019,-86.4467,2081.57,32974.2
2994656,-78.0183,-86.37,2078.36,30467.6
9141927,-78.5506,-86.4575,2074.06,21483.2
5856066,-78.3764,-87.9867,2067.59,24795.5
461663,-78.5944,-85.9542,2066.25,50336.9
2290944,-77.6667,-86.17,2061.62,32954.9
616414,-77.8342,-86.3708,2057.67,46850.7
9529703,-78.1633,-87.0,2041.64,21193.5
1690628,-78.0389,-87.0508,2038.71,35918.8
359577,-77.7083,-86.5383,2037.3,53449.2
1857074,-77.8994,-85.9225,2037.16,34989.7
565506,-77.7164,-86.4417,2037.02,47873.0
8480631,-78.3672,-88.0617,2035.21,22013.4
1807389,-77.9692,-86.4567,2033.92,35256.4
4670975,-77.9522,-87.2525,2022.26,26614.7
68913,-77.4744,-86.0033,2021.65,76557.6
5246187,-77.5783,-86.3167,2013.71,25666.6
9088543,-77.9767,-87.24,2011.28,21521.7
9406902,-77.9528,-87.3533,2007.71,21283.5
6427124,-77.9961,-87.1625,1996.34,24073.2
6265396,-78.0217,-87.0675,1993.47,24270.9
118186,-77.6231,-86.7217,1993.07,68572.3
8779027,-77.9706,-86.3967,1992.79,21768.9
2120972,-78.57,-86.1675,1980.64,33692.9
1583207,-77.7175,-86.4908,1980.09,36581.4
416609,-77.5506,-86.3758,1972.62,51601.9
9875754,-77.7078,-86.5633,1971.44,20948.6
449429,-77.5642,-86.3375,1968.84,50663.7
2281028,-77.7217,-86.4067,1968.55,32995.5
730865,-77.7997,-86.5058,1967.49,44875.3
2639211,-77.8036,-86.4883,1964.78,31623.0
1102060,-77.9183,-86.6133,1964.42,40341.6
11271543,-77.9361,-87.2608,1962.55,20047.2
4583274,-78.0039,-86.6208,1958.64,26772.3
415871,-77.8917,-86.6833,1957.32,51624.1
1743093,-77.8108,-86.5225,1955.29,35615.9
1546531,-77.54,-86.3675,1954.36,36819.2
1330379,-77.7914,-86.515,1950.97,38363.2
791862,-77.8122,-86.61,1949.42,43973.2
316642,-77.6933,-86.595,1944.75,55093.9
7029110,-77.7047,-86.5225,1943.82,23394.0
4224274,-77.6944,-86.6217,1943.31,27453.7
5344204,-78.6556,-86.2717,1941.7,25517.3
4398357,-77.7808,-86.5392,1939.76,27115.1
1948262,-78.6731,-86.2583,1931.51,34520.4
9597035,-75.8325,-115.4692,1930.72,21142.4
4497063,-77.8828,-86.3717,1929.14,26931.2
3561604,-77.8117,-86.6367,1928.86,28920.7
188225,-77.6447,-86.6667,1928.5,62037.7
4804596,-77.6147,-86.7317,1918.05,26381.5
10059064,-77.9214,-86.6508,1913.44,20820.5
9593039,-77.9678,-87.1408,1911.63,21145.4
5280606,-77.8061,-86.0625,1910.82,25614.5
9387669,-77.8119,-86.68,1909.55,21298.5
6204460,-77.9333,-87.2142,1907.67,24346.9
421399,-77.6764,-86.605,1901.65,51459.7
8568695,-77.6111,-86.7292,1900.43,21940.9
2178758,-77.8108,-86.7158,1896.43,33434.7
759718,-77.6378,-86.6842,1890.03,44438.7
1282096,-77.8158,-86.7542,1888.78,38744.9
4610198,-77.8642,-87.2958,1873.97,26724.6
10507035,-77.9167,-87.2275,1872.5,20521.5
6923849,-77.8442,-86.4833,1855.55,23505.4
2961821,-77.8631,-87.2492,1855.16,30565.7
7723461,-78.6397,-86.3658,1854.76,22691.8
10967227,-77.7753,-86.5625,1848.34,20230.7
7868860,-77.8367,-86.465,1847.11,22556.6
9034253,-78.6842,-86.28,1842.97,21566.0
5179508,-75.8789,-115.7408,1839.56,25770.7
694942,-77.6011,-86.7617,1832.96,45455.1
3242080,-77.76,-85.8308,1829.89,29752.4
11450335,-77.5619,-86.3583,1828.06,19942.1
5057800,-78.5425,-86.255,1822.23,25962.8
7377137,-77.6961,-86.6592,1821.22,23031.8
4159367,-77.5289,-86.385,1819.52,27588.0
489901,-77.5886,-86.7667,1813.47,49596.1
7786707,-76.9375,-116.5533,1810.42,22632.7
628204,-77.6581,-86.6333,1808.79,46628.5
3754731,-77.5933,-86.3742,1807.3,28461.0
4620570,-77.6036,-86.7892,1806.55,26705.5
2057956,-77.6967,-86.7342,1800.54,33986.6
6902592,-77.6492,-86.6942,1797.05,23529.8
148748,-77.4553,-86.3525,1791.3,65305.8
2124158,-77.8797,-85.8917,1781.13,33677.8
10081227,-75.3594,-110.5883,1776.87,20805.2
1358240,-77.6936,-86.865,1761.68,38148.4
6277783,-77.7778,-86.7458,1757.18,24255.1
4206529,-77.46,-86.3567,1748.99,27490.8
3749171,-77.5772,-86.7658,1743.68,28474.4
7465272,-77.5978,-86.2108,1740.88,22943.1
4453861,-77.585,-86.755,1739.21,27011.5
2979102,-77.7061,-86.8567,1730.37,30513.6
8562086,-77.6525,-86.7075,1727.56,21946.7
1412969,-77.7392,-87.4308,1727.17,37740.3
426179,-77.5369,-86.8583,1713.52,51317.1
1101902,-77.4447,-86.3,1696.19,40343.2
2300868,-77.6072,-86.3825,1693.86,32914.3
3436788,-77.6853,-86.9183,1691.22,29234.0
1514725,-77.5603,-86.45,1687.65,37029.7
51258,-73.6525,-94.095,1681.61,81045.6
133919,-73.5228,-94.135,1674.36,66803.7
9395318,-77.6681,-86.6392,1673.76,21292.5
454373,-77.5117,-86.765,1673.6,50530.2
5296409,-77.8225,-85.9542,1670.89,25589.6
1450799,-77.5419,-86.4683,1668.59,37471.0
1222609,-77.47,-86.4467,1662.2,39243.3
10834226,-77.5581,-86.4267,1660.61,20312.4
3228536,-77.4517,-86.3042,1657.19,29788.8
3262414,-75.8458,-115.0433,1654.38,29694.6
7318550,-77.6372,-86.28,1653.6,23089.8
6238321,-76.1772,-111.8233,1646.58,24302.4
105096,-77.3847,-86.3192,1645.36,70278.3
296170,-77.4342,-86.555,1641.05,55963.6
1051,-68.8275,-90.6317,1639.08,144518.6
4320664,-77.4672,-86.3867,1638.54,27265.1
1843726,-75.8272,-114.9258,1628.26,35060.6
3672503,-78.6181,-86.3167,1623.19,28652.9
4456296,-75.835,-114.9675,1621.4,27006.8
6234277,-77.6164,-86.86,1619.6,24307.6
2562425,-77.5839,-86.8067,1606.36,31899.8
7478655,-77.4683,-86.4308,1605.26,22929.2
2116665,-77.5433,-87.0075,1595.47,33713.7
5704150,-77.5844,-86.4275,1591.92,25002.7
5033929,-77.48,-86.2042,1584.27,25999.6
1734009,-77.4358,-86.6058,1583.61,35667.8
3288957,-77.5503,-86.9958,1582.93,29625.8
1158254,-73.585,-94.1733,1578.02,39810.6
369255,-73.5008,-93.8908,1559.94,53115.6
9775608,-77.5669,-86.8533,1552.37,21018.5
180277,-77.3497,-86.37,1549.89,62624.5
8718426,-76.3156,-112.7475,1548.05,21815.7
924143,-73.5333,-93.7308,1546.39,42254.6
4010999,-77.5153,-86.8125,1540.01,27893.4
8385065,-77.4297,-86.5383,1539.3,22094.3
9103108,-77.4442,-86.3367,1533.26,21509.8
737399,-77.4228,-86.4867,1528.24,44773.0
11392560,-73.6022,-93.7958,1504.77,19977.2
2793552,-77.3556,-86.3292,1478.48,31098.9
2244080,-77.3842,-86.3708,1476.64,33151.5
8598479,-75.8236,-114.8133,1473.17,21914.8
71128,-75.3025,-110.635,1472.95,76097.7
7981093,-73.6589,-94.5217,1468.78,22451.8
2440317,-77.4581,-86.1258,1467.74,32357.9
6092261,-77.4211,-86.4333,1464.42,24487.8
1591471,-78.6922,-86.0917,1461.23,36529.1
6485510,-77.4889,-86.89,1451.11,24004.3
41714,-75.2814,-110.5342,1448.48,84213.9
9925722,-77.3836,-86.3617,1446.42,20912.1
689399,-77.4308,-85.9967,1436.55,45546.1
6050699,-77.4178,-86.4208,1428.92,24539.8
6263325,-77.4139,-86.505,1420.67,24273.5
2537136,-73.6681,-94.6633,1420.42,31991.6
11531539,-77.4267,-86.52,1410.45,19897.3
284340,-77.3036,-86.0775,1404.64,56502.9
10392001,-76.7764,-93.1042,1395.12,20595.9
1422652,-74.5617,-86.9158,1377.59,37669.4
124570,-73.4456,-93.5433,1375.23,67816.5
919447,-75.3886,-111.0308,1374.29,42310.3
10329337,-77.3906,-86.32,1373.6,20639.2
3409918,-68.8233,-90.6106,1373.41,29303.6
10908574,-77.5703,-109.2275,1371.16,20268.5
7553158,-73.5461,-94.2108,1350.33,22856.8
9267126,-77.3944,-86.2967,1348.2,21388.0
7981089,-77.4481,-86.0233,1339.93,22451.8
8992534,-75.8672,-87.035,1315.24,21595.6
3332864,-77.3247,-86.4258,1314.61,29505.1
8227404,-77.3278,-86.4375,1304.71,22229.4
11701657,-77.0542,-104.3942,1298.83,19801.0
11281821,-76.6189,-93.795,1298.81,20040.9
192372,-75.3106,-110.3067,1292.28,61738.2
222149,-77.3936,-86.0267,1289.71,59773.0
889295,-75.2806,-110.9025,1287.69,42680.7
10839061,-77.0239,-105.5125,1287.55,20309.3
10699810,-76.9214,-103.9925,1286.64,20397.0
10558326,-77.42,-86.0258,1283.13,20487.3
7947550,-76.8808,-109.5658,1272.95,22480.2
11729110,-75.7108,-116.9192,1265.33,19784.9
955358,-77.29,-86.0392,1261.87,41891.2
8770010,-76.6472,-110.4883,1261.63,21771.8
11053787,-76.7439,-110.1417,1253.13,20180.3
3454128,-73.9394,-90.7942,1249.85,29190.4
4441456,-77.4003,-86.0267,1239.63,27032.8
10578668,-77.3047,-86.4883,1237.42,20478.0
1287131,-73.5197,-94.3708,1232.99,38703.8
5983587,-77.3328,-86.2133,1227.91,24627.9
1562290,-73.5194,-94.2983,1227.44,36717.0
2440319,-73.5181,-94.3317,1224.96,32357.9
10819804,-74.1328,-96.6467,1218.92,20321.9
7538859,-77.3258,-86.1767,1215.21,22870.7
307834,-75.1867,-114.9442,1206.77,55461.6
2355281,-77.3331,-86.1308,1195.77,32692.9
5523554,-77.2486,-86.495,1194.17,25253.7
4944277,-68.805,-90.6589,1192.84,26146.2
5581911,-77.4278,-86.2725,1170.6,25170.4
9604903,-77.2392,-86.4725,1169.42,21136.3
5124446,-77.2264,-86.3592,1166.97,25854.6
1782476,-75.1564,-114.56,1164.51,35393.4
433221,-77.3992,-85.8633,1133.02,51111.9
5620324,-77.2619,-86.07,1128.0,25117.1
99482,-75.2897,-109.9958,1108.71,71071.6
1127038,-77.4417,-85.8517,1104.47,40100.8
1165788,-77.3217,-85.9942,1088.65,39741.8
10050511,-76.1786,-110.4808,1081.1,20826.6
11839592,-76.205,-109.7967,1081.05,19720.4
6389486,-75.3086,-110.665,1074.05,24120.8
10709167,-76.3989,-107.1392,1067.38,20390.7
941987,-75.2317,-114.8767,1065.0,42043.0
638090,-75.2681,-110.94,1051.98,46447.8
5758884,-76.1683,-106.72,1042.86,24928.7
7536181,-75.2942,-110.5608,1035.92,22873.5
9537533,-77.4428,-85.8958,1028.56,21187.5
10889202,-76.2742,-94.855,1027.58,20281.1
49158,-75.1539,-113.9033,1019.56,81689.3
1008014,-68.8047,-90.6511,1019.31,41306.1
9849166,-76.1403,-105.9,1017.86,20963.8
5785773,-75.3067,-109.9875,1014.78,24890.4
682056,-75.2547,-110.465,999.27,45670.4
85786,-74.8019,-99.2358,981.63,73252.3
1529235,-75.3119,-110.2075,964.56,36933.2
11563519,-75.2619,-110.4817,960.51,19878.1
35908,-68.8231,-90.5917,955.39,86547.3
10549135,-75.9797,-104.6,933.82,20493.6
11241021,-76.0194,-105.5925,930.55,20066.3
9816090,-75.9186,-104.8375,921.18,20988.1
9879951,-75.9736,-106.3383,918.99,20945.6
1150108,-75.1936,-113.9142,910.68,39885.8
4305734,-74.8814,-98.0867,901.88,27295.5
10324989,-75.3881,-111.1175,901.45,20642.2
8093554,-75.1994,-113.955,897.08,22349.4
780394,-73.9239,-100.1892,894.94,44135.2
7457349,-75.2592,-110.9058,888.69,22951.4
8513807,-77.3814,-85.9717,880.56,21984.4
2785527,-75.2786,-110.8242,868.29,31123.4
110630,-75.0864,-113.1058,865.22,69533.7
9160512,-75.6664,-112.5308,862.65,21468.3
1967175,-75.0319,-113.1642,858.24,34424.3
6950881,-75.3106,-111.0342,856.03,23478.3
15189,-74.7528,-110.4117,853.69,100088.0
8813222,-75.0592,-113.1008,845.91,21739.6
1770357,-73.9992,-99.9983,843.88,35461.8
318388,-74.9944,-113.2725,841.87,55021.0
4767833,-74.9906,-113.3517,841.59,26444.2
7452137,-75.5319,-110.7183,838.68,22956.9
9604904,-75.1756,-113.8558,838.6,21136.3
4475590,-74.5431,-98.3317,833.29,26969.1
199083,-74.5494,-99.1325,831.61,61264.7
8063315,-73.4383,-94.0683,829.96,22377.9
8196364,-75.605,-112.4792,825.3,22258.0
5328293,-75.1331,-113.8708,825.09,25542.2
15210,-72.2389,-99.0633,819.58,100062.5
1069853,-72.1922,-99.0133,818.08,40660.9
398858,-72.1603,-99.295,817.97,52148.4
10648373,-75.8711,-95.0017,813.3,20431.3
1026117,-74.7881,-110.46,810.06,41112.8
6112052,-73.4256,-93.4842,809.61,24461.8
11850693,-75.595,-112.775,808.0,19714.0
529649,-72.3453,-97.7675,807.33,48651.9
90586,-68.8342,-90.5517,796.15,72436.3
643499,-73.2344,-98.75,794.01,46347.6
601607,-68.82,-90.5956,789.57,47139.5
840777,-74.8236,-98.8783,789.41,43303.1
165223,-72.1308,-100.52,788.45,63823.6
1089565,-72.2433,-98.4892,788.14,40464.6
1259087,-68.8044,-90.6028,787.58,38933.6
10160592,-75.8247,-106.7333,784.96,20753.1
804739,-68.7936,-90.65,784.35,43790.3
332211,-74.8711,-99.4858,778.04,54469.4
525030,-68.8389,-90.6733,777.34,48760.5
1118445,-68.8208,-90.5917,776.22,40185.0
2426166,-68.8297,-90.675,772.78,32413.0
4723400,-75.1603,-113.9808,768.02,26521.2
6224292,-73.9611,-100.5167,767.29,24320.7
559501,-75.2489,-110.5158,763.78,48000.6
1284593,-68.8292,-90.6861,763.11,38723.5
1290040,-72.2528,-98.275,762.22,38679.1
1698239,-72.38,-96.365,748.95,35874.4
7723463,-72.1269,-100.5558,745.54,22691.8
176165,-74.6381,-110.4583,743.75,62948.2
717080,-74.9994,-112.9292,741.35,45094.8
1864921,-72.1911,-99.5933,737.99,34949.6
1965055,-68.8208,-90.5744,737.8,34435.4
9692246,-73.435,-94.0575,733.62,21076.0
6972343,-72.3761,-96.9808,727.41,23453.9
8423577,-75.6897,-108.2275,717.95,22059.6
280278,-74.3519,-111.3508,717.34,56688.7
2248906,-72.1108,-100.6475,717.26,33130.4
465535,-72.1517,-98.8917,716.62,50231.7
663435,-74.5536,-110.6733,716.07,45990.1
3385574,-72.31,-97.4083,714.95,29366.6
4173318,-75.0103,-112.9758,714.65,27557.9
5720480,-72.2156,-98.94,711.65,24979.8
8184194,-72.2386,-98.4908,709.97,22269.5
5371874,-72.2369,-98.5017,702.61,25474.8
85720,-73.1439,-102.3883,702.39,73264.5
6962753,-75.2519,-110.9317,701.71,23464.7
10957287,-72.2167,-98.9242,699.35,20237.0
2082632,-75.4444,-111.3683,694.39,33870.2
4211019,-72.0711,-100.9333,693.16,27481.6
1318291,-74.8039,-114.35,685.43,38457.7
9791851,-74.2075,-100.0083,683.99,21006.3
3666162,-68.8425,-90.6706,675.77,28668.4
381087,-74.6083,-111.4075,673.37,52718.3
5454367,-72.15,-100.5933,669.65,25354.5
623533,-74.2767,-114.5033,668.71,46714.5
1265210,-74.7242,-110.99,667.57,38882.8
3130401,-73.1603,-101.1017,666.75,30067.7
2757990,-72.1781,-99.9383,663.24,31215.4
5966463,-72.1825,-99.9358,662.17,24651.2
8057258,-74.7733,-114.2592,660.87,22383.6
1565662,-74.4703,-110.9608,660.83,36696.1
580583,-75.2389,-110.9567,654.91,47559.3
401765,-75.3694,-111.2942,654.88,52056.7
532936,-68.7972,-90.6444,653.66,48577.2
34420,-72.905,-90.9908,652.57,87179.5
1351187,-75.3897,-111.2383,651.82,38201.8
11707318,-72.1453,-100.5975,651.26,19797.8
11328104,-75.4811,-112.6,650.72,20012.3
10414663,-74.3978,-99.1625,648.06,20580.4
7850427,-75.4992,-112.8142,647.15,22570.7
9012565,-75.5253,-103.8942,645.77,21583.7
5834101,-75.4794,-111.4508,645.41,24826.3
9244768,-74.6133,-110.5983,644.13,21405.9
5778602,-75.0244,-114.8883,643.13,24900.6
2825022,-72.0511,-101.5533,639.36,30994.2
572031,-73.7742,-102.185,637.66,47738.4
2919309,-72.8608,-102.8875,636.59,30696.8
3979783,-72.1133,-100.4792,635.21,27959.6
4464715,-72.2375,-98.2567,634.9,26990.3
1267191,-72.7244,-91.1617,632.74,38868.1
1637353,-68.8886,-90.63,628.39,36240.1
5805636,-74.9056,-98.7558,628.03,24862.2
7184301,-72.0642,-101.5567,626.1,23230.1
5302514,-74.6381,-110.3667,624.02,25579.6
1065367,-72.1369,-98.9,620.46,40707.9
5616927,-74.4617,-99.0825,619.87,25122.2
3266432,-74.0997,-114.71,619.64,29686.0
5583658,-73.8706,-99.8275,607.51,25167.8
7303144,-72.1753,-100.03,591.76,23106.3
1596572,-74.8389,-114.0617,584.47,36497.7
43774,-72.58,-94.7217,583.93,83485.2
10438940,-75.5025,-112.1375,580.14,20568.0
77724,-71.9292,-97.7292,575.55,74739.3
3135390,-75.4917,-99.1667,572.93,30052.8
527740,-74.7867,-99.7908,572.25,48697.7
8681246,-75.5008,-111.9167,568.23,21847.8
8517125,-75.5828,-107.5733,566.52,21981.5
4554121,-72.1403,-98.9033,565.54,26824.6
6186506,-72.3181,-96.065,563.22,24370.4
387995,-73.0361,-88.9008,557.65,52491.8
4784444,-72.1461,-98.8992,555.12,26417.7
4125296,-74.7969,-114.1375,554.63,27657.2
5269287,-72.1319,-99.3133,552.53,25629.4
1693002,-72.5275,-97.9892,550.45,35906.3
3968782,-72.3889,-95.8133,549.28,27984.7
7720707,-72.5939,-94.8917,549.25,22694.6
222150,-75.3294,-111.31,539.13,59773.0
66603,-73.9969,-116.7567,532.51,77056.2
622284,-75.025,-113.6375,525.05,46737.7
5843233,-75.2578,-110.9908,524.84,24813.5
605809,-74.9867,-113.7225,523.2,47055.6
7219639,-72.6192,-95.0892,520.49,23191.6
3276407,-72.8425,-88.7675,520.09,29658.1
5162221,-75.4639,-98.4808,517.18,25795.4
2062065,-74.3761,-100.815,514.86,33966.0
778245,-71.9733,-96.5833,510.72,44165.5
117049,-68.8164,-90.6917,508.35,68715.2
4351112,-72.0344,-96.7883,507.84,27206.6
5750633,-72.1525,-101.1992,506.38,24936.4
9950755,-74.9847,-113.6975,502.6,20893.8
2987740,-74.8614,-99.7808,500.15,30486.4
1789707,-75.2303,-110.9783,497.98,35353.8
4251423,-74.8264,-114.0325,497.06,27400.3
8218242,-75.4017,-109.2008,494.81,22238.0
10298612,-74.6778,-111.6892,491.11,20660.8
6589705,-72.0078,-101.6883,490.03,23884.6
9179055,-74.5853,-111.8725,487.56,21453.5
7036401,-72.5306,-96.1483,484.78,23385.9
11602130,-75.4136,-109.0167,476.36,19855.6
738528,-74.9639,-113.4767,474.14,44757.3
900695,-71.9147,-98.68,473.57,42538.6
11682996,-74.9728,-113.3875,469.12,19807.5
9437773,-75.4283,-112.1575,463.69,21259.6
721423,-72.1761,-95.9042,463.49,45025.5
88281,-72.6767,-99.535,459.82,72824.0
1306950,-74.8633,-114.0158,457.53,38545.4
6831450,-75.4719,-105.1808,457.42,23608.2
6813215,-74.6708,-111.7033,457.05,23629.8
2194602,-75.1744,-103.1633,455.87,33364.2
3524653,-68.8214,-90.555,454.7,29013.0
10230724,-68.8531,-90.4578,451.84,20703.9
6389485,-75.3592,-104.43,439.95,24120.8
8785896,-72.0444,-98.44,435.06,21763.1
11256390,-75.5244,-107.38,431.6,20056.8
9399286,-74.3286,-110.5642,426.87,21289.5
9510052,-75.4328,-104.68,425.53,21208.6
7644876,-74.5486,-111.865,424.39,22767.4
84266,-73.1408,-104.8183,424.22,73522.3
6923850,-74.6622,-111.7192,413.74,23505.4
4471955,-72.5386,-97.9667,412.86,26976.1
127925,-72.9897,-89.7283,412.55,67449.1
6346751,-72.2075,-96.0142,400.72,24170.9
1895541,-72.0161,-102.0008,399.67,34790.7
9934175,-75.4878,-107.23,391.58,20906.0
9954931,-75.5033,-100.6433,389.05,20890.8
7358643,-72.5911,-95.105,381.1,23051.1
10539864,-75.3222,-112.305,380.18,20499.8
11158307,-72.12,-98.9217,378.51,20113.9
4050804,-74.5478,-111.9033,376.86,27808.8
531482,-71.8317,-98.315,363.5,48610.0
5382190,-72.2653,-96.4983,362.66,25462.3
692049,-73.0525,-90.1508,346.04,45502.7
8974351,-75.4053,-107.91,343.65,21610.3
3368982,-72.0144,-97.6633,342.97,29412.1
11497686,-75.3286,-104.6575,337.5,19913.3
7148219,-75.4006,-107.6275,332.29,23265.7
10863178,-71.9275,-98.2058,322.93,20293.6
2497309,-72.0081,-102.0267,320.25,32140.6
2043616,-71.8958,-100.1983,308.61,34054.0
2698443,-74.5889,-99.4575,297.39,31416.8
10329340,-75.3536,-105.2258,296.58,20639.2
11178233,-73.3736,-87.8575,293.96,20101.2
3775569,-75.2064,-110.4608,290.31,28413.9
8827078,-75.2792,-112.1958,285.14,21727.9
4152312,-75.3928,-105.5975,281.02,27599.5
740033,-74.8558,-100.4183,280.33,44734.5
8057259,-74.4431,-100.0325,272.65,22383.6
407867,-72.5831,-93.2575,253.21,51867.9
405588,-72.8711,-93.9517,252.85,51936.7
5046152,-75.2744,-109.4217,251.13,25982.4
3763979,-75.2661,-104.7792,249.57,28438.6
1471844,-68.8628,-90.475,248.16,37322.7
10657770,-75.2181,-103.905,241.12,20425.0
10059065,-75.2908,-105.2892,240.27,20820.5
11460921,-75.3628,-105.7867,239.99,19935.7
11596672,-75.4419,-106.0617,225.74,19858.9
8227405,-75.4153,-106.31,220.43,22229.4
626906,-74.4917,-102.3542,198.27,46651.7
620558,-72.69,-97.9125,198.08,46770.4
8297624,-72.5992,-93.3417,195.6,22169.1
795172,-73.1119,-90.31,195.07,43925.4
7350839,-73.2364,-87.7833,190.28,23059.4
4230129,-75.26,-108.8108,185.92,27444.4
7844580,-75.2164,-105.1017,184.18,22576.4
7585776,-75.1544,-102.2242,182.73,22823.3
812524,-72.5528,-93.0833,181.71,43682.5
630453,-74.17,-103.5858,170.33,46587.5
11356293,-73.2503,-88.24,158.77,19999.5
5360563,-75.1617,-112.1192,158.42,25492.3
8464345,-75.2697,-111.7992,155.69,22027.9
6991434,-71.8967,-100.6942,155.23,23432.1
771964,-74.0667,-105.2217,153.72,44257.7
5943923,-75.2872,-108.5558,153.54,24682.2
4318372,-75.1678,-104.9175,152.77,27269.8
9331589,-75.1653,-104.5867,150.21,21337.3
2541784,-74.3381,-117.2792,150.17,31973.6
2529407,-74.7061,-113.18,148.81,32021.4
828167,-74.1233,-103.3,148.3,43470.5
8880103,-75.3547,-108.4825,142.28,21683.9
7987013,-71.9258,-99.9908,141.12,22446.2
10874702,-75.3167,-106.7858,138.24,20290.5
7043643,-75.0183,-112.2517,137.17,23377.7
8677904,-75.2144,-105.4975,130.72,21850.7
5585366,-75.0278,-111.45,127.91,25165.3
7377139,-75.0128,-112.06,126.86,23031.8
1180319,-74.14,-103.6675,123.14,39611.7
7897858,-74.8631,-112.3833,121.8,22528.3
4385580,-73.1453,-96.2592,119.82,27141.0
9123707,-75.2956,-107.0442,115.4,21498.0
2394234,-72.2097,-95.5425,114.06,32538.5
5315048,-73.1375,-96.1283,112.67,25559.7
5530355,-74.805,-111.87,112.2,25243.7
7859013,-75.3053,-107.0942,110.44,22562.2
2864158,-72.8956,-90.3133,110.43,30868.6
3544544,-73.0258,-97.6442,110.18,28964.7
9270823,-75.2803,-106.69,108.02,21385.1
3309460,-75.2758,-106.4967,106.13,29567.7
5508437,-74.7125,-100.3075,106.03,25276.4
6163760,-74.9083,-113.0075,105.34,24396.6
7984047,-75.1286,-101.935,104.87,22449.0
1680290,-74.1236,-103.4483,101.6,35980.8
1693869,-74.4678,-102.3492,101.15,35901.0
9771539,-75.2697,-106.715,100.07,21021.5
6352902,-75.2794,-106.5058,99.91,24163.0
1747938,-74.4369,-102.5125,99.39,35587.3
1761757,-72.7083,-103.4342,98.96,35510.2
8588517,-75.2775,-106.5342,98.64,21923.5
6777821,-75.2553,-106.7692,98.17,23667.5
10610951,-74.7061,-100.025,98.07,20456.2
6232243,-75.215,-106.4925,98.02,24310.2
4148027,-73.1619,-85.8783,97.09,27608.8
6914334,-73.2097,-94.0442,97.07,23516.3
11655949,-74.9667,-111.0133,96.85,19823.5
6094170,-75.2408,-106.76,96.69,24485.2
5391743,-73.0378,-97.1608,96.22,25447.3
7533442,-74.7125,-100.9942,95.72,22876.3
7444163,-75.245,-106.475,94.97,22965.3
6635939,-75.2631,-106.4842,94.82,23828.5
11828583,-75.2594,-106.7358,94.09,19726.9
7924115,-75.1539,-101.9967,94.07,22502.9
10191098,-74.9339,-112.7583,93.39,20731.6
7726266,-73.1919,-96.7275,93.2,22689.0
8910468,-73.18,-96.9242,92.74,21663.3
9263413,-75.2453,-106.5467,92.14,21391.0
7972366,-72.9536,-86.4883,91.71,22460.4
7680946,-73.0656,-91.9617,91.45,22731.0
8866224,-73.1525,-95.8367,91.12,21695.6
9635705,-73.1492,-95.9808,90.65,21118.2
2079492,-74.3903,-102.6508,90.11,33885.2
6741013,-73.0697,-97.7508,90.1,23710.5
8391370,-73.07,-97.6717,89.55,22088.5
5637472,-73.6606,-101.3358,89.13,25091.8
7446815,-73.0986,-92.335,88.05,22962.5
6933300,-73.6117,-101.3825,87.63,23494.6
6444951,-75.2675,-106.4458,87.58,24054.7
9861448,-73.1614,-96.9225,86.82,20954.7
9732839,-75.2414,-106.6875,86.51,21045.7
10748546,-73.1892,-94.3083,86.35,20368.8
6909561,-72.9908,-87.4242,85.73,23521.7
7740371,-74.8164,-105.5417,85.61,22674.9
10316177,-75.2403,-106.6242,85.46,20648.4
7558495,-74.6333,-101.5567,85.41,22851.2
8397827,-73.36,-100.5092,85.24,22082.7
10378303,-73.0414,-91.94,85.19,20605.2
11508232,-73.1628,-92.7875,84.34,19906.9
10324990,-75.2322,-106.5725,84.19,20642.2
11286933,-73.0364,-87.4083,83.88,20037.7
9208704,-73.1578,-95.71,83.36,21429.7
9476508,-73.0553,-97.6917,83.01,21229.6
7690289,-73.0094,-96.4892,82.92,22725.4
5407978,-75.2447,-106.4608,82.29,25422.2
7760070,-73.0808,-93.2292,82.21,22655.2
11220577,-73.005,-96.705,82.17,20079.0
2723002,-74.1358,-103.5042,80.92,31333.6
10128356,-73.1228,-92.2725,80.88,20771.5
9464872,-73.0456,-97.6333,80.71,21238.6
10307509,-73.7006,-100.3533,80.18,20654.6
5493310,-75.2808,-106.4367,79.72,25299.1
10853663,-73.1631,-93.3617,79.0,20299.9
6069122,-75.2106,-106.5875,78.43,24519.0
2682361,-73.9653,-104.1842,77.73,31471.5
7628305,-72.9517,-95.6542,77.69,22784.2
10226344,-73.1614,-87.1325,77.25,20707.0
11246135,-73.2183,-94.7125,75.62,20063.1
9227655,-72.9839,-96.0717,75.56,21414.8
10884313,-72.8189,-92.3942,74.53,20284.2
2941502,-74.3428,-102.8258,73.62,30628.2
7743227,-75.2567,-106.4533,73.41,22672.1
9716597,-75.1322,-103.65,73.14,21057.8
11817491,-72.9678,-87.21,73.01,19733.3
4211018,-75.2597,-106.4217,72.99,27481.6
10762721,-73.0692,-85.8517,72.93,20359.4
11563522,-72.7247,-92.3983,72.17,19878.1
8820163,-74.9447,-101.37,71.54,21733.8
9037764,-73.1022,-85.8033,71.17,21563.1
11558179,-72.9461,-93.2808,70.44,19881.3
8591822,-72.7058,-92.56,70.06,21920.6
4930368,-75.2581,-106.3808,69.79,26170.6
3284959,-74.1381,-103.6383,68.92,29634.4
8332660,-75.3233,-99.8817,68.59,22137.5
8945897,-74.4656,-102.125,67.15,21633.9
11650469,-73.0778,-92.38,66.15,19826.7
10329342,-73.0492,-93.3608,65.51,20639.2
4981712,-75.0222,-105.9708,64.72,26085.2
8611781,-75.3333,-99.8983,63.87,21903.1
11834047,-74.8531,-100.9792,63.7,19723.6
10829381,-74.6839,-109.8317,62.61,20315.6
5103807,-75.1378,-109.5158,60.61,25889.1
4174375,-74.6731,-105.75,59.59,27555.6
5406340,-75.0128,-105.995,59.07,25424.7
5115461,-74.8156,-109.1808,58.7,25869.4
6773231,-75.2656,-106.39,57.98,23672.9
11178229,-75.3467,-100.1083,57.85,20101.2
6406080,-74.8383,-109.2683,57.85,24099.7
9009065,-74.8428,-109.1858,54.86,21586.7
10615513,-74.8383,-109.2258,54.66,20453.1
9626918,-74.8083,-109.5275,53.8,21124.3
6212439,-75.2433,-106.395,52.93,24336.4
8938808,-74.6497,-109.7292,52.52,21639.8
8078458,-74.8336,-109.3925,52.48,22363.7
11526241,-74.6631,-109.435,51.95,19900.5
11734542,-74.7781,-109.6633,49.28,19781.7
6371809,-74.8003,-109.2775,49.08,24139.3
7072998,-74.8103,-109.2792,48.02,23345.0
10932826,-74.7433,-109.6917,47.28,20252.8
7153209,-74.8247,-109.3683,46.64,23260.2
10438941,-74.8117,-109.3783,45.55,20568.0
6412411,-72.7106,-103.3942,45.55,24091.7
10093880,-74.6586,-109.5758,45.38,20796.0
9879954,-74.9186,-110.8075,45.12,20945.6
11558176,-74.7969,-108.7042,45.04,19881.3
6560542,-74.515,-102.4442,44.89,23916.6
7549875,-74.8139,-109.3567,44.64,22859.6
11266596,-74.6792,-109.4692,44.24,20050.4
7972364,-75.0903,-110.3283,43.43,22460.4
11718242,-74.7564,-108.7358,43.23,19791.4
11450336,-74.6667,-109.5575,43.01,19942.1
7158217,-74.5108,-102.4392,42.44,23254.7
7530759,-74.1722,-103.1525,41.08,22879.1
10434488,-75.1331,-109.5733,38.96,20571.1
11038835,-74.9333,-110.8492,38.6,20189.7
9549392,-75.1258,-109.62,38.18,21178.5
8732122,-72.7031,-103.5042,37.31,21804.0
9244770,-72.7139,-103.4283,35.96,21405.9
9569092,-74.0894,-105.1733,35.15,21163.4
9857419,-73.6028,-103.0292,34.47,20957.7
