37790,53.08,70.1889,933.32,85728.5
3680949,53.0886,70.2114,890.26,28630.6
142919,53.0206,70.145,815.31,65876.9
390359,53.0556,70.1547,792.55,52414.1
136888,52.5972,68.1097,744.47,66494.0
7830682,52.5939,68.1375,725.04,22587.6
9317810,52.5969,68.1231,720.99,21346.3
3648426,53.0078,70.1542,692.18,28708.4
1611913,53.0575,70.1781,683.17,36398.0
4935019,52.9994,70.1442,675.54,26160.8
10009233,53.0036,70.1467,670.36,20854.1
341472,52.8764,68.7539,649.54,54111.5
1055412,52.9639,70.1858,633.35,40811.1
1475182,52.8778,68.7164,628.39,37297.1
515315,52.5378,68.9183,622.04,48986.0
680942,52.6164,68.6583,620.8,45689.9
565652,53.0239,70.4175,620.58,47869.1
445814,52.9467,68.2881,619.13,50760.4
4800963,52.9828,70.1722,614.72,26386.3
606477,52.7244,68.4847,608.61,47042.0
2989950,52.8642,68.7575,607.68,30478.1
1224310,52.4897,68.8656,604.13,39227.0
3765285,52.8769,68.7339,604.0,28434.1
3743873,52.9567,70.1958,598.22,28485.6
1253987,52.6033,69.2242,597.98,38974.5
1932973,52.6392,68.6414,595.64,34596.0
1211073,52.8414,68.9756,594.17,39340.5
1995018,52.9417,68.2731,592.4,34288.9
1780431,52.8928,69.0792,587.71,35404.2
11070370,52.8369,68.9758,584.32,20167.6
3450408,52.625,69.2064,583.68,29199.1
10915259,52.8622,68.7467,583.06,20262.2
3300791,52.9594,68.295,582.3,29591.4
1184265,52.9486,68.26,580.33,39574.7
4738615,53.0908,70.2372,580.26,26494.8
551482,53.0783,70.5256,580.04,48170.2
4534724,52.4922,68.8767,579.39,26860.2
1152726,52.7797,68.43,575.76,39860.2
2308843,52.5642,68.9206,574.78,32879.4
2370933,52.5664,69.0192,574.29,32628.5
1250562,52.8911,70.3892,572.79,39003.9
10840825,52.9356,68.2642,572.79,20306.2
1812687,52.5622,68.6347,572.71,35227.4
10245509,52.7175,68.4839,571.77,20691.6
6005972,53.0247,70.4306,570.14,24599.4
7399041,52.6439,68.6281,565.26,23006.8
2656123,52.915,70.34,565.2,31562.5
2075320,52.9422,68.24,564.37,33904.0
6089126,52.6167,69.2505,561.94,24490.4
8807610,52.8256,69.0364,560.8,21742.6
1831843,52.8008,68.6358,558.84,35124.2
1309483,52.8336,69.5158,557.49,38524.0
9935696,52.5711,69.2067,556.31,20902.9
787780,53.0908,68.6067,555.01,44029.7
4276079,52.6497,68.7314,554.6,27351.4
4648162,52.8883,70.3172,553.69,26655.4
4535979,52.6261,69.0858,552.9,26857.8
6605891,52.5747,68.1247,552.71,23863.2
8237788,52.8356,68.9406,551.2,22217.9
1566261,52.9619,69.4739,550.49,36690.9
1606627,52.7864,69.2325,549.35,36433.0
4210323,53.0461,70.4097,549.29,27481.6
10764419,52.8839,70.4439,549.09,20356.3
4778324,52.5864,68.6775,547.13,26427.4
9317803,52.9672,69.4647,546.91,21346.3
2625496,52.9933,70.4808,546.11,31669.3
9898282,52.8353,69.0564,545.09,20930.4
7749783,52.6056,69.0183,544.09,22663.7
10546204,52.6242,69.2333,542.47,20493.6
11180117,52.6497,68.6555,541.52,20098.0
7554137,52.5869,68.6231,541.09,22854.0
2306627,52.3572,69.188,540.64,32889.1
5203263,52.5886,68.7431,540.33,25731.1
8760893,52.9522,69.4908,539.98,21777.7
3665599,52.5461,69.2856,539.46,28668.4
958239,52.5222,69.7989,538.81,41856.2
5520891,52.9614,68.2739,538.09,25256.3
4285401,52.8056,68.605,538.0,27332.8
9566588,52.5589,68.6572,537.75,21163.4
1952317,53.0233,70.2275,536.61,34498.3
6908126,52.5772,68.7397,536.26,23521.7
3131374,52.4456,69.2667,535.47,30063.4
7727282,52.5794,69.1008,535.43,22686.1
7298915,52.5394,68.6472,535.13,23109.1
2425851,52.8747,68.5106,534.95,32413.0
2023294,52.4372,68.8092,534.45,34149.3
7324656,52.7869,68.5956,533.89,23081.5
1271639,52.5906,68.1758,533.46,38828.7
1238819,52.5211,68.0089,533.42,39103.4
7727275,53.0519,70.1864,533.31,22686.1
10267490,52.6086,69.1747,532.62,20676.2
1318170,52.6458,68.2467,532.42,38457.7
2361220,53.0661,70.4039,532.23,32669.5
2360358,52.8219,68.3792,531.43,32673.4
9202720,52.5856,68.7556,530.88,21432.7
7166571,52.4581,69.2505,528.64,23243.8
2390527,52.9964,69.47,528.06,32552.3
1622685,52.8119,69.7614,527.92,36331.4
3154322,52.9689,68.2858,524.93,29997.7
11130246,52.8486,68.8367,524.85,20129.7
7447758,52.8756,70.2789,524.47,22959.7
4597676,52.4767,69.295,524.03,26743.7
11415455,52.9139,70.3689,523.94,19961.2
8392618,52.5547,68.615,522.9,22085.6
9701879,52.3481,69.1764,522.66,21066.9
2799710,52.8664,69.6267,521.53,31076.3
2303380,52.5589,68.0047,521.07,32902.7
5898316,52.5353,68.7047,520.44,24738.9
2467559,52.7764,69.5622,520.4,32253.4
902062,53.1019,68.3289,519.78,42520.6
1723585,53.0439,68.475,519.7,35726.7
5081646,52.4769,68.8342,519.53,25921.1
5909717,52.6406,68.7508,518.68,24723.4
9396842,52.4383,69.3022,518.48,21289.5
6686527,52.8261,68.7281,518.43,23769.6
2968497,52.8614,69.3781,518.42,30542.8
7727280,52.6219,68.6314,518.01,22686.1
3056536,52.8389,69.9967,517.95,30278.8
4332553,52.9544,70.4792,516.9,27239.4
1178257,52.2108,69.39,516.87,39627.8
6253952,52.5106,69.2583,515.61,24284.0
8107086,52.8736,70.4972,515.45,22335.2
4374316,52.8342,69.3408,514.61,27162.1
1109356,52.6131,70.5883,514.42,40272.1
1537917,53.0283,68.3956,514.12,36874.5
3359368,52.4278,68.8308,513.39,29433.8
4863395,52.8458,69.2983,512.84,26282.3
7724513,53.0289,68.4756,511.99,22689.0
10585021,52.5892,68.7622,510.72,20471.8
2539929,52.85,68.6658,510.35,31979.6
3666498,52.7053,70.1114,509.99,28666.2
1175532,53.1503,68.4331,509.82,39653.5
4146310,52.6897,69.9367,507.72,27611.1
1564475,52.3153,68.99,507.44,36703.1
3973143,52.9028,69.5647,507.31,27973.3
6739606,53.0294,70.4497,507.29,23710.5
11731104,52.7358,70.093,506.12,19781.7
8240929,52.7033,68.6339,505.77,22215.1
6539465,52.6911,70.1433,505.4,23940.5
9053379,52.6967,69.9122,504.85,21548.3
3795488,52.8117,69.6742,504.46,28364.6
11593194,52.9697,70.4697,503.74,19858.9
732856,51.7492,73.2306,503.12,44844.0
10527011,52.8272,68.6722,502.77,20506.0
5742339,52.7917,69.9589,502.14,24946.6
4081987,52.8297,70.4167,501.76,27742.3
1869748,52.7069,68.1008,501.63,34922.3
6530113,52.6575,70.5833,501.15,23951.2
5978506,52.7628,69.7642,500.74,24633.1
2383278,52.6614,68.3506,500.54,32579.6
7107115,52.8106,69.8647,499.99,23309.5
11075356,52.3817,69.188,498.9,20164.5
7607248,52.9283,69.4506,498.66,22803.8
8566610,52.5158,68.6867,498.52,21940.9
6300924,52.5569,68.1725,497.73,24223.6
4066444,52.5886,70.5467,497.42,27776.7
5703018,52.615,69.2767,497.18,25002.7
628377,53.2347,69.1475,497.15,46624.4
1891148,52.9992,70.5697,496.81,34810.8
7645885,52.7614,69.9533,496.45,22764.6
2616157,53.1175,68.6706,496.38,31703.5
4136476,52.6464,68.3608,496.01,27631.8
7893049,52.9936,70.33,495.86,22531.2
6364176,52.6772,70.0889,495.72,24147.2
4511024,52.4825,68.0514,495.65,26902.8
3164367,52.6617,69.6031,495.56,29967.9
5853027,52.4183,68.8383,495.07,24798.0
6294868,52.4883,69.2183,495.02,24231.5
1211440,51.9769,70.8831,494.85,39337.3
2089873,53.1,68.3608,494.84,33836.3
2077635,52.9769,70.65,494.31,33892.7
1998280,53.0522,69.34,494.26,34272.2
10855372,52.8667,68.4714,494.22,20296.8
11576977,52.5644,67.9967,494.11,19868.5
6816355,52.6075,69.2872,493.77,23624.4
7032356,52.7231,69.2264,493.4,23388.6
10485830,52.3683,69.2522,493.29,20533.9
9722170,53.0375,70.2272,493.23,21051.8
7436974,52.9594,69.4042,493.08,22970.8
2441965,52.3272,69.4822,492.35,32350.0
9195388,52.7444,69.7631,491.55,21438.6
6305096,52.7228,68.5547,491.35,24218.3
10129974,52.7592,68.5242,490.51,20768.4
3707467,52.2786,69.1092,490.42,28568.2
6187205,53.0778,70.3997,490.34,24367.8
9632420,52.5511,68.14,489.36,21118.2
10920204,52.9733,69.4908,488.53,20259.1
9701863,52.9439,70.2367,487.96,21066.9
2944855,52.8953,69.7925,487.76,30615.7
6049459,52.8322,69.7708,487.58,24539.8
7225524,52.4708,68.76,487.0,23183.4
6559175,52.9136,69.0589,486.41,23916.6
8706131,52.5561,69.3158,485.85,21824.5
6572171,52.9178,68.3605,485.49,23900.6
747037,53.0928,70.2625,485.35,44627.6
5659827,53.1011,68.7631,485.34,25061.3
9108020,52.5939,68.8956,485.05,21503.9
9693689,52.4839,68.7692,484.79,21072.9
9125001,52.7347,69.8158,484.34,21495.0
11110289,52.7661,70.14,484.04,20142.4
10236559,52.5219,68.7117,483.86,20697.7
11258212,52.6631,69.8147,483.78,20053.6
3400614,53.0403,69.3831,483.57,29327.5
4397596,52.6469,68.4842,483.43,27115.1
4031634,52.9872,70.6425,481.74,27850.0
3662904,53.1483,68.6214,481.46,28675.1
2039969,51.7794,73.2197,481.4,34070.8
11389278,53.0953,68.7367,481.22,19977.2
7570390,52.5814,70.6225,480.91,22837.3
3293974,52.58,68.2625,480.89,29610.8
1096792,53.1419,70.1,480.73,40392.1
9466262,52.5897,69.2883,480.65,21235.6
8743653,52.6292,68.5914,480.5,21792.3
2676934,53.1117,70.445,479.08,31489.8
3226674,52.5511,68.2417,478.92,29793.1
1503293,53.0247,69.04,478.39,37107.0
1056849,52.7525,67.2525,477.98,40795.5
7942652,52.5969,68.8672,477.76,22483.0
6610280,52.6983,69.8258,476.98,23857.9
4011343,53.0625,70.2355,476.93,27891.2
11808501,53.0011,70.5131,476.59,19736.6
11207195,52.4925,68.0258,476.42,20085.3
8712860,53.1283,68.6292,475.27,21818.6
6708958,52.6467,69.5533,475.25,23742.8
9161917,53.0861,68.7533,474.81,21465.4
6848599,52.9844,70.1442,474.35,23586.6
8295655,52.5733,69.31,473.92,22169.1
1779200,53.11,70.0414,473.75,35411.4
1561868,52.9742,70.0197,473.54,36718.7
2594290,52.9419,69.8992,473.48,31779.8
7550821,52.6956,69.6014,472.8,22856.8
5053966,52.8808,69.7833,472.74,25967.7
7316966,52.8606,69.8192,472.19,23089.8
7615572,52.9519,70.6431,471.85,22795.4
7976257,53.0903,70.515,471.17,22454.7
10232234,52.855,68.3156,470.91,20700.8
2029309,52.0761,71.1872,470.48,34121.3
4796919,52.9833,68.6275,469.91,26393.6
3125672,52.4367,69.7289,469.62,30080.4
9877230,52.9161,69.5231,469.35,20945.6
6886885,53.0839,68.3772,469.32,23546.1
9310169,52.3164,69.0864,468.82,21352.3
8589705,52.3739,68.8975,468.57,21920.6
1642598,52.6997,67.8022,468.57,36208.5
6625649,52.8881,68.7247,468.28,23839.2
7901778,52.7081,69.755,468.28,22522.7
5141672,52.3878,69.0308,468.19,25827.5
8478558,53.0711,70.3692,468.07,22013.4
5682395,52.9517,68.6047,467.98,25028.2
3081466,52.4806,70.0758,467.94,30209.3
6434329,52.2508,69.1231,466.63,24062.6
4058999,52.5617,68.5375,466.62,27792.8
9918917,52.9636,68.2525,466.16,20915.1
10640705,52.7869,68.2897,465.5,20434.4
4239407,53.1372,68.4375,465.13,27423.5
10393585,53.0408,69.3417,464.77,20592.8
7409472,52.8861,68.9233,464.44,22995.8
8573167,52.7211,68.0392,464.37,21935.1
6168516,52.7133,68.2542,464.31,24388.7
5614147,53.1011,70.0556,464.11,25124.8
10598756,52.4139,68.9114,463.97,20462.4
4119843,52.5139,69.6164,463.84,27664.1
4120848,52.3853,69.83,463.82,27661.8
7573131,52.5969,68.2692,463.67,22834.5
1265092,51.9372,73.3075,462.83,38882.8
8134765,53.1369,68.4297,462.57,22309.5
1584692,53.0556,69.175,462.49,36570.9
9889716,52.8736,69.7964,462.07,20936.4
6464980,52.0081,70.8458,461.49,24028.2
6645547,52.6544,69.7175,460.67,23815.1
9064377,52.9367,68.5272,460.3,21539.4
3582118,52.7253,67.9783,460.24,28869.9
6482029,52.1303,71.245,460.15,24007.0
11197158,52.5528,68.5292,459.96,20091.7
10964007,53.02,68.3864,459.92,20230.7
1625118,53.0336,69.0239,459.55,36315.7
2218983,53.01,68.9756,458.72,33257.0
11207180,53.0958,70.0289,458.69,20085.3
11830681,52.5158,68.7339,458.48,19723.6
6889241,53.0669,70.2306,458.44,23543.4
9049853,52.6144,69.7367,458.33,21551.3
11560131,52.9097,69.0217,458.26,19878.1
10326572,52.3539,69.0942,457.59,20639.2
7913495,52.8794,69.7617,457.42,22511.4
2467056,51.7272,71.2672,457.4,32255.4
2637745,52.2869,70.8008,457.28,31627.0
7645897,52.3328,68.9564,457.15,22764.6
8569818,52.7214,68.0983,456.76,21938.0
10197094,52.6203,69.8356,456.58,20725.4
3250573,52.1653,70.9806,456.31,29726.7
2974745,52.9794,69.7867,456.11,30526.1
2274185,52.6492,67.8572,456.01,33024.4
8264048,52.4114,69.68,455.6,22197.8
6559192,52.1644,71.2742,455.37,23916.6
4461608,51.9144,73.2655,455.35,26995.0
3037295,52.4528,68.3789,455.11,30337.7
10886120,51.7464,71.2339,454.43,20281.1
9329191,52.61,68.0967,454.38,21337.3
11533507,53.0344,69.3539,454.12,19894.1
11489154,53.1053,70.5097,453.75,19916.5
4053261,52.97,68.2622,453.67,27801.9
11786479,52.8394,69.9464,453.66,19749.5
10047819,52.63,70.6514,453.42,20826.6
8231695,53.0306,68.5447,453.32,22223.7
11533513,52.8528,70.1464,453.19,19894.1
3525822,52.9822,69.7389,453.16,29008.6
4520752,53.0942,68.8247,452.86,26883.9
8767784,53.0147,70.3067,452.83,21771.8
10626765,52.6689,68.4158,451.92,20443.8
9570531,52.5478,69.6233,451.9,21160.4
2458323,51.7458,73.3183,451.87,32286.9
11714726,52.7314,67.9575,451.85,19791.4
11155132,52.6822,68.8958,451.7,20113.9
5310911,52.9003,69.6539,451.62,25564.7
6958920,52.45,70.3908,451.58,23467.5
3734416,52.5222,68.5297,451.4,28505.7
3192082,52.2183,70.7489,451.1,29889.2
9268471,52.5481,67.955,450.98,21385.1
4943434,52.3717,69.0406,450.92,26146.2
3763379,52.2017,70.925,450.43,28438.6
1912491,53.0553,69.9275,450.4,34700.8
7396415,53.0642,69.4525,450.25,23009.6
6730423,53.1256,70.4547,449.98,23721.3
10108337,51.7525,73.2097,449.93,20783.7
11698215,53.0597,69.4117,449.71,19801.0
7304064,52.8947,68.7264,449.66,23103.6
5509051,52.3311,70.7414,448.72,25273.9
5519120,52.6514,68.8414,448.59,25258.8
6879949,52.9942,68.6642,448.5,23554.2
7280789,52.9108,69.1064,447.57,23128.4
9423774,52.3611,69.8667,447.41,21268.6
1693409,53.1994,68.895,447.13,35902.8
2878399,53.0303,69.7258,446.72,30823.1
6931836,52.9006,68.7572,446.56,23494.6
2809241,51.9531,67.3981,446.23,31043.5
11425885,53.0528,70.23,446.14,19954.9
3202541,52.9781,68.2075,446.01,29861.4
2261678,52.7394,67.3567,445.74,33076.5
3660220,53.0883,69.51,445.25,28681.7
2277214,53.0506,69.9772,445.18,33010.9
2098723,53.0783,69.1942,444.73,33793.0
8965125,52.7228,67.7908,444.67,21616.2
6608050,52.6736,68.8556,444.47,23860.5
5832883,53.0725,69.4158,444.45,24826.3
7607253,52.4672,68.315,444.29,22803.8
3275906,53.0086,69.7747,444.12,29658.1
6360014,53.0003,69.7367,443.91,24152.5
9977566,52.6083,70.0189,443.59,20872.4
8954333,52.295,70.7614,443.52,21625.0
5249720,52.035,70.7839,443.14,25659.2
8209897,52.9328,70.5992,442.68,22243.7
4923907,53.0703,70.2492,442.59,26180.3
6820849,53.0511,69.9992,442.58,23619.0
9620459,51.7964,71.2256,442.35,21127.3
8270466,53.0053,69.7225,442.13,22192.1
6924726,52.0822,71.3717,442.08,23502.7
7264862,53.1019,70.0164,442.02,23144.9
7662332,52.8881,70.0439,441.82,22747.8
11538827,52.2858,69.2992,441.23,19890.9
7813453,52.1703,69.1575,441.21,22604.6
8018228,52.8669,68.6883,440.48,22414.9
3372379,52.8331,67.5531,440.39,29401.3
5453298,52.5044,68.1433,440.37,25354.5
4413324,52.4575,68.1989,439.78,27086.9
9329192,52.5989,68.3397,439.66,21337.3
7807700,53.0272,68.9692,439.2,22610.2
4558338,52.9367,69.7547,439.02,26815.1
5485552,51.9283,73.1631,438.91,25309.2
10103992,52.3742,69.0739,438.54,20786.8
8692659,52.5456,70.0767,438.48,21836.1
10149023,53.0064,69.4467,438.42,20759.2
7114457,52.5703,67.9375,438.09,23301.3
7116912,52.9275,69.2672,437.37,23298.5
3865902,53.1164,69.4331,436.24,28209.1
8279823,52.2058,70.3858,436.02,22183.5
10030499,52.8989,70.035,435.74,20838.8
3710227,53.1611,68.4483,435.48,28561.5
6460721,52.6203,70.1864,435.47,24033.5
6205215,51.9117,71.2372,435.03,24344.3
4623585,51.9303,67.855,434.91,26698.4
5598754,52.3219,69.8639,434.57,25147.6
11278550,52.4972,69.1639,434.49,20040.9
9057094,52.3625,69.6942,434.49,21545.3
3706559,52.3967,68.4275,434.27,28570.5
10988595,52.9008,69.8383,434.14,20215.0
8874458,52.9275,69.0542,433.85,21686.8
7314399,52.2514,71.3881,433.15,23092.5
3350625,53.0428,69.8956,432.07,29457.6
2906389,52.9975,67.8889,430.81,30734.1
5813587,52.7625,70.8656,430.42,24849.4
7976267,52.6606,70.8108,429.51,22454.7
5825590,52.9236,70.0331,429.45,24836.6
8511757,52.9511,69.8422,429.13,21984.4
1290509,52.0869,73.4389,428.82,38674.2
8954316,52.9686,69.7531,427.44,21625.0
6274405,52.0936,70.8542,427.28,24257.8
6973233,52.2197,70.9831,427.21,23451.2
3456046,53.1142,68.895,427.17,29183.8
9973284,52.9586,69.7706,427.0,20875.5
11614997,53.1228,70.0731,425.99,19846.0
8740221,52.7439,70.8181,425.42,21795.2
4705474,53.1528,70.1747,425.25,26552.4
8418186,53.1064,70.0942,425.17,22062.5
2710626,53.1439,69.6275,424.6,31374.2
5505666,53.1733,68.4097,423.5,25279.0
4683068,53.0053,69.2783,423.01,26590.8
8629842,52.4031,68.4406,422.92,21885.7
11263460,52.0211,71.4167,422.37,20050.4
9010318,53.1506,70.1539,421.71,21583.7
10594182,52.1106,71.045,421.56,20465.6
1568282,53.0586,67.2931,420.69,36677.0
6341329,53.0178,68.9281,420.17,24176.2
1862431,53.0836,67.7731,419.98,34962.4
9665267,53.0767,70.2222,419.41,21094.1
8222391,52.3342,67.8183,419.39,22232.3
7343976,52.9531,70.0008,419.14,23064.9
3281436,52.9175,68.7647,418.94,29643.0
4709443,53.1689,68.3617,418.5,26545.2
3949701,53.1786,70.2483,418.46,28023.3
2279401,53.2453,68.8158,417.99,33001.3
6741856,51.7464,67.0722,417.73,23707.9
4321107,51.9147,73.375,417.16,27262.8
6610271,53.1239,70.5033,417.03,23857.9
10371048,52.9478,69.7897,416.71,20608.3
10876481,51.9047,73.3992,416.21,20287.3
3650167,53.0792,69.9364,416.19,28703.9
10121324,52.2636,69.9167,415.89,20774.5
10095441,52.2669,71.3389,415.84,20792.9
11175154,52.0258,67.7308,415.04,20101.2
7439689,52.9306,69.1,414.82,22968.0
2935930,53.2622,68.7589,414.04,30644.9
5860353,52.2039,71.0597,413.96,24787.8
5045208,53.0469,67.7583,412.97,25982.4
4965112,52.2653,68.4372,412.74,26112.1
9024780,52.2469,70.9225,412.6,21571.9
5605538,53.2431,69.1364,412.22,25137.4
7656805,53.0336,69.745,411.69,22753.4
9713958,51.9111,71.1581,411.67,21057.8
10654789,52.1289,70.7917,411.29,20425.0
2125236,52.5664,67.5797,411.14,33674.0
6989900,52.1919,71.2058,410.93,23432.1
9813471,53.115,68.8064,410.92,20988.1
10797817,52.3467,68.6697,410.63,20334.4
8817950,53.1797,68.4342,410.03,21733.8
3815977,53.1781,70.3642,409.79,28319.6
10013452,53.0281,69.8722,409.73,20851.1
5698419,53.0853,68.8933,409.63,25005.3
6836946,52.7194,67.4508,408.81,23600.1
4330313,52.9611,68.7667,408.46,27244.1
8884828,52.7289,67.4217,408.37,21678.0
9093564,51.9644,73.1397,408.11,21515.7
7676346,53.1706,68.3858,407.64,22733.8
11035733,53.1775,68.3922,407.12,20189.7
1035087,53.4297,68.0092,406.54,41019.7
5063988,51.7856,73.0958,406.54,25950.5
8783654,52.3869,68.4239,406.46,21763.1
6091036,53.0831,69.2456,405.14,24487.8
6477774,52.9167,67.9458,404.84,24012.3
6300913,53.1556,70.0642,404.63,24223.6
10682897,51.7925,67.6233,404.19,20406.3
9389083,52.9431,68.7606,403.57,21295.5
1988032,53.2217,69.3933,403.53,34322.4
10925044,52.9583,68.365,402.43,20255.9
10797795,53.0564,70.2775,402.25,20334.4
11560123,53.0572,70.2655,401.2,19878.1
8954304,53.1833,70.3208,401.1,21625.0
7836420,52.3111,71.3456,401.09,22582.0
1864031,53.0939,69.0508,400.59,34953.3
11023097,53.0675,69.2383,400.4,20192.9
6608041,53.1036,70.1156,400.26,23860.5
5818316,53.105,69.6192,400.21,24846.8
3724342,53.0772,68.1208,399.13,28530.3
7997177,52.2839,71.2858,398.6,22434.8
5736985,53.0711,69.6683,398.4,24954.3
3105314,52.0211,72.2342,398.14,30139.6
9838232,53.1486,70.0697,396.52,20969.9
3404608,53.0786,67.3656,396.27,29316.7
11207223,51.7644,73.3058,396.0,20085.3
9064385,52.6164,67.7131,395.9,21539.4
1905379,53.4036,68.0706,395.24,34739.4
7643154,51.7094,72.5733,394.72,22767.4
9104526,51.7058,66.9097,394.25,21506.9
3296998,53.1839,69.995,394.11,29602.2
7151581,53.1911,68.703,394.03,23260.2
6288659,52.9444,67.7681,393.99,24239.4
4116616,52.3089,71.8772,393.77,27671.0
4246323,52.4628,71.3514,392.98,27409.6
11319679,51.9878,70.6622,392.91,20015.4
6189239,53.1631,70.1539,392.6,24365.2
6152872,52.4533,71.3433,392.22,24409.6
6728157,51.7572,73.0364,391.97,23724.0
9582434,52.9364,67.8731,391.46,21151.4
9881518,52.9842,69.8147,390.24,20942.5
11791975,52.9925,68.3789,389.55,19746.2
3851127,52.1864,72.1683,389.2,28240.8
5021458,53.1269,69.2008,388.91,26019.2
3643172,53.1058,69.8808,387.77,28721.7
6486299,52.7025,67.4808,387.74,24001.6
8314660,53.0489,67.4758,387.02,22151.9
5065499,51.7325,72.5939,386.75,25948.1
11237795,53.0744,67.4839,386.75,20066.3
5831074,52.2711,72.0414,386.66,24828.9
2765453,53.1267,67.6258,386.06,31188.9
3744829,53.1547,70.4392,385.73,28483.4
2739615,52.6142,67.6522,385.64,31276.6
11499659,51.7489,73.08,384.79,19910.1
3502890,53.2478,68.4714,384.78,29065.7
9620416,53.1708,70.1672,384.68,21127.3
3259676,53.0125,67.203,384.52,29701.0
11378883,53.1639,70.2897,383.9,19983.6
10064899,51.8311,73.1542,383.54,20814.4
3293174,53.0756,69.1142,383.32,29612.9
5127929,52.2978,71.9797,383.15,25847.2
10929882,51.87,70.42,382.88,20252.8
9813507,51.9828,73.4033,382.73,20988.1
10764409,53.0842,67.4033,382.63,20356.3
5006958,52.8672,70.923,380.53,26043.7
8373223,53.1914,70.2622,380.52,22102.9
11242847,52.1892,71.8722,379.89,20063.1
8462294,52.6911,67.3306,379.64,22027.9
4018777,53.2494,69.1689,379.62,27875.2
9377357,52.9564,70.7258,379.51,21304.5
9287190,52.5556,67.5458,378.81,21370.2
8298794,52.5092,67.6325,378.44,22166.3
9057068,53.185,70.1575,378.35,21545.3
9187901,53.1069,69.3075,377.6,21444.6
8231682,53.2111,68.9708,376.83,22223.7
7548120,53.2311,69.0164,376.71,22859.6
7790488,52.9944,68.2489,376.49,22627.1
9773035,53.0853,70.6206,376.46,21018.5
5509048,52.5111,71.4008,376.35,25273.9
2845156,53.2728,68.1014,375.76,30928.4
9139668,52.1461,72.1364,375.69,21483.2
11813989,52.3781,70.7772,375.21,19733.3
8048107,53.1222,70.5558,374.83,22386.5
11090244,53.2208,69.0025,374.51,20155.0
10522389,51.8881,70.3731,374.16,20509.1
4827079,53.1528,70.3956,373.98,26342.8
10183990,53.0892,69.0358,373.35,20734.6
8643305,53.2433,68.7775,373.14,21874.0
8904685,52.3547,71.2372,371.75,21666.2
10271871,53.1508,70.2989,371.68,20673.1
10249915,51.7431,71.7258,371.37,20688.5
11378917,52.3567,71.9214,371.33,19983.6
8596278,53.0933,69.025,371.32,21914.8
6125343,52.4403,67.3631,370.89,24446.1
4426532,52.0328,73.1981,370.52,27061.0
8305257,52.1975,72.0575,370.51,22160.5
5863999,53.435,67.9892,370.34,24782.6
9797338,52.3744,71.9175,370.16,21000.3
11528144,52.2531,70.9892,369.56,19897.3
5397265,53.1442,69.2775,368.86,25437.2
10580388,53.0297,69.1756,368.56,20474.9
9419924,53.1028,67.3575,367.82,21271.5
6404738,53.1342,70.2925,367.48,24099.7
3316242,53.1981,69.6231,367.47,29550.5
7071439,51.8431,73.2772,367.34,23345.0
11494398,52.1011,73.4467,366.08,19913.3
957855,53.8222,68.5331,365.84,41860.7
3424856,51.8008,72.3781,365.28,29264.5
10546215,52.2864,71.9597,365.27,20493.6
3424054,53.2519,67.9097,365.25,29266.7
2822782,52.9389,67.0433,365.24,31000.4
10197084,53.0886,69.0642,364.11,20725.4
6482012,53.2217,68.3822,364.05,24007.0
10860072,53.0992,70.33,363.75,20293.6
9538998,53.1217,69.3683,363.39,21184.5
7707755,53.1439,70.3092,363.1,22705.8
8639868,51.7806,73.3289,362.48,21876.9
6475698,52.4486,71.2083,361.9,24014.9
3892108,53.2444,68.1447,361.75,28148.1
5696652,52.0314,73.3392,361.49,25007.8
5215368,53.2892,68.828,361.35,25711.3
3632742,53.2714,69.3314,361.27,28748.3
6809432,53.0989,67.4642,361.03,23632.5
10564645,53.3228,68.0056,360.96,20481.1
6530126,51.7314,72.9158,360.72,23951.2
9332998,52.6447,67.5067,360.48,21334.4
4846239,53.0919,67.975,360.34,26309.0
8478550,53.4311,67.9958,360.28,22013.4
6695487,53.0733,69.0367,359.15,23758.9
6102540,51.9881,73.0772,358.42,24472.2
9515475,53.1228,69.7922,357.35,21202.5
8870947,53.1869,70.3039,356.9,21689.8
5636393,53.3711,68.9106,355.94,25091.8
8058336,52.9822,70.8133,355.11,22380.8
8444507,51.7728,68.5206,353.63,22039.4
11023092,53.2547,67.9242,353.25,20192.9
9161915,53.1433,69.7505,353.04,21465.4
11808503,52.9878,68.3058,352.57,19736.6
8884823,52.8442,67.1555,352.44,21678.0
9287175,53.1717,68.2883,352.36,21370.2
4817664,52.6183,71.2964,352.33,26359.8
7422768,53.3314,68.5564,351.82,22981.9
2731883,53.275,69.7058,351.29,31301.0
3664748,53.2272,69.5,350.66,28670.6
9221040,51.9542,73.0408,350.14,21417.8
6225064,53.0461,68.9489,349.9,24318.1
4638899,52.1714,66.4789,349.4,26669.7
2949356,53.2811,69.2572,349.33,30601.2
5641684,51.8508,72.3231,349.05,25084.1
11483958,52.9494,67.2355,348.94,19919.7
10393579,53.2431,68.9081,348.77,20592.8
6744117,51.7389,74.025,347.95,23705.2
7109606,53.4567,68.5,347.49,23306.7
7081237,51.7483,73.9947,347.49,23334.1
7107105,53.255,67.8664,346.4,23309.5
10710961,52.1178,66.4172,345.91,20387.6
4996949,53.1531,70.5831,345.29,26060.8
6473561,51.9336,72.7847,345.16,24017.6
10750256,53.2136,69.4375,344.88,20365.7
5309315,53.2447,69.8889,344.85,25567.2
8911765,51.9692,72.8825,344.39,21660.4
8933066,53.1408,70.6175,343.71,21642.7
1261558,52.0586,80.8108,343.31,38913.9
11404904,53.1875,70.1981,343.1,19967.6
9321514,53.2622,68.1531,342.24,21343.3
6603733,53.2525,69.1908,342.06,23865.9
7813425,53.0642,67.2125,341.68,22604.6
9373499,53.2572,69.0906,341.67,21307.5
7304067,52.6614,71.3908,341.64,23103.6
4138681,52.4569,67.23,340.56,27627.2
11720312,51.7572,73.9806,340.04,19788.1
11110270,53.2264,69.5172,339.77,20142.4
3609271,53.2289,70.5067,339.18,28803.7
9677562,53.1267,67.5439,338.77,21085.0
6411030,52.4733,67.0767,338.18,24091.7
8415032,51.71,73.5033,338.11,22065.4
9927307,53.1194,69.8422,337.36,20909.0
6807156,52.57,71.8564,337.19,23635.2
9519474,52.4017,66.9897,336.61,21199.5
11165132,51.7131,68.1997,336.54,20107.5
9427751,51.7947,69.1983,336.25,21265.6
7738594,53.2011,69.5958,336.07,22674.9
10056346,53.2525,69.0267,335.32,20820.5
10504143,52.9658,67.0742,334.88,20521.5
11462809,52.5808,71.5422,334.78,19932.5
2476357,53.2414,70.2864,334.21,32217.8
9927299,53.2786,69.3422,333.25,20909.0
11647051,53.3397,68.2655,333.15,19826.7
10895797,53.0803,67.2497,332.78,20274.8
11378927,52.1147,72.2931,328.82,19983.6
11415494,51.7572,68.6255,328.56,19961.2
6381729,52.5625,67.4156,327.38,24128.7
10964055,51.7817,72.5792,327.19,20230.7
11212185,52.6744,71.188,325.37,20082.2
9990366,53.2139,69.5506,323.68,20863.3
8179338,52.0167,73.6272,323.51,22272.3
2252523,52.1425,81.5831,322.6,33113.1
11293815,52.48,71.9467,322.27,20031.3
5228364,53.1958,67.7097,322.0,25693.9
6402697,52.4872,72.0025,321.03,24102.3
2061061,52.2297,80.3897,319.97,33969.7
7429075,53.1789,67.8889,317.49,22979.1
10715509,52.1094,73.3975,317.25,20384.5
5659826,53.1636,67.7272,315.97,25061.3
7718823,52.5067,72.0064,315.42,22694.6
9797355,51.7708,72.6622,313.57,21000.3
10476838,52.5736,67.4514,313.52,20540.1
11668972,52.1181,73.33,313.39,19813.9
9021190,51.8022,73.8292,313.39,21574.9
10636107,51.9714,73.6797,311.23,20437.5
7210459,53.4511,69.8197,310.42,23199.9
7406796,51.8183,73.8372,309.54,22998.5
7610064,52.4031,81.4572,308.98,22801.0
6734974,53.2478,70.3289,308.68,23715.9
10754906,53.4503,68.0867,308.1,20362.6
11647076,52.6608,71.5005,308.07,19826.7
7202837,52.4483,72.0739,307.44,23208.1
10537002,51.9211,72.6383,307.25,20499.8
8702771,52.0375,73.63,306.88,21827.4
11663452,53.2167,69.7292,305.21,19817.1
11609585,53.2217,70.4208,304.96,19849.2
11468039,53.2736,67.7222,303.69,19929.3
11340489,52.0894,73.2542,303.51,20002.7
9677582,52.0306,72.7222,301.97,21085.0
7182672,52.6217,71.7714,301.12,23230.1
8188276,53.1933,70.5814,300.44,22263.8
10436126,53.4758,69.7381,297.84,20568.0
10108287,53.0528,71.1892,297.74,20783.7
6773992,53.2656,70.2175,296.62,23670.2
7037300,52.1542,72.5233,295.65,23383.2
5382768,53.3211,70.74,293.02,25459.8
11298987,52.0036,73.7422,292.27,20028.2
11045602,53.325,70.5397,289.02,20183.4
798255,53.5656,80.4525,285.91,43880.4
6183211,52.2269,72.6281,284.09,24373.1
8726489,53.22,71.3025,283.58,21806.9
11747736,52.0883,72.8083,282.87,19772.0
10490363,52.7572,71.735,282.37,20530.8
2939167,51.7044,75.5467,280.4,30634.5
6985188,53.4303,69.2614,278.84,23437.6
3133508,51.7183,75.4642,274.97,30057.1
11399640,53.4464,69.2333,274.84,19970.8
11378933,51.94,81.0589,274.42,19983.6
5398905,53.5128,69.5506,273.76,25434.7
2582151,54.3056,81.2939,266.2,31825.9
8015221,53.7814,68.9325,263.94,22417.8
3280712,51.7775,75.3739,262.63,29645.2
11165089,53.4022,70.3075,261.27,20107.5
11565507,52.1564,80.6989,253.05,19874.9
1830853,61.7806,63.4361,250.66,35129.6
11368524,52.2647,73.0308,247.8,19990.0
10091027,53.5186,69.5067,246.76,20796.0
10420789,52.6769,81.5989,243.57,20574.2
3261933,52.7764,80.5922,240.3,29694.6
7784840,53.7378,81.1858,238.73,22632.7
10668642,52.6203,63.6764,238.68,20415.7
1024365,62.5831,66.0722,235.34,41131.4
1786896,63.2656,81.0783,234.49,35366.4
10845370,61.7147,63.4944,226.72,20303.0
7901797,51.7367,75.4239,226.48,22522.7
2498453,62.8064,66.5906,226.15,32134.6
3772155,62.8581,81.285,224.05,28420.7
4413235,62.7792,66.3706,222.43,27086.9
9952182,54.1097,81.088,222.36,20890.8
9960649,54.0242,80.7689,222.28,20884.7
11797458,53.8353,80.08,221.01,19743.0
11720234,53.8461,80.123,220.12,19788.1
1505917,62.3356,66.8678,215.59,37088.1
2714522,62.7214,66.8578,214.94,31360.0
6081302,62.8139,66.4339,214.46,24500.8
1392870,61.965,65.9272,214.26,37885.2
10056328,53.9211,63.9392,214.02,20820.5
10116967,53.9514,80.7592,212.18,20777.6
4986466,53.0714,80.6739,212.04,26075.4
9035326,62.7425,66.3011,211.96,21563.1
9854825,53.8514,80.415,211.86,20957.7
7741250,63.1567,80.9289,211.61,22672.1
7528851,63.2828,80.5956,211.39,22879.1
11663425,53.9106,80.6081,211.28,19817.1
8695790,63.0972,80.5667,210.7,21833.2
11060588,53.0522,81.5289,208.34,20174.0
11065423,54.1886,79.8314,206.23,20170.8
9636923,61.6825,63.6267,205.82,21115.2
7452889,63.1883,80.3722,205.72,22954.2
2716754,62.6758,66.835,203.8,31351.9
11242446,62.5644,65.9967,202.28,20063.1
1767000,62.3606,64.8278,201.34,35477.9
5598658,61.9164,66.0539,201.16,25147.6
9837922,63.2947,81.3728,201.07,20969.9
8566375,63.0503,81.2872,199.98,21940.9
11170167,53.0389,81.4614,199.72,20104.4
11055280,61.7031,63.6194,198.81,20177.1
7474140,62.2981,66.8044,198.48,22932.0
8240706,62.8753,81.5905,197.07,22215.1
11619955,62.9267,81.475,196.56,19842.8
8786947,62.7558,65.8961,195.61,21760.1
10090990,54.9875,64.2033,195.57,20796.0
5344777,56.9792,63.6164,195.13,25514.8
8722791,62.2708,64.9011,195.08,21809.9
2599215,62.2469,63.7406,194.83,31763.7
10691766,62.3592,66.8344,194.46,20400.1
2916954,62.6497,67.2805,194.23,30703.0
6605748,62.7661,66.7411,193.79,23863.2
4741177,62.3494,63.5155,193.46,26490.0
11415362,55.3833,63.7972,193.4,19961.2
11248007,53.0733,81.4431,192.67,20059.9
9161628,63.195,80.1678,192.09,21465.4
7156419,62.6806,67.2217,191.78,23254.7
9487596,62.2569,64.8533,191.75,21223.6
3674555,62.2906,67.1311,191.38,28646.2
5525726,62.4211,63.5383,191.27,25248.7
4259592,62.1317,64.8411,190.82,27381.7
10343874,63.2389,80.7895,190.78,20626.8
7138924,62.7611,66.6144,190.75,23273.9
11609568,53.4992,80.9167,189.77,19849.2
10188003,63.0108,80.1561,189.02,20731.6
11446665,62.7711,66.7894,188.38,19942.1
8134585,62.4886,67.0122,188.28,22309.5
4241547,61.6544,63.8439,188.04,27418.9
2789402,63.0089,66.0506,188.04,31109.1
8209674,62.44,67.2939,187.72,22243.7
7696533,62.4006,64.7067,187.1,22717.0
8688972,63.0378,81.3378,187.06,21839.0
5724593,56.1753,66.7964,186.85,24972.1
4613151,62.3731,67.1767,186.8,26717.5
8058141,62.2114,64.9617,186.52,22380.8
7645690,62.6047,67.2333,186.34,22764.6
9154238,62.5278,67.145,186.02,21471.3
4176885,61.9714,64.3122,185.77,27548.7
11394060,62.6772,66.1711,185.74,19974.0
7173857,62.2011,64.6317,185.35,23235.6
9435120,62.3947,66.8128,185.25,21259.6
4205751,61.8917,65.5939,184.58,27490.8
6047423,62.4908,63.5117,184.3,24542.4
9161651,62.6083,66.9878,184.0,21465.4
9042560,55.66,64.4075,183.93,21557.2
10782999,62.7506,66.7961,183.93,20343.8
3839308,62.0531,63.94,183.66,28267.8
4588764,61.8211,66.1367,183.38,26760.4
8622961,57.0025,63.7856,183.25,21891.5
11451914,62.8514,80.835,183.23,19938.9
9985890,62.3633,67.2556,183.19,20866.3
10449486,55.8297,63.4497,182.91,20558.7
8427798,61.8408,66.1361,182.76,22053.9
4791436,62.055,64.63,182.72,26403.2
11378808,55.2672,64.385,182.67,19983.6
2275948,62.48,63.7961,182.01,33016.7
7450233,63.0922,66.3689,181.78,22956.9
6085112,62.7567,67.0572,181.77,24495.6
5448249,61.8789,66.0867,181.64,25362.0
3006689,62.9114,67.5111,180.96,30427.9
10271759,56.9294,63.5033,180.95,20673.1
8911661,57.3708,63.5064,180.6,21660.4
5430181,61.4933,64.3922,180.49,25389.6
6140883,62.8547,66.7978,180.1,24425.3
9927005,61.9761,65.6922,179.74,20909.0
3624425,61.6625,65.0155,179.7,28766.0
9960595,55.8144,65.9872,179.48,20884.7
10099604,56.9539,63.5583,179.44,20789.9
11538690,55.7619,63.9589,179.31,19890.9
9598405,56.2392,66.9608,179.01,21139.4
9431283,62.5517,66.9278,178.85,21262.6
6057961,63.0711,67.2767,178.63,24532.0
10831083,55.7606,65.9456,178.23,20312.4
8764274,53.3958,81.1067,178.21,21774.8
10715384,56.4847,63.5775,177.8,20384.5
10398022,55.7322,65.9781,177.78,20589.7
5728048,62.8972,68.1245,177.51,24967.0
10262834,56.3508,64.1267,177.24,20679.2
6174295,63.1531,68.6683,176.97,24380.9
5656286,62.2306,67.1222,176.58,25066.4
6537160,61.7528,64.2361,176.32,23943.2
11384024,55.6914,65.0922,176.29,19980.4
6664064,61.8875,64.5711,175.87,23796.4
7071244,63.1292,67.1878,175.77,23345.0
2136707,61.7058,68.3544,175.43,33619.1
4397505,63.0939,69.3883,175.31,27115.1
11510064,56.3089,67.5742,174.87,19903.7
8943580,55.9939,66.3922,174.84,21633.9
10807188,55.6603,80.6592,174.76,20328.1
7056664,56.6894,75.0442,174.73,23361.3
7187590,61.4253,64.64,174.72,23224.6
3228780,63.1358,66.7167,174.65,29786.7
9914782,52.3225,76.9517,174.18,20918.2
5352787,62.0739,63.5433,173.76,25502.3
10831022,57.4736,80.0914,173.67,20312.4
8091464,62.035,63.4422,173.65,22349.4
11533404,55.5831,64.3392,173.63,19894.1
8176096,61.8697,64.8217,173.19,22275.2
8831774,55.5903,64.5906,173.12,21722.0
10517734,56.8472,63.9358,173.1,20512.2
6661820,61.6758,66.0711,172.95,23799.1
5558816,63.2819,69.655,172.51,25203.2
9554544,62.1419,64.66,172.45,21172.5
7645682,62.9525,79.8183,172.33,22764.6
9143077,61.7375,68.2572,172.31,21480.2
10968670,61.66,66.0794,172.25,20227.6
11504444,63.2603,68.6017,172.21,19906.9
9821585,55.16,69.6558,172.18,20982.0
10030441,55.2444,80.0289,171.97,20838.8
8246958,61.4828,64.7383,171.96,22209.3
7154078,56.3469,65.3339,171.68,23257.5
9764635,61.9483,64.6744,171.59,21024.5
11730674,63.1339,66.4055,171.57,19781.7
9416000,57.4169,74.0683,171.56,21274.5
8243808,61.6794,64.0656,171.53,22212.2
11549552,52.2639,77.0975,171.31,19884.5
9465972,63.0561,80.2239,171.27,21235.6
11363012,61.7892,66.1111,171.27,19993.1
10900324,61.8925,64.7522,171.17,20271.6
11329608,62.455,63.4644,171.09,20009.1
10640370,62.1697,65.0661,171.08,20434.4
9776946,57.1781,63.8589,171.02,21015.4
11841461,57.5333,80.015,170.76,19717.2
4264640,61.9553,65.3522,170.65,27374.7
7567464,62.9731,66.4761,170.59,22840.1
7370024,62.2075,63.565,170.54,23037.3
11013014,61.4406,64.5889,170.29,20199.2
10262804,57.5364,78.7267,170.14,20679.2
9717829,61.7594,66.1506,170.13,21054.8
11357803,61.7211,68.2939,169.98,19996.3
11467951,56.0169,67.6733,169.9,19929.3
9697499,63.0042,81.5011,169.65,21069.9
11819361,55.245,79.0747,169.64,19730.1
11109903,62.9536,63.4528,169.53,20142.4
8495216,62.0525,63.7711,169.51,21998.9
10740656,55.9286,69.6481,169.5,20372.0
10508388,61.7086,66.0928,169.38,20518.4
10188042,61.7722,66.18,169.07,20731.6
6009583,62.8353,67.2117,168.98,24594.2
9964616,62.3336,67.375,168.9,20881.6
10589483,56.0294,68.3297,168.87,20468.7
6294720,63.0847,66.7294,168.86,24231.5
9722084,56.6022,67.0133,168.8,21051.8
8301787,61.5475,64.0389,168.37,22163.4
10831032,57.2464,64.2417,168.32,20312.4
9645057,56.1939,68.6072,168.31,21109.2
11283323,63.0503,67.665,168.21,20037.7
11345603,56.7131,63.8206,168.03,19999.5
11202047,56.0736,68.0847,167.87,20088.5
9396497,62.7969,66.9522,167.55,21289.5
11050497,55.2006,79.0872,167.52,20180.3
11304100,55.8347,68.0831,167.41,20025.0
10881160,55.7836,68.9055,167.11,20284.2
6585996,63.2303,69.2733,166.89,23887.2
6697662,55.8661,74.7383,166.76,23756.2
10710831,56.0406,68.7631,166.66,20387.6
9550733,54.8706,64.2633,166.62,21175.5
11345647,55.5764,64.5847,166.58,19999.5
6872786,63.2497,71.0206,166.51,23562.3
8538053,62.3486,66.7256,166.44,21961.2
7409274,63.2383,68.7161,166.42,22995.8
11159732,61.7275,64.4695,166.22,20110.7
10458277,63.1967,67.1922,166.04,20552.5
5187669,62.9008,77.3611,165.95,25755.8
10304424,63.2267,68.4511,165.95,20654.6
11549168,62.0197,63.4411,165.63,19884.5
10416226,57.1308,63.6172,165.58,20577.3
11242426,63.1828,71.5822,165.57,20063.1
10919885,61.8517,64.4594,165.4,20259.1
11373569,56.4886,78.6672,165.38,19986.8
4790128,63.2067,65.995,165.37,26405.6
11410026,56.1706,64.9983,165.25,19964.4
10769228,53.3475,80.9567,164.97,20353.2
10499569,55.9275,80.6131,164.86,20524.6
9717831,61.7019,65.5822,164.83,21054.8
8336726,62.6764,67.0867,164.77,22131.7
8780011,62.3583,63.6944,164.55,21766.0
9660868,62.0936,65.1383,164.28,21097.1
9582148,62.3139,67.2878,164.21,21151.4
3446435,61.0031,66.4822,163.89,29210.0
6229000,63.0217,66.475,163.82,24312.9
7735562,62.6431,66.9756,163.81,22677.7
10064771,57.3397,64.0558,163.7,20814.4
11604040,56.0289,70.7164,163.67,19852.4
6104674,61.6506,65.1583,163.59,24469.6
7306509,61.8806,64.125,163.47,23100.8
9673150,62.9603,68.8089,163.23,21088.1
11775142,58.0086,63.4131,162.6,19755.9
5147583,62.5656,63.5444,162.35,25817.6
6762087,62.8308,67.1383,162.31,23683.7
3760587,54.7308,64.7139,161.73,28445.3
5277993,61.6853,68.5094,161.71,25616.9
6884431,63.2775,69.5533,161.35,23548.8
8675630,57.9061,81.0822,161.34,21850.7
4752130,54.4672,64.385,161.16,26470.7
8342884,62.8956,66.7661,160.96,22126.0
10043166,62.2511,67.4467,160.64,20829.7
8194339,57.3458,63.813,160.43,22258.0
7187675,57.2947,63.9206,160.41,23224.6
9020898,62.1506,64.4489,159.99,21574.9
8437627,61.61,64.5722,159.96,22045.2
7187581,61.7181,64.5861,159.96,23224.6
6148870,56.655,71.1147,159.87,24414.8
4533383,56.9319,64.8325,159.86,26862.5
4601355,61.56,65.9144,159.84,26736.5
9286920,62.0661,65.7756,159.79,21370.2
4966430,63.2125,69.0433,159.71,26109.6
9523228,55.6286,78.965,159.68,21196.5
10905403,56.5919,67.45,159.62,20268.5
9624136,62.3081,67.5533,159.59,21124.3
9906230,62.5089,63.4211,159.39,20924.3
6174316,61.4186,65.375,159.16,24380.9
8160788,62.8842,69.2094,159.12,22289.5
10612248,63.0583,68.7061,158.92,20453.1
10099618,56.3211,69.3175,158.47,20789.9
11758465,63.2964,69.9244,158.32,19765.6
6499128,55.4983,73.6322,158.22,23985.7
11587402,61.5397,64.1261,158.12,19862.1
4186755,61.9053,68.0494,158.07,27527.9
8729836,54.0322,73.5242,158.06,21804.0
8626283,62.9672,66.5583,157.83,21888.6
9813171,63.2633,74.2472,157.56,20988.1
4864679,62.0108,67.8156,157.29,26279.9
11232595,57.9664,79.1442,157.29,20069.5
10691744,62.9433,68.9689,157.05,20400.1
7957422,56.7639,65.3689,156.87,22468.9
4119765,63.065,65.4172,156.86,27664.1
11298641,61.7817,65.2783,156.8,20028.2
6879799,61.8736,68.0767,156.66,23554.2
10929516,61.6597,68.4822,156.37,20252.8
8780252,53.0167,73.8481,155.71,21766.0
10402531,57.9958,81.3925,155.48,20586.6
10580083,61.3681,65.1111,155.41,20474.9
10056285,55.2769,64.6458,155.36,20820.5
8760672,62.6583,65.7222,155.03,21777.7
10330669,61.6042,66.0189,154.82,20636.1
8308217,63.2239,67.9411,154.82,22157.6
11202087,54.8325,79.1947,154.72,20088.5
5086419,61.3483,66.2,154.58,25916.1
10864834,57.4044,64.1833,154.58,20290.5
10411461,61.8158,63.5783,154.53,20580.4
8417954,63.1667,66.2383,154.4,22062.5
5736841,63.2703,67.6572,154.21,24954.3
11499534,55.1533,78.7056,154.21,19910.1
10258481,57.2475,64.3922,153.93,20682.3
11763884,61.8489,63.5333,153.91,19762.4
9209699,63.0008,68.7244,153.41,21426.7
10710563,63.1203,65.9117,153.29,20387.6
11319266,63.1067,69.8094,153.28,20015.4
9582176,61.2622,64.5511,153.28,21151.4
11802936,55.6644,78.9858,153.28,19739.8
9411950,62.7528,78.4683,152.83,21277.5
8491991,63.02,79.5789,152.53,22001.8
11124888,61.7642,64.9978,152.47,20132.9
11124837,62.9072,66.3661,152.4,20132.9
10541278,61.8464,63.5911,151.95,20496.7
4491247,63.2769,65.67,151.93,26940.7
11636217,57.1986,65.08,151.86,19833.2
9829564,63.2939,67.3933,151.69,20976.0
10375198,62.1983,67.4711,151.63,20605.2
5415007,57.3681,64.3814,151.46,25409.7
8308240,62.1972,64.1667,151.33,22157.6
4671326,62.6342,63.6028,151.1,26612.3
10750153,55.9722,66.05,150.8,20365.7
9228996,52.6628,74.7481,150.73,21411.9
9146796,61.7131,68.37,150.33,21477.2
9049743,56.9014,64.7225,150.02,21551.3
9253422,58.3953,79.8997,149.89,21397.0
10816655,55.505,78.5692,149.77,20321.9
10384124,63.1058,66.7928,149.51,20599.0
5825550,56.9367,65.0242,149.35,24836.6
7119238,63.1586,67.785,148.87,23295.8
8733095,61.8003,68.1883,148.55,21801.1
1510189,60.98,69.0305,148.55,37060.6
10626368,63.2928,74.5878,148.49,20443.8
4925281,57.2783,64.5997,148.37,26177.9
8750468,58.1683,80.683,148.33,21786.5
9734031,63.2661,68.4567,148.14,21042.7
11830525,56.5467,71.9108,147.84,19723.6
9473709,62.4514,66.4622,147.84,21229.6
10476478,61.8783,68.1628,147.53,20540.1
9427437,62.2722,63.7744,147.44,21265.6
8317730,57.7281,71.6217,147.33,22149.0
10914843,63.0136,66.5456,147.28,20262.2
4438224,61.9697,68.9206,147.27,27037.5
10621792,58.3225,76.4706,147.2,20446.9
7455588,57.3967,63.8547,146.78,22951.4
11489126,53.7772,81.5692,146.13,19916.5
9202686,53.8586,75.1789,145.96,21432.7
11099921,62.4142,67.5572,145.84,20148.7
6345332,61.8581,68.1533,145.84,24170.9
11467869,58.5728,79.655,145.81,19929.3
2034214,61.3364,68.8639,145.48,34097.0
9321421,56.8333,64.8639,145.32,21343.3
10640363,62.3383,64.4961,145.32,20434.4
10107961,62.6372,68.5178,145.18,20783.7
10074031,58.25,64.3675,145.01,20808.2
11714547,57.3786,63.945,144.81,19791.4
10444777,62.6692,65.6722,144.65,20561.8
11222434,53.8531,81.3258,144.63,20075.8
10458458,58.3589,63.49,144.62,20552.5
8716104,61.1739,66.3811,144.44,21815.7
4846204,59.2283,72.9833,144.1,26309.0
6614564,59.1983,72.2883,143.93,23852.5
10915086,57.7792,71.0314,143.9,20262.2
8076295,61.8478,68.1489,143.9,22363.7
8462168,58.8225,76.6833,143.89,22027.9
7612629,61.4178,68.8433,143.8,22798.2
8330444,62.3189,66.9578,143.71,22137.5
4615641,61.4778,66.4289,143.62,26712.7
11415262,58.1458,64.5547,143.52,19961.2
6296728,61.9189,65.0833,143.06,24228.9
6675316,60.8942,80.8217,142.8,23783.0
4268134,60.3514,67.0005,142.67,27367.7
11303847,61.7253,68.3656,142.66,20025.0
9632267,58.4644,63.9358,142.14,21118.2
9760575,62.5422,63.6255,142.12,21027.5
11847092,55.5586,74.6647,142.01,19714.0
4854381,61.5975,77.5995,141.9,26294.4
11674189,54.695,75.3764,141.61,19810.7
6590347,61.5964,66.26,141.49,23881.9
11587611,57.6939,73.1831,141.42,19862.1
3841197,60.2203,67.4789,141.16,28263.3
8188188,58.5831,81.3114,140.88,22263.8
9431278,62.6556,68.0389,140.18,21262.6
3327699,61.5039,68.7517,140.17,29518.1
11273244,59.2547,73.2342,140.05,20044.1
11769549,57.9139,65.1975,139.92,19759.1
5972744,59.6728,76.7114,139.44,24640.8
5419749,62.0119,78.54,139.41,25402.2
8462063,61.9528,64.9111,139.15,22027.9
10792626,63.1447,67.4106,139.0,20337.5
6785367,61.9342,67.5644,138.9,23656.7
6898672,61.2825,66.5122,138.65,23532.5
11488974,58.335,80.7714,138.52,19916.5
7869743,62.3803,67.715,138.44,22553.8
10773729,57.9567,65.2339,138.32,20350.0
10929719,56.8692,65.093,138.26,20252.8
11357998,57.8239,65.1317,138.17,19996.3
10388801,62.8997,66.705,138.02,20595.9
5728070,61.4164,76.6595,138.02,24967.0
9046148,59.7622,77.1825,137.89,21554.2
8295405,62.0242,79.1783,137.36,22169.1
11813539,62.7256,68.1983,137.33,19733.3
10710589,62.4992,63.6383,137.31,20387.6
7232942,61.8944,67.5983,137.31,23175.2
9306141,59.6217,77.5114,137.3,21355.2
10299978,61.3792,66.4444,136.99,20657.7
6574178,61.7678,67.7328,136.96,23897.9
11074958,62.2489,67.3072,136.72,20164.5
11431129,55.545,69.0792,136.65,19951.7
11813580,61.6814,68.565,136.64,19733.3
9446834,58.6344,77.8992,136.43,21250.6
7215391,61.5236,68.4239,136.27,23194.4
10993333,57.2314,73.9867,136.26,20211.8
11819137,60.8203,66.8433,136.11,19730.1
11055269,61.9336,64.8678,136.1,20177.1
7372600,61.9861,69.8944,135.88,23034.5
8616068,62.0969,78.65,135.84,21897.3
8705891,61.8919,78.135,135.79,21824.5
10845381,61.4372,66.0155,135.6,20303.0
11472935,62.4994,67.9517,135.58,19926.1
11473192,56.7414,63.8483,135.51,19926.1
7987855,62.6447,67.0461,135.36,22443.3
10295465,60.6381,81.445,135.29,20660.8
7793229,58.6172,71.07,135.25,22624.3
11775188,56.9106,64.6158,135.19,19755.9
7913335,60.2419,67.3939,135.13,22511.4
11441395,62.9172,67.6511,134.94,19945.3
2640946,61.0992,68.8,134.94,31615.0
5666746,61.2358,68.9094,134.93,25051.1
8753798,61.5514,77.3105,134.93,21783.5
11018098,54.3989,64.4556,134.93,20196.1
5751225,57.3936,64.6114,134.85,24933.8
9586268,62.1256,80.8411,134.83,21148.4
10330701,60.3372,81.04,134.61,20636.1
10963787,59.5606,77.8181,134.61,20230.7
11149677,62.4369,63.6894,134.24,20117.0
9157939,61.3428,68.9233,134.23,21468.3
8254566,61.5214,66.2933,134.14,22206.5
10375463,54.6703,64.6475,134.06,20605.2
11007980,62.0767,70.2067,134.03,20202.4
9487613,61.5567,68.4894,133.93,21223.6
11592801,62.9942,63.6028,133.81,19858.9
11368331,58.7344,80.7825,133.77,19990.0
10759342,62.405,67.7956,133.57,20359.4
9866959,57.0831,65.4292,133.55,20948.6
9225118,60.5156,80.2311,133.52,21414.8
8122351,61.5253,77.1439,133.24,22320.9
8957798,57.4792,73.0417,133.09,21622.1
11196816,61.4583,65.8778,133.09,20091.7
11075211,56.4292,73.9797,133.07,20164.5
10687121,61.9653,64.95,132.85,20403.2
11709381,52.3725,76.7931,132.75,19794.6
9673266,59.4844,81.5783,132.69,21088.1
11144826,56.1578,72.1239,132.56,20120.2
10924737,61.825,67.6867,132.53,20255.9
9458382,57.0867,63.813,132.49,21241.6
11268056,61.945,78.4061,132.16,20047.2
11478564,57.6614,76.4055,132.13,19922.9
11646704,61.2303,63.52,132.05,19826.7
10512846,61.84,68.1611,132.01,20515.3
10696637,57.8439,65.6517,131.93,20397.0
11100203,54.7067,64.8267,131.87,20148.7
10915094,57.3175,64.8025,131.79,20262.2
11559756,61.9433,78.7822,131.77,19878.1
11017858,61.2375,64.875,131.61,20196.1
9515367,56.8172,64.9572,131.47,21202.5
9570386,58.1189,68.9667,131.13,21160.4
5349586,58.3694,76.3939,131.02,25507.3
9760581,62.3114,66.5644,130.92,21027.5
6684204,61.8539,64.3472,130.88,23772.3
6737117,61.1672,68.3528,130.76,23713.2
10361751,62.4961,68.0867,130.69,20614.4
8602981,57.32,73.7383,130.69,21909.0
8511650,58.8128,73.3031,130.67,21984.4
10291128,58.5469,68.9167,130.53,20663.8
7406687,58.0428,64.8575,130.51,22998.5
11797146,60.695,80.0695,130.17,19743.0
11329794,57.8131,77.2939,130.16,20009.1
5984109,63.0708,65.3033,130.15,24625.3
9187666,61.7236,66.3083,129.87,21444.6
11703344,62.8592,65.9639,129.7,19797.8
7278019,61.4503,68.7317,129.68,23131.1
7220415,61.405,76.5395,129.64,23188.9
8327181,62.1969,67.1272,129.37,22140.4
4524344,58.9528,65.5347,129.3,26876.8
6302923,61.9453,65.1261,129.12,24221.0
9918669,61.9025,65.1183,129.03,20915.1
9776906,59.0931,70.7339,129.02,21015.4
7542601,59.0336,65.7581,128.68,22865.2
8524775,62.0961,79.0078,128.6,21972.8
10271753,57.0403,68.1942,128.46,20673.1
6415096,59.1625,69.6781,128.45,24086.4
5894611,57.44,67.78,128.03,24744.0
9606056,61.7119,78.3961,127.85,21133.3
10407034,58.5839,68.635,127.81,20583.5
4877220,60.3231,67.6894,127.77,26258.1
9850390,61.9108,67.7844,127.66,20960.8
8986500,58.0242,65.2592,127.57,21598.5
9010189,59.0006,65.6442,127.33,21583.7
10030342,59.6381,81.3206,126.49,20838.8
8301872,58.86,65.7025,126.4,22163.4
11335008,58.5775,70.8697,126.33,20005.9
11663242,59.6556,81.3708,126.03,19817.1
3515365,59.7842,70.5981,125.96,29032.8
8626416,58.6433,65.1089,125.93,21888.6
8431176,61.2031,68.6189,125.92,22051.0
10125449,59.5978,72.8725,125.81,20771.5
9503357,61.2681,68.6922,125.77,21211.6
11603937,58.8064,68.9747,125.71,19852.4
9365573,63.0489,66.6917,125.55,21313.4
8911531,62.4981,65.9267,125.46,21660.4
11013023,61.1311,68.8044,125.21,20199.2
9348090,59.9161,70.7614,125.21,21322.4
11040534,57.4964,63.9922,125.11,20186.6
11144610,61.1956,68.6728,125.1,20120.2
10550697,59.8531,70.7208,124.75,20490.4
10993108,62.6158,63.7972,124.67,20211.8
10339630,59.3814,70.6417,124.44,20629.9
11394085,62.2358,67.2622,124.22,19974.0
11373468,59.2386,68.98,124.1,19986.8
5281089,62.0992,65.3833,123.87,25612.0
8954268,54.4619,64.7939,123.45,21625.0
11657711,59.7692,70.5058,123.3,19820.3
9713784,58.6764,66.1508,123.28,21057.8
9681506,58.4872,79.4708,123.23,21082.0
7954364,62.5719,65.7856,123.2,22471.7
9752568,58.0956,77.0406,122.87,21033.6
8085447,61.9044,81.5861,122.82,22355.1
9918784,58.8006,65.2631,122.68,20915.1
8450875,60.2442,69.9294,122.51,22033.6
8431305,56.0858,63.735,122.46,22051.0
6133005,60.8747,66.94,122.45,24435.7
11494139,59.9069,70.7597,122.4,19913.3
10910042,60.005,75.5239,122.39,20265.3
10330698,60.4958,79.7678,122.29,20636.1
11022752,62.2475,66.8061,122.24,20192.9
9473734,61.4792,75.875,121.63,21229.6
8790624,56.0686,69.3331,121.53,21757.2
11388927,62.2911,66.9078,121.5,19977.2
10366268,62.0717,70.2817,121.2,20611.4
11841275,61.4031,66.285,121.01,19717.2
8675593,59.5508,63.5417,120.92,21850.7
8783433,60.2647,67.02,120.37,21763.1
10920019,59.5183,79.0981,120.19,20259.1
11725329,60.1383,77.0728,120.17,19784.9
11159906,57.7922,65.89,119.83,20110.7
8411736,56.1247,63.4472,119.8,22068.3
11075135,58.9481,65.7192,119.65,20164.5
11383769,61.5092,68.4283,119.58,19980.4
11697869,61.4161,68.9494,119.37,19801.0
11786057,61.7925,79.1322,119.3,19749.5
11780601,59.5967,81.2,119.16,19752.7
3473616,57.9592,67.7183,119.01,29140.1
10564378,61.1842,68.6095,118.88,20481.1
8392413,60.3803,67.4161,118.87,22085.6
11646752,60.2208,70.0272,118.58,19826.7
9813326,59.2156,80.1683,118.45,20988.1
11298657,61.4117,76.1861,118.43,20028.2
8276671,57.8844,64.0005,118.25,22186.4
10411517,60.385,70.5267,118.11,20580.4
8342927,60.9597,66.6733,118.1,22126.0
11549233,60.4108,80.6189,118.08,19884.5
10317659,58.0125,69.8567,117.59,20645.3
6383696,62.0344,65.9761,117.53,24126.1
7293585,58.9269,64.0131,117.49,23114.6
11813706,59.9883,80.6539,117.43,19733.3
11764093,57.2714,64.9292,117.4,19762.4
11013269,54.7381,64.9367,117.16,20199.2
7146392,61.1378,68.8267,117.06,23265.7
9100653,59.2406,68.8808,116.89,21509.8
11472940,62.3947,68.08,116.72,19926.1
10593854,61.8986,64.2672,116.56,20465.6
11139857,57.2767,64.5158,116.42,20123.4
11674097,57.2842,68.1372,116.17,19810.7
11378697,58.8817,64.3158,116.05,19983.6
3869675,61.4578,71.5356,116.03,28200.1
6174315,61.5561,66.1328,115.98,24380.9
11598424,60.5025,67.1111,115.95,19855.6
10107966,62.59,66.85,115.9,20783.7
8308358,56.9622,65.5942,115.89,22157.6
6423472,60.8758,79.2978,115.67,24075.9
11641596,57.4836,68.2367,115.54,19830.0
9010175,59.4867,64.2158,115.52,21583.7
10522175,59.6119,64.1692,115.11,20509.1
11257984,59.9667,80.5214,115.11,20053.6
5989698,58.0008,67.6481,114.87,24617.5
8504957,61.8653,64.2889,114.77,21990.2
11819119,61.2856,68.8211,114.6,19730.1
7063935,61.2703,66.3478,114.47,23353.2
11409772,61.6208,78.83,114.17,19964.4
5361081,60.1728,71.9933,114.12,25489.8
10831031,57.2578,67.47,113.91,20312.4
11268251,57.4986,66.0081,113.87,20047.2
11389014,60.2736,80.6933,113.82,19977.2
8750358,61.1231,66.6639,113.62,21786.5
9128549,59.3728,79.755,113.5,21492.0
8267122,59.7869,64.6667,113.36,22195.0
4741222,57.8931,68.8675,113.04,26490.0
9709617,60.4056,70.5678,112.93,21060.8
9697662,58.1669,65.8383,112.73,21069.9
11538484,61.2994,66.3439,112.67,19890.9
7550635,62.1306,65.5322,112.51,22856.8
11576660,60.3906,70.34,112.3,19868.5
8134663,59.2261,71.2492,112.28,22309.5
10416040,63.0544,66.8283,112.18,20577.3
6956372,62.4297,68.0728,112.18,23470.2
11747524,58.0094,65.2539,111.69,19772.0
10074015,59.0322,63.8875,111.67,20808.2
11334952,59.9611,80.4897,111.67,20005.9
11441466,61.3461,68.9678,111.59,19945.3
10580209,58.9011,72.5083,111.33,20474.9
10326318,60.3989,70.5278,111.19,20639.2
10526790,59.6828,64.2175,111.03,20506.0
11191755,61.4719,66.0461,110.88,20094.9
6427750,61.1811,68.8533,110.87,24070.6
11179893,58.8939,72.4742,109.97,20098.0
7798846,61.5578,66.1694,109.84,22618.6
11394257,58.5303,79.4492,109.48,19974.0
10343973,60.1506,64.0483,109.45,20626.8
11522586,59.6689,64.7758,109.4,19900.5
10768944,60.0744,80.9617,109.33,20353.2
9833875,57.0286,63.5672,108.88,20972.9
11786255,58.5344,81.5264,108.83,19749.5
11149815,59.9564,80.5356,108.8,20117.0
11614680,60.4906,70.8156,108.52,19846.0
9586451,57.4464,65.9225,108.24,21148.4
5144645,59.1556,71.31,107.96,25822.6
9275785,56.3772,75.2742,107.69,21379.1
5558887,58.0369,67.9072,107.62,25203.2
10993172,60.8856,81.5667,107.57,20211.8
9491688,59.9306,80.2808,107.46,21220.6
6684254,59.6317,69.3408,107.32,23772.3
11742087,56.5047,66.5639,107.3,19775.3
9419814,57.0419,63.7939,107.21,21271.5
8922253,59.3828,69.9789,107.18,21651.5
8838823,59.8425,80.8422,107.17,21716.2
9542718,61.2678,68.2822,107.17,21181.5
10617175,56.1514,70.1717,106.96,20450.0
9283206,58.9372,76.7667,106.94,21373.1
8514875,59.6806,69.4931,106.86,21981.5
11258049,57.8261,65.86,106.75,20053.6
10108125,58.3533,64.7831,106.55,20783.7
9408090,60.1986,69.8406,106.47,21280.5
7034728,57.7136,69.845,106.35,23385.9
5110031,57.8431,67.4481,106.18,25876.8
2706708,61.1594,73.4811,106.04,31388.4
10532234,58.3225,64.2922,105.95,20502.9
10988392,59.4086,81.2225,105.95,20215.0
9669098,62.2044,67.1183,105.78,21091.1
11070166,59.87,80.9667,105.68,20167.6
3007322,60.1586,69.6589,105.59,30425.8
7158992,60.7936,79.2805,105.42,23252.0
8231567,58.9978,78.1008,105.42,22223.7
6816204,61.6508,68.5894,105.11,23624.4
8067262,60.7756,74.0039,105.01,22372.2
11720043,59.3367,73.9908,105.01,19788.1
8947122,58.3144,65.5406,104.91,21630.9
9078556,60.8778,74.3261,104.9,21527.6
6429945,58.7522,68.755,104.84,24067.9
7168963,57.9325,68.9172,104.8,23241.0
5347938,61.4531,70.3256,104.65,25509.8
10411493,60.8803,74.3928,104.61,20580.4
9487640,60.5436,70.2539,104.56,21223.6
10939356,60.0258,80.8445,104.23,20246.5
4778279,58.6533,69.7122,103.88,26427.4
11070194,58.8011,81.1689,103.67,20167.6
3227368,60.1125,69.5817,103.2,29790.9
7570297,57.2825,66.4422,103.16,22837.3
10375318,59.9475,64.1255,103.05,20605.2
9071473,57.3208,66.4506,103.04,21533.5
7240716,60.1322,74.2478,102.9,23166.9
10687255,59.1714,74.3022,102.33,20403.2
9321294,60.885,78.2505,102.27,21343.3
4477204,61.0775,70.2683,102.03,26964.3
11227326,60.5714,78.8778,101.95,20072.6
10214600,59.2803,69.39,101.93,20713.1
7458157,61.1386,68.6167,101.91,22948.6
11830402,59.8456,80.2458,101.73,19723.6
11543766,60.5058,70.4489,101.48,19887.7
6922257,57.9067,68.1683,101.42,23505.4
11527804,60.5361,70.1472,101.36,19897.3
9427557,59.9531,70.0817,101.29,21265.6
4679127,61.12,70.0011,101.21,26598.0
9035442,59.6103,73.3631,101.14,21563.1
11775021,60.0944,67.1844,101.1,19755.9
11314223,60.6397,74.5822,101.02,20018.6
7741293,60.8169,70.4567,100.78,22672.1
11527941,58.09,65.8,100.7,19897.3
9801295,57.9186,65.7147,100.57,20997.2
10471913,60.1122,76.3244,100.39,20543.2
10300088,59.8289,80.2214,100.23,20657.7
9169082,58.2392,66.8383,100.15,21459.4
11609195,61.9725,67.9972,100.01,19849.2
10735911,59.1431,68.9867,99.96,20375.1
9665093,59.9275,64.1783,99.91,21094.1
10939461,58.165,65.7175,99.66,20246.5
9546564,61.1244,69.9845,99.47,21178.5
10621747,59.6614,69.8325,99.44,20446.9
11110147,56.6047,66.0867,99.34,20142.4
8465313,60.0264,65.2939,99.24,22025.0
11013116,59.8858,80.2105,99.08,20199.2
9165322,60.2039,76.1555,99.02,21462.4
11003301,58.0336,66.1722,98.95,20205.5
10692014,56.2122,66.0639,98.92,20400.1
10153238,59.8903,64.0675,98.78,20756.1
9495625,58.4786,65.0672,98.65,21217.6
9764792,57.9328,65.7608,98.63,21024.5
11201970,59.375,73.798,98.62,20088.5
10526852,58.1758,65.4889,98.47,20506.0
9150622,59.4544,70.505,98.15,21474.3
6385891,58.9142,69.2517,97.85,24123.4
9833717,61.425,68.965,97.65,20972.9
10481132,57.5644,64.5342,97.57,20537.0
11802685,60.5442,73.77,97.46,19739.8
4081936,59.7233,69.6017,97.04,27742.3
11753151,57.5931,71.0158,97.03,19768.8
9748509,58.2192,65.0075,96.87,21036.6
11139701,61.1061,69.9633,96.83,20123.4
10998163,58.4517,65.16,96.65,20208.7
10290977,61.6447,76.3772,96.63,20663.8
9454439,60.6953,70.4417,96.56,21244.6
8663453,58.3083,65.4581,96.39,21856.5
10352938,58.2106,65.1675,96.39,20620.6
11457377,59.5694,65.0925,96.3,19935.7
9086037,60.2511,74.1944,96.28,21521.7
7417400,57.1458,66.465,96.18,22987.4
10783167,58.7139,64.335,96.14,20343.8
5627706,61.1028,70.3056,96.04,25104.5
11565328,57.9417,65.7772,95.99,19874.9
9582274,58.47,64.8639,95.97,21151.4
10453791,60.8064,75.7433,95.94,20555.6
11824906,57.6469,70.3489,95.87,19726.9
11571522,57.9358,65.77,95.7,19871.7
11149864,58.3731,64.7133,95.54,20117.0
9287061,58.46,64.9242,95.42,21370.2
11571453,59.8914,64.2825,95.09,19871.7
10821297,59.6533,64.6825,95.08,20318.7
9657022,59.8733,71.0947,95.04,21100.1
11045315,60.6528,74.3256,94.99,20183.4
11022916,58.8803,66.6381,94.99,20192.9
11174832,60.9786,66.8,94.9,20101.2
10073945,60.0217,73.4622,94.89,20808.2
11164927,57.8767,65.9564,94.81,20107.5
10196852,60.7836,70.3539,94.63,20725.4
10069873,56.9992,66.2597,94.58,20811.3
11630734,58.8417,66.6414,94.56,19836.4
11022967,57.3939,64.8064,94.4,20192.9
10900364,60.7214,70.14,94.33,20271.6
11319349,60.7822,79.0905,94.27,20015.4
10490221,57.5931,69.2467,94.11,20530.8
11222158,60.7664,70.2828,94.0,20075.8
11457256,60.7567,70.1756,93.95,19935.7
8800703,57.8211,65.7708,93.85,21748.4
9574361,56.9136,65.5972,93.75,21157.4
10056228,57.6333,68.1564,93.57,20820.5
11625258,60.7556,70.275,93.4,19839.6
11830301,60.7592,70.2783,93.35,19723.6
9673306,57.9325,66.0733,93.35,21088.1
9952070,58.3294,64.9189,93.07,20890.8
10885957,57.3128,65.0697,92.95,20281.1
5782724,61.1056,70.2928,92.84,24892.9
10726488,58.3533,66.4775,92.72,20381.3
10517669,59.0781,79.1964,92.68,20512.2
10864684,60.7692,70.4361,92.64,20290.5
6605771,60.9739,70.0256,92.64,23863.2
9990181,59.6589,80.6922,92.63,20863.3
11202041,56.5056,66.3158,92.59,20088.5
6638754,61.6578,67.6472,92.5,23823.1
7482100,60.9464,70.0539,92.39,22923.6
6992206,59.0122,68.6083,92.15,23429.4
9829631,60.8239,70.5783,92.14,20976.0
11747365,60.7736,70.22,92.12,19772.0
10726324,61.8683,64.3856,91.82,20381.3
11473169,57.6372,69.0008,91.75,19926.1
11652237,57.6094,68.1222,91.73,19823.5
7280695,59.4506,66.56,91.67,23128.4
11587343,62.8825,65.6989,91.67,19862.1
10710757,58.7503,69.4922,91.67,20387.6
9858794,57.7525,69.1972,91.53,20954.7
11227320,60.8592,77.9739,91.41,20072.6
10840692,57.2086,65.5022,91.21,20306.2
7556585,60.1233,71.505,91.11,22851.2
11022934,58.4225,65.0506,91.02,20192.9
11663167,60.7806,70.4717,90.98,19817.1
11368213,60.7186,69.8661,90.96,19990.0
8993769,58.0322,67.0067,90.87,21592.6
11095161,58.5464,64.5864,90.79,20151.8
9586327,60.2811,74.125,90.72,21148.4
11483827,57.8108,69.1383,90.21,19919.7
8481674,60.3244,64.1617,90.18,22010.5
7059033,61.1103,69.9972,90.07,23358.6
11504677,58.5433,64.6483,89.99,19906.9
9910591,57.4861,67.0256,89.78,20921.2
11543948,57.1697,65.6314,89.73,19887.7
11813616,60.7728,70.4506,89.48,19733.3
10034690,60.6736,74.1644,89.41,20835.8
8157282,58.6678,68.1664,89.36,22292.4
7859935,59.3028,66.5847,89.34,22559.4
11278375,57.5094,66.8939,89.33,20040.9
9713762,59.5519,70.4583,89.3,21057.8
11404555,61.4672,71.2372,89.3,19967.6
11149868,58.0464,65.9106,89.19,20117.0
7869864,57.6178,66.7417,89.15,22553.8
8441039,57.745,66.6364,88.97,22042.3
8679000,58.1472,67.9956,88.82,21847.8
5522438,59.5844,69.1642,88.8,25253.7
10170794,57.8639,66.8342,88.44,20743.8
11232621,57.055,66.8747,88.36,20069.5
11298812,57.9025,67.6358,88.3,20028.2
10745336,59.5006,70.72,88.27,20368.8
11559957,57.9089,67.8905,88.15,19878.1
10300082,59.9619,64.7264,88.12,20657.7
11164791,60.93,70.0378,88.03,20107.5
10086596,60.3775,63.9489,87.97,20799.1
8411707,57.6736,66.7947,87.94,22068.3
11070079,60.9331,79.7017,87.82,20167.6
10580235,57.9528,66.9442,87.74,20474.9
11473116,59.41,69.32,87.58,19926.1
9035465,57.7356,66.6525,87.5,21563.1
9321299,60.7369,75.67,87.48,21343.3
11298650,61.5406,71.1661,87.42,20028.2
9825463,62.4233,64.1939,87.38,20979.0
7615409,61.0903,69.9783,86.96,22795.4
11657809,57.0669,66.7967,86.95,19820.3
11499422,58.7422,69.5364,86.92,19910.1
11227317,60.9261,70.0778,86.79,20072.6
8534698,61.0661,69.9878,86.41,21964.1
11383952,57.9561,66.3639,86.15,19980.4
9960407,60.7756,75.5022,85.8,20884.7
5786261,62.5325,64.0528,85.58,24887.8
10103696,60.8556,75.3961,85.56,20786.8
10271581,62.4256,66.2783,85.36,20673.1
11646889,58.1594,66.8042,85.16,19826.7
11663289,58.0503,67.1422,84.89,19817.1
11652230,57.8517,66.6647,84.89,19823.5
9287055,58.7328,67.6858,84.87,21370.2
9035369,61.0622,70.05,84.65,21563.1
9495619,58.865,68.495,84.43,21217.6
11273274,58.2011,67.2633,84.39,20044.1
11657784,57.8058,66.3133,84.39,19820.3
11303876,60.9903,76.4972,84.19,20025.0
11646833,59.5164,70.69,84.14,19826.7
11314202,61.0756,70.0361,83.76,20018.6
11100110,58.1833,67.298,83.7,20148.7
10998138,59.0208,68.6283,83.4,20208.7
9653076,58.9247,81.4458,83.16,21103.2
11592880,60.5308,63.9544,83.1,19858.9
11719935,60.8286,75.4439,83.0,19788.1
6766686,61.4061,71.6044,82.99,23678.3
9640911,58.8981,67.8817,82.98,21112.2
11509996,58.1658,67.3308,82.98,19903.7
9423603,59.3772,66.5908,82.87,21268.6
10706060,57.6261,67.2792,82.79,20390.7
11791779,58.7183,81.5864,82.78,19746.2
11603800,60.9514,77.3433,82.41,19852.4
11035424,60.8294,75.4817,82.38,20189.7
9616259,59.3261,68.56,82.33,21130.3
7904579,59.6056,66.2106,82.25,22519.8
11110066,59.5331,70.7906,82.19,20142.4
10895662,57.7211,66.6606,82.06,20274.8
10095202,60.1347,78.1561,81.75,20792.9
9523071,60.9686,79.0622,81.54,21196.5
10476614,59.4131,67.1197,81.52,20540.1
9594250,60.4533,71.4922,81.26,21142.4
11587542,59.4092,66.8667,80.84,19862.1
11565171,61.0394,69.9917,80.57,19874.9
11120042,57.7386,66.7433,80.28,20136.0
11797137,60.9247,70.0978,80.27,19743.0
10915034,59.4656,66.9333,80.17,20262.2
11298693,60.3336,63.9289,80.15,20028.2
11488988,57.7097,66.7772,79.8,19916.5
6335129,61.325,69.1,79.77,24184.1
11268246,57.7925,66.5689,79.67,20047.2
8971930,60.9467,67.9967,79.52,21610.3
10850395,59.4808,66.5089,79.4,20299.9
11462477,60.9844,78.2805,79.24,19932.5
11582016,60.36,67.7872,79.22,19865.3
11841402,59.5061,67.1083,78.93,19717.2
11436297,59.0583,81.3175,78.89,19948.5
7872724,60.7983,68.6733,78.6,22550.9
9981738,59.6836,65.8681,78.59,20869.4
11130063,58.7044,68.453,78.44,20129.7
10388983,57.8003,66.655,78.23,20595.9
9620176,60.8681,68.3211,77.92,21127.3
10880885,62.74,65.6039,77.66,20284.2
10449344,60.3892,77.6072,77.64,20558.7
10968803,59.3861,71.0472,77.19,20227.6
10205690,60.7819,76.1689,77.15,20719.3
11329787,57.9739,68.7505,77.0,20009.1
4761574,61.2322,69.0789,76.92,26453.9
11309126,59.3531,68.48,76.8,20021.8
9530987,59.5389,70.5764,76.59,21190.5
11441588,59.3744,68.6533,76.57,19945.3
11646847,59.0917,69.0042,76.56,19826.7
11509834,61.04,77.8739,76.49,19903.7
10635923,57.7814,65.9325,76.49,20437.5
7143868,61.3136,69.1839,76.3,23268.4
9172826,59.4983,66.6689,75.98,21456.4
11420456,59.0872,68.6764,75.69,19958.1
11813608,60.9308,67.6011,75.58,19733.3
11802657,61.3872,75.1189,75.49,19739.8
10393318,60.8111,75.6589,75.1,20592.8
8947022,60.9389,75.7533,75.06,21630.9
9960388,61.4239,67.4222,75.03,20884.7
11278216,60.8222,67.64,75.01,20040.9
9128456,61.3094,69.1494,74.91,21492.0
10304501,60.8078,68.5728,74.78,20654.6
6469115,61.6014,67.4167,74.74,24022.9
11055318,60.8117,68.53,74.33,20177.1
11808150,60.8089,68.2006,74.14,19736.6
11319337,61.0681,77.2128,73.75,20015.4
11720042,59.3619,80.2642,73.67,19788.1
11040365,61.0083,67.7289,72.75,20186.6
8498643,59.5742,70.6042,72.47,21996.0
11625243,60.9706,68.0778,72.44,19839.6
9656960,60.795,68.7822,72.41,21100.1
7730028,58.9956,68.7131,72.38,22683.3
9198867,58.9894,68.5475,72.36,21435.6
9649009,59.5511,67.2992,72.21,21106.2
9176553,58.8742,68.7956,72.03,21453.5
10745226,61.1319,67.8433,71.97,20368.8
11714473,59.5028,66.8597,71.51,19791.4
11636015,61.6042,66.7039,71.49,19833.2
10245326,59.5139,66.7533,71.38,20691.6
6154666,61.2592,69.0983,70.98,24407.0
7691129,61.0028,68.0322,70.74,22722.6
10958823,60.6283,76.86,70.66,20233.9
11488938,59.5464,67.5672,70.43,19916.5
9115104,59.5786,68.1247,70.41,21498.0
9889447,61.0919,67.7511,70.41,20936.4
11144727,59.5586,68.4808,70.13,20120.2
9344231,59.5881,67.9772,70.08,21325.4
9317634,59.6089,68.0392,69.98,21346.3
9411987,61.1694,73.1111,69.83,21277.5
10490173,59.5522,66.6981,69.8,20530.8
9785062,58.9903,68.6042,69.59,21009.4
11603799,60.9978,67.8617,69.45,19852.4
9590367,59.7078,67.255,69.19,21145.4
11646830,59.6161,66.3306,68.87,19826.7
11813715,59.7561,69.4367,68.79,19733.3
8932872,61.0194,68.08,68.69,21642.7
11425670,59.5236,67.3617,68.05,19954.9
8702537,60.9861,68.0339,67.03,21827.4
11636026,61.3275,67.1933,66.89,19833.2
10993261,59.5819,68.1772,66.66,20211.8
10406933,61.3506,67.4494,66.57,20583.5
9546554,61.6133,66.9839,66.55,21178.5
11780617,58.98,68.5842,66.42,19752.7
7523463,61.2986,69.9644,65.68,22884.7
11522472,61.0944,75.17,65.64,19900.5
11415218,59.595,67.7239,65.53,19961.2
11813723,59.6367,68.3231,65.49,19733.3
9776804,61.2044,72.4528,65.36,21015.4
11668726,59.3611,68.6992,65.36,19813.9
10726460,59.3464,68.7367,65.01,20381.3
11780598,59.7131,68.4806,64.92,19752.7
10370767,61.1258,72.4311,64.61,20608.3
10726478,58.6378,68.5489,64.6,20381.3
11329639,61.5564,66.6133,64.6,20009.1
10467371,61.4514,67.5139,64.38,20546.3
11441474,60.9539,68.3061,64.34,19945.3
10064639,61.0122,67.9055,64.29,20814.4
11109972,60.9403,68.5283,64.07,20142.4
9789002,63.2664,64.7017,63.8,21006.3
11565277,59.3486,68.75,63.73,19874.9
11227441,58.5592,68.5533,63.62,20072.6
11144600,61.5197,67.3161,63.44,20120.2
11554477,62.4158,64.1033,63.23,19881.3
10214494,61.0119,67.8761,63.13,20713.1
10978462,61.2828,72.5783,62.49,20221.3
9198784,61.3161,67.5922,62.3,21435.6
11565168,61.2736,72.6261,62.21,19874.9
11420299,61.6956,67.1522,62.03,19958.1
9107780,61.2919,67.4161,61.93,21503.9
11797112,61.2664,72.3478,61.63,19743.0
11819095,61.8914,67.4561,61.16,19730.1
9257021,61.2939,67.5633,61.15,21394.0
11164764,61.6656,67.1511,61.12,20107.5
9640809,61.3008,69.8783,60.76,21112.2
11499268,61.2753,67.2828,60.23,19910.1
11472977,61.5714,68.7794,59.26,19926.1
10069700,61.2961,69.2717,58.57,20811.3
11309004,61.2214,73.8083,58.46,20021.8
9730026,61.1022,69.5739,58.23,21045.7
10564382,61.1342,70.7933,57.0,20481.1
10778245,61.3233,69.7894,56.79,20346.9
11263225,59.9258,69.92,56.6,20050.4
11378570,61.2433,69.2911,56.23,19983.6
8188065,63.2661,64.4711,55.1,22263.8
11154779,61.0739,67.8772,54.48,20113.9
8447494,62.1453,66.995,54.26,22036.5
10830861,61.1731,69.9344,53.95,20312.4
11527791,61.1389,70.0783,53.07,19897.3
11252794,60.2267,69.8939,51.57,20056.8
10740432,61.7414,67.3161,48.57,20372.0
