82,-21.0989,55.48,3045.5,196994.0
1925982,-21.0869,55.4672,2985.88,34634.7
6888657,-21.0911,55.4739,2944.16,23546.1
6088632,-21.0897,55.4597,2925.65,24493.0
9355,-21.1164,55.4217,2875.97,107805.9
6295,-21.2431,55.7083,2620.6,114193.7
322008,-21.2133,55.6542,2446.3,54873.8
590353,-21.2389,55.6664,2437.99,47361.9
2665460,-21.2219,55.673,2405.14,31532.2
2635956,-21.2519,55.6544,2403.7,31635.1
6562993,-21.2325,55.68,2392.63,23913.9
4580797,-21.2269,55.6711,2389.64,26777.0
5773330,-21.2497,55.6767,2366.0,24908.3
8481024,-21.2211,55.6431,2357.95,22013.4
5459509,-21.2192,55.7025,2346.08,25346.9
11049339,-21.2558,55.6767,2332.36,20183.4
833646,-21.1403,55.5072,2332.08,43398.6
17609,-21.0144,55.4606,2263.58,97757.8
3584402,-21.1869,55.6536,2238.01,28865.5
173718,-21.0656,55.4422,2222.14,63136.1
9085344,-21.0622,55.4406,2202.53,21524.6
5456174,-21.1936,55.6367,2194.62,25351.9
2458718,-21.1603,55.5008,2179.06,32286.9
5720679,-21.1875,55.6417,2178.75,24979.8
9209108,-21.0653,55.4386,2137.55,21429.7
2184129,-21.2056,55.62,2123.95,33410.0
35921,-21.0319,55.4536,2123.01,86541.4
3257234,-21.1869,55.6886,2093.28,29709.6
50299,-21.0731,55.5594,2091.42,81336.8
4503365,-21.1086,55.4389,2059.09,26919.4
4667175,-21.0019,55.4633,2020.56,26621.9
3154853,-21.1375,55.5356,1986.39,29997.7
11493089,-21.2106,55.6642,1953.19,19916.5
486135,-21.1622,55.5503,1920.56,49693.6
2507067,-21.1892,55.6019,1920.19,32102.9
9880447,-21.1847,55.6014,1908.62,20945.6
4127549,-21.1589,55.5519,1886.2,27652.6
7343310,-21.0578,55.4539,1843.44,23067.7
768541,-21.1733,55.5914,1827.15,44308.1
7104025,-21.1886,55.4806,1814.4,23314.9
3578366,-21.1492,55.55,1807.47,28881.0
10714311,-21.0836,55.4344,1795.24,20387.6
83823,-21.0031,55.4903,1794.5,73598.6
2105068,-21.2039,55.5878,1754.45,33766.6
11292521,-21.2589,55.6003,1753.01,20034.5
6263572,-21.2283,55.5886,1746.31,24273.5
5114111,-21.1583,55.6531,1721.68,25871.8
1942566,-21.1903,55.5733,1715.14,34548.1
2208951,-21.1594,55.5758,1694.04,33301.1
276480,-21.1256,55.5928,1679.85,56871.6
11762824,-21.3006,55.7369,1672.23,19765.6
4126439,-21.1769,55.7236,1668.45,27654.9
3328344,-21.1961,55.5744,1667.82,29518.1
5009479,-21.2133,55.5786,1652.26,26041.2
382940,-21.15,55.4914,1628.75,52656.6
790919,-21.1289,55.5783,1609.82,43986.2
10200407,-21.0842,55.5647,1604.29,20725.4
1482543,-21.0158,55.435,1602.92,37247.6
6420995,-21.1992,55.5661,1600.76,24081.1
10137528,-21.3075,55.7419,1596.8,20765.3
10796577,-21.1022,55.5458,1592.56,20337.5
310427,-20.9986,55.4725,1586.1,55348.9
2888297,-21.0797,55.5964,1584.47,30792.1
2065564,-21.1936,55.4647,1577.68,33951.0
7131021,-21.1633,55.5283,1559.79,23284.9
10620778,-21.3069,55.7453,1553.57,20450.0
5279210,-21.0564,55.4175,1534.78,25616.9
8109412,-21.1917,55.4683,1530.6,22335.2
9070665,-21.1722,55.6119,1519.66,21536.5
4282745,-21.0903,55.4186,1513.37,27339.8
1740666,-20.9731,55.4031,1507.91,35630.2
2950511,-21.0481,55.4444,1506.74,30599.1
9059865,-21.23,55.5633,1500.17,21545.3
1707150,-21.1906,55.4367,1477.13,35822.8
3224306,-21.1278,55.5617,1473.72,29801.6
3261716,-21.0039,55.5386,1462.8,29696.7
1501791,-21.1578,55.4842,1448.64,37119.1
10235496,-21.2267,55.6228,1446.4,20700.8
6683807,-21.1556,55.5978,1420.3,23774.9
10073124,-21.1731,55.7228,1412.48,20811.3
63123,-21.0186,55.4136,1407.79,77886.0
6104335,-21.0519,55.4217,1389.99,24472.2
2277552,-21.2167,55.5389,1372.26,33010.9
4319650,-21.2053,55.438,1338.28,27267.4
84161,-21.0439,55.4992,1331.12,73539.7
605815,-21.02,55.5886,1328.22,47055.6
14572,-15.2472,49.9769,1326.9,100746.6
2424307,-21.0361,55.548,1320.75,32420.9
393818,-15.245,49.9897,1312.1,52308.2
11472041,-21.1736,55.5314,1308.76,19929.3
7138514,-21.1319,55.4481,1305.7,23276.6
1708622,-21.0575,55.4831,1299.95,35814.0
11034457,-21.0556,55.3939,1288.72,20192.9
8097009,-20.9906,55.3895,1276.06,22346.6
1042228,-21.0497,55.3939,1275.68,40948.2
11466791,-21.0128,55.4092,1272.03,19932.5
3518853,-21.1517,55.6086,1271.85,29028.4
9733316,-21.2725,55.66,1264.11,21045.7
2111043,-21.0658,55.4117,1253.15,33738.2
79317,-15.2706,49.8956,1249.98,74420.7
7131133,-15.2403,49.9928,1249.26,23284.9
1905612,-15.2614,49.8867,1249.23,34739.4
2876372,-15.2494,49.8861,1236.09,30831.4
10977596,-21.2711,55.6211,1232.53,20224.4
10772973,-15.2614,49.8931,1227.03,20353.2
27256,-15.4397,49.9589,1219.15,90837.9
3178131,-15.2347,49.8856,1213.61,29931.8
429507,-15.2197,50.0075,1204.13,51220.2
4182178,-15.4292,49.9592,1202.02,27539.4
2436987,-15.2531,49.895,1195.03,32371.7
9142580,-15.2414,49.9697,1194.9,21483.2
8057727,-15.2597,50.0044,1194.25,22383.6
38798,-15.4836,50.0178,1185.0,85319.5
369873,-15.2653,49.9517,1184.46,53092.8
4744998,-15.4269,49.9628,1182.27,26485.2
3318343,-21.1647,55.4672,1179.23,29546.1
9959657,-21.1464,55.4725,1178.99,20887.7
1708928,-15.4803,50.0347,1172.28,35812.2
1045762,-15.4647,50.0419,1170.98,40912.4
6752662,-15.2397,50.0028,1170.95,23697.1
1696250,-15.2386,49.9108,1164.04,35886.8
9845618,-15.4767,50.0322,1162.24,20966.9
429142,-15.5039,50.0231,1157.44,51231.4
7153632,-15.28,49.9006,1151.89,23260.2
9506821,-15.2367,49.9058,1145.85,21211.6
6216770,-15.2269,49.8864,1141.77,24331.2
182053,-15.5525,50.015,1140.58,62490.0
1831435,-15.4111,49.975,1139.44,35127.8
588357,-15.4575,49.9608,1138.26,47403.6
473580,-15.4753,49.9472,1136.62,50018.2
5639583,-15.4161,49.9672,1136.02,25089.2
5841673,-15.46,49.9639,1134.83,24816.0
313372,-15.5267,50.0178,1134.54,55229.1
3710938,-15.2692,49.9139,1130.14,28561.5
604406,-15.2167,50.0314,1124.45,47084.0
9938739,-20.9475,55.4644,1120.67,20902.9
1167822,-15.4533,50.0467,1116.14,39722.5
8960594,-21.2075,55.4722,1114.96,21622.1
10102896,-21.1433,55.4594,1113.87,20789.9
5370512,-15.4031,49.9708,1112.74,25477.3
2536179,-15.2764,49.9822,1108.43,31995.6
1887401,-15.4044,49.9867,1108.38,34832.8
2442336,-15.5764,50.0117,1104.33,32350.0
1322828,-15.2497,49.9603,1102.55,38421.3
92284,-15.4661,50.1014,1099.07,72154.3
5778863,-15.3942,49.9794,1098.87,24900.6
380858,-15.3689,49.9944,1098.66,52725.6
6558743,-15.5458,50.0192,1096.21,23919.2
251818,-15.3203,50.0142,1096.12,58104.0
8230900,-21.2094,55.4661,1094.9,22226.5
9012980,-21.0539,55.4761,1092.85,21583.7
1970870,-15.2897,49.8842,1087.69,34407.6
10152580,-15.2206,50.0239,1081.24,20759.2
4814634,-21.0375,55.5067,1078.3,26367.0
5086227,-15.5672,50.0181,1076.67,25918.6
10128854,-21.06,55.6197,1076.39,20771.5
4290677,-15.4228,49.9878,1076.12,27323.4
5867287,-15.3769,49.9978,1075.59,24780.1
449724,-15.4172,50.0886,1073.39,50656.1
11196173,-15.2625,49.8772,1071.73,20094.9
6112338,-15.5089,50.0347,1069.32,24461.8
4589857,-15.3656,49.9856,1068.85,26760.4
6948795,-15.4675,49.9692,1067.67,23481.0
5231101,-15.4469,49.9831,1066.6,25691.5
4073427,-15.2797,49.8839,1063.95,27762.9
6247595,-15.3686,49.9836,1063.64,24294.5
6729856,-21.1003,55.5986,1059.23,23724.0
1481129,-15.4511,50.0889,1059.16,37257.8
6276055,-15.2794,49.9103,1058.72,24257.8
3732411,-15.4283,50.0936,1057.51,28512.4
493326,-15.3578,50.0139,1055.86,49511.2
3531693,-15.2564,50.015,1054.9,28995.5
3812822,-15.2183,50.0411,1052.36,28328.6
4100247,-15.2414,50.0239,1047.61,27707.8
7280276,-15.3703,50.0067,1041.31,23131.1
4737040,-15.4611,49.9536,1040.97,26499.6
218244,-15.5978,50.0125,1040.75,60017.7
94706,-15.3047,50.0819,1040.6,71773.6
5257002,-15.2611,49.9481,1037.05,25649.3
2198429,-15.4036,50.0733,1035.81,33347.0
1037826,-15.3503,49.9886,1035.71,40993.3
11575669,-21.1692,55.4603,1035.67,19871.7
1706542,-15.2317,50.0397,1033.39,35826.4
2244135,-15.3306,50.0253,1031.56,33151.5
10709970,-15.4214,50.0964,1029.0,20390.7
6659329,-15.4714,50.0942,1026.81,23804.4
5050726,-15.3156,50.0822,1026.61,25975.1
3511126,-15.4044,50.0042,1024.66,29045.9
11241820,-15.3,50.0806,1022.89,20066.3
3309571,-15.4417,50.0428,1022.76,29567.7
11226377,-21.0994,55.6261,1022.31,20075.8
4392733,-15.4056,50.085,1020.83,27126.9
1298390,-15.3781,50.0275,1018.73,38613.2
869466,-15.3106,49.8858,1018.49,42930.7
368018,-15.345,50.0861,1013.96,53158.8
2520490,-15.3539,50.0864,1012.47,32053.3
616010,-15.2931,50.0272,1009.47,46858.8
6015001,-15.2922,49.8783,1009.31,24589.1
855449,-15.2058,49.9692,1008.9,43109.9
2297241,-15.425,50.045,1008.36,32927.8
11372654,-15.3503,50.0925,1007.34,19990.0
11287779,-15.3519,49.9933,1006.45,20037.7
6848171,-15.4575,50.09,1006.15,23589.3
971230,-15.2864,50.0803,1005.47,41712.8
10791845,-21.0014,55.4125,1005.03,20340.7
7295759,-15.3875,49.9892,1004.95,23114.6
6977530,-15.2931,50.0303,1004.64,23448.5
9764116,-15.4183,50.0003,1003.7,21027.5
5819811,-15.4361,50.0922,1003.3,24846.8
2140343,-15.3575,50.0317,1000.0,33605.8
10218270,-15.29,50.0336,999.72,20713.1
3265817,-15.3328,50.0061,998.09,29688.1
6831713,-21.0403,55.4158,996.86,23608.2
1126391,-15.6,50.0292,995.6,40107.2
2572461,-15.2822,50.0867,994.03,31861.9
5510382,-15.4097,50.0933,992.87,25273.9
1019174,-15.5458,50.0389,992.42,41187.2
9260313,-15.3561,50.0278,991.37,21394.0
172672,-15.5206,50.1036,988.85,63216.8
9012975,-21.1808,55.4736,988.82,21583.7
1463430,-15.3089,50.0292,988.17,37384.1
11713572,-15.5978,50.0044,987.89,19794.6
8803482,-15.3567,50.0369,987.83,21748.4
10081975,-15.3519,49.9997,986.4,20805.2
298253,-21.0886,55.6436,986.23,55869.1
3301402,-15.3017,50.0897,985.38,29591.4
1184873,-15.215,49.8681,981.53,39569.8
10120215,-20.9514,55.4739,980.75,20777.6
7956924,-15.3353,50.0194,978.85,22471.7
3844050,-15.4597,50.1108,977.51,28258.8
7369704,-15.3089,49.8817,976.96,23040.0
1018604,-15.4456,50.0647,976.19,41193.3
8078935,-15.4217,50.0536,975.83,22363.7
369754,-15.5031,49.9472,974.55,53097.6
94618,-15.5528,50.0744,972.95,71786.1
310548,-15.245,50.0883,972.02,55344.3
3762267,-15.2061,50.0036,970.72,28443.1
2053040,-15.5367,50.1028,969.58,34011.0
3931604,-15.2717,49.9225,965.74,28066.5
6100200,-15.5764,50.0294,965.54,24477.4
8181567,-21.2189,55.4622,963.0,22272.3
10116153,-15.3094,50.0331,962.34,20780.7
8339388,-15.2111,49.8694,961.18,22131.7
9857891,-21.3242,55.5928,961.11,20957.7
9070856,-15.5344,50.1022,960.68,21536.5
11054383,-20.9803,55.3745,959.78,20180.3
8671767,-15.4983,49.9417,959.66,21856.5
1368438,-15.3333,49.9944,959.64,38069.8
3329881,-15.2778,49.9408,959.34,29513.8
2910006,-15.3167,50.0375,958.6,30723.8
4366811,-15.2036,49.9978,958.35,27176.2
10526106,-15.5033,49.9439,957.62,20509.1
8323543,-15.5983,50.0231,955.12,22146.1
7452595,-15.2981,50.0344,955.01,22956.9
7628793,-15.3806,49.9819,954.9,22784.2
4075483,-15.3406,50.0133,952.97,27758.4
3806084,-15.3633,50.0472,950.25,28344.3
6592196,-21.1106,55.6481,949.64,23881.9
6936066,-15.3775,50.0103,948.87,23491.9
6663756,-15.2831,49.9378,946.92,23799.1
3215412,-15.2078,49.9581,945.76,29825.1
11608484,-15.5564,50.0811,944.36,19852.4
5809528,-15.5658,50.0817,942.95,24857.1
6136728,-15.2156,49.9775,938.88,24433.1
5392006,-15.335,49.9894,936.83,25447.3
8884154,-15.5256,50.1017,936.43,21680.9
4395020,-15.4867,50.0825,936.34,27122.2
1507067,-21.0364,55.5164,934.8,37081.3
9419174,-15.245,50.0986,930.92,21274.5
11645994,-15.24,50.0942,929.9,19830.0
4446515,-15.5594,50.0411,927.41,27023.3
605359,-15.23,50.1208,926.48,47065.1
7601153,-15.2783,49.9328,924.78,22812.2
3942537,-15.215,50.1189,923.92,28041.5
10714554,-15.6022,50.0383,921.07,20387.6
835220,-15.3769,50.1042,919.27,43376.6
7495058,-15.235,50.1203,918.98,22912.5
395190,-15.5078,50.0878,916.3,52264.4
9313218,-15.3014,50.0281,915.68,21352.3
3497675,-15.2008,49.9831,911.0,29081.0
7161173,-15.5083,49.9519,908.18,23252.0
11461802,-15.4906,50.0808,906.29,19935.7
11034719,-15.2322,49.8664,904.16,20192.9
11012333,-15.5267,50.0969,903.57,20202.4
6590045,-15.4594,50.0603,903.35,23884.6
4667248,-15.2328,50.1008,892.08,26621.9
10700606,-15.5122,49.9547,889.5,20397.0
4421403,-15.2028,49.9553,889.33,27072.8
3595820,-15.5181,49.9567,886.99,28836.8
1183180,-15.3728,50.0711,886.05,39585.9
3541021,-15.3461,50.1042,885.38,28971.3
4378658,-21.3164,55.6317,884.48,27155.0
9469122,-20.9308,55.4228,884.1,21235.6
2237419,-15.3331,50.0969,881.5,33178.4
1437848,-15.4,50.0536,881.48,37561.0
390628,-15.4317,50.13,880.08,52405.6
10116154,-15.3008,49.8894,879.34,20780.7
7924593,-15.2994,50.0389,877.73,22502.9
11592098,-15.365,50.0261,874.15,19862.1
9696966,-15.3022,50.0417,874.01,21072.9
5031319,-15.3822,50.0958,872.45,26004.5
9024026,-15.5942,50.0414,871.91,21574.9
6715449,-15.565,50.0469,871.8,23737.4
3698172,-15.5289,49.9514,871.62,28592.8
4983385,-15.4281,50.1317,870.71,26082.8
1398434,-15.4947,50.0506,868.35,37846.5
11049594,-15.325,50.0411,867.56,20183.4
1825290,-15.4878,50.1125,864.65,35160.4
2488781,-15.37,50.1025,863.78,32172.3
441737,-15.3272,50.1192,862.41,50873.2
11118963,-21.0247,55.5203,861.98,20139.2
927410,-21.0308,55.4055,861.53,42216.9
1930161,-15.2681,50.0767,861.33,34612.6
6886306,-20.9361,55.3817,861.31,23548.8
5953432,-15.2717,50.0753,861.16,24669.2
4943150,-15.2094,50.1003,860.63,26148.6
9934882,-15.2042,50.1033,860.03,20906.0
10466762,-15.4772,50.1147,859.8,20549.4
9888898,-15.5217,49.9558,857.86,20939.5
11328981,-15.4178,50.0167,853.39,20012.3
204711,-15.6219,49.9981,851.5,60890.3
8817068,-21.1828,55.7903,849.87,21736.7
552856,-21.0147,55.565,847.46,48142.4
5464528,-15.2294,50.1061,846.48,25339.4
11840560,-15.2586,50.0847,845.35,19720.4
1114493,-15.5067,50.0975,843.15,40223.0
2176775,-15.5247,50.1136,842.86,33444.3
1834370,-15.2006,49.9153,841.98,35111.5
4192578,-15.5428,50.0481,841.9,27520.9
174760,-15.3478,49.9097,839.89,63060.4
8544161,-15.4867,50.1069,839.81,21958.3
3947466,-15.33,50.0511,839.18,28030.2
7075869,-15.5194,50.1103,832.07,23342.2
2127880,-15.6325,50.005,831.84,33662.6
8712179,-15.2608,49.9278,829.95,21821.5
5355745,-15.2086,50.1106,829.6,25499.8
4282798,-15.2481,50.1231,828.82,27339.8
6975092,-15.3369,50.045,826.1,23451.2
2983928,-15.4075,50.1119,824.91,30499.0
3305886,-15.5144,50.0567,823.55,29578.5
2640884,-15.2575,50.1181,823.37,31617.0
1184715,-15.2692,50.1172,822.95,39571.5
6938354,-21.3247,55.6105,822.72,23489.2
5032757,-15.3758,50.0433,822.59,26002.0
5171602,-15.4022,50.1067,821.59,25780.6
4288496,-15.3575,49.9194,820.11,27328.1
13366,-20.4044,57.4094,818.54,102127.7
4986182,-15.2747,50.0464,815.78,26077.9
5323207,-15.5167,49.9408,814.95,25547.2
2098633,-15.2331,49.9497,814.37,33794.8
5731401,-15.2081,50.1264,811.14,24964.5
6512436,-15.5533,50.0653,811.05,23975.1
10914269,-15.2631,50.1,810.32,20265.3
11645984,-15.5181,49.945,809.48,19830.0
6168117,-15.2647,50.0897,808.51,24391.3
10606974,-15.2639,50.075,807.36,20459.3
11139015,-15.4122,50.1061,806.83,20126.5
10938660,-15.6358,50.0122,806.33,20249.6
9020452,-15.3133,50.0969,805.4,21577.8
2846838,-15.4622,50.0767,804.27,30924.2
10120449,-15.4267,50.1147,803.7,20777.6
2123840,-15.4575,50.125,802.46,33679.7
355827,-15.6583,49.9878,801.08,53581.4
11021888,-21.3253,55.5725,798.9,20196.1
2207775,-15.3367,50.1194,798.04,33306.8
4758662,-15.3369,50.0578,796.77,26461.1
6267762,-15.3361,50.1047,796.19,24268.3
7141075,-15.4119,50.1306,796.02,23273.9
5620524,-21.0367,55.4111,795.94,25117.1
8199995,-15.2503,50.1144,795.67,22255.2
6114278,-15.6311,50.0167,794.58,24459.2
709271,-15.58,50.08,791.44,45220.4
5130990,-15.4614,50.1314,788.49,25847.2
7061188,-15.5294,49.9364,788.21,23358.6
9837421,-15.4131,50.0219,785.59,20972.9
8266607,-15.2039,50.1211,784.05,22197.8
10953289,-15.2686,50.0986,783.81,20240.2
11388063,-21.0517,55.5186,780.71,19980.4
2457673,-21.2044,55.45,778.66,32290.9
2176776,-15.2086,49.8425,778.39,33444.3
2720316,-15.3856,50.1144,777.85,31343.8
11672912,-21.02,55.5272,777.36,19813.9
10008422,-15.5864,50.0772,776.94,20857.2
5087662,-15.2889,50.1072,775.41,25916.1
7013927,-15.2989,50.0469,773.89,23407.7
932598,-20.4397,57.4675,773.4,42155.0
5195103,-15.3033,50.1069,771.28,25746.0
397449,-15.41,50.1542,770.42,52192.4
870865,-15.3517,50.1211,769.79,42911.4
8458431,-15.6567,49.9958,769.39,22033.6
125862,-20.1983,57.5289,767.58,67677.3
5834381,-15.5164,50.1139,766.83,24826.3
3752987,-15.4247,50.1383,764.18,28465.5
9426955,-15.2533,50.1283,762.16,21268.6
1315855,-15.4825,49.9719,761.41,38476.0
9096300,-21.2067,55.3314,761.23,21515.7
2912229,-15.3367,50.1283,760.25,30719.6
9981123,-15.2969,50.1064,758.65,20872.4
1540703,-15.3742,50.1303,757.82,36859.0
10406361,-15.2875,50.1039,757.48,20586.6
253209,-15.5117,50.1317,757.44,58030.4
11247007,-15.2931,49.9425,752.4,20063.1
4937566,-15.3531,50.1131,750.46,26158.4
8310898,-15.3761,50.1261,750.01,22157.6
922733,-15.5358,50.14,748.92,42269.7
9845611,-15.6411,50.0039,746.71,20966.9
1239700,-15.5517,49.9431,746.69,39096.9
2976493,-20.4203,57.4461,744.74,30521.9
2829420,-15.5225,50.1319,740.35,30979.8
2481917,-15.2931,50.1144,740.31,32200.0
9392016,-21.0189,55.5358,738.6,21295.5
4574610,-15.4836,50.1342,738.42,26788.9
9395795,-20.9119,55.4217,737.84,21292.5
8671769,-15.4469,50.1319,736.06,21856.5
1330002,-15.5386,50.1158,735.6,38366.5
317977,-20.1925,57.5547,734.32,55038.4
1330792,-15.5325,50.0744,731.47,38359.9
471665,-15.4406,50.1683,730.72,50069.1
3650799,-21.0369,55.53,730.16,28703.9
8504547,-15.5358,49.9325,729.73,21993.1
710993,-15.6792,49.9986,728.42,45193.6
4469608,-21.1994,55.4525,727.69,26980.9
6543340,-15.5114,50.1383,726.31,23937.9
9772227,-15.5406,49.9422,724.61,21021.5
3183955,-15.2403,50.1406,719.92,29914.7
1973156,-15.2258,50.1378,719.86,34396.5
5974329,-15.5283,50.135,719.49,24640.8
11719198,-15.595,50.0819,719.19,19791.4
383836,-15.3278,50.1572,718.26,52627.6
1961904,-15.5492,49.9561,716.79,34452.1
4404490,-15.3233,50.1278,716.76,27103.4
319038,-15.4997,50.1731,714.01,54995.5
4803495,-15.6067,50.08,712.65,26383.9
425522,-15.3292,50.1753,712.57,51339.5
2095593,-15.2628,50.1336,711.72,33809.9
4095056,-15.6031,50.0881,711.59,27719.3
4799412,-15.5939,50.0658,711.21,26391.2
9153777,-15.5981,50.0692,710.75,21474.3
1548381,-15.3322,50.1425,710.61,36808.8
1249766,-15.3425,50.1444,710.19,39012.0
1376595,-15.2139,50.1519,708.3,38009.5
7667281,-15.6031,50.0778,708.1,22745.0
104992,-20.2597,57.452,700.55,70291.0
11372657,-15.2431,50.1361,699.52,19990.0
7910027,-15.2631,50.1417,698.39,22517.0
621486,-15.4228,50.1953,697.75,46754.0
2622594,-15.4231,50.1497,697.52,31681.4
1705945,-20.455,57.4969,697.49,35830.0
2077936,-15.6961,49.9833,696.42,33892.7
961890,-15.3175,49.915,695.82,41816.6
1493158,-20.9978,55.5894,695.41,37177.4
8652681,-15.5064,50.1106,694.78,21868.2
490574,-15.36,50.1667,693.42,49580.7
3131948,-15.3217,50.1103,692.64,30063.4
785517,-15.6272,50.0906,691.89,44064.4
3669058,-15.5739,50.0683,690.52,28661.7
10863978,-15.3822,50.0678,690.44,20293.6
2047950,-15.4344,50.1967,690.15,34033.4
1876433,-15.7036,49.9956,689.25,34889.4
4895377,-15.5992,50.0603,689.12,26228.9
2969710,-15.6269,50.0997,688.91,30540.7
11857280,-15.4164,50.1361,688.67,19710.7
4038515,-15.2281,50.1525,687.56,27836.3
849175,-15.4644,50.1853,687.2,43191.1
739377,-15.4425,50.2069,685.93,44744.5
3912235,-15.3292,49.9081,685.37,28107.3
2123841,-15.2642,50.1619,685.27,33679.7
3813824,-15.2717,50.1711,684.98,28326.4
1286388,-20.3531,57.5375,684.97,38710.4
3647365,-15.2575,50.1522,684.92,28712.8
4174553,-15.695,50.0008,683.48,27555.6
7348648,-15.6881,49.9817,682.9,23062.2
1754387,-15.3172,50.145,682.81,35551.5
5962899,-15.4944,50.1817,682.19,24656.3
9241473,-21.0339,55.53,682.0,21408.9
2896175,-15.2353,50.1611,681.82,30769.3
4035489,-15.3203,50.1531,681.23,27843.2
440003,-15.6564,50.0706,679.91,50922.1
2689502,-15.2786,50.1144,679.61,31449.3
4250481,-15.5547,49.9664,679.01,27402.6
10161354,-15.4572,50.1839,678.25,20753.1
6222623,-15.5378,49.9231,677.0,24323.3
1189463,-20.1964,57.547,675.46,39529.6
1574579,-15.6725,50.0089,673.92,36637.0
7721145,-15.2986,50.1231,673.82,22694.6
10120454,-15.2319,50.1539,673.44,20777.6
10209542,-15.6894,49.9861,672.14,20719.3
2160322,-15.3606,50.1192,672.04,33514.7
11044621,-15.4458,50.1689,671.69,20186.6
7723948,-15.3142,50.1439,671.54,22691.8
1399118,-15.5778,50.1086,670.85,37841.5
3599442,-15.4347,50.2064,668.82,28830.2
10321313,-15.4994,50.1781,668.05,20645.3
3287368,-15.6167,50.0425,666.41,29628.0
6496618,-15.6292,50.0953,665.5,23991.0
353767,-20.2103,57.5136,665.38,53658.6
7261781,-15.4522,50.185,665.34,23150.4
3139044,-15.6261,50.1089,664.58,30042.2
2958559,-21.0303,55.4136,663.31,30576.2
1222635,-15.7003,50.0161,663.16,39243.3
10330135,-15.3594,50.1617,663.09,20639.2
8458434,-15.5578,50.0967,662.19,22033.6
7577874,-20.2103,57.5089,661.6,22831.7
5922305,-15.6783,49.9878,661.36,24708.0
4505796,-21.0058,55.5756,659.54,26914.7
4877012,-15.6331,50.11,659.24,26260.5
2401179,-15.5922,50.1047,658.2,32511.1
1068249,-15.3947,50.1642,657.3,40676.6
2129086,-15.4717,50.1444,657.04,33656.9
3402859,-15.6161,50.1161,655.99,29323.2
9056344,-15.6817,49.9867,653.07,21548.3
1041364,-15.6581,50.0317,650.4,40957.6
7068432,-15.4369,50.2119,649.94,23350.4
3536760,-15.6617,50.0233,649.82,28982.3
5379217,-15.5783,50.1036,649.49,25467.3
10042585,-15.5822,50.1086,648.61,20832.7
883989,-15.6106,50.0597,648.13,42747.8
1525306,-15.3919,50.1928,647.72,36960.8
10644510,-15.3322,50.1361,646.99,20434.4
3911067,-15.5008,50.1897,646.4,28109.6
5452978,-15.4475,50.1753,645.43,25357.0
11211160,-15.5644,50.0983,644.85,20085.3
5920393,-15.3944,50.2019,642.48,24710.5
7085667,-15.665,50.0219,642.48,23331.3
3941543,-15.4114,50.1653,642.18,28043.8
7293148,-15.6097,50.0694,641.55,23117.3
4886761,-15.3119,49.9228,640.83,26243.5
261607,-15.6164,50.1736,640.51,57595.1
5256998,-15.6706,50.0325,640.29,25649.3
9024022,-15.7056,50.0033,639.46,21574.9
3822315,-20.2117,57.4983,639.45,28306.1
3743700,-15.3736,50.1428,639.16,28487.8
1847459,-15.3606,50.1411,638.89,35040.7
7693457,-15.4975,50.1344,638.42,22722.6
7398481,-15.6739,50.0194,637.99,23009.6
556498,-15.6883,50.0517,637.5,48068.3
7308719,-15.59,50.0967,636.42,23100.8
4663362,-15.6969,50.0094,634.97,26629.1
3035580,-15.4458,50.1414,634.36,30341.9
1160795,-15.3453,50.1928,634.18,39788.2
1417647,-21.3278,55.5389,634.05,37704.9
4074441,-15.3967,50.1525,633.55,27760.7
4934699,-15.6958,50.0236,633.2,26163.3
10059752,-15.2222,50.145,633.19,20820.5
3044744,-15.4258,50.1653,632.67,30316.7
2019142,-15.4533,50.1525,632.5,34171.7
431182,-15.6728,50.0981,632.2,51170.4
3556617,-20.3444,57.45,631.44,28933.9
8091074,-15.3831,50.1903,631.34,22352.3
4213428,-15.3911,50.1772,631.22,27476.9
10401798,-15.6561,50.0253,630.55,20589.7
3926637,-20.3872,57.5161,630.21,28077.8
8649371,-15.3628,50.1419,629.57,21871.1
229122,-15.2314,49.7742,628.92,59353.7
1326339,-15.3183,50.1619,628.7,38394.7
7838726,-15.7075,50.0211,627.8,22582.0
303223,-20.3042,57.4269,627.48,55656.5
8914579,-15.2072,50.1678,626.8,21660.4
404326,-20.3347,57.6017,626.79,51977.1
7034200,-20.2106,57.4944,626.74,23388.6
11339379,-15.3822,50.1625,625.8,20005.9
1615614,-15.3453,50.2044,625.22,36377.0
4037487,-15.4661,49.9197,624.78,27838.6
8491607,-15.4497,50.2072,623.41,22004.7
6933687,-15.4547,50.2047,621.88,23494.6
6657006,-15.3839,50.1781,621.5,23807.1
3890858,-15.6803,50.0044,621.35,28152.6
3135489,-20.3789,57.4317,620.92,30052.8
7661793,-15.5108,50.1678,620.68,22750.6
1862666,-15.7147,50.0322,620.12,34962.4
7447232,-15.3628,50.1125,619.4,22962.5
1495669,-15.3411,50.1553,617.95,37160.2
7681382,-15.6053,50.0664,617.44,22731.0
2058395,-15.6769,50.1064,616.41,33984.7
5089116,-15.3706,50.2086,614.89,25913.7
976182,-15.4822,50.2019,614.82,41656.3
9241651,-15.3967,50.1783,613.74,21408.9
598237,-15.2431,49.7272,612.74,47207.0
1325736,-15.5622,49.9686,612.52,38399.7
6404339,-15.6003,50.0975,612.46,24102.3
6140649,-15.6447,50.0181,611.61,24427.9
3561739,-15.6081,50.1136,611.13,28920.7
8831148,-15.6253,50.0517,610.61,21725.0
7321540,-15.6194,50.0853,610.33,23087.0
5817864,-20.3197,57.5114,610.08,24849.4
4242722,-15.4661,50.1747,609.8,27418.9
725130,-20.18,57.5842,609.71,44966.1
6425315,-15.3156,50.1325,609.2,24075.9
3448654,-15.6836,50.0281,609.19,29205.6
2767071,-21.2381,55.4594,609.09,31184.8
2443824,-15.6339,50.1344,607.84,32344.1
2877632,-15.3294,50.19,607.64,30827.3
6956075,-15.6275,50.1331,605.02,23472.9
1415465,-15.3206,50.2019,604.62,37721.8
915823,-15.4178,50.2264,604.43,42354.0
1877514,-15.6442,50.0553,604.11,34883.9
2041423,-15.5169,50.1456,603.75,34065.2
10806164,-20.3675,57.49,603.14,20331.3
2396261,-15.5147,50.2033,602.87,32530.7
2248544,-15.64,50.0322,600.4,33132.3
8498139,-15.3567,50.1739,600.12,21998.9
916720,-20.1975,57.5681,599.57,42343.5
5073936,-15.5975,50.1753,599.49,25935.8
229301,-15.3594,50.2792,598.9,59345.1
6614210,-15.3811,50.1694,598.22,23855.2
11313488,-15.3625,50.1569,598.06,20021.8
5545200,-15.3208,50.1731,597.31,25226.0
9676756,-15.4403,50.1439,596.51,21088.1
8339378,-15.7222,50.0406,596.42,22131.7
4724934,-15.3647,50.1481,596.28,26518.8
10462057,-21.0947,55.6478,595.55,20552.5
6494484,-15.5225,50.1392,594.85,23993.7
575077,-15.7397,50.0486,594.25,47673.0
1070649,-20.2067,57.5867,593.98,40653.1
7542160,-15.4506,50.1475,593.64,22868.0
468180,-20.3106,57.4497,592.53,50161.9
9282390,-20.3136,57.5322,592.41,21376.1
2058396,-15.3744,50.2244,592.2,33984.7
2172114,-15.4803,50.2072,591.86,33463.3
10200615,-15.5178,50.1675,591.52,20725.4
3448656,-15.3831,50.2194,590.54,29205.6
983796,-15.2436,49.7447,589.87,41570.5
217656,-20.4525,57.3592,587.1,60052.7
2584155,-15.3489,50.1878,586.72,31819.8
2082286,-15.7031,50.08,586.42,33872.1
153031,-20.3192,57.7497,586.23,64902.6
3887087,-15.6989,50.0592,586.2,28161.7
8989352,-20.4067,57.5181,586.12,21598.5
5685640,-15.6844,50.0161,585.13,25025.7
3622446,-15.4831,50.1569,585.0,28772.7
8524328,-15.6242,50.0394,584.03,21975.7
5304320,-20.1817,57.5883,583.79,25577.1
5187453,-15.7353,50.0458,583.67,25758.3
9368891,-15.4569,50.2081,582.36,21313.4
10919200,-15.7289,50.0272,581.96,20262.2
2872529,-15.6436,50.1361,581.81,30843.8
11308298,-15.5272,50.1947,581.6,20025.0
2621483,-15.6311,50.1647,580.92,31685.4
7419550,-15.6408,50.0986,580.8,22987.4
3913244,-15.6819,50.0933,580.32,28105.1
6106304,-20.3208,57.5533,578.41,24469.6
983559,-15.2561,50.1969,578.36,41573.6
4259436,-15.5619,50.1047,577.12,27384.0
4705168,-20.1875,57.5294,576.12,26554.8
9824927,-15.6081,50.1281,575.91,20982.0
2473316,-15.5964,50.1281,575.67,32231.6
7282886,-15.6675,50.0733,575.54,23128.4
8044522,-15.4897,50.1528,575.17,22392.2
4252718,-15.4119,50.1764,573.46,27398.0
6402163,-20.3083,57.4456,572.06,24104.9
11752158,-15.2103,50.1406,572.04,19772.0
11629895,-15.2406,50.1967,571.9,19839.6
3303646,-15.5269,50.22,571.61,29584.9
2326243,-15.2358,50.2117,571.61,32809.6
2452352,-21.3558,55.6933,571.48,32312.6
4663363,-15.6506,50.0486,570.9,26629.1
3000674,-15.6383,50.1808,570.55,30448.8
7161170,-15.6728,50.0469,570.34,23252.0
5280800,-20.46,57.3586,570.16,25614.5
10271044,-15.7111,50.0225,569.46,20676.2
390110,-15.4208,50.265,568.25,52423.8
3680777,-15.6483,50.0367,568.18,28632.8
4317387,-15.6833,50.0697,567.79,27272.1
2308230,-20.1925,57.5133,567.48,32883.3
6799698,-15.6372,50.0633,566.37,23646.0
7197358,-15.4725,50.1808,566.3,23216.4
10439670,-15.6411,50.0467,566.29,20568.0
2634345,-15.4836,50.1636,566.26,31641.1
1334294,-15.7144,50.0714,565.09,38331.6
2900012,-15.2294,49.7406,564.73,30756.9
8698564,-20.1917,57.5111,563.86,21833.2
2609499,-15.6292,50.0364,563.81,31727.6
7220042,-15.6414,50.0694,562.29,23191.6
654702,-15.3769,50.2506,561.68,46143.7
8659416,-15.2483,50.1706,561.53,21862.4
6750392,-15.5786,50.0547,560.84,23699.8
6827176,-15.6481,50.0314,560.18,23613.6
5395229,-20.3044,57.4339,558.98,25442.3
3922211,-15.6017,50.1114,558.81,28084.7
10410856,-15.6297,50.1694,558.63,20583.5
3596657,-15.5281,50.1847,558.37,28834.6
3927691,-15.2794,50.2117,557.7,28075.6
1351225,-15.2131,49.7242,556.98,38201.8
5493561,-15.2478,49.7328,555.83,25299.1
6512433,-15.645,50.025,555.29,23975.1
9313209,-15.6464,50.0608,553.8,21352.3
5508721,-15.2186,49.7394,553.38,25276.4
8369367,-15.2653,50.1928,553.16,22108.7
7452596,-15.2222,50.1786,553.11,22956.9
8967940,-15.515,50.1219,552.14,21616.2
8950094,-15.2042,50.1822,551.34,21630.9
7202322,-15.7394,50.0419,550.18,23210.9
10859152,-15.6289,50.0489,550.17,20296.8
11548509,-15.6911,50.0406,550.08,19887.7
8575835,-15.6958,50.0683,549.71,21935.1
6190799,-15.7044,50.0625,549.32,24365.2
3457539,-20.2772,57.5639,548.2,29181.6
7710003,-15.2772,50.1522,547.4,22705.8
6496617,-15.7156,50.06,547.06,23991.0
5802312,-15.2372,50.2033,546.46,24867.3
9518683,-15.5344,50.1833,545.92,21202.5
3445501,-15.2808,50.1483,545.69,29214.4
6991814,-15.6594,50.0606,545.39,23432.1
2668376,-15.725,50.0761,545.13,31522.1
9601622,-15.6253,50.1617,544.97,21139.4
4374076,-15.2164,50.1842,544.56,27164.4
1299812,-16.3428,49.7014,544.14,38601.6
1718451,-15.3053,49.8497,544.12,35757.0
3994775,-15.2875,50.155,543.7,27930.0
67364,-20.3478,57.3761,543.54,76893.9
1538120,-15.715,50.0944,540.0,36874.5
635667,-15.4678,50.275,538.53,46491.7
7898310,-15.7167,50.1,537.52,22528.3
1883350,-16.33,49.7169,537.29,34854.7
2795392,-15.6636,50.0422,535.96,31092.7
3127711,-15.5442,50.1828,535.62,30076.2
6677160,-20.4436,57.4375,535.39,23783.0
2121016,-20.2839,57.5886,535.19,33692.9
3003259,-20.325,57.4542,535.05,30440.4
3249668,-20.2339,57.5806,534.94,29731.0
2180537,-15.7486,50.0769,533.72,33427.1
11159075,-15.2736,50.1975,533.36,20113.9
11774229,-15.29,50.2186,533.22,19759.1
5477775,-15.6894,50.0789,533.18,25319.3
1462261,-21.1092,55.7056,533.08,37392.7
60698,-20.4528,57.3233,532.79,78466.2
790925,-15.2836,49.8392,532.49,43986.2
2072087,-15.21,50.2019,532.29,33919.0
7625925,-15.4308,50.1544,531.63,22787.0
4204536,-15.5772,50.1281,531.49,27495.5
9202002,-15.4503,50.1603,530.12,21435.6
3758567,-15.7386,50.0733,529.94,28452.0
7760515,-15.2425,50.2114,529.44,22655.2
2392346,-15.5886,50.1378,529.21,32546.4
8304587,-15.4772,50.1739,528.94,22163.4
9998058,-15.4736,50.1708,528.77,20860.2
7140983,-20.3256,57.5678,528.62,23273.9
1548889,-15.2225,49.7989,527.06,36805.3
4036465,-15.7239,50.0928,526.44,27840.9
9829066,-15.7317,50.0722,526.18,20979.0
2274070,-16.3303,49.74,525.94,33026.4
11139020,-15.2233,49.7925,525.6,20126.5
567952,-15.6697,50.1772,525.43,47822.4
4941758,-15.535,50.2058,524.69,26151.1
8953637,-15.4128,50.2328,523.16,21628.0
839572,-15.295,49.7753,523.0,43317.8
8742848,-20.1881,57.5975,522.84,21795.2
1033786,-15.3461,50.2944,522.21,41035.3
6121095,-15.5014,50.1536,521.99,24454.0
794649,-15.7519,50.0361,521.86,43934.1
11667872,-15.7064,50.0286,521.64,19817.1
3173861,-16.3403,49.7139,521.41,29944.5
6146567,-15.3778,49.8994,521.33,24420.1
7303538,-16.3325,49.7111,521.08,23106.3
5591639,-15.7119,50.0858,520.85,25160.2
1167985,-15.4081,50.2911,520.39,39720.9
4196849,-15.5778,50.1378,520.16,27511.7
1435461,-15.4986,50.2214,519.96,37579.6
3760403,-15.3578,50.1294,519.72,28447.5
3923173,-20.2892,57.5906,519.27,28082.4
8900433,-15.535,50.1922,519.04,21672.1
440077,-20.4303,57.3789,518.46,50919.6
901772,-15.7564,50.0478,518.37,42525.1
341762,-20.2689,57.6697,517.8,54099.7
2332335,-15.2733,49.7664,516.84,32786.3
10644518,-15.2078,49.7256,516.62,20434.4
305786,-20.3269,57.6822,516.1,55548.8
5615519,-15.3269,50.205,516.1,25124.8
3413477,-15.355,50.2511,516.06,29297.1
1058950,-20.335,57.6236,515.12,40773.6
5987510,-15.395,50.2181,513.78,24622.7
11851649,-15.3975,50.2167,512.85,19714.0
7921703,-15.745,50.0589,512.78,22505.7
7479089,-15.3983,50.2914,512.2,22929.2
486368,-20.3306,57.7322,512.19,49687.2
7620488,-15.4311,50.265,511.59,22792.6
5454649,-15.315,50.1781,509.99,25354.5
8736097,-15.2153,49.7956,509.7,21801.1
1268974,-15.4408,50.2817,509.51,38853.3
3375398,-15.6714,50.1836,508.53,29394.8
1460988,-15.4322,50.2483,508.31,37399.5
6888786,-15.2983,49.7767,507.92,23546.1
8131053,-16.3283,49.7242,507.9,22315.2
10165784,-15.2825,50.1725,506.94,20750.0
5555148,-15.2747,49.8439,506.63,25210.8
8298188,-15.2128,49.7339,506.27,22169.1
1830803,-15.2583,49.7769,506.27,35131.4
8960776,-15.2047,49.9322,506.24,21622.1
10545298,-15.3531,50.2911,505.58,20496.7
1955405,-15.4533,50.2661,505.21,34483.5
5403478,-15.2444,50.0561,505.02,25429.7
1156922,-15.7483,50.0228,504.99,39823.4
10330116,-16.3319,49.7231,504.96,20639.2
3677978,-20.3467,57.605,503.31,28639.5
11211165,-15.2511,50.2142,502.42,20085.3
10672387,-15.3814,50.2572,502.32,20415.7
10299349,-15.2778,49.8428,502.27,20660.8
8806953,-15.4344,50.2817,501.88,21745.5
509009,-20.1608,57.5503,501.79,49137.9
7553623,-15.2025,49.7286,499.85,22856.8
3669936,-16.3364,49.7031,499.64,28659.5
3589694,-15.3956,50.2281,499.45,28852.3
4439210,-16.3664,49.7081,499.42,27037.5
1297348,-15.7789,50.0583,499.19,38619.8
3745559,-20.2703,57.5947,499.14,28483.4
9884753,-16.3339,49.745,498.44,20942.5
11857045,-20.1892,57.5811,498.36,19710.7
1568210,-20.2697,57.6919,497.71,36678.8
1221366,-16.3067,49.7783,497.6,39254.6
2526210,-16.3147,49.7392,497.1,32031.4
8075877,-15.6414,49.9881,496.66,22366.5
5395282,-16.3333,49.7281,496.02,25442.3
9150036,-16.4142,49.7022,495.86,21477.2
1041494,-20.2789,57.7011,495.24,40956.0
4964821,-16.3519,49.71,494.59,26114.5
2596959,-20.3353,57.6133,494.15,31773.8
5603564,-16.3722,49.7022,492.53,25142.5
1991262,-15.5328,50.2281,491.02,34307.5
1051855,-15.5414,50.2319,490.95,40848.5
3524758,-16.3192,49.7292,490.65,29013.0
11139019,-15.2258,49.72,488.79,20126.5
9922232,-15.4156,50.2967,488.74,20915.1
823460,-20.1767,57.5536,488.32,43534.9
4593651,-15.2461,49.7775,488.1,26753.2
7895375,-15.2453,50.1797,487.3,22531.2
8047545,-15.2819,49.7706,487.0,22389.3
6387630,-15.6214,50.1553,486.91,24123.4
9849853,-15.2019,50.2044,486.69,20963.8
294758,-15.5575,50.2581,486.33,56027.3
2526215,-15.2922,50.17,486.19,32031.4
9347494,-16.3572,49.7086,486.07,21325.4
4740946,-21.3542,55.6117,485.78,26492.4
3879277,-16.4597,49.7039,485.5,28179.8
4841802,-20.1717,57.6039,485.5,26318.6
8763601,-15.3358,49.9189,485.16,21777.7
2586278,-15.2356,50.2347,484.94,31811.8
6423177,-15.2558,49.7925,484.13,24078.5
4598611,-21.1875,55.81,484.09,26743.7
1686722,-20.2758,57.4825,482.83,35943.6
5062325,-16.3775,49.7028,482.35,25955.4
11651310,-16.3322,49.7497,481.5,19826.7
7075881,-15.2439,49.7839,481.46,23342.2
6877077,-16.3561,49.7219,481.21,23559.6
1814813,-16.3383,49.7561,481.18,35216.6
2643532,-15.7003,50.0953,480.82,31606.9
9491074,-16.3394,49.7056,480.65,21223.6
4861630,-16.3092,49.7322,480.59,26287.2
5464522,-15.4914,50.2267,479.28,25339.4
5438181,-15.6303,50.125,478.4,25379.6
7795615,-15.4656,50.2628,477.96,22624.3
2950540,-16.3711,49.725,477.41,30599.1
753867,-15.5753,50.2372,477.12,44526.1
9858106,-15.7056,50.0467,476.95,20957.7
4229226,-15.2025,50.1947,475.94,27446.8
5041781,-15.4408,50.2631,475.65,25989.8
10616351,-15.2864,49.7714,475.57,20453.1
6408355,-20.2683,57.6783,474.86,24097.0
10938669,-15.2469,49.7894,474.45,20249.6
9324566,-15.5008,50.2256,473.13,21343.3
5583884,-20.3294,57.6897,472.99,25167.8
1890439,-15.4422,50.2314,472.58,34816.3
1650891,-16.3258,49.7736,472.47,36159.2
2744075,-15.3989,50.2472,471.6,31262.3
3442101,-15.2008,49.7981,471.41,29223.1
1675548,-15.5886,50.2386,471.01,36010.9
8447077,-16.3281,49.7342,470.95,22039.4
5021175,-15.7381,50.1136,470.88,26021.6
9245393,-16.3156,49.7294,470.72,21405.9
7184700,-15.2433,49.7011,470.53,23230.1
9880640,-15.775,50.0547,469.69,20945.6
2046837,-16.2967,49.7522,469.2,34039.0
9951401,-16.3369,49.7403,469.09,20893.8
7907018,-15.7333,50.1117,468.33,22519.8
9530340,-16.3167,49.7336,467.87,21193.5
5892458,-16.4375,49.7064,467.86,24749.2
5938385,-15.7028,50.0903,467.5,24689.9
10933641,-16.3156,49.7272,467.5,20252.8
6581323,-16.3897,49.7003,467.25,23895.2
10667516,-20.1753,57.595,467.24,20418.8
3511120,-15.7311,50.1178,467.05,29045.9
5238840,-16.2942,49.7594,466.97,25679.1
10170059,-16.4625,49.7111,465.27,20746.9
7544896,-15.2814,49.8489,465.09,22865.2
2549779,-16.4661,49.7242,464.78,31945.7
3245964,-20.3358,57.6372,464.16,29741.7
100274,-15.3478,49.7889,464.09,70957.7
10383581,-15.4819,49.9167,464.04,20602.1
1245765,-15.4847,50.2389,463.62,39044.7
3935572,-15.4831,50.1717,463.42,28057.4
3902149,-15.4792,50.2333,463.18,28130.0
4436868,-16.5144,49.7006,462.88,27042.2
11134143,-15.3422,50.3039,462.66,20129.7
6811256,-15.3853,50.2339,462.21,23632.5
4553116,-15.4728,50.2175,461.04,26826.9
6372154,-15.5042,50.2217,460.92,24139.3
9514679,-15.5058,50.2311,460.49,21205.6
10183139,-15.4086,50.2214,459.92,20737.7
7924575,-16.4047,49.7117,459.54,22502.9
4998094,-15.4061,50.3067,458.89,26060.8
1900339,-15.4506,50.2233,458.46,34765.0
11719165,-16.4189,49.7067,458.18,19791.4
9450003,-16.3708,49.7306,458.16,21250.6
7726733,-15.3714,50.1856,457.86,22689.0
8893406,-15.735,50.0936,456.91,21678.0
3345042,-16.2778,49.7569,456.51,29474.9
8359959,-15.7231,50.105,456.26,22117.3
9692905,-15.2536,49.7075,455.98,21076.0
7053746,-16.3497,49.7247,454.92,23366.8
2643530,-16.3039,49.7906,454.58,31606.9
10512243,-16.2914,49.7497,454.57,20518.4
6598976,-15.2083,50.2169,454.32,23873.9
6483717,-16.3817,49.7119,454.08,24007.0
2140338,-16.2678,49.7647,453.3,33605.8
579503,-20.2669,57.4322,453.27,47582.0
8363109,-15.4156,50.255,453.22,22114.5
11034716,-15.2914,50.1642,453.16,20192.9
6802021,-15.5108,50.2133,453.1,23643.3
2806764,-16.4658,49.7411,451.89,31053.8
4969072,-16.3194,49.7469,451.88,26107.2
4161704,-15.3325,49.8647,451.72,27583.4
8044517,-15.7619,50.0547,450.49,22392.2
8020576,-15.7508,50.0897,449.83,22414.9
5001022,-15.6814,50.1303,449.52,26055.9
2819648,-16.4456,49.7353,449.5,31012.7
4366801,-16.4639,49.7486,449.0,27176.2
6792056,-16.2844,49.7542,448.82,23651.4
9328426,-15.2447,50.2403,448.68,21340.3
1857845,-15.3436,49.7803,448.27,34986.1
3975951,-15.4839,50.2242,447.85,27968.7
8782925,-15.2464,50.2244,447.59,21766.0
3515225,-16.5275,49.7067,447.56,29035.0
5288743,-15.2108,49.7842,447.47,25602.0
1639739,-15.7042,50.13,446.3,36227.8
6634079,-16.3142,49.7469,446.24,23831.2
7690713,-16.2783,49.7483,446.16,22725.4
6429603,-16.3097,49.7492,444.98,24070.6
11109250,-16.3989,49.7156,444.78,20145.5
10914241,-16.2756,49.7528,444.23,20265.3
8782918,-15.6992,50.1014,444.12,21766.0
3660005,-15.4772,50.285,443.91,28684.0
2142772,-20.1567,57.6056,443.54,33594.4
8487818,-15.2017,49.7881,443.51,22007.6
11823917,-16.2717,49.7558,443.44,19730.1
9355151,-15.2272,49.8117,442.96,21319.4
10069067,-16.3011,49.7556,442.74,20814.4
1123211,-15.2472,50.2619,442.67,40139.0
2030743,-15.7953,50.0394,441.86,34115.7
4365634,-16.3447,49.7489,441.34,27178.5
7290551,-16.4606,49.7258,440.45,23120.1
9224632,-15.6936,50.1317,440.44,21417.8
8285465,-16.3747,49.7386,439.48,22180.6
4212285,-15.5603,50.2294,438.98,27479.2
3637685,-16.3806,49.7228,438.66,28737.2
5393640,-16.46,49.7328,438.45,25444.8
355551,-20.3614,57.7258,438.09,53592.1
4199059,-16.4469,49.76,437.36,27507.0
10963019,-15.2417,49.7069,437.1,20233.9
9800545,-16.4769,49.7414,437.02,21000.3
709270,-16.5728,49.7153,436.88,45220.4
11807346,-16.4719,49.7219,435.72,19739.8
5021112,-20.1772,57.6314,435.57,26021.6
10397208,-15.4089,50.2814,435.47,20592.8
1032612,-15.5603,50.2056,434.02,41047.7
4944487,-16.3161,49.7708,433.94,26146.2
5053662,-15.28,50.2322,433.43,25970.2
8345687,-15.3278,49.8575,432.98,22126.0
7715484,-15.2636,49.7811,432.96,22700.2
220635,-16.2292,49.7117,432.78,59869.9
7250600,-20.3131,57.7561,432.73,23158.7
1898588,-16.2419,49.7031,432.69,34774.2
2021343,-16.3181,49.7086,432.66,34160.5
350511,-20.2433,57.6964,432.51,53777.2
5976250,-16.5233,49.7003,432.26,24638.2
9627583,-15.3236,49.8631,432.19,21124.3
5914862,-15.4311,50.2908,431.79,24718.3
4138459,-16.4494,49.77,430.63,27629.5
4871568,-16.4472,49.7419,430.43,26270.2
6196813,-15.3383,49.8672,429.6,24357.4
2076786,-15.3858,50.2772,429.49,33898.4
4460132,-16.4706,49.7314,429.25,26999.8
5734856,-15.7975,50.0503,428.71,24959.4
4524119,-20.1544,57.5511,428.19,26879.1
2645780,-15.4556,50.2325,427.89,31598.8
10844703,-15.2383,50.2633,427.63,20306.2
3178846,-16.3581,49.7625,427.13,29929.6
2420024,-15.5006,50.2406,427.09,32438.5
11206147,-16.47,49.705,426.84,20088.5
7444575,-16.4542,49.7683,426.83,22965.3
3297577,-20.3533,57.6067,426.05,29602.2
8257239,-15.7506,50.0936,425.69,22206.5
7138631,-16.3844,49.7256,425.19,23276.6
11114269,-16.2839,49.7628,424.94,20142.4
7240357,-15.7986,50.0442,424.93,23169.7
6729963,-16.3769,49.7456,424.64,23724.0
7681379,-15.7075,50.1247,424.51,22731.0
7539295,-16.5744,49.7122,424.35,22870.7
4218966,-15.7011,50.1161,424.04,27465.3
10008424,-15.5694,50.2322,423.89,20857.2
8269821,-16.3203,49.7186,423.77,22195.0
7715485,-15.2294,50.2314,423.73,22700.2
7316468,-15.3172,49.9411,423.31,23092.5
889783,-15.2806,50.2814,423.23,42676.2
5106950,-15.4653,50.2369,423.2,25884.2
5819810,-15.4381,50.2936,423.19,24846.8
7707173,-16.4858,49.7008,423.19,22708.6
7016363,-16.4736,49.7281,422.92,23404.9
9473172,-16.2978,49.7708,422.53,21232.6
3509494,-16.3678,49.7658,422.43,29050.3
8140288,-16.4542,49.7575,422.41,22306.6
5321710,-15.2925,50.2306,422.3,25549.7
3937571,-15.4258,50.2392,421.34,28052.9
10419895,-15.5469,50.2244,421.2,20577.3
5218232,-16.4431,49.7397,420.47,25708.8
7166059,-16.3647,49.7608,420.38,23246.5
9461560,-16.4558,49.7364,419.66,21241.6
9074369,-16.4497,49.7592,419.24,21533.5
9006109,-16.3444,49.7458,419.2,21589.7
11139021,-15.2039,49.8072,418.88,20126.5
8569200,-16.2731,49.7717,418.22,21940.9
8100271,-16.37,49.7494,417.7,22343.7
5331716,-15.7067,50.1081,417.3,25537.2
8382392,-15.2711,50.2742,416.99,22097.2
1512101,-16.5153,49.7631,416.86,37048.6
9332210,-15.7842,50.0631,416.73,21337.3
3039953,-16.3961,49.7472,416.54,30331.4
6479466,-16.3725,49.7647,416.52,24012.3
9256508,-16.3742,49.7606,416.49,21397.0
5661216,-15.7417,50.0989,416.28,25061.3
6987151,-15.7519,50.0986,415.03,23437.6
8330042,-15.3369,50.2769,413.89,22140.4
9179651,-16.3506,49.7436,413.75,21453.5
5395294,-15.5667,50.2103,413.6,25442.3
2094792,-15.3978,50.2719,413.5,33813.7
11119174,-16.5153,49.7669,413.42,20139.2
11398412,-20.4461,57.4131,413.17,19974.0
9812696,-15.2586,50.2228,413.07,20991.2
3242946,-16.3622,49.7681,412.95,29750.3
11564401,-16.4431,49.7439,412.77,19878.1
9605533,-15.4678,50.2328,412.04,21136.3
11866631,-16.2689,49.7722,412.03,19707.5
9747853,-16.3636,49.74,411.77,21039.7
1548125,-15.3539,50.2233,411.59,36810.5
8285486,-15.5072,50.24,410.87,22180.6
10982673,-16.2986,49.7761,410.56,20221.3
8524318,-16.4417,49.7364,410.32,21975.7
1540704,-15.2358,49.8192,410.32,36859.0
11651313,-16.2583,49.7694,410.14,19826.7
6951251,-15.7858,50.0478,409.36,23478.3
96487,-15.3997,49.8297,409.12,71514.0
2458742,-15.5017,50.2483,409.1,32286.9
1917658,-15.7558,50.1044,408.99,34676.9
6334817,-16.5656,49.7072,408.15,24186.7
10758738,-15.2056,49.7683,407.67,20362.6
10244614,-15.7919,50.0622,407.17,20694.6
6804264,-20.2686,57.438,406.77,23640.6
6220694,-15.3697,50.2314,406.73,24326.0
9423025,-15.4372,50.2256,406.32,21271.5
4817341,-20.4689,57.4042,406.3,26362.2
5003849,-15.4433,50.3011,405.86,26051.0
7318868,-20.3258,57.6639,405.65,23089.8
6872492,-15.2294,50.2225,405.23,23565.0
4246104,-16.3061,49.8028,405.14,27411.9
2391874,-15.3578,49.8714,404.8,32548.3
10111804,-16.3608,49.7456,404.72,20783.7
9294003,-15.2619,49.7358,404.42,21367.2
4446458,-20.3697,57.5983,404.19,27023.3
4291727,-16.4339,49.7439,404.09,27321.1
9829067,-15.7139,50.1286,403.82,20979.0
9514651,-16.4175,49.7169,403.19,21205.6
8047532,-16.3492,49.7378,403.12,22389.3
9993696,-20.2447,57.6911,402.98,20863.3
2396263,-15.3583,49.7844,402.93,32530.7
4628389,-15.5689,49.9508,402.64,26691.2
5847081,-16.3858,49.7303,402.58,24808.3
9981082,-16.3569,49.7694,401.87,20872.4
7615017,-16.3489,49.7511,401.29,22798.2
4155766,-16.2883,49.7819,400.31,27592.6
8310873,-16.36,49.7753,399.99,22157.6
9550011,-16.3178,49.7631,399.09,21178.5
3337090,-16.5822,49.7117,398.9,29496.5
3574962,-16.5469,49.7144,398.57,28889.8
5139934,-16.5075,49.7,398.57,25832.4
9067209,-16.4419,49.7636,398.54,21539.4
7356466,-16.2814,49.7794,398.14,23053.9
2381244,-15.5553,50.2158,398.11,32589.4
5138499,-16.3456,49.7747,396.95,25834.9
8698718,-15.7953,50.0575,395.8,21833.2
10025339,-15.2086,49.7711,395.16,20845.0
6288247,-16.5086,49.7083,395.14,24242.0
6119078,-20.2683,57.4419,395.12,24456.6
2125144,-15.3219,50.2161,394.39,33675.9
7603958,-16.4792,49.7169,394.39,22809.4
9993861,-16.3964,49.7222,394.37,20863.3
100772,-19.7067,63.4464,394.31,70883.1
11104186,-16.3906,49.7444,394.31,20148.7
4378719,-15.3056,49.7878,393.96,27155.0
10325703,-15.465,50.2086,393.51,20642.2
7927544,-16.5667,49.7197,393.4,22500.0
8681829,-15.3517,49.8703,393.33,21847.8
1462269,-16.4122,49.7339,393.18,37392.7
9729447,-15.2586,50.2408,393.07,21048.7
6946438,-16.3908,49.7508,393.01,23483.7
4055619,-20.3322,57.7228,392.96,27801.9
3990603,-16.3825,49.7583,392.96,27939.1
8047533,-16.3311,49.7578,392.95,22389.3
7285489,-15.4567,50.2419,392.84,23125.6
11372629,-16.3856,49.7539,392.63,19990.0
8550832,-15.4511,50.2422,392.43,21952.5
9755930,-16.5719,49.7014,392.37,21033.6
5641348,-15.4017,50.2606,391.67,25086.7
11252081,-15.2494,50.2717,391.49,20059.9
9623625,-15.3875,50.2714,391.36,21127.3
3705471,-15.3756,50.2672,391.13,28574.9
5339639,-20.3164,57.67,390.81,25524.8
8618996,-15.2642,50.245,389.66,21897.3
2630386,-15.4825,50.2467,389.52,31655.2
8763597,-15.6694,50.1903,388.68,21777.7
8639181,-16.3467,49.7625,388.62,21879.9
4231381,-19.7122,63.4344,387.86,27442.1
5328540,-16.5608,49.7003,387.18,25542.2
3567750,-21.3611,55.6564,387.04,28905.2
4436818,-20.4344,57.3681,386.64,27042.2
3504393,-20.2414,57.7061,386.43,29063.5
11069421,-15.4606,50.2461,386.2,20170.8
4829503,-20.4625,57.3519,385.33,26340.4
2610011,-20.3272,57.6506,385.11,31725.6
8254167,-15.4831,50.2692,384.86,22209.3
8770565,-16.4419,49.7175,384.02,21771.8
10294803,-15.7381,50.0625,383.53,20663.8
3252668,-15.4647,50.2939,383.14,29722.4
10209549,-15.4078,49.8272,383.04,20719.3
9376566,-16.3986,49.7572,382.92,21307.5
2630922,-20.1783,57.4947,382.71,31653.2
11124182,-16.5806,49.7083,382.65,20136.0
11602784,-21.0553,55.6628,382.59,19855.6
7930511,-15.4314,50.3072,381.55,22497.2
724215,-15.22,50.3064,381.55,44981.6
10630433,-16.3003,49.7217,381.29,20443.8
3110107,-15.4964,50.2564,381.23,30127.0
9228228,-16.3889,49.7386,379.91,21414.8
2928293,-16.5419,49.7269,379.89,30667.7
4597432,-15.4144,49.8347,379.73,26746.1
5388763,-16.4378,49.7842,379.42,25452.3
9275132,-16.4369,49.7742,379.41,21382.1
8029575,-15.4572,50.2839,378.87,22406.4
3587062,-16.2889,49.7889,378.74,28858.9
6410580,-15.7194,50.13,377.97,24094.4
3915211,-16.4956,49.765,377.6,28100.5
4698748,-16.5022,49.7672,377.3,26566.8
7918717,-15.5492,50.2528,376.98,22508.5
9271437,-15.4844,50.2556,376.98,21385.1
1955058,-15.8067,50.0683,376.4,34485.3
8461613,-16.5706,49.7256,376.39,22030.7
9581660,-16.4333,49.7675,376.06,21154.4
6026480,-15.4597,50.2231,375.87,24573.5
10020988,-16.4644,49.7675,375.62,20848.0
7670153,-16.4714,49.7642,375.47,22742.2
4463700,-16.2644,49.7558,375.3,26992.7
4300186,-15.4564,50.2919,375.13,27307.1
7346110,-15.415,49.8278,375.03,23064.9
7969847,-15.4644,50.2236,375.01,22463.2
10111831,-15.3153,49.8408,374.55,20783.7
9792515,-15.3511,50.2561,374.13,21006.3
3643857,-16.4303,49.7319,374.03,28721.7
4497269,-15.5656,50.1953,373.6,26931.2
4520487,-16.4028,49.7586,373.05,26886.2
10953239,-16.3922,49.7139,372.3,20240.2
10453188,-15.2617,50.2856,372.26,20558.7
495756,-15.2711,50.3433,372.23,49454.6
11196170,-15.3839,49.9472,371.91,20094.9
3448659,-15.2225,50.285,371.84,29205.6
11812853,-15.2656,50.2839,371.75,19736.6
4279274,-15.2328,50.2725,371.68,27346.8
4106639,-15.7214,49.9875,371.47,27694.0
7395859,-15.5792,50.2167,371.22,23012.4
8437155,-15.4636,50.2497,370.64,22048.1
11143923,-15.4119,50.3161,370.52,20123.4
5899708,-16.2264,49.7206,370.41,24738.9
5630891,-16.5092,49.7642,370.31,25101.9
8953615,-16.345,49.7672,370.01,21628.0
11508896,-20.4803,57.5078,369.59,19906.9
5622312,-16.4753,49.7711,369.26,25114.6
8554163,-15.8022,50.0642,369.08,21949.6
6128811,-15.5583,50.2119,368.92,24443.5
7230080,-16.4286,49.7194,368.73,23180.6
359207,-20.3839,57.6817,368.47,53463.5
9205670,-16.4864,49.7183,368.39,21432.7
10531514,-15.2661,50.3444,368.21,20506.0
2493745,-16.3497,49.7853,367.29,32152.5
4610377,-16.4961,49.7356,366.67,26724.6
9347486,-16.4764,49.7519,366.48,21325.4
4320864,-15.6761,50.1375,365.6,27265.1
932140,-15.2822,50.3614,365.13,42161.0
5150358,-21.3564,55.5622,364.05,25815.1
4411844,-20.3594,57.6136,364.03,27091.6
10987602,-15.4617,50.2183,361.82,20218.1
5742000,-15.4383,50.3108,361.52,24949.2
10271022,-16.425,49.7425,361.22,20676.2
10772972,-15.2675,49.7911,361.02,20353.2
3555782,-15.3164,49.9739,360.99,28936.1
1140217,-20.3456,57.7222,360.75,39978.3
10397171,-16.3794,49.7544,360.74,20592.8
6780410,-15.5428,50.255,360.62,23664.8
6831822,-16.4083,49.7633,360.19,23608.2
626776,-15.7258,50.1764,360.03,46654.5
4918068,-16.3797,49.7739,359.6,26192.5
10419898,-15.3856,50.2833,359.56,20577.3
3664504,-20.2775,57.7142,359.43,28672.9
9332195,-16.4039,49.765,359.2,21337.3
8863219,-16.4869,49.7706,359.05,21698.6
4769356,-19.7069,63.4642,358.96,26441.8
4705204,-16.4561,49.7914,358.72,26554.8
11211129,-16.2678,49.7825,358.69,20085.3
5207624,-15.395,50.2767,358.57,25726.1
897429,-15.4644,50.3067,357.3,42579.0
8356733,-15.2667,49.8539,357.27,22120.2
1003935,-20.3419,57.6922,356.57,41349.3
8407914,-15.5614,50.1997,356.26,22074.1
9103705,-16.4336,49.7906,355.91,21509.8
11851643,-15.5617,50.1247,353.8,19714.0
5167037,-16.4167,49.7578,353.49,25788.0
9194501,-20.3667,57.6197,352.74,21441.6
6958445,-16.4511,49.7258,352.74,23470.2
8263444,-16.2692,49.7936,352.34,22200.7
5457835,-20.2719,57.7225,352.1,25349.4
4002934,-16.5228,49.7311,352.03,27911.7
7334511,-16.4214,49.7686,351.8,23073.2
5845242,-16.4658,49.7867,351.75,24810.9
2043681,-15.3167,50.2233,351.71,34054.0
4352379,-20.35,57.7247,351.67,27204.3
6605473,-15.5989,50.1592,351.49,23865.9
8715541,-19.7167,63.4417,351.02,21818.6
11440738,-15.755,50.1125,350.72,19948.5
2300925,-15.8083,50.0736,350.36,32914.3
3638562,-20.2928,57.4244,350.31,28735.0
7171074,-15.2619,50.2617,350.03,23241.0
5098038,-16.5036,49.7736,349.59,25898.9
8464836,-16.4858,49.7794,349.09,22027.9
1227738,-15.6089,50.2061,348.82,39199.4
6349121,-16.4581,49.7989,348.53,24168.3
3332189,-15.5092,50.2561,348.27,29507.3
8550721,-20.1453,57.6033,347.62,21952.5
9175957,-16.4217,49.7431,347.31,21456.4
658202,-16.3864,49.8122,346.83,46084.2
550135,-15.5103,50.3272,346.64,48199.3
7572577,-16.4053,49.7711,345.88,22837.3
7293144,-15.7144,50.1808,345.57,23117.3
11089244,-16.4194,49.7564,345.24,20158.2
6609822,-16.2733,49.7978,344.95,23860.5
11002393,-16.4825,49.7694,344.81,20208.7
9027657,-16.5867,49.7061,344.79,21571.9
8688519,-16.4436,49.725,344.47,21842.0
9888873,-16.4106,49.7433,343.99,20939.5
5800525,-15.5744,50.1494,343.67,24869.9
9138907,-16.3736,49.7694,343.25,21486.1
474991,-15.3167,50.2569,343.23,49982.5
9317047,-16.4647,49.7928,342.82,21349.3
7406261,-16.4836,49.7472,342.78,23001.3
8985924,-15.3283,50.2792,342.73,21601.5
2874459,-15.3317,50.2222,342.17,30837.6
4405669,-15.3819,50.295,342.1,27101.0
8534214,-16.4228,49.7347,341.99,21967.0
6652449,-15.7978,50.0703,341.91,23812.4
7046429,-15.4503,50.2903,341.6,23375.0
142072,-15.4911,49.7692,341.51,65966.8
7298397,-15.3814,50.29,341.06,23111.8
11559032,-16.4264,49.7522,340.37,19881.3
799659,-20.3033,57.7594,339.81,43861.5
11846013,-16.4906,49.7042,339.7,19717.2
10782353,-16.3803,49.7781,339.67,20346.9
4113131,-16.2711,49.8131,339.55,27680.2
8599060,-16.4506,49.7214,339.34,21914.8
7209971,-15.615,50.2097,338.78,23202.6
8282318,-16.4986,49.7811,338.64,22183.5
9926450,-16.2683,49.8025,338.17,20912.1
3198658,-15.7933,50.0297,338.13,29874.2
9430678,-19.7194,63.4253,337.88,21265.6
9231936,-16.5767,49.7333,337.4,21411.9
1630594,-15.3217,50.2458,337.21,36284.1
5222844,-16.5006,49.7136,336.82,25701.4
9561824,-16.4219,49.7469,336.77,21169.5
2809689,-19.7167,63.4106,336.61,31043.5
10161353,-15.475,50.2925,336.57,20753.1
9985319,-16.5064,49.7133,336.14,20869.4
11292780,-15.4558,50.3025,335.89,20034.5
9660345,-15.6953,50.1431,335.32,21100.1
4352443,-15.4644,50.3142,334.9,27204.3
5985703,-16.2794,49.8094,334.72,24625.3
6804342,-16.5192,49.7825,334.45,23640.6
5771610,-20.3328,57.7089,334.3,24910.8
10815762,-16.4386,49.7244,334.26,20325.0
6274016,-15.7611,50.1097,333.58,24260.4
1252602,-15.4689,50.3322,333.52,38987.5
4253829,-15.7044,50.1744,333.24,27395.6
10275379,-15.7556,50.0672,333.0,20673.1
4885348,-16.3519,49.7794,332.98,26245.9
289152,-15.3508,50.3464,330.97,56278.1
7131110,-16.4053,49.7503,330.87,23284.9
2975905,-15.7681,50.0753,330.67,30524.0
9020424,-16.5147,49.7567,330.59,21577.8
8002453,-19.7142,63.4639,330.36,22432.0
5877593,-15.4919,50.2892,330.09,24769.8
862539,-16.2714,49.7133,330.08,43018.2
6759500,-15.5153,50.1561,329.65,23689.0
9267726,-16.4864,49.7878,328.95,21388.0
1532054,-15.4914,50.3153,328.81,36916.0
8732636,-16.5167,49.7331,328.03,21804.0
11503786,-16.4308,49.7772,327.98,19910.1
1277241,-15.5519,50.1614,327.84,38784.4
10008400,-16.2422,49.7214,327.7,20857.2
6748206,-15.2536,49.8397,327.2,23702.5
8688518,-16.5081,49.7775,326.84,21842.0
5249342,-20.2414,57.7169,326.5,25661.7
661323,-15.5306,50.2833,325.85,46027.5
11597618,-15.2756,49.7906,325.65,19858.9
6063753,-15.2094,50.2283,325.48,24526.8
5572152,-16.4175,49.7503,325.13,25185.5
6903004,-15.7294,50.0,324.33,23529.8
4766657,-20.3875,57.6231,324.3,26446.6
875944,-15.5419,50.3008,324.29,42849.0
6071429,-16.3842,49.7661,322.22,24516.4
11241785,-16.51,49.7556,320.99,20066.3
10453146,-16.4283,49.7781,320.24,20558.7
9212896,-16.2767,49.8194,320.06,21426.7
9328420,-15.3792,50.305,319.03,21340.3
9216399,-21.3617,55.5719,318.96,21423.8
7883853,-19.7181,63.4536,318.79,22542.5
7264329,-16.2811,49.7889,318.77,23147.6
1459840,-15.2519,50.3206,318.74,37408.0
541972,-15.6,49.9619,318.09,48377.4
4882523,-16.2669,49.8194,317.29,26250.8
11419613,-15.2867,50.2425,317.16,19961.2
9930649,-15.7119,50.1517,316.88,20909.0
5163953,-15.8139,50.0744,316.68,25792.9
11812588,-20.4592,57.4514,316.42,19736.6
6363762,-16.2633,49.7875,316.15,24149.8
3169340,-15.2144,50.3164,315.91,29955.2
10457694,-16.4186,49.7364,315.61,20555.6
2687193,-20.3453,57.6628,315.44,31457.4
10806370,-16.5114,49.7189,315.22,20331.3
9897387,-15.7056,50.1781,315.15,20933.4
8514224,-20.3417,57.7217,314.92,21984.4
2657080,-20.3031,57.6786,314.78,31560.5
11262352,-16.4728,49.7819,314.67,20053.6
3153513,-15.7044,50.1564,314.38,30001.9
7308705,-16.3231,49.7911,314.37,23100.8
9320749,-16.2894,49.7036,314.29,21346.3
10820531,-16.4772,49.7569,314.19,20321.9
1286395,-16.4083,49.7942,313.86,38710.4
10191763,-16.4928,49.7169,312.95,20731.6
9403783,-15.5856,50.2439,312.3,21286.5
5676961,-16.4983,49.7894,312.15,25038.4
1592049,-15.8097,50.0894,312.03,36525.6
10644517,-15.2189,50.3161,311.88,20434.4
10579454,-16.2614,49.7853,311.64,20478.0
4993864,-16.2744,49.7083,310.82,26068.1
5196639,-15.2489,50.3247,310.19,25743.5
8612324,-16.5881,49.7008,308.83,21903.1
7606699,-16.4067,49.7906,308.56,22806.6
1226437,-16.5794,49.7453,308.42,39210.8
4352442,-15.5219,50.3297,308.31,27204.3
690182,-15.3106,50.3656,308.06,45534.9
4675010,-20.1494,57.6217,307.89,26607.6
8935868,-16.25,49.7164,307.82,21642.7
6334841,-15.3183,50.3672,307.71,24186.7
8404631,-16.2833,49.7908,307.7,22077.0
11124193,-16.4117,49.7478,307.66,20136.0
8404625,-16.4686,49.7975,307.44,22077.0
9876418,-16.5106,49.7856,307.25,20948.6
9808748,-15.6986,50.1725,306.26,20994.2
3498486,-15.7181,50.1414,306.25,29078.8
5271031,-16.495,49.7228,306.02,25626.9
8504523,-16.4456,49.7933,305.94,21993.1
6864572,-15.4728,50.3008,305.6,23570.4
4215632,-16.6358,49.7006,305.58,27472.3
422112,-15.2214,50.3583,305.27,51438.7
10825296,-16.2608,49.8203,304.73,20318.7
5421139,-16.5744,49.7514,304.1,25402.2
4112057,-16.4517,49.8006,303.84,27682.5
10077607,-16.5047,49.7208,303.74,20808.2
4211201,-15.8197,50.0669,303.63,27481.6
10401785,-16.4231,49.7575,303.61,20589.7
11586654,-16.3719,49.7764,303.57,19865.3
4056715,-15.2836,49.8033,303.12,27799.6
5451287,-16.4125,49.7719,302.94,25359.5
10686510,-15.8258,50.0653,302.51,20406.3
6404247,-20.3428,57.4311,301.91,24102.3
7924570,-16.4942,49.7953,300.67,22502.9
4832220,-15.4756,49.9039,300.58,26335.6
2685493,-15.4281,49.8375,300.57,31463.4
682536,-15.7572,50.1603,300.22,45663.4
6216761,-15.8111,50.0794,299.57,24331.2
9676765,-15.2281,50.2431,299.49,21088.1
6797505,-15.48,50.3042,299.1,23648.7
10055467,-16.4978,49.7944,298.82,20823.5
3710011,-20.1636,57.525,298.81,28563.8
7969853,-15.2008,49.7631,298.76,22463.2
1332588,-15.3428,50.3636,298.7,38344.9
1618318,-15.3189,49.7086,298.52,36359.5
6423169,-15.4956,50.3186,298.37,24078.5
2320284,-15.4356,50.3192,297.89,32834.8
3341122,-15.27,50.3028,297.61,29485.7
1913903,-15.3739,50.3139,297.6,34697.1
321270,-15.5703,50.3208,297.46,54902.8
8266602,-15.5567,49.905,297.33,22197.8
3251158,-15.3136,49.7761,297.26,29726.7
9522526,-16.3189,49.7958,297.17,21199.5
9636375,-16.5033,49.7897,297.15,21118.2
11619122,-19.7075,63.4742,297.06,19846.0
3419070,-15.2542,50.3258,296.9,29281.9
1020844,-15.7381,50.1906,296.88,41168.6
11713338,-20.4564,57.3972,296.65,19794.6
4738356,-16.5364,49.7644,296.37,26497.2
10016838,-16.4933,49.7925,296.08,20851.1
4573328,-15.595,49.9586,295.84,26791.3
6808988,-16.545,49.7644,295.37,23635.2
11586645,-16.515,49.7383,294.15,19865.3
11393427,-15.2856,49.8008,293.58,19977.2
413816,-15.7742,50.1642,293.37,51688.3
1965102,-15.6383,50.2236,293.36,34435.4
10686491,-16.2553,49.7097,292.9,20406.3
6402162,-20.3806,57.6753,292.66,24104.9
9423031,-15.2003,50.0747,292.48,21271.5
7295746,-15.8203,50.0622,292.37,23114.6
11553806,-15.5406,50.2958,292.2,19884.5
2190520,-15.7478,50.1292,291.98,33383.2
11818385,-16.4197,49.7292,291.75,19733.3
5622310,-16.5306,49.7658,291.69,25114.6
10471222,-15.2031,50.0742,291.6,20546.3
2678566,-15.7653,50.1197,291.56,31485.7
10133429,-16.3856,49.7864,291.34,20768.4
4065172,-15.3172,50.2647,291.3,27781.3
636102,-15.8119,50.0261,291.0,46483.4
9060073,-15.4169,50.3297,290.53,21545.3
6736791,-16.4147,49.7783,290.11,23715.9
10709933,-16.5872,49.7225,289.97,20390.7
3660886,-16.5658,49.7378,289.91,28681.7
10094600,-15.2483,50.3289,289.89,20796.0
1289487,-15.3653,50.3461,289.82,38684.0
11521760,-15.2439,50.2822,289.61,19903.7
7189704,-15.5958,49.9619,289.57,23224.6
7237795,-16.265,49.8222,289.19,23172.4
6238643,-15.7733,50.1169,289.1,24302.4
4239190,-15.5658,49.9069,288.84,27425.9
2076008,-15.5086,50.3047,288.56,33902.1
7768965,-15.2656,50.2931,288.52,22646.8
11236757,-16.5894,49.7239,288.21,20069.5
10563772,-16.2847,49.8,288.11,20484.2
5620604,-15.2394,50.2989,287.86,25117.1
7673000,-15.2658,50.2981,287.65,22739.4
3969893,-20.3403,57.7444,287.62,27982.4
4024266,-20.3508,57.6272,287.59,27868.3
3539334,-15.3703,50.3492,287.18,28975.7
4565893,-15.7636,50.1258,286.91,26805.6
8725819,-16.5006,49.7936,286.46,21809.9
10042578,-15.8225,50.0594,286.42,20832.7
3473447,-16.4167,49.7908,285.94,29142.3
7550302,-15.7183,50.1233,285.81,22859.6
8038512,-16.2394,49.7275,285.77,22397.9
10992492,-15.4628,50.3206,285.75,20215.0
9426926,-16.3739,49.7828,285.62,21268.6
4426261,-15.8314,50.0711,285.35,27063.4
4993872,-15.2414,50.3161,285.33,26068.1
11702653,-15.2319,50.2464,285.33,19801.0
7547595,-15.235,50.3161,285.23,22862.4
2147250,-21.3725,55.6558,284.93,33573.5
6963126,-15.2481,49.8086,284.82,23464.7
6841159,-16.5178,49.7889,284.7,23597.4
990452,-15.3631,50.3636,284.49,41496.9
3900244,-16.415,49.7853,284.27,28134.5
7936235,-15.5253,50.2397,283.85,22491.5
590357,-15.3458,49.7136,283.56,47361.9
4995298,-16.5386,49.7683,282.81,26065.7
1330608,-15.7483,50.1514,282.51,38361.5
2584153,-15.7025,50.1872,282.27,31819.8
2941588,-16.5772,49.7575,282.21,30628.2
7187159,-19.7306,63.4014,282.13,23227.3
6466751,-16.2608,49.8092,282.13,24028.2
5451302,-15.295,50.2528,282.07,25359.5
2947946,-15.6039,50.2428,281.47,30607.4
4829560,-16.4369,49.8006,281.32,26340.4
11064485,-15.2514,50.3314,279.88,20174.0
7990538,-15.2794,50.2506,279.12,22443.3
1903179,-15.2319,50.3461,278.8,34752.2
225446,-19.8492,57.7886,278.53,59574.4
2114708,-15.5178,50.2692,278.5,33723.1
10249028,-15.3419,50.2408,278.04,20691.6
7288033,-15.4506,50.33,278.04,23122.9
8447072,-16.4683,49.8061,277.73,22039.4
10725695,-16.2583,49.8147,276.85,20384.5
2463352,-15.7228,50.1675,276.69,32269.2
4832222,-15.3922,49.9203,275.9,26335.6
616919,-20.3567,57.6911,275.67,46842.5
5708022,-15.7439,50.1475,275.42,24997.6
4205589,-16.6625,49.7117,275.37,27493.1
8921737,-15.2936,50.245,274.36,21654.5
3146756,-20.1194,57.6275,274.26,30018.9
7591709,-16.4394,49.8033,274.02,22817.8
3092309,-16.2786,49.7325,273.96,30177.7
9426953,-15.2814,50.2533,273.95,21268.6
7121378,-16.4714,49.7906,273.05,23295.8
7199762,-16.3883,49.7742,272.69,23213.6
11303172,-15.2256,50.2481,272.17,20028.2
2991847,-20.1464,57.5817,271.96,30473.9
3020082,-15.8181,50.0986,271.66,30390.2
4668603,-15.56,50.1692,271.42,26619.5
3918082,-20.2278,57.4478,271.21,28093.7
1481118,-20.3719,57.6431,271.08,37257.8
11790847,-16.6586,49.7111,271.05,19749.5
11339331,-16.6597,49.7036,270.81,20005.9
10419884,-15.8042,50.0881,270.39,20577.3
6631781,-15.8364,50.0689,270.28,23833.8
5527210,-15.5711,50.3297,269.51,25248.7
8982169,-16.2572,49.8122,269.43,21604.4
4283947,-15.7419,50.1272,269.41,27337.4
8091051,-16.3889,49.7928,268.88,22352.3
8786510,-15.3175,50.2314,268.75,21763.1
7374922,-15.7442,50.1436,268.62,23034.5
3918121,-16.51,49.8064,268.33,28093.7
11344741,-15.3072,50.1922,268.12,20002.7
8184663,-15.5914,50.1486,267.0,22269.5
10170064,-16.3889,49.7828,266.86,20746.9
1700001,-15.5103,50.2667,266.81,35863.7
3602050,-15.6764,50.1992,265.7,28823.6
3599439,-15.7381,50.0078,265.69,28830.2
11059596,-16.2547,49.8172,265.66,20177.1
11211161,-15.4103,50.3286,265.07,20085.3
6933679,-15.7522,50.1308,264.85,23494.6
10859154,-15.5789,49.9683,264.83,20296.8
6977505,-16.5122,49.795,264.81,23448.5
8722351,-16.3017,49.8181,264.42,21812.8
9573704,-16.2558,49.7831,264.42,21160.4
7013915,-15.6722,49.965,264.29,23407.7
11564396,-16.5039,49.8069,263.89,19878.1
7996550,-16.2586,49.7903,263.69,22437.6
9146368,-15.2153,50.3608,263.69,21480.2
9038354,-16.4533,49.8072,263.55,21563.1
6347063,-16.4342,49.8025,262.91,24170.9
1443389,-16.6414,49.7156,261.89,37521.9
4871580,-15.6239,50.2044,261.88,26270.2
6891112,-15.3161,50.2808,261.77,23543.4
2542885,-16.2417,49.7569,261.67,31969.7
978277,-15.6469,50.2492,261.09,41631.8
10059725,-16.2653,49.7069,260.38,20820.5
5047835,-15.2381,50.3478,260.15,25980.0
10090195,-15.4478,50.3311,260.08,20799.1
10540633,-16.3628,49.7892,260.04,20499.8
6620858,-15.2936,49.7964,259.5,23847.2
3045454,-16.2347,49.7892,258.74,30314.6
10579496,-15.275,50.3583,258.46,20478.0
10854391,-16.6394,49.7133,257.81,20299.9
6236598,-16.5442,49.7439,257.57,24305.0
9060035,-16.5114,49.8022,256.61,21545.3
10919218,-15.2725,50.3647,255.91,20262.2
11022135,-15.3833,49.8256,255.57,20196.1
4629695,-15.8139,50.1072,254.71,26688.8
2396752,-15.3414,50.3183,254.28,32528.8
1486509,-16.5789,49.7719,254.28,37221.9
1426629,-15.2522,50.3586,254.18,37642.3
5016900,-15.5267,50.2944,253.44,26029.0
11851599,-16.6569,49.7081,252.61,19714.0
6014981,-16.4775,49.8053,252.07,24589.1
2415175,-15.8497,50.0622,251.59,32456.2
8946530,-15.4231,49.8197,251.48,21633.9
3470117,-15.3753,50.3594,250.9,29151.0
4522968,-15.2839,50.2658,250.67,26881.5
9241641,-15.8217,50.1061,250.59,21408.9
7390516,-15.2989,49.7961,250.44,23017.9
11308266,-16.5333,49.7569,250.31,20025.0
7189598,-20.1572,57.6386,250.3,23224.6
1137320,-15.8317,50.02,250.3,40003.8
8106458,-16.25,49.8203,249.82,22338.0
2573520,-15.6339,50.2464,249.79,31857.9
8642643,-16.2761,49.7258,249.53,21876.9
3189025,-15.3297,50.3283,249.43,29899.8
2141969,-15.7386,50.1619,249.13,33598.2
3504412,-16.5847,49.7722,248.5,29063.5
9198319,-15.2972,50.2606,248.43,21438.6
7987482,-15.3103,50.2675,248.36,22446.2
10968038,-15.2661,50.3544,248.06,20230.7
8304591,-15.2861,50.2639,247.36,22163.4
1844383,-20.3558,57.6353,247.23,35057.0
7471145,-15.2914,49.7906,246.45,22937.5
8678451,-15.8472,50.0664,246.01,21850.7
7536622,-15.3053,50.3581,245.78,22873.5
6620835,-16.6728,49.7231,245.64,23847.2
1696807,-20.3572,57.3933,244.92,35883.3
7528513,-16.6706,49.7164,244.9,22881.9
2206510,-15.4217,50.3378,244.88,33312.6
8569210,-15.7344,50.1642,244.74,21940.9
5885030,-15.815,50.0308,244.48,24759.5
6026483,-15.3278,50.3636,244.35,24573.5
9107294,-16.2575,49.7492,244.33,21506.9
9067207,-16.5144,49.8067,243.73,21539.4
10953273,-15.675,50.2058,243.66,20240.2
10606942,-16.5233,49.7869,243.24,20459.3
8366278,-15.3158,50.2347,242.77,22111.6
10196202,-15.5103,50.3181,241.98,20728.5
7542166,-15.2217,50.3275,241.6,22868.0
3197170,-15.3753,50.3236,241.09,29878.5
3380153,-15.2775,50.3756,240.87,29381.8
8562618,-15.275,50.3144,240.52,21946.7
3176693,-15.2672,50.3253,240.5,29936.0
9461584,-15.385,50.3508,240.44,21241.6
7999541,-15.2494,50.2953,240.1,22434.8
9680817,-15.8269,50.0961,239.61,21085.0
1190639,-15.7772,50.1914,238.81,39518.3
10383585,-15.3247,50.3667,238.08,20602.1
2444810,-15.2717,50.3836,237.98,32340.2
6975085,-15.7797,50.0836,237.83,23451.2
4491108,-15.835,50.0303,237.79,26943.1
3735149,-15.6567,50.1994,236.75,28505.7
1938135,-15.6028,50.2572,235.89,34572.1
4650529,-15.335,50.3222,235.03,26653.0
1342354,-16.2367,49.8283,234.54,38270.1
6614211,-15.3281,50.3706,233.35,23855.2
1099755,-15.3967,50.3511,233.2,40365.3
5657784,-16.2503,49.7244,233.05,25066.4
8440457,-15.5464,49.9786,232.42,22045.2
9275143,-15.8311,50.0797,232.4,21382.1
1722018,-15.7317,50.1517,231.75,35737.4
1779441,-15.5358,50.3242,231.7,35411.4
8032576,-15.3036,50.37,231.61,22403.5
3730539,-15.7831,50.0947,231.25,28516.9
691955,-15.7203,50.2525,231.24,45504.1
8767120,-15.8411,50.0592,231.09,21774.8
11735487,-15.8336,50.0775,230.84,19781.7
9820836,-15.7789,50.1606,230.76,20985.1
6813638,-15.2506,50.3458,230.53,23629.8
2102714,-15.7122,50.1628,230.47,33777.9
8790035,-15.2711,50.3714,230.3,21760.1
6879470,-15.275,50.2994,230.21,23556.9
1732508,-20.2881,57.7703,229.86,35676.7
11257266,-15.2189,50.3339,229.37,20056.8
8501350,-15.7022,50.1639,229.31,21996.0
8695323,-16.5239,49.7958,228.61,21836.1
11205966,-20.3031,57.6858,228.48,20088.5
5916696,-16.5242,49.7992,226.15,24715.7
10209541,-15.6969,50.1636,225.33,20719.3
2259388,-15.8503,50.0528,224.52,33088.0
5417932,-15.8403,50.0522,224.38,25407.2
6477334,-16.5203,49.8008,224.19,24014.9
2313262,-15.7875,50.165,223.85,32862.0
6132638,-20.2067,57.4636,223.52,24438.3
8269813,-16.6661,49.7286,223.13,22195.0
5258572,-15.8311,50.0458,222.97,25646.8
4573333,-15.2853,50.3744,222.69,26791.3
1126233,-15.3678,50.3758,222.44,40108.8
4821388,-15.2969,50.1933,222.25,26354.9
9820838,-15.7658,50.1319,221.12,20985.1
11362054,-20.3492,57.6678,220.31,19996.3
11829546,-15.3981,49.8458,219.84,19726.9
6324553,-20.345,57.7519,219.0,24199.9
3849938,-15.3422,49.7006,218.54,28245.3
11022108,-16.5361,49.755,218.54,20196.1
2812915,-15.4267,49.8489,217.45,31035.3
3640377,-16.3981,49.7878,216.69,28730.6
2663687,-15.7981,50.085,216.51,31536.3
7444589,-15.7586,50.1439,216.3,22965.3
6206801,-15.2989,49.8036,215.82,24344.3
5092114,-16.6706,49.7036,215.18,25908.8
10406315,-16.5936,49.7103,214.01,20586.6
3317608,-20.3644,57.6694,213.8,29548.3
10312605,-15.5442,50.3206,213.21,20651.5
5747356,-15.4453,50.3383,212.58,24941.5
4044782,-15.7328,50.2411,212.51,27822.5
9522531,-16.2458,49.82,212.27,21199.5
8401554,-15.8383,50.0775,212.12,22079.9
2409399,-15.3664,50.385,211.57,32479.8
2400174,-15.3047,49.7058,211.57,32515.0
2246340,-15.7131,50.2072,211.48,33141.9
3030895,-15.6806,50.155,210.68,30356.6
9324544,-16.5125,49.8136,210.1,21343.3
9964041,-16.5925,49.7725,209.7,20884.7
2207766,-16.6156,49.7056,209.62,33306.8
1783763,-16.2275,49.8531,208.73,35386.2
8433881,-15.73,50.1867,207.83,22051.0
545703,-16.7078,49.7044,207.28,48295.7
1680623,-15.5061,49.7603,206.93,35979.0
5896065,-15.3603,50.3561,206.51,24744.0
3880242,-15.5953,50.3308,206.34,28177.5
1568981,-15.6031,49.9794,205.58,36673.5
1281220,-16.5456,49.7833,204.98,38753.1
10690984,-20.3447,57.6486,204.13,20403.2
8149436,-15.7258,50.245,203.69,22298.1
4323168,-16.525,49.8089,203.59,27260.4
2677380,-15.86,50.0556,203.19,31489.8
7895374,-15.2819,49.8114,202.98,22531.2
2429582,-15.5219,50.3089,202.21,32399.2
1023278,-15.6103,50.3319,202.04,41143.8
2441870,-15.8803,50.0583,201.9,32352.0
1911728,-15.7889,50.1081,201.86,34706.3
8023593,-16.2253,49.8453,201.41,22412.1
8656037,-16.2881,49.7217,200.54,21865.3
6300526,-16.2514,49.7492,200.52,24226.2
10484912,-15.7069,50.1647,200.28,20537.0
8339371,-16.2694,49.7339,200.15,22131.7
10266536,-15.7825,50.1664,200.06,20679.2
1621245,-15.2583,50.3792,199.47,36340.2
2598027,-15.3928,50.3731,199.29,31769.7
6063668,-20.3558,57.6444,199.18,24526.8
797307,-15.6594,50.2981,197.93,43893.4
7187162,-19.6881,63.4778,197.85,23227.3
11472307,-15.7942,50.095,197.28,19929.3
1344210,-15.5525,50.3258,197.05,38256.8
6936059,-15.8897,50.0583,196.21,23491.9
5204536,-15.4061,50.3592,196.18,25731.1
10885138,-16.2711,49.7025,195.91,20284.2
9175969,-15.7267,50.155,195.69,21456.4
2977859,-15.2436,50.3836,195.16,30517.8
9038371,-15.7939,50.1647,194.16,21563.1
2819646,-16.6264,49.7208,192.19,31012.7
6363779,-15.3489,50.3794,192.04,24149.8
4808796,-16.5564,49.7547,191.8,26374.3
8800165,-15.4328,49.8472,191.76,21751.4
1084704,-15.6731,50.2489,191.67,40513.4
10507733,-16.6144,49.7031,191.42,20521.5
1472858,-16.6678,49.7489,191.15,37315.9
9866204,-15.8536,50.0714,191.09,20951.7
7274658,-15.8389,50.0961,190.33,23136.6
3574967,-15.6458,50.21,189.69,28889.8
3961983,-15.8681,50.0753,189.5,28000.6
7981566,-15.3175,50.3139,189.47,22451.8
7859448,-16.4017,49.8097,189.16,22562.2
2773491,-15.875,50.0447,189.01,31162.3
2180937,-15.7956,50.1469,188.55,33425.2
8279202,-15.4094,50.3514,187.91,22186.4
10073313,-16.5283,49.7456,187.74,20811.3
4030464,-15.7722,50.1775,186.49,27854.6
3969939,-15.3442,50.3903,185.78,27982.4
5413074,-16.7078,49.7092,185.74,25414.7
8592372,-16.3958,49.8178,185.22,21920.6
4257129,-15.7133,50.2,185.19,27388.7
9619472,-20.3731,57.6714,184.33,21130.3
9776243,-16.4958,49.8089,184.2,21018.5
11287738,-16.6494,49.7067,184.14,20037.7
2346913,-15.8897,50.0786,184.03,32727.9
10962999,-15.8286,50.0342,183.2,20233.9
11466817,-20.3444,57.4153,182.74,19932.5
11398656,-15.2567,50.3414,182.31,19974.0
6928971,-15.8569,50.0531,182.11,23500.0
3586154,-21.1794,55.8289,181.91,28861.1
10222633,-15.3986,50.3808,181.61,20710.0
4238087,-15.7894,50.1444,180.71,27428.2
2865446,-15.8428,50.105,179.64,30864.4
6836443,-15.2311,50.3539,179.46,23602.8
3139762,-15.6528,50.2986,179.45,30040.1
7209968,-15.7486,50.1669,178.98,23202.6
2486272,-16.6533,49.7703,178.72,32182.2
4764037,-16.5911,49.7458,176.4,26451.5
3086796,-16.2539,49.7336,175.67,30194.6
3699978,-16.6119,49.7114,175.58,28588.3
9569700,-15.3086,50.3003,175.51,21163.4
8595622,-16.6314,49.725,174.75,21917.7
1317562,-15.4869,50.3644,174.5,38464.4
8401555,-15.8197,50.0511,174.14,22079.9
3427040,-15.7869,50.1578,173.97,29260.1
10406343,-15.6147,50.3364,173.86,20586.6
10849583,-16.6253,49.7,173.69,20303.0
3528172,-15.8872,50.0503,173.39,29004.2
6739142,-16.6617,49.7564,172.76,23713.2
7048754,-20.2856,57.7186,172.6,23372.2
11084307,-15.2464,50.3597,172.2,20161.3
6162164,-15.3531,50.33,171.89,24399.2
4014241,-15.7264,50.2014,170.15,27886.6
1543441,-16.2164,49.8306,170.13,36839.9
7933394,-15.7828,50.1858,169.31,22494.4
2739501,-15.5561,50.3303,169.12,31278.6
832044,-16.2044,49.805,168.8,43419.1
3642990,-15.8008,50.1822,168.68,28723.9
3435265,-16.2592,49.8394,168.55,29238.3
7768954,-15.7786,50.1236,168.45,22646.8
5181369,-15.6422,50.2303,167.83,25768.2
3018063,-15.2928,50.2958,167.78,30396.4
8950077,-15.8447,50.0422,167.73,21630.9
11034720,-15.2164,50.3419,167.58,20192.9
9278772,-19.7108,63.4925,167.52,21379.1
6692830,-16.2675,49.7314,167.18,23764.2
3465133,-15.3267,50.3872,167.01,29164.2
11719192,-15.7697,50.1856,166.55,19791.4
11409131,-15.2144,50.2875,165.42,19967.6
6979931,-15.7858,50.1822,164.72,23445.7
8827642,-16.2122,49.8322,164.61,21727.9
8041450,-15.8408,50.0808,164.26,22395.0
3723254,-15.5619,50.3014,163.71,28534.8
11357087,-16.2519,49.7422,162.68,19999.5
6326709,-15.4081,50.3825,161.64,24197.3
2074389,-15.7847,50.1356,161.58,33907.8
9415328,-16.6581,49.7642,161.5,21277.5
9388331,-15.3483,50.3272,161.29,21298.5
9305548,-15.8036,50.1669,160.83,21358.2
9487093,-15.3889,49.8483,160.07,21226.6
4953594,-16.365,49.7994,159.75,26134.0
3323752,-15.7606,50.1756,159.59,29531.0
1216214,-15.2406,50.4056,159.36,39298.4
6886426,-15.8469,50.0797,159.33,23548.8
4353584,-15.7753,50.2014,159.13,27201.9
3088177,-15.3081,49.7561,159.09,30190.3
2838849,-19.7239,63.3558,159.05,30951.0
2812913,-15.7378,50.2272,158.19,31035.3
8263455,-15.6225,50.2383,157.8,22200.7
3411598,-20.3803,57.3953,157.54,29299.3
11169189,-15.5975,49.9469,157.29,20107.5
1943260,-16.5814,49.8019,157.19,34544.4
11603057,-15.5075,49.7639,157.06,19855.6
8914556,-16.2333,49.8408,156.91,21660.4
5752666,-15.8183,50.1689,156.37,24933.8
2371749,-15.2486,50.4008,156.11,32626.5
2236946,-15.7058,50.2467,156.08,33180.3
7544873,-16.6506,49.7331,155.95,22865.2
3675310,-16.2258,49.8222,155.45,28646.2
2522083,-15.8219,50.1475,155.32,32047.3
9241643,-15.8,50.1728,154.3,21408.9
2751027,-15.8467,50.1167,153.81,31237.9
11226650,-15.7681,50.1472,153.75,20075.8
2047220,-15.2236,50.3744,153.73,34037.2
7393157,-15.7908,50.1525,153.68,23015.1
8330041,-15.6556,50.2169,153.16,22140.4
11840561,-15.2392,50.4031,153.0,19720.4
5151940,-15.3453,50.4022,152.52,25812.7
9510719,-15.3053,50.2467,152.16,21208.6
4792547,-16.2136,49.8217,152.02,26403.2
5717184,-15.3153,50.3892,151.91,24984.9
9114515,-15.8925,50.0475,151.81,21500.9
8896944,-16.5528,49.7469,151.77,21675.1
4449312,-15.3283,50.3922,151.7,27021.0
3056385,-15.5456,50.3317,150.92,30280.9
807970,-19.8189,57.8058,150.18,43745.1
1527309,-15.5475,50.3578,150.15,36947.0
7056239,-15.3347,50.3431,150.07,23364.1
10430547,-20.1722,57.5161,149.79,20574.2
3329119,-16.2022,49.8192,149.69,29515.9
6590040,-15.6297,50.2519,149.52,23884.6
6773565,-15.6689,50.2536,149.24,23672.9
9264018,-15.8694,50.0844,148.92,21391.0
10170101,-15.2353,50.4053,148.71,20746.9
4646562,-21.38,55.6658,148.69,26660.2
1467450,-15.4869,50.3872,148.66,37353.5
4964818,-16.6322,49.7336,148.29,26114.5
3657372,-16.6486,49.7372,148.22,28690.6
4610385,-15.7447,50.2564,147.74,26724.6
3371439,-15.4961,50.3925,147.74,29405.6
3419063,-15.8058,50.1564,147.56,29281.9
8237179,-15.7839,50.1225,147.52,22220.8
3811857,-15.8772,50.1056,147.42,28330.8
1177000,-16.4525,49.8306,147.19,39640.6
4643743,-15.2017,50.2792,146.87,26662.6
7996566,-15.7672,50.1678,146.39,22437.6
6567535,-15.8633,50.0389,146.22,23908.6
5964823,-15.3664,50.3983,146.22,24653.7
3500182,-15.3158,49.7544,146.18,29074.5
2639314,-15.6233,50.2639,146.02,31623.0
2769975,-15.7433,50.2153,145.7,31174.6
2213720,-16.3586,49.8092,145.64,33280.0
10512255,-15.8583,50.0489,145.62,20518.4
8032567,-15.7519,50.2297,144.75,22403.5
10008432,-15.2872,50.3825,144.43,20857.2
8175715,-15.355,50.3958,144.01,22278.1
5637778,-15.8797,50.0628,143.56,25091.8
10749346,-15.2108,50.2978,143.38,20368.8
11553776,-16.4,49.8003,143.36,19884.5
7556222,-15.3989,50.3908,143.14,22854.0
11697158,-15.8508,50.1078,143.12,19804.2
888161,-19.9406,57.6156,143.06,42695.6
11308288,-15.765,50.0858,143.05,20025.0
8243377,-15.7847,50.1519,142.95,22215.1
10406351,-15.4939,50.3717,142.56,20586.6
9301607,-15.3619,50.3353,142.01,21361.2
5341208,-20.0631,57.6064,141.6,25522.3
3411628,-15.7125,50.2364,141.57,29299.3
9684882,-15.3639,50.3244,141.4,21082.0
10574740,-15.7278,50.1608,141.21,20481.1
6363706,-19.7158,63.3775,141.11,24149.8
3207507,-15.4894,50.3525,140.94,29848.6
11344737,-15.3519,50.3189,140.91,20002.7
10663028,-16.6653,49.7419,140.35,20421.9
4042693,-15.9017,50.0772,140.3,27827.1
1873784,-15.8506,50.0278,140.28,34904.0
7481755,-15.2997,50.2692,140.26,22926.4
1613789,-15.6142,50.3519,139.6,36389.3
3760402,-15.4069,50.4108,139.49,28447.5
8540915,-15.3719,50.3828,139.41,21961.2
4160638,-15.6283,50.2872,139.16,27585.7
4069399,-15.8053,50.1414,139.0,27772.1
1626974,-15.3958,49.8653,138.86,36305.1
8547516,-15.7467,50.2603,138.62,21955.4
4332324,-15.7028,50.2306,138.38,27241.7
5687405,-15.2006,50.2544,137.93,25023.1
5953430,-15.4089,50.4019,137.8,24669.2
4730529,-19.7272,63.3492,137.75,26511.6
5709845,-15.3061,49.7614,137.67,24995.1
2050250,-15.5969,50.2681,137.53,34022.2
7687941,-15.8489,50.0858,137.17,22728.2
2124233,-15.3339,50.4106,137.08,33677.8
4177766,-15.2617,49.8197,136.98,27548.7
2632624,-15.6461,50.2669,136.69,31647.2
11498577,-15.2175,50.3747,136.68,19913.3
1843118,-15.4336,50.3531,136.63,35064.3
9589786,-15.7633,50.1389,136.43,21148.4
3251896,-15.715,50.2811,136.08,29724.6
4749030,-15.7717,50.1408,135.55,26477.9
4163771,-16.5958,49.7628,135.36,27578.7
11640695,-15.3,50.2942,135.31,19833.2
4097137,-15.4753,50.3544,135.27,27714.7
9542184,-15.7633,50.1931,135.02,21184.5
10090187,-15.8517,50.0375,134.59,20799.1
11084291,-15.7139,50.2658,134.46,20161.3
6282103,-15.6322,50.2658,134.41,24249.9
9800562,-15.7533,50.2503,134.25,21000.3
10073342,-15.6531,50.2681,134.14,20811.3
6984726,-16.6056,49.7039,133.93,23440.3
4950771,-15.8133,50.1528,133.9,26138.9
5834380,-15.7192,50.2136,133.74,24826.3
9313211,-15.5761,49.9317,133.6,21352.3
6999045,-15.6486,50.2944,133.27,23424.0
2082689,-15.6031,50.3458,133.23,33870.2
5947940,-15.4772,50.3592,132.76,24677.0
9260301,-15.7322,50.2303,132.76,21394.0
4895376,-15.6975,50.2339,132.67,26228.9
9096474,-16.3597,49.8131,132.54,21515.7
4041671,-15.8103,50.1394,132.45,27829.4
4741017,-15.4781,50.3842,132.38,26492.4
6991811,-15.8644,50.1075,132.09,23432.1
8106470,-15.6733,50.2417,131.74,22338.0
7298377,-16.6692,49.7575,131.58,23111.8
10388221,-15.7936,50.1283,130.53,20599.0
3636027,-15.3344,49.7642,130.46,28741.7
5334868,-15.7167,50.2906,130.35,25532.2
8447103,-15.2122,50.2628,130.0,22039.4
9038375,-15.7472,50.2656,129.95,21563.1
6423162,-15.7939,50.1353,129.65,24078.5
3766925,-16.5567,49.7769,129.64,28431.9
11388283,-15.5781,49.9372,129.45,19980.4
1270061,-15.2919,50.3981,129.35,38843.5
6785075,-15.8625,50.0286,129.32,23659.4
9286414,-15.7208,50.2658,129.2,21373.1
4986178,-15.3897,50.3986,128.98,26077.9
8342472,-16.5342,49.8058,128.95,22128.9
5405074,-15.7622,50.2036,128.81,25427.2
4130885,-15.4022,49.8586,128.78,27645.7
4236938,-15.7983,50.0194,128.57,27430.5
2729440,-15.4278,50.3606,128.44,31311.2
3686455,-16.5847,49.7911,127.96,28621.7
11796341,-15.3964,50.4022,127.72,19746.2
11134130,-15.8681,50.0275,127.64,20129.7
8863235,-15.7961,50.1983,127.59,21698.6
4653089,-15.2242,50.4081,127.53,26648.2
5469446,-19.7311,63.3439,127.42,25331.8
8224812,-15.8303,50.1475,127.34,22232.3
7066040,-15.7647,50.2,127.02,23353.2
2115939,-15.3692,50.4147,126.61,33717.5
4358161,-21.1517,55.8242,126.37,27192.6
5903431,-15.7081,50.2703,126.18,24733.7
7948063,-15.7081,50.2375,125.9,22480.2
10244626,-15.41,50.4078,125.82,20694.6
4025331,-15.3839,50.4039,125.67,27866.0
8803470,-15.7575,50.1819,125.12,21748.4
8900429,-15.6169,50.3481,124.87,21672.1
4800702,-15.7506,50.1828,124.54,26388.8
7242960,-15.4733,50.3689,124.53,23166.9
10531479,-16.6019,49.7067,124.46,20506.0
6466760,-15.8367,50.1481,124.36,24028.2
9494998,-15.7758,50.2106,124.29,21220.6
11002414,-15.76,50.2317,124.28,20208.7
2056116,-15.4539,50.3544,124.09,33996.0
8234151,-15.4008,50.3397,124.09,22223.7
11252045,-16.245,49.8094,123.96,20059.9
5762814,-15.6219,50.3472,123.87,24923.6
9305543,-15.8969,50.0794,123.66,21358.2
5786038,-15.4194,49.8544,123.45,24890.4
4278148,-15.8686,50.1158,123.31,27349.1
10161339,-15.8561,50.1103,123.22,20753.1
7041602,-16.6006,49.7214,123.12,23380.4
6347071,-15.5803,50.3436,123.07,24170.9
8109547,-15.7133,50.2847,122.54,22335.2
1549109,-15.8903,50.2508,122.51,36803.6
10899684,-16.2069,49.7161,122.15,20274.8
8345677,-15.7092,50.2242,122.09,22126.0
4494819,-15.535,50.3564,122.06,26936.0
3986978,-15.3211,49.8269,121.85,27943.7
2758650,-15.4275,50.3839,121.54,31213.4
11857269,-15.8061,50.1933,121.52,19710.7
9733510,-16.6464,49.7425,121.51,21045.7
9913970,-15.8547,50.0958,121.46,20921.2
6594493,-15.7333,50.2653,121.39,23879.2
3675314,-15.4378,50.3656,121.31,28646.2
6400185,-15.2128,50.2547,121.3,24107.6
2491234,-15.4597,50.3692,121.24,32162.4
10025328,-15.6922,50.2367,121.04,20845.0
5498510,-15.5153,50.3519,120.57,25291.6
6645108,-15.3303,50.3492,120.52,23817.8
11196160,-15.5842,50.3056,120.22,20094.9
2738349,-15.5133,50.3942,119.82,31282.7
1246140,-16.9103,49.8864,119.62,39041.4
7746405,-15.7114,50.22,119.18,22669.3
6797498,-15.91,49.7017,119.13,23648.7
11114144,-19.7411,63.3644,119.02,20142.4
8407896,-16.5972,49.7581,118.97,22074.1
10116142,-15.7064,50.2169,118.89,20780.7
7892488,-16.6789,49.7278,118.66,22534.0
2379818,-15.5856,50.2864,118.58,32595.3
4147134,-15.8325,50.1153,118.54,27611.1
2023929,-15.4381,50.3825,118.52,34147.4
9187151,-15.9008,50.0847,118.26,21447.5
9442332,-15.5672,50.2886,118.26,21256.6
4592371,-16.6728,49.7619,118.13,26755.6
9577688,-15.8511,50.09,117.89,21157.4
9993885,-15.705,50.2278,117.85,20863.3
5232665,-15.5064,50.3761,117.45,25689.0
10875527,-16.9186,49.8878,117.44,20290.5
11282676,-15.9122,50.0811,117.06,20040.9
3433589,-16.8872,49.8911,117.03,29242.7
1380623,-15.3464,49.7486,116.89,37977.6
6134735,-15.5014,50.4044,116.72,24435.7
4193683,-15.4258,50.4206,116.52,27518.6
9880648,-15.5842,49.9761,116.52,20945.6
4931921,-15.6969,50.2181,116.36,26168.1
4758659,-15.7667,50.2239,116.28,26461.1
3798097,-16.5506,49.8081,116.23,28360.1
9332190,-16.5961,49.7489,116.09,21337.3
2861728,-15.2694,50.4044,115.85,30876.8
3129093,-15.6178,50.2894,115.79,30071.9
6067537,-16.8983,49.8958,115.72,24521.6
3007861,-15.8297,50.1281,115.66,30425.8
7963917,-15.8775,50.07,115.47,22468.9
10700611,-15.3056,50.2825,115.38,20397.0
6395983,-15.8828,50.1144,115.34,24112.9
3257992,-15.5956,49.9381,114.57,29707.4
9313184,-16.6444,49.7778,114.35,21352.3
2049490,-15.3222,50.4233,114.04,34025.9
4100245,-15.3314,50.4228,114.04,27707.8
7222650,-15.66,50.2394,113.7,23188.9
6069437,-16.5419,49.7908,113.53,24519.0
9514669,-15.7294,50.27,113.45,21205.6
8437148,-15.7292,50.2861,113.26,22048.1
5615511,-15.8483,50.1531,113.22,25124.8
7204832,-20.4814,57.3755,113.2,23208.1
10625785,-16.9217,49.8781,112.94,20446.9
8163396,-15.3047,50.3958,112.43,22289.5
3323710,-21.3808,55.6214,112.01,29531.0
8760240,-15.8433,50.1544,111.49,21780.6
1761509,-15.83,50.2578,111.04,35512.0
6972722,-16.5831,49.7869,110.95,23453.9
4841850,-15.7167,50.2206,110.84,26318.6
10859109,-16.9289,49.8753,110.73,20296.8
4413084,-15.6944,50.2961,110.59,27089.3
8544154,-15.8525,50.1442,110.52,21958.3
4278156,-15.2967,50.3047,109.88,27349.1
11109270,-15.8986,50.0867,109.86,20145.5
10165770,-15.7183,50.295,109.65,20750.0
3913243,-15.6858,50.2944,109.54,28105.1
5598441,-15.6778,50.3031,109.13,25150.1
4821383,-16.5486,49.7942,109.08,26354.9
8069806,-15.2792,50.3228,108.82,22372.2
10262057,-15.605,50.3331,108.75,20682.3
2025018,-15.9244,50.1806,108.24,34141.8
4166894,-15.6492,50.3089,108.21,27571.8
11807376,-15.6531,50.2361,108.13,19739.8
11169194,-15.5225,50.3558,107.6,20107.5
11461801,-15.5131,50.3733,107.56,19935.7
6140646,-15.8639,50.12,107.49,24427.9
8181724,-15.3253,49.7619,107.21,22272.3
11159070,-15.5133,50.3569,107.19,20113.9
11124228,-15.2839,50.3103,107.11,20136.0
7591734,-15.4667,50.3814,106.87,22817.8
8618980,-15.7781,50.1333,106.73,21897.3
9194658,-15.3392,50.4139,106.73,21441.6
1542046,-19.8819,57.65,106.57,36850.3
4273643,-15.2058,50.2689,106.28,27358.4
10825283,-16.6022,49.7597,106.21,20318.7
3481693,-15.8975,50.07,106.2,29120.4
6773564,-15.7581,50.2244,106.18,23672.9
11509127,-15.8369,50.1617,106.08,19906.9
9768133,-15.4114,50.4169,105.94,21024.5
7123777,-15.8461,50.1289,105.82,23293.1
6453731,-15.8725,50.115,105.54,24044.1
5408209,-15.7789,50.2153,105.34,25422.2
3829134,-15.2481,50.4083,105.08,28290.3
9640308,-15.7128,50.2264,104.95,21115.2
10782372,-15.7228,50.2947,104.24,20346.9
11683907,-15.3878,50.4033,104.24,19807.5
7575304,-15.7419,50.1728,104.15,22834.5
7591725,-15.6553,50.2286,104.08,22817.8
4177765,-15.3039,50.3197,104.01,27548.7
4331168,-15.5436,50.3469,103.85,27244.1
5953425,-15.7567,50.2197,103.67,24669.2
8288599,-15.8444,50.1228,103.52,22177.7
6824879,-15.7739,50.2381,103.51,23616.3
5845249,-15.6719,50.2289,103.08,24810.9
6462502,-15.8331,50.1561,102.86,24033.5
7656235,-16.4111,49.8083,102.81,22756.2
4206698,-15.6919,50.275,102.81,27490.8
9399935,-15.2228,50.3694,102.81,21289.5
2975903,-16.1839,49.7156,102.79,30524.0
4095057,-15.5542,50.3497,102.71,27719.3
11724591,-15.8261,50.1175,102.67,19788.1
8272989,-15.2853,50.3347,102.62,22192.1
3942535,-15.2781,50.3931,102.49,28041.5
11651304,-16.5533,49.8053,102.33,19826.7
6692832,-16.2275,49.7519,102.29,23764.2
6419024,-15.7514,50.2156,102.28,24083.8
3633443,-15.3128,50.3406,102.14,28748.3
10392732,-15.88,50.0917,101.95,20595.9
5195096,-15.8158,50.1333,101.92,25746.0
11445997,-15.8864,50.1119,101.89,19945.3
6188834,-15.5522,50.3386,101.62,24367.8
10709924,-16.8883,49.8981,101.54,20390.7
9309362,-15.6986,50.2969,101.4,21355.2
8091062,-15.9028,50.0697,100.93,22352.3
11445697,-21.2636,55.345,100.71,19945.3
10754007,-16.6039,49.7553,100.69,20365.7
7907022,-15.505,50.3883,100.53,22519.8
2859389,-15.6031,49.9342,100.45,30885.1
10630450,-15.8394,50.1431,100.31,20443.8
7768956,-15.7053,50.2911,99.97,22646.8
9438441,-15.8239,50.0294,99.96,21259.6
11543014,-15.8797,50.0278,99.89,19890.9
1880213,-15.2933,49.7444,99.88,34869.3
11818373,-16.6311,49.7456,99.76,19733.3
11419607,-15.4031,49.9189,99.1,19961.2
8579111,-15.2081,50.3003,99.1,21932.2
7182151,-16.9039,49.8769,98.91,23232.8
10806392,-15.6114,50.2869,98.88,20331.3
6234589,-16.5569,49.7497,98.47,24307.6
3762258,-15.795,50.2175,98.29,28443.1
6218773,-15.8258,50.1886,98.09,24328.6
9664440,-15.6711,50.2581,97.72,21097.1
9656375,-16.6486,49.7561,97.64,21103.2
9934869,-15.6789,50.2989,97.4,20906.0
6736803,-15.6917,50.2181,97.33,23715.9
9124303,-16.2297,49.7614,96.7,21498.0
7972802,-15.7056,50.2744,96.62,22460.4
5401849,-15.2981,50.3431,96.56,25432.2
4908332,-15.6414,50.3161,96.29,26209.5
5185941,-15.6739,50.2686,95.8,25760.8
7895352,-16.3969,49.8239,95.58,22531.2
7723937,-15.8267,50.1256,95.48,22691.8
4573326,-15.7819,50.2233,95.29,26791.3
9776269,-15.6144,50.3636,94.81,21018.5
7138640,-15.8903,50.0708,94.81,23276.6
8953636,-15.4658,50.3583,94.6,21628.0
11430175,-16.3794,49.8267,94.03,19954.9
10997365,-16.2414,49.7431,94.03,20211.8
10621018,-15.8281,50.1619,93.96,20450.0
7942075,-15.2547,50.3981,93.65,22485.9
6960755,-15.9306,50.1714,93.55,23467.5
10361177,-15.2311,50.36,93.43,20617.5
10244616,-15.7828,50.23,93.41,20694.6
6652443,-16.2142,49.8017,93.4,23812.4
8893415,-15.2914,50.3228,93.17,21678.0
4573329,-15.5819,49.9214,92.86,26791.3
7678566,-19.6872,63.415,92.47,22733.8
2935781,-15.3094,49.8069,92.46,30646.9
8008547,-15.7767,50.2292,92.44,22426.3
4591145,-16.6081,49.7092,92.17,26758.0
9453859,-16.9308,49.8619,92.14,21247.6
10316882,-16.1786,49.7153,91.78,20648.4
7462978,-21.3722,55.5511,91.71,22945.8
9275147,-15.6656,50.2331,91.37,21382.1
6342964,-15.9053,50.1761,91.21,24176.2
8458424,-15.9133,50.0928,91.12,22033.6
6466766,-15.58,49.9408,91.06,24028.2
2896798,-15.6117,50.3744,90.99,30767.3
7757758,-15.6703,50.2156,90.87,22658.0
5195030,-20.3367,57.7753,90.87,25746.0
3527344,-16.5653,49.8292,90.63,29006.4
2430092,-15.6875,50.3219,90.6,32397.3
7693448,-15.8478,50.1394,90.46,22722.6
7862331,-15.8022,50.1147,90.42,22559.4
7036791,-15.8658,50.0225,90.14,23385.9
10968025,-15.8375,50.1253,89.92,20230.7
9453886,-15.8772,50.1189,89.76,21247.6
10835016,-15.8606,50.1258,89.61,20312.4
7642564,-15.9086,49.7108,89.43,22770.2
4738358,-16.4492,49.8442,89.28,26497.2
3649095,-16.8211,49.9486,89.27,28708.4
8935897,-15.3183,50.3956,89.27,21642.7
9542196,-15.3414,50.4181,89.2,21184.5
10749331,-15.8386,50.1575,88.9,20368.8
9092825,-15.4789,50.3911,88.78,21518.7
7675788,-15.3533,50.4172,88.75,22736.6
3311112,-15.57,50.4089,88.69,29563.4
5947938,-15.5286,50.3447,88.57,24677.0
8002536,-15.5283,50.365,88.49,22432.0
10602472,-15.7739,50.2231,88.2,20462.4
8841638,-20.3531,57.7069,88.04,21716.2
6162143,-16.4564,49.8358,87.68,24399.2
9934870,-15.6744,50.2989,87.59,20906.0
5071047,-15.5492,50.3692,87.54,25940.7
7789900,-16.2275,49.7442,87.14,22629.9
11702622,-15.9103,50.1842,87.0,19801.0
4843224,-15.6608,50.3308,86.88,26316.2
10820514,-16.9164,49.8681,86.69,20321.9
7515075,-15.825,50.1311,86.64,22895.8
5043441,-15.7475,49.9969,86.57,25987.3
6214726,-15.6269,50.3069,85.92,24333.8
10597802,-15.7778,50.2467,85.88,20465.6
4534445,-16.5994,49.7503,85.44,26862.5
7738009,-16.5889,49.7544,85.35,22677.7
5041782,-15.3611,49.8439,85.3,25989.8
11624501,-15.8228,50.1322,85.11,19842.8
11084310,-15.2078,50.2731,84.77,20161.3
2573517,-15.9797,50.2194,84.69,31857.9
3312923,-15.8856,50.215,84.61,29561.2
6933683,-15.5233,50.3878,84.54,23494.6
8477839,-16.5594,49.8328,84.5,22016.3
4598675,-15.4192,50.3714,84.48,26743.7
4436876,-15.6564,50.3378,84.31,27042.2
8782919,-15.6339,50.3147,83.95,21766.0
2927026,-15.8572,50.2847,83.39,30671.9
9419161,-15.8728,50.0358,82.92,21274.5
9074389,-15.6183,50.2486,82.88,21533.5
9717280,-16.1953,49.7119,82.67,21057.8
4989059,-16.6167,49.7267,82.67,26073.0
11357114,-15.6833,50.2681,82.66,19999.5
6005596,-15.8831,49.7042,82.53,24602.0
6345075,-15.8903,50.1917,82.5,24173.6
9593694,-15.3558,50.4136,82.41,21145.4
10909324,-15.7833,50.2175,82.4,20268.5
5627466,-15.7558,50.2836,82.35,25107.0
3260286,-15.9733,50.2014,82.34,29701.0
8156745,-16.4539,49.8464,82.2,22295.2
8443843,-15.4225,50.3911,81.46,22042.3
4868727,-15.5542,50.4031,81.44,26275.0
5903410,-16.9469,49.8569,80.89,24733.7
7951111,-15.805,50.1264,80.88,22477.4
10137759,-15.3561,50.4078,80.84,20765.3
7835826,-15.7139,50.3028,80.79,22584.8
5375315,-15.9408,50.2039,80.61,25469.8
5079907,-15.6708,50.3122,80.57,25926.0
9880653,-15.4278,50.4061,80.46,20945.6
11532425,-15.4136,50.3897,80.42,19897.3
11079383,-15.3239,49.8247,80.3,20164.5
9081741,-15.5003,50.4117,80.27,21527.6
11393416,-15.5775,50.4078,80.18,19977.2
10540667,-15.2981,50.3744,80.07,20499.8
10658516,-15.8608,50.0936,80.02,20425.0
10625808,-15.8897,50.0964,80.01,20446.9
9772222,-15.6544,50.3308,79.92,21021.5
10700601,-15.6839,50.2742,79.54,20397.0
11049588,-15.5425,50.3675,79.08,20183.4
9403785,-15.5636,50.3481,78.75,21286.5
10029676,-15.2036,50.3136,78.35,20841.9
9450016,-15.9014,50.1153,78.24,21250.6
3384059,-15.5997,50.2778,78.13,29371.0
2665493,-15.5436,49.7733,78.03,31532.2
6775888,-15.9144,50.1042,77.79,23670.2
11114281,-15.8497,50.1586,77.71,20142.4
10334489,-16.8856,49.8883,77.37,20636.1
10639732,-15.3736,50.4078,76.91,20437.5
6587801,-16.1981,49.8325,76.84,23887.2
11231780,-15.2989,50.3292,76.47,20072.6
10672383,-15.4694,50.3772,76.47,20415.7
3481694,-15.8686,50.2653,76.44,29120.4
10235702,-15.8833,50.0331,76.33,20700.8
5980063,-15.2925,50.3158,76.22,24633.1
5620594,-16.5214,49.8275,75.86,25117.1
7975673,-15.3906,50.4178,75.78,22457.5
9252792,-16.9247,49.89,74.96,21400.0
11282677,-15.8653,50.1547,74.65,20040.9
8320390,-15.9831,50.2022,74.64,22149.0
9332215,-15.5878,50.2928,74.23,21337.3
3256522,-15.4242,49.865,74.05,29711.7
8443829,-16.2161,49.7778,73.98,22042.3
8824188,-16.5858,49.8139,73.97,21730.8
8635898,-15.9178,50.1033,73.96,21882.8
5736635,-15.3542,49.7458,73.83,24956.8
6170050,-16.5725,49.8178,73.7,24388.7
11012321,-15.9017,50.1061,73.41,20202.4
7512349,-16.5519,49.8133,73.37,22898.6
8461638,-15.4217,50.3489,73.36,22030.7
10948359,-15.85,50.1628,73.1,20243.3
9153780,-15.5381,50.3692,73.09,21474.3
10383545,-16.9533,49.8867,72.78,20602.1
8047528,-16.4783,49.8144,72.68,22389.3
6820386,-15.6522,50.3433,72.36,23621.7
4844621,-15.8867,50.2297,71.83,26313.8
6447289,-15.5892,49.9308,71.79,24052.0
4449295,-17.0328,49.8383,71.59,27021.0
5924123,-15.5619,50.3956,71.58,24705.4
6164103,-15.3189,50.4336,71.54,24396.6
11357079,-16.5753,49.8028,71.03,19999.5
7390495,-16.8339,49.9275,71.01,23017.9
9888876,-16.3656,49.8136,70.92,20939.5
9888891,-15.8072,50.1322,70.86,20939.5
10782371,-15.76,50.2131,70.52,20346.9
6581330,-15.6064,50.3242,70.43,23895.2
9880638,-15.8308,50.2,70.37,20945.6
11818407,-15.7328,50.2117,70.32,19733.3
8221770,-15.6231,50.3767,69.94,22235.1
8880720,-16.5756,49.8156,69.86,21683.9
6431696,-15.9267,50.1614,69.78,24067.9
11308297,-15.5411,50.3736,69.66,20025.0
9597723,-15.4033,50.4339,69.28,21142.4
5585635,-16.4878,49.8314,69.18,25165.3
8806958,-15.3281,49.8253,69.17,21745.5
9644370,-15.5589,50.3672,69.11,21112.2
7303534,-16.5692,49.7967,69.06,23106.3
4139532,-15.9561,50.1475,68.96,27627.2
11603059,-15.4006,50.3636,68.84,19855.6
9876436,-15.7436,49.9917,68.77,20948.6
11362292,-15.9,50.1314,68.69,19996.3
9212881,-16.8028,49.9644,68.61,21426.7
8946526,-15.7014,50.2689,68.41,21633.9
8907497,-15.7697,50.24,68.38,21666.2
10448712,-15.8528,50.1367,68.21,20561.8
4796633,-16.4406,49.8361,67.83,26396.0
6322633,-15.5642,50.3869,67.73,24202.5
10475908,-15.9178,50.0897,67.4,20543.2
7401094,-15.9178,50.1114,67.26,23006.8
7567152,-15.2103,50.4147,66.9,22842.9
4430953,-15.2717,50.4336,66.83,27054.0
11796345,-15.3022,49.8231,66.83,19746.2
6746003,-15.6817,50.2344,66.8,23705.2
6381285,-17.0467,49.8328,66.71,24131.4
10397194,-15.7053,50.2867,66.59,20592.8
10531471,-16.8625,49.9386,66.3,20506.0
9816769,-15.8936,50.0997,66.09,20988.1
8359962,-15.625,50.3308,66.06,22117.3
11419548,-17.0408,49.8342,65.8,19961.2
7609487,-15.5222,50.3917,65.54,22803.8
6128810,-15.5836,50.3731,65.48,24443.5
10839862,-15.5281,50.3928,65.33,20309.3
11735482,-15.9214,50.1117,65.18,19781.7
11866640,-15.5364,50.3753,65.15,19707.5
9403778,-15.9461,50.2047,64.67,21286.5
5517073,-16.72,49.7075,64.58,25263.8
8172681,-15.9125,50.1125,64.55,22280.9
7468393,-16.7272,49.9872,64.55,22940.3
9701047,-15.9214,50.08,64.38,21069.9
9465487,-15.4653,50.3983,64.3,21238.6
9114518,-15.8608,50.2022,64.19,21500.9
11840508,-16.8128,49.9519,63.83,19720.4
11477670,-15.8814,50.2211,63.77,19926.1
9733546,-15.5603,50.3869,63.73,21045.7
10231406,-15.2347,50.4194,63.5,20703.9
7242953,-15.7006,50.3103,63.0,23166.9
8800162,-15.5792,50.3742,62.64,21751.4
5323201,-16.6039,49.805,62.55,25547.2
9743748,-15.2856,50.4319,62.51,21042.7
11768570,-16.7381,49.9956,62.4,19762.4
9713097,-16.5669,49.7989,62.08,21060.8
8537574,-16.5983,49.7842,61.54,21964.1
11393374,-17.0428,49.8392,61.28,19977.2
4832224,-15.285,50.4678,60.67,26335.6
5587360,-15.7872,50.2814,59.94,25162.8
11211147,-15.9081,50.1275,59.76,20085.3
11796315,-15.9364,50.2103,59.51,19746.2
10059714,-16.6339,49.7897,58.84,20820.5
10494116,-15.57,50.4017,58.83,20530.8
6288257,-15.7969,50.2739,58.77,24242.0
7531240,-15.2219,50.3872,58.6,22879.1
11012330,-15.6672,50.3233,58.51,20202.4
4969063,-17.0769,49.8278,58.46,26107.2
5890602,-15.8214,50.2567,58.45,24751.8
11017176,-16.7531,49.98,58.12,20199.2
8100289,-15.3044,50.4708,57.87,22343.7
8702076,-16.8772,49.885,57.82,21830.3
10471181,-16.5728,49.7986,56.73,20546.3
7367016,-15.3161,50.4547,56.53,23042.8
8301264,-19.7403,63.3322,56.38,22166.3
5972425,-15.6147,50.3161,56.18,24643.4
10512239,-16.4658,49.8375,55.69,20518.4
9938930,-15.9047,50.105,55.37,20902.9
8880732,-16.1756,49.8028,55.24,21683.9
11206172,-15.8914,50.2261,55.13,20088.5
7999533,-15.5389,50.3964,55.12,22434.8
10073335,-15.7653,50.2842,55.11,20811.3
10471221,-15.2797,50.4694,54.88,20546.3
6663745,-15.8722,50.2853,54.71,23799.1
10992487,-15.5828,50.3519,54.46,20215.0
9930620,-16.6019,49.7892,54.4,20909.0
8880741,-15.6878,50.3025,54.3,21683.9
8935848,-16.9839,49.8642,54.2,21642.7
9157461,-16.6825,49.7161,54.08,21471.3
11735495,-15.5958,50.3567,53.69,19781.7
4979044,-20.4717,57.3369,53.42,26090.1
8639187,-16.1369,49.7119,53.15,21879.9
10839830,-16.6142,49.7353,53.11,20309.3
8246498,-16.6186,49.7717,53.08,22212.2
9332189,-16.6353,49.7778,52.98,21337.3
8725841,-15.6928,50.3067,52.66,21809.9
9776261,-15.84,50.2542,52.56,21018.5
10620993,-16.5617,49.7972,52.28,20450.0
11635349,-15.2033,50.3831,52.23,19836.4
7468418,-15.8092,50.2725,52.21,22940.3
10649126,-15.6014,50.2928,52.01,20431.3
11114294,-15.3636,49.7156,51.68,20142.4
9328409,-15.8614,50.2953,51.1,21340.3
11586640,-16.6217,49.7775,50.77,19865.3
10249014,-15.9678,50.2267,50.41,20691.6
9593680,-15.9308,50.2197,50.22,21145.4
9901477,-16.4742,49.8264,50.05,20930.4
11527105,-15.6492,50.3358,49.82,19900.5
8618991,-15.4536,50.3636,49.8,21897.3
11367488,-15.9058,50.2142,49.65,19993.1
9187149,-15.9542,50.1908,49.43,21447.5
10020969,-17.0242,49.8497,49.34,20848.0
10338872,-15.4617,50.3594,49.3,20633.0
8240314,-15.6008,50.3711,49.06,22217.9
9190988,-15.2842,49.7028,48.99,21444.6
11503814,-15.6925,50.3008,48.82,19910.1
11409106,-15.9133,50.1172,48.79,19967.6
9392195,-15.9594,50.2083,48.61,21295.5
11129216,-15.5939,49.9303,48.25,20132.9
10987557,-17.0567,49.8333,48.16,20218.1
8849275,-15.3111,50.4058,48.14,21710.3
9089173,-15.6419,50.3244,48.05,21521.7
9849842,-15.7778,50.2639,47.83,20963.8
9909827,-15.2903,50.3872,47.77,20924.3
10953236,-16.5078,49.8333,47.75,20240.2
10290361,-16.9919,49.8575,47.62,20666.9
11752137,-15.8856,50.1367,47.05,19772.0
9415349,-15.8956,50.2189,46.67,21277.5
9972524,-15.3669,49.7183,46.4,20878.5
8935881,-15.6894,50.3128,46.17,21642.7
9985338,-15.3908,50.4617,45.26,20869.4
9368887,-15.6306,50.3358,44.97,21313.4
9808714,-16.6128,49.7394,44.9,20994.2
9849844,-15.6764,50.3336,44.79,20963.8
9052701,-15.2019,50.4031,44.57,21551.3
6725360,-19.7706,63.3595,44.19,23729.3
11054617,-15.7142,50.3225,43.8,20180.3
11034676,-16.4589,49.8572,43.73,20192.9
10875356,-20.3661,57.6983,43.68,20290.5
11292761,-15.8872,50.1392,42.64,20034.5
9506811,-15.5906,50.3664,42.61,21211.6
9446195,-15.5894,49.9206,41.65,21253.6
10521449,-15.6097,50.3108,41.5,20512.2
9947304,-15.4267,49.8739,41.23,20896.9
11866638,-15.7794,50.2756,41.08,19707.5
11074304,-15.6428,50.3608,40.97,20167.6
11683900,-15.5919,50.3739,40.64,19807.5
9792505,-15.6389,50.3428,40.17,21006.3
7830082,-15.9278,50.2589,40.05,22590.5
7853743,-15.5758,49.7689,39.97,22567.9
11344722,-15.7969,50.2894,38.4,20002.7
9142474,-19.755,63.3428,36.22,21483.2
9317070,-15.5803,49.7728,35.77,21349.3
10987608,-15.3478,49.7386,35.6,20218.1
9780370,-17.1117,49.8086,34.66,21015.4
