1924546,-77.3167,39.7008,3788.44,34642.0
11220575,-73.5997,38.9158,3180.19,20079.0
11677617,-72.5825,44.8392,2897.42,19810.7
10324991,-72.5683,41.7058,2795.33,20642.2
91513,-72.4869,27.9783,2734.48,72283.1
274075,-72.6056,31.3008,2616.25,56985.7
645160,-72.4044,27.58,2593.36,46317.3
7143085,-72.4844,28.0008,2590.3,23271.2
8608460,-71.9892,42.7767,2584.07,21906.0
327831,-72.5778,31.4092,2581.57,54638.7
1250679,-72.6086,31.2642,2580.77,39003.9
647154,-72.4094,27.8892,2574.57,46281.5
1664369,-72.4125,27.58,2560.52,36076.3
1057614,-72.5944,31.4133,2549.23,40787.7
1737559,-72.5994,31.3467,2542.8,35646.3
245395,-72.3897,27.9475,2535.45,58442.9
913980,-72.3828,27.695,2529.67,42375.0
2566635,-72.4331,27.74,2526.35,31883.9
124090,-72.6139,31.0283,2522.96,67871.9
2520951,-72.3992,27.8433,2522.65,32051.3
2640807,-72.5919,31.4492,2510.13,31617.0
385216,-72.6383,31.1567,2509.45,52582.8
2132179,-72.4358,27.5792,2508.98,33641.8
10695135,-72.8386,31.1908,2506.68,20400.1
2782516,-72.5819,31.4858,2503.47,31133.7
4266617,-72.4683,27.9875,2503.16,27372.4
5639291,-72.4642,27.9925,2501.2,25089.2
54480,-72.5636,31.2275,2497.05,80123.8
5754169,-72.3969,27.6767,2492.69,24931.3
4333266,-72.6039,31.4367,2488.48,27239.4
8175205,-72.3939,27.8308,2480.46,22278.1
1683446,-72.5747,31.51,2473.07,35963.1
11585781,-72.6033,31.3825,2467.42,19865.3
2023165,-72.6306,31.1558,2433.49,34151.2
9704422,-72.9958,29.9542,2426.64,21066.9
4431977,-72.7028,31.175,2422.91,27051.6
1084072,-72.4169,27.9725,2421.38,40519.7
2874334,-72.7083,31.0533,2415.77,30837.6
1487686,-72.6233,31.0275,2415.25,37213.3
1790671,-72.8394,28.6008,2414.85,35348.4
2069801,-72.6133,31.205,2411.08,33930.3
6679078,-72.7244,31.075,2406.1,23780.3
9791852,-72.7136,31.0625,2401.43,21006.3
131706,-72.5814,31.2133,2398.95,67039.8
1780313,-72.3767,27.5825,2396.87,35406.0
9751254,-72.5719,31.2433,2396.61,21036.6
4035324,-72.4097,27.97,2393.67,27843.2
3901998,-72.5792,31.1942,2393.66,28130.0
158743,-72.5375,31.32,2393.42,64393.1
3864630,-72.6983,31.1317,2390.02,28213.7
4858602,-72.5867,31.2242,2384.1,26292.0
8081512,-72.3825,27.6692,2370.86,22360.8
372087,-71.7111,35.8425,2363.99,53017.2
52708,-71.3903,35.5858,2363.31,80627.9
1736055,-72.5103,28.0733,2355.27,35655.3
2407904,-71.7222,35.8592,2348.08,32485.6
7800797,-72.3972,27.955,2345.47,22618.6
1994156,-72.3694,27.8083,2345.17,34294.5
8230552,-72.5047,28.0367,2343.97,22226.5
3422153,-72.5664,31.3725,2311.49,29273.2
2117807,-72.5806,31.3442,2311.36,33708.0
8852127,-72.3819,27.8125,2306.72,21707.4
129296,-71.6153,35.5992,2296.32,67298.7
1132831,-72.6197,31.0758,2295.45,40048.4
2617066,-68.5583,52.1233,2295.21,31701.5
215157,-72.5475,31.2267,2290.35,60209.5
7664154,-71.2836,42.8192,2287.02,22747.8
7170650,-72.3603,27.7267,2276.41,23241.0
5157621,-71.7847,36.185,2275.5,25802.8
861333,-72.3522,27.8392,2275.07,43034.5
10713822,-71.2428,43.0408,2269.72,20387.6
7698543,-68.5606,52.1906,2259.51,22717.0
5981654,-71.7278,35.8892,2256.03,24630.5
6538655,-72.5575,31.5125,2254.36,23943.2
4092750,-72.3506,27.8267,2246.66,27723.9
8942343,-72.0814,35.2608,2239.95,21636.8
1740034,-72.5514,31.4542,2239.75,35633.8
7650358,-68.605,52.1039,2238.96,22761.8
2749178,-72.385,27.8958,2237.24,31244.0
7658586,-72.0728,35.2925,2236.16,22753.4
1618796,-71.5944,35.615,2231.99,36356.0
3436789,-71.6997,35.8625,2227.36,29234.0
4612746,-72.5433,31.3125,2222.55,26719.9
5079671,-71.3794,35.5917,2218.05,25926.0
828739,-72.2739,27.6483,2213.59,43463.1
2577074,-68.5183,52.0511,2202.7,31843.9
10739057,-71.5997,35.6117,2195.44,20375.1
1525277,-72.5506,31.2925,2194.98,36960.8
5603307,-71.7339,35.8425,2188.36,25142.5
520261,-71.4086,35.5383,2183.92,48871.4
369439,-71.5633,35.665,2181.56,53108.4
2273571,-71.6561,35.9842,2179.21,33028.3
612203,-71.4069,35.5617,2178.0,46929.5
2010698,-72.0097,35.2383,2175.15,34212.7
2210736,-71.7025,35.7942,2174.41,33293.4
4176549,-71.6556,36.0283,2172.3,27551.0
3065580,-71.6803,35.955,2168.3,30255.7
356067,-67.8997,53.5378,2164.57,53573.1
4389016,-71.6236,35.5883,2163.28,27133.9
4615254,-71.6128,35.6617,2159.54,26715.1
194152,-71.3447,35.7367,2157.82,61610.1
1047574,-72.3442,31.2717,2153.02,40892.2
2051438,-72.3531,31.2733,2145.42,34018.5
3236677,-71.9897,35.1983,2141.34,29765.3
646384,-71.3506,35.7592,2140.87,46295.3
3841869,-71.6236,36.0317,2139.22,28263.3
8193291,-71.69,35.8692,2135.44,22260.9
889880,-72.5472,31.1842,2134.59,42674.7
1953923,-72.3056,27.875,2134.11,34490.9
4230130,-71.7244,35.8058,2127.75,27444.4
7055835,-72.0228,35.25,2125.59,23364.1
11602197,-68.5036,52.07,2124.09,19855.6
2553348,-71.6036,35.685,2122.61,31931.8
4971721,-71.3469,35.7217,2121.0,26102.3
1099728,-71.6644,35.8558,2120.83,40365.3
404932,-71.3264,35.7817,2118.89,51957.5
1306357,-72.5756,31.1575,2117.39,38550.4
11271547,-71.6475,36.0133,2115.87,20047.2
1669244,-71.3986,35.5842,2115.7,36048.0
4219916,-71.6825,35.8442,2112.34,27463.0
9816094,-72.3481,31.2675,2111.27,20988.1
7981094,-72.545,31.18,2108.83,22451.8
4497066,-71.5867,36.0575,2107.87,26931.2
2537137,-72.3806,28.0267,2106.26,31991.6
8491090,-71.6764,35.9392,2105.21,22004.7
9449368,-71.5178,36.8733,2097.94,21250.6
11195338,-71.6069,35.6833,2097.28,20094.9
1174231,-71.3556,35.7367,2095.5,39664.7
990433,-72.3369,31.2717,2094.14,41496.9
6318217,-72.3619,31.29,2084.32,24207.8
3309461,-72.2619,27.6317,2081.53,29567.7
1740035,-71.3578,35.7733,2078.8,35633.8
158611,-67.9961,55.0961,2074.77,64405.0
6560543,-71.6869,35.7608,2074.25,23916.6
11063648,-71.5931,36.0492,2073.71,20174.0
198358,-68.0433,55.4178,2067.54,61314.6
2025310,-72.3494,31.245,2067.43,34140.0
4600972,-71.7239,35.7758,2065.7,26738.9
236899,-68.1294,55.4761,2057.07,58909.8
7170651,-71.5672,35.62,2040.92,23241.0
39808,-66.7003,54.84,2039.64,84932.6
4335931,-71.3319,35.8,2032.96,27237.0
1714575,-71.3217,35.7958,2031.27,35780.1
825701,-66.8253,54.8244,2030.65,43502.7
2143935,-66.7911,55.0889,2028.77,33588.7
655335,-71.5297,35.6508,2026.88,46134.0
5182641,-71.4792,36.8183,2025.69,25765.7
2310001,-67.8933,53.7861,2023.45,32875.5
8262922,-71.6511,35.895,2014.82,22200.7
3747305,-71.3703,35.7758,2011.02,28478.9
6078763,-67.9964,55.11,2008.55,24506.0
6518523,-71.3636,35.7725,2007.87,23967.1
7462665,-71.3292,35.7608,2001.04,22945.8
2032171,-68.1267,55.3578,2000.38,34108.2
3097787,-71.6203,35.9283,1995.95,30160.8
3816624,-68.1714,55.3889,1988.47,28319.6
1880163,-71.45,35.9042,1979.26,34869.3
11740186,-71.6742,35.69,1977.59,19778.5
4949079,-71.6117,35.9283,1975.88,26141.3
2462790,-68.1236,55.4628,1974.61,32271.2
1670588,-71.5469,35.61,1971.18,36039.2
9622980,-72.2803,27.9225,1970.63,21127.3
5214898,-68.1253,55.4055,1970.13,25713.8
7561183,-71.6228,35.9533,1967.89,22848.5
2731069,-71.8053,34.8108,1963.18,31305.1
7222258,-68.1231,55.4272,1960.89,23188.9
1530524,-67.875,53.5039,1956.16,36924.6
3738721,-67.8797,53.5067,1953.17,28496.8
7950605,-71.5531,35.6808,1951.67,22477.4
2283707,-71.4372,35.695,1945.78,32983.9
1353896,-71.4044,35.515,1943.59,38180.1
2341551,-71.4417,35.7242,1941.85,32747.4
703681,-71.5156,35.575,1941.62,45310.5
11531542,-71.8106,35.1892,1939.34,19897.3
10834270,-67.8717,53.5778,1938.99,20312.4
509002,-68.085,55.4756,1937.16,49137.9
3536629,-71.5775,35.5817,1934.39,28982.3
1269128,-72.1872,27.5708,1933.59,38851.7
836470,-66.7339,54.1622,1932.62,43358.9
9840852,-66.7094,54.8106,1929.38,20969.9
565828,-71.3942,35.495,1926.6,47867.7
5264610,-67.8667,53.8022,1924.54,25636.8
329932,-71.2878,35.6217,1924.17,54558.2
6110048,-72.1983,27.7625,1923.57,24464.4
6843133,-72.2033,27.7442,1921.13,23594.7
11413527,-72.2122,27.7192,1918.37,19964.4
5774983,-71.4072,35.6758,1917.64,24905.7
2692339,-68.0586,55.4017,1913.33,31439.1
5296410,-71.3136,35.8183,1902.75,25589.6
7358666,-67.8647,53.575,1900.47,23051.1
1880167,-66.7017,54.2233,1892.16,34869.3
3534949,-71.2872,35.6417,1887.62,28986.7
106167,-67.9283,56.5155,1885.33,70133.1
1277025,-71.2892,35.6917,1884.69,38786.0
1671756,-67.9294,56.5011,1883.01,36032.1
2122980,-68.1767,56.76,1881.11,33683.4
944742,-72.1814,27.6575,1870.26,42011.1
4703750,-71.4267,35.5092,1868.67,26557.2
1125621,-66.8903,53.6156,1866.0,40115.1
3881104,-67.8186,54.4356,1863.99,28175.3
234561,-68.0217,55.645,1863.65,59043.7
442720,-67.7772,54.855,1862.98,50845.7
1068723,-71.5342,35.53,1862.32,40673.5
2463272,-71.2897,35.6617,1858.21,32269.2
823450,-71.2872,35.7608,1856.44,43534.9
3336977,-72.1728,27.6175,1850.3,29496.5
5091891,-68.1872,56.77,1847.34,25908.8
1788151,-66.7083,54.0372,1842.7,35362.8
7106226,-72.1758,27.6725,1842.39,23312.2
2008823,-66.9839,54.7111,1838.48,34222.0
10119741,-67.9908,55.0933,1827.13,20777.6
8026058,-71.3881,35.4825,1815.97,22409.2
7287654,-66.7403,54.1122,1812.22,23122.9
1000747,-72.1575,27.6683,1809.26,41384.7
6350828,-66.9772,54.6894,1808.78,24165.7
5715143,-72.1725,27.6308,1806.06,24987.4
6685714,-71.4967,35.5083,1805.71,23772.3
912168,-67.7958,54.9017,1805.48,42397.6
5345893,-66.8956,53.6344,1804.27,25514.8
6140338,-71.2922,35.8042,1797.85,24427.9
9335389,-66.895,55.1694,1796.89,21334.4
3237421,-72.1786,27.515,1796.75,29763.1
2626908,-72.1714,27.5275,1795.97,31665.3
1445980,-71.3553,35.5375,1794.32,37503.3
345103,-67.9289,56.4606,1790.49,53977.1
10115446,-72.0997,28.9517,1788.82,20780.7
177818,-67.9975,55.6761,1787.7,62812.4
1139873,-67.8011,54.9011,1785.71,39981.5
8002057,-67.82,54.7139,1783.71,22432.0
8862682,-72.1764,27.6467,1777.29,21698.6
6573579,-72.1778,27.53,1772.55,23900.6
10289682,-71.5736,35.5483,1768.06,20666.9
2728767,-66.7953,53.5222,1766.2,31313.2
478991,-66.8431,53.1967,1763.77,49879.2
10549182,-67.8125,54.4517,1761.68,20493.6
1117818,-68.0211,55.5917,1751.62,40191.3
2828016,-67.8814,52.7222,1751.05,30983.9
9216027,-69.0228,47.7833,1750.94,21423.8
2531535,-67.7928,54.8878,1748.92,32013.5
5391754,-68.1344,56.3267,1747.18,25447.3
665782,-68.0144,56.4833,1743.35,45949.9
1905910,-66.8364,53.3406,1737.16,34737.5
831909,-68.0083,56.5211,1736.43,43420.6
11773366,-68.0206,55.6306,1735.2,19759.1
2402583,-71.3486,35.5025,1729.41,32505.2
2241703,-68.0247,55.5361,1728.18,33159.2
8816728,-67.9239,56.5344,1725.63,21736.7
487783,-68.0036,56.9089,1725.31,49652.6
5615276,-67.7783,54.7878,1723.72,25124.8
5673227,-68.0181,55.66,1723.51,25043.5
6110049,-71.35,35.5258,1722.22,24464.4
945114,-72.1053,27.7492,1718.03,42006.6
9521924,-72.1083,27.7708,1712.53,21199.5
10625068,-66.8681,53.5633,1712.02,20446.9
6479163,-68.0336,55.4767,1710.94,24012.3
806725,-72.1411,27.6242,1709.74,43761.2
4803286,-68.1186,56.0972,1705.32,26383.9
814519,-67.9297,56.4294,1701.53,43656.2
9092219,-72.1011,27.7675,1691.94,21518.7
2029936,-67.9261,56.4467,1686.45,34119.4
3926534,-72.1367,27.665,1683.45,28077.8
859018,-66.9008,53.2756,1682.76,43064.1
111030,-66.8208,52.6555,1680.6,69481.5
454118,-67.7633,50.7122,1679.93,50537.8
9647737,-66.8528,53.3844,1677.59,21109.2
5620337,-67.77,54.7739,1676.55,25117.1
1963298,-66.8492,53.1872,1673.35,34444.7
7720741,-67.7725,54.4756,1672.9,22694.6
9659768,-68.1189,56.0872,1671.24,21100.1
802886,-66.9094,53.1928,1655.41,43816.4
311185,-68.2369,49.6672,1654.53,55319.0
3303519,-66.8919,53.2772,1649.54,29584.9
10666967,-68.0264,55.6333,1645.58,20418.8
139763,-67.7269,50.3317,1645.48,66198.2
1309180,-68.3731,49.9272,1644.55,38527.3
88045,-67.6017,50.3128,1643.87,72865.2
2049089,-66.7531,55.1417,1643.57,34027.8
3717515,-72.1542,27.6175,1642.9,28548.2
131821,-68.2186,49.44,1640.8,67025.5
585911,-66.725,52.8433,1640.17,47452.0
6365527,-66.8839,53.275,1634.67,24147.2
107022,-67.7306,50.1328,1629.16,70017.6
562619,-72.0706,27.6808,1628.09,47935.6
1355422,-66.9225,53.1872,1621.57,38168.4
11021356,-68.0178,55.6245,1620.05,20196.1
1357404,-67.9578,56.415,1619.15,38155.0
10294082,-66.8297,53.2278,1616.16,20663.8
4470689,-66.7558,55.1622,1615.09,26978.5
9954932,-72.1692,27.7517,1613.1,20890.8
4066086,-68.0128,56.9044,1611.27,27779.0
363894,-67.6867,50.515,1611.15,53300.0
3261642,-68.2147,50.2261,1609.34,29696.7
8190239,-66.8806,53.2678,1600.21,22263.8
5789470,-67.9203,56.4317,1596.49,24885.2
780508,-67.7211,50.0978,1589.18,44133.7
1797039,-67.925,56.5856,1584.51,35312.3
1786507,-66.8361,53.0928,1581.5,35370.0
2059084,-66.8506,53.0756,1567.31,33981.0
3136839,-66.8417,53.0772,1565.55,30048.6
3161982,-67.7461,50.7394,1559.86,29976.4
3729491,-66.7281,52.8628,1559.74,28519.1
6967563,-67.6797,51.2278,1559.67,23459.3
3781169,-67.9397,56.4189,1558.1,28400.5
83027,-67.6558,50.0689,1555.75,73733.5
9565127,-66.7594,55.1733,1548.4,21166.5
3339343,-66.9272,53.1889,1546.97,29490.0
814715,-66.7022,52.7378,1545.75,43653.3
5627222,-66.8564,53.0817,1544.92,25107.0
275082,-67.725,50.1644,1543.97,56937.6
2096679,-68.2264,49.4439,1541.62,33804.3
7853320,-67.7408,50.7805,1540.63,22567.9
1823641,-67.6472,50.6956,1538.11,35169.5
6306463,-67.9556,56.4072,1535.92,24218.3
10709228,-66.8356,53.0794,1535.85,20390.7
1235072,-68.1919,49.8667,1532.78,39136.0
5823186,-67.7225,50.1233,1530.74,24841.7
908740,-67.6003,51.1367,1530.47,42439.6
427311,-67.8783,56.5044,1528.17,51283.6
3372115,-68.1975,49.8806,1523.73,29403.5
1923791,-66.9325,53.1661,1521.13,34643.9
5464256,-71.9894,28.0325,1518.82,25339.4
5261470,-67.6722,51.0611,1518.34,25641.8
1000065,-67.6625,50.0528,1518.14,41390.8
4144731,-67.6469,50.8044,1518.02,27615.7
135330,-67.9933,47.8633,1517.85,66655.7
952142,-66.8914,53.1194,1514.36,41927.6
3586075,-67.7269,55.1383,1514.0,28861.1
378704,-66.8908,55.4772,1511.84,52796.8
6565003,-67.7739,50.6789,1510.22,23911.2
63407,-67.7275,50.0145,1509.53,77822.9
11526284,-66.8603,53.0811,1500.04,19900.5
1747351,-67.7172,50.345,1499.29,35590.9
849606,-67.6539,50.4483,1497.92,43185.2
10549183,-67.7336,50.3283,1497.23,20493.6
2179596,-67.6108,51.1372,1494.9,33430.9
8896430,-67.6536,50.7694,1494.67,21675.1
1657571,-67.73,50.3556,1493.13,36118.6
9561232,-67.6586,50.7144,1491.01,21169.5
1545746,-67.7119,50.3233,1490.72,36824.4
647005,-66.8344,52.6389,1489.81,46284.3
6122724,-67.7667,50.6872,1487.81,24451.3
2132581,-66.8978,55.4744,1483.7,33639.9
2466886,-67.9044,56.4967,1482.9,32257.3
5032561,-66.8639,53.07,1481.35,26002.0
678312,-67.6344,50.4083,1481.03,45734.5
3705347,-67.6081,51.2372,1480.71,28574.9
9066670,-66.9358,53.1544,1480.01,21539.4
444272,-71.8856,27.5658,1479.4,50801.8
4718109,-68.3061,49.6867,1479.32,26530.8
228114,-67.0144,52.8267,1478.08,59415.9
1369951,-67.7264,50.3033,1477.47,38059.7
6267443,-67.61,51.2511,1475.66,24268.3
10666968,-68.0042,55.5639,1470.85,20418.8
3156915,-72.0972,27.6617,1468.76,29991.3
5169877,-72.0053,27.9567,1468.12,25783.0
8504042,-67.7133,50.0822,1467.73,21993.1
1363578,-67.5744,51.1533,1464.4,38108.3
11466216,-67.7133,50.1033,1462.87,19932.5
1820808,-67.6625,50.4611,1462.53,35185.8
1612631,-67.5867,51.1461,1462.51,36394.5
1615574,-72.1047,27.5242,1462.27,36377.0
11723714,-67.6656,50.4706,1461.43,19788.1
2043226,-67.6072,50.5517,1457.6,34055.9
1666478,-67.7456,50.6533,1455.54,36065.7
4035336,-67.7425,55.2694,1455.11,27843.2
1367786,-67.4992,52.9,1454.67,38074.8
9005550,-71.9933,27.9792,1452.34,21589.7
342498,-67.5158,50.5506,1451.46,54072.6
2844311,-71.9894,27.8592,1449.06,30932.5
2071680,-66.8981,53.1083,1445.63,33920.9
5425737,-67.4925,52.9089,1443.1,25394.6
287661,-67.6381,50.3717,1442.97,56346.0
2371232,-68.1225,49.8833,1437.98,32628.5
8903408,-66.9381,53.1361,1437.8,21669.2
292224,-67.9886,47.3972,1435.47,56137.5
11856408,-67.9119,56.5928,1434.46,19710.7
948033,-66.8489,52.8339,1433.13,41974.7
2534540,-72.0658,27.6275,1432.33,32001.5
8127613,-67.4964,52.9044,1431.67,22318.1
3968796,-66.8564,52.8294,1425.73,27984.7
1885355,-71.8614,27.7525,1422.92,34843.7
2982380,-66.8311,52.8478,1421.7,30503.2
5483316,-67.0061,52.8522,1419.66,25314.2
547298,-67.6914,50.2694,1419.61,48261.4
277595,-72.0094,27.5525,1419.27,56817.8
659262,-66.9786,52.9128,1416.82,46064.9
1229611,-66.8858,55.4672,1415.76,39183.1
761986,-66.8511,52.7622,1414.56,44405.7
1130843,-67.7375,50.2039,1414.08,40065.9
3612475,-67.49,52.9267,1413.82,28797.0
1306562,-67.0053,52.9756,1413.75,38548.7
11053847,-68.1167,49.8728,1410.02,20180.3
5336284,-67.7453,50.6728,1408.95,25529.8
3414938,-71.8472,27.8225,1408.35,29292.8
11230954,-66.8333,55.4267,1408.03,20072.6
6605122,-67.0203,55.1706,1407.53,23865.9
404572,-67.9717,47.9278,1406.92,51968.5
3167027,-67.7333,50.3672,1406.65,29961.5
7123440,-67.7436,50.69,1406.56,23293.1
2105034,-66.8819,52.9983,1406.38,33766.6
3960888,-67.7006,50.0989,1406.2,28002.9
688756,-66.9175,52.9128,1404.93,45557.3
8060375,-67.0017,52.9689,1404.31,22380.8
3066937,-67.4961,50.6939,1401.82,30251.5
260061,-66.9317,52.3283,1400.16,57678.1
3424557,-67.4925,50.7528,1399.51,29266.7
3197073,-66.9808,53.0339,1399.34,29878.5
6683557,-67.5514,50.7956,1396.68,23774.9
2489732,-67.9925,47.3544,1395.51,32168.3
579683,-67.6981,50.1344,1391.24,47578.0
33000,-67.6689,49.4928,1391.09,87813.0
5227847,-67.8658,56.4995,1390.97,25696.4
2735855,-67.6144,50.3306,1390.9,31288.8
8546977,-67.0253,55.1928,1390.69,21955.4
3473330,-66.8053,52.6911,1388.29,29142.3
301756,-66.8967,52.4167,1387.18,55720.6
6273690,-67.7075,50.3139,1385.84,24260.4
231800,-66.9742,52.4878,1384.88,59204.3
341309,-66.9147,52.6972,1383.72,54117.4
419090,-66.8942,52.3905,1383.56,51527.8
9490471,-66.9297,52.3233,1380.83,21223.6
1274313,-68.2656,49.3211,1379.45,38809.0
1205213,-70.3947,37.9392,1375.73,39392.3
7168139,-66.9225,52.3278,1375.37,23243.8
8917613,-66.9994,52.96,1372.79,21657.4
4565714,-67.5808,51.1528,1371.5,26805.6
1812870,-67.7783,50.2528,1370.25,35227.4
8269324,-67.5103,52.7567,1367.08,22195.0
554530,-68.1747,49.4744,1366.82,48108.0
5501560,-66.7486,51.8978,1366.29,25286.5
2432877,-67.4867,50.7389,1366.1,32385.5
2217556,-67.7028,50.3078,1362.88,33264.7
10578715,-67.7556,50.6261,1362.53,20478.0
2453750,-71.8814,27.6075,1360.06,32306.7
2539231,-67.7228,49.9911,1359.31,31983.6
463083,-66.9142,52.4572,1358.05,50298.9
3716650,-66.7928,52.6894,1354.6,28550.4
5244730,-71.8764,27.6108,1354.22,25669.1
1919628,-67.4953,50.6739,1352.94,34665.9
4621831,-67.9164,56.4039,1352.69,26703.2
469110,-66.9431,52.3644,1352.58,50135.3
1576849,-67.7481,50.2172,1352.11,36621.4
5013715,-68.1708,49.6906,1350.57,26033.9
577599,-67.4944,50.5833,1348.27,47623.5
495043,-66.9156,55.5344,1346.84,49470.0
1307174,-67.9567,47.9539,1346.71,38543.8
9959223,-67.6994,50.2961,1346.45,20887.7
2021659,-68.1367,49.7017,1345.04,34158.6
2901827,-66.9756,52.9628,1344.83,30750.7
7712294,-67.7417,50.3539,1342.61,22703.0
3331293,-67.4797,50.7306,1342.17,29509.5
125771,-66.8953,51.5039,1341.28,67684.8
5475886,-71.8472,27.7408,1340.82,25321.8
3362488,-70.3953,37.9467,1336.79,29429.5
9639700,-67.5039,52.77,1336.73,21115.2
8988915,-72.1097,27.5783,1334.49,21598.5
6857236,-67.8547,56.5239,1333.4,23578.5
10743760,-72.1158,27.5833,1332.98,20372.0
4637107,-66.9225,52.3478,1329.27,26674.5
475942,-67.5775,50.2228,1328.68,49958.3
9909196,-72.0056,27.57,1326.29,20924.3
3343337,-67.5717,50.2195,1325.51,29479.2
3043276,-67.0178,52.9278,1322.85,30320.9
137551,-68.2147,49.1461,1322.7,66424.0
10894051,-66.9219,52.34,1320.93,20277.9
4966025,-66.9203,52.7067,1319.83,26112.1
6287968,-66.8408,52.6411,1316.72,24242.0
1548591,-67.67,50.4239,1314.83,36807.1
5432991,-67.6931,50.0889,1314.8,25387.1
2018387,-67.5711,50.4667,1314.6,34175.4
171924,-68.1569,49.4261,1313.22,63274.2
2597383,-67.5136,50.5228,1311.07,31771.8
4241223,-72.0458,27.63,1310.51,27421.2
918481,-66.8653,52.4078,1309.05,42320.9
3069699,-67.5086,52.6806,1306.57,30243.0
5386864,-67.9811,47.9111,1304.44,25454.8
539552,-67.4961,50.4472,1303.72,48431.4
49019,-68.1881,49.0967,1301.55,81736.1
64948,-67.6639,49.9178,1300.08,77443.0
10681226,-72.0317,27.6158,1299.12,20409.4
872590,-67.5644,50.2844,1298.44,42890.6
6322329,-67.9922,47.7772,1298.07,24202.5
7128309,-67.6914,50.1317,1298.07,23287.6
10089484,-70.395,37.9225,1297.31,20799.1
2499864,-68.1561,49.6911,1295.91,32130.7
1399499,-66.8853,52.7128,1293.2,37838.1
6914351,-67.5072,52.7244,1292.85,23516.3
197304,-68.0808,48.0078,1292.64,61386.3
2598489,-67.4917,52.7256,1291.03,31767.7
1352011,-71.8744,27.5625,1290.86,38195.1
8935332,-67.6753,55.3811,1289.89,21642.7
7075484,-67.5256,51.3722,1288.99,23342.2
7120974,-71.8731,27.6333,1286.6,23295.8
5157635,-66.8914,52.3722,1286.33,25802.8
7310934,-67.5197,51.4228,1286.06,23098.0
4649019,-68.1653,49.4211,1285.48,26655.4
11552997,-66.8983,51.495,1285.4,19884.5
10033398,-68.1686,49.4172,1283.2,20838.8
3676969,-67.5469,55.1567,1282.67,28641.7
1965777,-68.1875,49.4728,1282.05,34431.7
7511916,-66.9392,52.3522,1281.91,22898.6
6512087,-66.8697,52.4217,1280.75,23975.1
4761183,-67.6989,50.2567,1279.29,26456.3
650075,-68.1631,49.5,1277.42,46227.8
1996388,-66.8719,52.7333,1277.28,34283.4
4795022,-68.1853,49.0844,1277.12,26398.4
3797044,-66.9864,52.8767,1275.51,28362.3
4085903,-68.1758,49.4944,1275.16,27735.4
4310280,-67.7122,50.0033,1274.7,27286.1
3870325,-67.0375,52.8889,1272.38,28200.1
8112069,-67.6208,50.4039,1272.18,22332.3
10063332,-67.7569,50.2161,1270.34,20817.4
7234777,-67.5,52.7233,1270.07,23175.2
95562,-68.1189,48.9511,1266.77,71652.8
1392400,-68.0678,47.9733,1265.93,37890.3
1520260,-67.7508,50.1511,1264.96,36993.5
51149,-66.9775,51.3461,1264.67,81073.2
4489691,-67.6583,55.4311,1264.08,26945.4
1457511,-68.1081,49.6533,1264.05,37425.0
6395652,-67.7472,50.1494,1263.61,24112.9
3757560,-68.1467,49.4428,1263.31,28454.3
8087571,-67.0422,52.8739,1262.41,22355.1
8272509,-67.5625,50.2167,1261.43,22192.1
5938082,-68.1961,49.4911,1261.15,24689.9
11683051,-67.7372,50.0239,1260.89,19807.5
11356336,-67.4822,50.8167,1259.67,19999.5
8035054,-66.9708,52.51,1258.7,22400.7
102530,-68.1136,49.0389,1257.39,70629.2
10903800,-68.1533,49.6817,1256.61,20271.6
2116296,-66.9131,52.8745,1256.02,33715.6
112291,-67.6617,49.6078,1255.97,69316.2
423638,-67.9442,49.6,1254.8,51394.1
4263177,-67.6861,50.2306,1251.83,27379.4
2092440,-67.5022,50.4972,1250.55,33825.0
4094915,-67.555,50.4228,1249.19,27719.3
9368297,-66.9711,52.9344,1247.48,21313.4
3783983,-66.8889,52.3533,1246.07,28393.7
3127617,-67.9522,47.9889,1245.89,30076.2
3388304,-66.9083,52.4367,1243.88,29362.3
8078479,-66.9119,55.5278,1242.47,22363.7
3961848,-68.2144,49.1572,1242.03,28000.6
3347135,-66.9014,55.5072,1234.22,29468.4
5139738,-67.6375,50.035,1233.85,25832.4
4098009,-67.5153,51.3633,1233.76,27712.4
3417330,-71.9892,27.6258,1233.6,29286.2
4937353,-66.9019,55.4839,1232.14,26158.4
10151853,-66.8594,52.7489,1228.12,20759.2
9430203,-67.6411,50.0522,1225.98,21265.6
1365886,-67.6575,50.2083,1219.86,38089.9
1104314,-67.44,51.03,1208.95,40321.1
9320226,-68.1106,49.6722,1208.83,21346.3
580922,-67.4214,51.0078,1206.0,47552.6
7731917,-67.4983,50.4706,1205.63,22683.3
2752669,-66.9728,52.5206,1203.89,31231.8
1493867,-66.8733,51.7072,1203.61,37172.2
9005578,-67.5039,51.4539,1202.5,21589.7
1684309,-67.4403,50.8183,1202.2,35957.8
9525795,-67.7425,50.0394,1201.89,21196.5
3483213,-67.4758,51.2717,1201.32,29116.1
11773367,-67.7214,50.275,1201.27,19759.1
10996614,-71.6272,28.3908,1199.34,20211.8
2667737,-66.7025,55.615,1199.23,31524.1
11701704,-67.4456,50.8217,1196.35,19801.0
2129027,-68.2464,49.1156,1196.18,33656.9
5336286,-67.4839,51.2633,1195.97,25529.8
10810353,-66.8475,55.5783,1192.46,20328.1
188122,-68.1156,48.8917,1191.82,62046.0
841527,-67.5194,50.1872,1190.72,43292.8
2855735,-66.8694,51.6928,1190.52,30897.5
10329391,-66.9064,55.5211,1190.13,20639.2
7436012,-67.5522,50.2028,1189.71,22973.6
5541571,-67.5578,50.2711,1189.48,25231.0
1930106,-67.7025,49.9872,1189.35,34612.6
2265418,-66.7647,51.5767,1186.96,33061.1
8332689,-68.1658,49.5483,1185.9,22137.5
77335,-67.1928,51.14,1184.52,74816.0
1366108,-67.6689,49.9006,1181.46,38088.2
995571,-67.2058,51.1939,1178.64,41440.1
1224776,-68.1283,49.43,1177.93,39223.8
2603982,-68.1811,49.0533,1176.41,31747.7
4795023,-68.1372,49.4333,1175.31,26398.4
8124541,-66.8161,51.675,1172.22,22320.9
874422,-67.2147,51.2355,1172.07,42866.8
3706254,-67.4611,51.3028,1171.62,28572.7
2042858,-67.9492,49.6389,1168.71,34057.8
5457659,-66.8703,52.04,1167.7,25349.4
913380,-67.4647,50.5744,1167.01,42382.6
141934,-68.1694,49.2317,1166.52,65982.3
65884,-67.7017,49.2917,1164.54,77223.0
7413901,-67.5147,50.1756,1164.5,22993.0
2162321,-68.1667,49.2467,1162.55,33505.2
157959,-67.3622,50.4739,1160.98,64462.3
318468,-67.4261,50.2383,1160.77,55017.6
4464727,-68.1642,49.2583,1160.71,26990.3
762086,-66.9122,51.6861,1159.79,44404.3
220214,-66.9742,51.4172,1156.82,59894.4
1960398,-67.1919,51.155,1156.32,34459.5
3207395,-68.1547,49.2617,1156.13,29848.6
1564392,-67.7503,50.0194,1156.0,36704.8
10610996,-67.48,50.8433,1155.5,20456.2
445197,-67.4992,50.1172,1152.51,50778.0
432778,-66.7944,51.4594,1151.67,51124.3
839882,-66.8675,51.505,1150.87,43313.4
3763995,-68.2336,49.1517,1150.19,28438.6
1032427,-66.9728,52.3417,1148.79,41049.2
7070563,-67.7447,50.0122,1147.95,23347.7
5897672,-67.4453,51.0294,1147.67,24741.5
10597111,-67.4661,51.3006,1146.27,20465.6
9892431,-68.2503,49.1255,1144.69,20936.4
24466,-67.705,49.1539,1142.35,92567.9
3406765,-67.2147,51.2133,1142.01,29312.3
1917610,-66.8486,51.6105,1141.56,34676.9
11271617,-67.6511,50.1961,1141.41,20047.2
369838,-68.2306,49.0822,1140.43,53094.0
2219290,-68.2286,49.3406,1140.03,33257.0
979861,-68.2447,48.9845,1137.48,41615.0
3254881,-68.2525,48.9928,1137.02,29716.0
138458,-68.2047,48.9433,1135.57,66330.9
3669816,-67.4292,50.2244,1135.44,28659.5
2585147,-67.3686,50.4489,1135.33,31815.8
9993219,-68.1836,49.0594,1134.48,20863.3
8063337,-66.9758,51.4261,1133.89,22377.9
8935331,-68.1064,48.95,1129.49,21642.7
373711,-67.4361,50.1544,1129.44,52960.7
523438,-66.9783,52.0711,1128.83,48797.1
1398172,-66.8778,51.5139,1126.66,37848.2
222936,-68.0925,48.8933,1125.2,59723.9
136390,-67.0347,51.6372,1119.85,66548.6
1421067,-67.8383,47.8078,1115.99,37681.2
2069410,-67.4297,50.8267,1115.03,33932.2
1071357,-67.5203,50.1389,1114.75,40645.3
4742130,-66.7631,51.5439,1111.61,26490.0
241347,-67.7169,49.4683,1109.78,58663.8
198415,-67.0683,55.7505,1106.42,61311.5
3421395,-67.8942,47.7906,1102.98,29275.4
6611691,-67.4433,50.8711,1101.24,23857.9
336424,-67.3514,50.3678,1100.45,54299.5
8970889,-66.9808,52.5211,1100.09,21613.2
1668147,-67.4047,51.5722,1099.98,36055.1
2846151,-66.9097,51.6689,1099.47,30926.3
427146,-67.4244,55.6578,1098.16,51288.6
982809,-67.5767,50.0294,1097.99,41579.7
649659,-68.1197,48.9883,1097.45,46236.1
1417173,-68.2508,48.9661,1096.28,37708.3
11828641,-67.6744,49.9322,1092.38,19726.9
609624,-66.9897,51.405,1091.69,46981.1
7209587,-67.4739,50.5939,1091.28,23202.6
3446197,-68.0914,48.9072,1090.75,29212.2
1529243,-67.81,47.915,1090.52,36933.2
97061,-67.6764,49.2056,1090.25,71420.4
7729138,-67.5244,50.2233,1088.76,22686.1
669508,-66.9819,51.9722,1087.94,45884.7
180494,-68.045,48.0483,1087.23,62607.2
5344224,-66.8444,51.5967,1086.2,25517.3
639487,-67.415,50.8139,1084.67,46423.1
3349580,-67.4203,55.6928,1084.42,29461.9
7826657,-72.0081,27.51,1084.09,22593.3
8145851,-68.1322,49.4544,1083.32,22300.9
635588,-67.6889,49.5689,1083.1,46493.0
1319084,-67.4731,50.5145,1082.27,38451.1
2781309,-66.9497,51.9995,1080.6,31137.8
575342,-67.3228,51.2561,1080.43,47667.7
1200713,-67.4567,50.4889,1078.96,39431.1
6080743,-66.9075,51.6561,1078.09,24503.4
102809,-67.2703,50.7044,1076.46,70589.5
7153233,-67.4164,51.5806,1075.43,23260.2
8523826,-66.9475,52.3078,1075.17,21975.7
10347176,-66.7594,51.5339,1075.04,20626.8
940669,-66.9719,51.9867,1073.88,42059.6
9201380,-71.9842,27.5117,1073.77,21435.6
10479716,-66.9561,51.9922,1071.21,20540.1
1123659,-68.165,49.3878,1069.9,40134.2
2180874,-68.1239,47.9322,1069.14,33425.2
1364838,-67.6817,49.2044,1068.61,38098.2
94849,-67.2053,51.0489,1068.4,71755.0
4403116,-67.2022,51.0372,1068.03,27105.7
5452736,-66.8692,55.6861,1065.83,25357.0
1274122,-67.6953,49.2944,1064.03,38810.6
8595169,-66.9133,51.7156,1063.35,21917.7
6930957,-66.7928,51.4289,1063.2,23497.3
4359207,-66.9736,51.3967,1062.66,27190.2
1751963,-67.4703,50.3861,1061.75,35565.8
10378343,-66.9172,51.7,1059.3,20605.2
4643565,-67.2244,51.2428,1055.58,26662.6
3149105,-68.1311,48.9922,1054.88,30014.7
143100,-67.385,49.9761,1053.31,65863.4
4442675,-67.6792,49.5983,1051.92,27030.4
114900,-67.0481,51.4889,1049.76,68979.9
229093,-67.1328,55.57,1047.61,59355.8
3557382,-68.0606,49.4206,1047.48,28931.7
399774,-66.8194,51.3667,1045.47,52119.1
8953070,-66.9692,51.98,1045.24,21628.0
2425209,-68.1733,49.0978,1040.06,32416.9
813164,-67.3861,50.9417,1039.75,43673.7
9099494,-66.7772,51.5244,1037.88,21512.8
1703319,-67.1328,55.6028,1036.15,35846.0
336463,-67.8475,48.1167,1035.43,54298.4
1563608,-67.3481,50.4311,1035.07,36710.0
11205358,-67.4061,50.7906,1034.5,20088.5
5645501,-68.1244,48.9972,1034.48,25084.1
5406356,-67.7075,49.4828,1034.2,25424.7
2657554,-66.77,51.5,1032.62,31558.5
1823642,-67.2125,51.0544,1032.57,35169.5
11153211,-67.5725,50.1839,1030.94,20117.0
221764,-67.2572,51.1333,1028.93,59796.4
8017164,-67.0178,52.4633,1028.1,22417.8
8266104,-68.2214,49.1722,1026.64,22197.8
1497562,-66.9325,51.6128,1026.25,37146.5
6391526,-68.1636,49.2783,1023.02,24118.2
2311824,-68.1678,49.0972,1022.95,32867.8
3260184,-68.2147,49.2228,1021.98,29701.0
8816729,-66.9386,52.2872,1020.7,21736.7
1524323,-67.2142,51.1611,1020.58,36967.7
93096,-68.1006,48.8189,1020.19,72027.9
5892172,-67.2656,50.6861,1019.69,24749.2
103877,-66.9456,51.275,1016.65,70440.4
97460,-67.2719,50.5544,1016.47,71364.1
2748624,-67.2544,51.1511,1016.16,31246.0
6369712,-66.8042,51.455,1015.09,24141.9
515950,-67.2989,51.2522,1014.92,48971.7
989795,-67.6819,49.3211,1014.83,41504.6
2413632,-67.0281,51.6478,1014.81,32462.1
1901956,-67.2683,50.52,1012.5,34755.9
6320266,-66.9483,51.2833,1012.4,24205.2
168287,-67.0158,51.5145,1010.24,63571.6
8291285,-67.9378,47.9872,1007.74,22174.9
10592522,-67.3908,50.9428,1007.21,20468.7
7481323,-67.6703,49.2061,1004.51,22926.4
7227164,-67.9611,48.0344,1002.99,23183.4
5315060,-68.2161,49.1778,1001.91,25559.7
3029413,-67.4158,50.7033,1001.49,30360.8
34309,-66.9806,51.16,1000.77,87223.4
892425,-67.7181,49.5117,1000.74,42641.8
6169766,-67.0097,51.5172,1000.67,24388.7
5088880,-66.9347,51.6311,1000.11,25913.7
4018434,-68.2292,49.0005,997.46,27877.5
789203,-66.9764,51.1222,995.66,44010.9
1829237,-67.8619,48.1261,989.71,35140.5
2544832,-66.7006,51.3755,989.53,31961.7
963553,-67.5925,49.4617,989.27,41798.3
1107668,-67.2242,51.085,989.2,40289.5
1998142,-67.2339,51.0956,988.99,34274.1
4664475,-67.8261,46.9644,988.87,26626.7
287047,-67.7031,49.22,987.66,56373.1
3242843,-66.9653,51.8583,986.73,29750.3
9041359,-67.4728,50.4033,986.52,21560.1
339465,-66.9153,51.3683,986.16,54185.6
344730,-68.1117,48.85,985.41,53991.2
328260,-67.3036,50.7161,984.48,54621.2
9197733,-66.9503,51.2983,984.25,21438.6
4436684,-66.9972,55.75,984.1,27042.2
9672044,-67.5156,50.1489,983.4,21091.1
294853,-67.3889,50.1889,983.29,56022.8
9755292,-67.4281,50.725,982.55,21033.6
8595168,-66.9444,51.7061,981.77,21917.7
6895461,-67.2739,50.675,981.24,23537.9
1821454,-66.9825,51.7683,977.97,35182.2
2496796,-67.4931,50.1089,976.92,32142.6
2500930,-68.1678,49.1933,976.28,32126.7
7135664,-67.52,50.1183,976.02,23279.4
8112070,-67.3483,50.4028,974.05,22332.3
1718094,-67.0222,51.5117,973.94,35758.8
741328,-67.2858,50.6756,972.96,44716.0
999388,-66.9453,51.5361,971.6,41398.5
922249,-67.6292,49.5189,971.51,42275.7
9593082,-66.7633,51.4739,969.95,21145.4
145982,-67.2903,50.5833,969.8,65571.6
608939,-67.2194,51.2939,969.46,46994.6
5807373,-66.7033,51.3905,966.82,24859.6
6144275,-66.9486,51.7428,966.61,24422.7
5773158,-67.4483,50.5689,964.75,24908.3
2441796,-67.3944,50.2039,963.65,32352.0
11397874,-67.4231,50.7178,962.95,19974.0
2521501,-67.7006,49.465,961.31,32049.3
1204348,-66.785,51.3267,961.13,39400.4
755882,-67.0267,51.6822,960.92,44496.0
85467,-67.3069,50.0467,960.73,73313.2
436147,-67.2511,50.4939,960.55,51028.3
10923315,-67.9428,49.5711,957.86,20259.1
1060957,-67.2992,50.0028,957.18,40753.3
1521734,-67.0167,51.6433,955.65,36983.2
246970,-67.4094,55.9411,953.63,58358.9
1121386,-66.7906,51.3022,949.6,40154.8
11078545,-66.9828,51.7756,947.2,20164.5
5516806,-66.9819,51.3822,945.16,25263.8
2940209,-67.4153,50.3083,939.31,30632.4
1928398,-67.3744,50.5894,936.88,34621.8
3067606,-68.1903,49.0411,936.51,30249.4
9892432,-66.9947,52.0622,936.5,20936.4
8118277,-67.4292,50.1472,932.4,22326.6
119864,-66.8892,51.0278,931.77,68364.8
273049,-67.0247,51.5978,928.99,57033.8
1339780,-68.1339,48.9439,927.44,38290.1
1403044,-67.3689,49.9744,927.36,37811.2
1048301,-67.3044,50.7456,927.22,40884.4
4880949,-67.2808,50.67,926.13,26253.2
753757,-68.1875,48.9283,925.95,44527.5
8981584,-67.8658,48.1311,925.0,21604.4
2560215,-66.9858,51.6756,920.22,31905.8
1928399,-66.8944,51.0022,913.51,34621.8
3863633,-67.6017,49.4883,911.36,28215.9
3194840,-66.7747,51.31,910.83,29884.9
422526,-66.8014,51.1372,910.22,51427.5
2854522,-67.575,49.4333,909.85,30901.6
11801054,-67.5956,49.4728,909.67,19743.0
3164103,-66.7275,51.2867,907.1,29970.1
7041253,-67.3853,50.9656,905.72,23380.4
4305743,-67.41,55.915,903.98,27295.5
2723581,-67.0119,51.625,901.31,31331.6
11801056,-66.89,51.0,899.39,19743.0
961481,-66.9297,51.4055,898.86,41821.1
8474210,-66.7878,51.2922,898.47,22019.2
1672031,-66.9061,51.3439,897.82,36030.3
4761185,-66.7311,51.2961,897.67,26456.3
4867100,-66.9631,51.3767,896.65,26277.5
11178296,-67.3883,50.9683,895.9,20101.2
747692,-67.0317,51.7739,894.56,44617.6
857012,-66.7919,51.165,892.33,43089.2
5132293,-67.5969,49.4394,889.59,25844.7
5395026,-68.1894,48.9411,888.01,25442.3
7569416,-67.3772,49.9717,886.84,22840.1
1074647,-67.3253,50.6939,886.07,40612.3
929156,-67.2717,50.6422,883.03,42195.7
65914,-66.9683,51.0417,880.64,77216.4
9853409,-67.5828,49.4456,880.28,20960.8
222335,-67.7047,49.4083,880.26,59762.3
877357,-66.7706,51.1211,879.78,42831.2
1254504,-66.7664,51.0911,879.59,38971.2
1528717,-67.3617,50.5256,877.84,36936.7
10753285,-66.9417,51.2639,877.39,20365.7
1067621,-66.8092,51.1994,876.51,40682.9
1145663,-67.0372,55.8967,874.38,39925.7
5194850,-67.6947,49.2089,873.04,25746.0
2600202,-67.2156,51.2645,872.95,31761.7
2862262,-67.2761,51.2872,871.81,30874.8
1600540,-67.6778,49.3483,869.63,36471.5
150222,-66.9328,51.1255,867.08,65164.2
7569415,-67.5631,49.4356,866.33,22840.1
2307719,-67.6664,49.3311,866.23,32885.2
6948415,-67.3767,50.6633,866.01,23481.0
9368298,-66.8269,55.9228,864.12,21313.4
5475893,-67.2861,50.5322,859.93,25321.8
3531593,-68.1769,49.3472,859.63,28995.5
1030473,-67.0342,51.5022,857.61,41067.9
306496,-66.9094,51.0606,855.95,55517.9
7924147,-68.1153,49.01,854.76,22502.9
1893802,-67.0675,55.8389,854.28,34799.8
1966451,-67.7142,49.2228,852.24,34428.0
56214,-66.9164,50.7906,849.95,79620.5
2362432,-67.725,49.4467,849.45,32665.6
1805157,-67.69,49.145,849.06,35269.0
5307216,-67.375,50.6733,848.24,25572.1
8480665,-67.0369,51.6689,847.97,22013.4
1347203,-66.9303,51.1128,847.74,38231.8
7247718,-67.2658,50.5483,846.58,23161.4
9506189,-66.9011,51.3317,842.3,21211.6
9073841,-67.3764,50.5117,841.14,21533.5
1672030,-67.7206,49.2345,840.08,36030.3
5565261,-66.8011,51.1894,840.04,25195.7
7449522,-66.8972,51.3006,835.74,22959.7
5076593,-67.0294,51.7106,835.74,25930.9
709720,-66.8789,51.1844,831.96,45213.3
11246181,-68.1689,49.3517,831.32,20063.1
1294551,-67.2883,50.7278,830.47,38642.8
10072706,-66.9225,50.7939,829.83,20811.3
2599617,-66.9406,51.295,829.19,31763.7
7323726,-67.3028,51.1983,828.05,23084.3
34224,-67.1403,50.175,827.4,87262.1
5436255,-68.1958,49.0361,826.36,25382.1
8281837,-67.3264,50.75,825.51,22183.5
4441471,-67.7178,49.1333,822.74,27032.8
9476545,-66.7781,51.1133,822.73,21229.6
567267,-66.8153,51.1383,821.94,47835.8
51412,-66.7872,50.68,821.08,80998.5
2612034,-67.6931,49.51,820.92,31717.6
2825025,-66.9411,51.1422,818.75,30994.2
992500,-67.1947,51.2183,818.3,41475.4
643057,-68.0117,48.6433,816.28,46355.8
63756,-66.9953,51.2561,814.39,77730.4
465396,-66.9436,50.7433,812.07,50235.6
595748,-67.3461,50.09,809.92,47255.5
3352651,-66.7567,51.1333,806.86,29453.3
2207725,-67.3625,55.6544,805.67,33306.8
2643458,-66.9139,51.0794,799.63,31606.9
4008990,-67.4069,50.0161,798.47,27898.0
5921973,-66.9506,51.1489,791.16,24708.0
4072278,-66.9781,51.0283,786.91,27765.2
9704463,-67.2675,51.1783,785.3,21066.9
10558376,-67.725,49.2456,785.16,20487.3
123357,-66.7497,50.8239,784.54,67955.4
5528633,-66.8711,51.2578,783.9,25246.2
4308010,-67.5839,49.4228,783.79,27290.8
10791315,-67.7239,49.4711,783.16,20340.7
179845,-66.8242,50.9528,781.81,62655.0
1489097,-68.1933,49.3428,777.99,37203.1
11178297,-66.9172,51.0694,776.31,20101.2
2249337,-67.0003,51.2661,775.29,33128.4
4838896,-66.8197,51.2267,771.19,26323.5
1978154,-66.9169,51.0339,768.07,34370.6
2019455,-66.8864,51.2139,765.84,34169.8
1759350,-66.7878,51.0733,757.38,35524.6
74778,-66.7714,50.7667,755.06,75334.5
2925008,-66.9258,50.7733,754.67,30678.1
920090,-66.8261,51.1222,754.57,42302.8
617809,-67.2489,50.9611,753.54,46823.5
1053545,-67.9533,48.0833,752.03,40829.8
1641629,-67.3597,50.0711,751.38,36215.5
932580,-66.7833,51.0528,745.61,42155.0
113883,-67.0244,51.3905,744.1,69113.7
1239312,-66.9881,51.0406,743.68,39100.1
5425738,-67.0,51.2433,742.59,25394.6
2480220,-67.0056,51.4456,741.42,32204.0
737125,-66.9039,50.765,738.77,44777.2
5136804,-67.5842,49.3272,737.74,25837.4
1791001,-67.3408,50.1061,735.79,35346.6
3138941,-66.7781,51.0406,735.48,30042.2
158093,-67.2297,50.3672,735.1,64448.5
106536,-66.9522,50.92,734.1,70086.8
78683,-67.2031,50.8456,729.1,74547.3
6808636,-67.1339,50.1622,725.53,23635.2
1451029,-67.3278,50.1105,723.51,37469.3
3148368,-66.8769,51.1667,721.66,30016.8
1578186,-67.2292,55.55,720.62,36612.7
454440,-66.8169,51.005,718.22,50528.9
390894,-67.0006,51.1511,717.18,52397.1
2482343,-67.025,51.3711,703.46,32198.0
11773368,-66.8106,51.0139,703.39,19759.1
205902,-66.7672,50.8356,701.7,60810.7
1697625,-66.8939,50.7639,700.74,35877.9
1595445,-66.9514,50.7611,697.57,36502.9
793234,-66.82,51.055,692.79,43952.9
684805,-67.2528,50.4011,689.68,45624.3
378062,-68.1186,48.7278,688.89,52816.1
654408,-67.1919,50.8122,684.41,46149.2
1891774,-66.8294,50.97,683.68,34810.8
11148182,-67.3611,50.0756,683.55,20120.2
5102370,-67.0272,51.3633,681.79,25891.5
1128017,-67.1508,50.2056,681.13,40092.9
9346881,-67.2078,50.8567,675.83,21325.4
70762,-67.19,50.365,673.83,76172.2
4919222,-68.0853,48.7967,672.58,26190.0
2550255,-66.83,50.9367,671.63,31943.7
1023124,-67.1922,50.4106,668.78,41145.4
1402830,-67.9375,48.105,666.83,37812.9
1091196,-66.7794,50.6478,662.11,40447.3
7060803,-66.9089,50.7761,661.96,23358.6
2736415,-67.9169,48.6428,661.78,31286.8
1005767,-66.8206,50.9189,643.96,41330.8
7186834,-66.7461,50.8139,638.79,23227.3
306032,-67.6878,48.9289,633.35,55537.4
2406057,-66.9131,51.1372,633.21,32493.5
6148226,-67.6781,47.0928,630.99,24417.4
895157,-66.7747,50.8039,627.49,42607.4
5347450,-67.245,50.3961,626.79,25512.3
135237,-67.2172,49.6756,622.89,66664.3
10516193,-66.9044,51.2678,622.88,20515.3
6804001,-66.7625,51.0133,622.49,23640.6
165304,-67.3708,49.2389,620.76,63816.6
136952,-67.2342,50.7094,619.12,66486.3
1594905,-67.1492,51.3339,617.41,36506.4
2521502,-67.1914,50.3928,616.92,32049.3
2852648,-67.2311,50.3917,615.09,30907.8
9514048,-67.2222,49.6889,609.79,21205.6
3107871,-66.8042,50.9978,606.51,30133.3
3009708,-66.8225,51.0083,606.03,30419.5
10858416,-67.3258,50.0672,605.46,20296.8
885463,-67.1619,50.1783,601.55,42728.4
2272250,-66.7728,50.9456,600.16,33034.1
3917965,-67.1792,50.3728,599.89,28093.7
1157898,-68.9247,33.2495,597.36,39813.8
316270,-67.3872,49.1906,595.64,55109.0
3024035,-66.9625,50.9161,593.35,30377.6
4692108,-66.8908,50.7067,591.41,26578.8
2860491,-67.4122,49.3428,587.33,30881.0
1011836,-67.3625,49.2367,586.43,41264.4
3188205,-66.9731,50.9972,580.54,29902.0
5285417,-67.4322,49.2144,580.07,25607.0
9585061,-67.4219,49.3539,578.85,21151.4
4201180,-66.7675,50.9383,577.13,27502.4
9917432,-66.8903,50.7278,576.03,20918.2
552688,-66.8947,50.8611,575.89,48146.4
11801055,-66.9256,51.0628,575.49,19743.0
44782,-67.1175,50.8467,572.94,83126.5
5240073,-67.0131,51.25,572.53,25676.6
1532509,-66.7761,50.7244,565.51,36912.5
292769,-67.4372,46.7472,565.33,56112.6
3126125,-68.1178,48.7567,563.39,30080.4
4743474,-66.7569,50.9156,562.36,26487.6
7160795,-66.915,51.1506,559.23,23252.0
4102195,-66.9175,50.825,558.55,27703.2
6285888,-67.0575,51.6206,555.18,24244.6
3684538,-67.8836,48.6667,554.46,28626.2
1204190,-67.1833,49.6378,552.69,39402.0
2421832,-67.0561,51.5617,547.54,32430.7
380016,-66.9142,50.6567,544.99,52753.4
1542949,-66.8136,50.9617,543.72,36843.4
10257062,-66.7708,50.7233,542.65,20685.4
8938847,-67.1433,51.295,539.88,21639.8
8002058,-66.8089,50.9528,539.39,22432.0
477567,-67.1761,50.2289,539.18,49916.2
6283834,-66.7625,50.7722,535.65,24247.3
11701703,-67.8806,48.1589,533.44,19801.0
1465810,-67.1397,50.1339,530.26,37365.4
6326383,-67.4242,47.1761,528.06,24197.3
196787,-66.8056,50.85,523.76,61421.6
1274314,-67.2364,50.6261,522.44,38809.0
3979793,-67.7308,49.1628,520.52,27959.6
3344925,-67.2078,49.6178,518.89,29474.9
6658976,-66.7881,50.96,518.3,23804.4
75470,-66.8378,50.6511,512.24,75194.0
1950770,-67.1514,51.185,505.61,34507.5
83286,-67.6142,47.6983,502.21,73690.3
1031983,-69.26,39.8078,501.59,41053.9
1067066,-67.3936,49.2161,499.5,40689.1
263683,-67.0533,48.7722,498.71,57491.1
3039162,-67.3353,49.945,495.94,30333.5
1528979,-67.3825,49.2622,495.87,36934.9
7655854,-66.8919,50.8456,495.33,22756.2
3907869,-66.8022,50.8617,493.42,28116.4
272261,-66.8211,50.7594,484.83,57070.6
11163290,-67.7344,49.1422,482.79,20110.7
9005577,-67.7172,48.1472,481.14,21589.7
7818142,-66.9047,50.9611,479.94,22601.7
1871754,-69.2781,39.8061,477.49,34915.0
8988949,-67.2272,49.6533,476.18,21598.5
64886,-67.0942,50.2906,470.89,77461.1
5386865,-67.2314,50.6728,468.19,25454.8
196886,-67.1689,50.9383,467.33,61413.3
3210995,-67.3531,49.2272,464.95,29838.0
456324,-66.7506,50.7022,463.04,50478.5
1271572,-67.6978,49.0139,460.87,38830.3
2536083,-67.8175,48.9417,460.15,31995.6
347497,-66.8292,50.7161,458.83,53888.5
849971,-67.855,48.6711,452.68,43180.8
3307991,-66.7519,50.765,452.66,29572.0
4961772,-66.8028,50.9233,447.89,26119.4
2420968,-67.1017,50.315,446.99,32434.6
4623125,-67.0028,51.3839,444.71,26700.8
3999746,-69.2728,39.7739,443.54,27918.6
7695761,-67.3278,49.9406,442.75,22719.8
6708178,-66.8803,50.8778,440.01,23745.5
2757997,-67.3517,49.2156,439.2,31215.4
2043622,-67.3758,49.1817,422.13,34054.0
8859126,-66.7944,50.6317,421.56,21701.5
8635358,-67.3956,49.24,416.93,21882.8
3889753,-67.6233,48.7505,414.72,28154.9
1110253,-66.8239,50.7345,414.54,40264.2
910150,-66.945,50.4639,412.71,42421.6
6933322,-66.8211,50.7317,411.94,23494.6
6782429,-67.7031,49.08,410.62,23662.1
760278,-67.1594,50.9378,407.71,44430.1
6088425,-66.9372,50.8117,405.05,24493.0
1869614,-67.5975,47.1167,402.88,34924.1
6245224,-66.9489,50.4928,401.46,24297.1
2576564,-66.8289,50.77,398.07,31845.9
105013,-69.4303,39.5939,395.27,70288.3
6813239,-66.9172,56.2556,394.71,23629.8
1635430,-66.9594,50.4861,382.34,36252.4
10169406,-67.8172,48.8933,378.42,20746.9
4360419,-67.0028,51.025,374.6,27187.9
140579,-69.1914,39.6583,373.32,66114.4
3288964,-66.8139,50.8522,359.44,29625.8
629558,-69.4861,39.7172,359.23,46602.5
6667890,-66.7761,50.8533,355.01,23793.7
3085326,-67.2553,55.9906,354.69,30198.8
317356,-67.2156,50.5528,352.75,55065.0
1339779,-69.2244,39.7495,348.77,38290.1
6654371,-66.9606,50.4683,347.65,23809.8
5109580,-67.6075,48.635,346.0,25879.2
846228,-67.6094,47.4833,345.83,43229.4
1842732,-69.1964,39.6628,344.81,35066.1
3686339,-66.7553,50.71,338.08,28621.7
10690474,-69.2208,39.7444,336.79,20403.2
1910692,-69.1853,39.6606,334.98,34711.8
948969,-66.9819,50.8111,331.42,41964.1
5003616,-69.3558,39.7939,321.67,26051.0
8329520,-69.2267,39.7783,315.36,22140.4
2540219,-69.3489,39.7811,313.0,31979.6
3050743,-69.3675,39.8,312.15,30297.8
4628188,-67.6694,48.8211,306.96,26691.2
8044043,-66.8308,50.6533,305.66,22392.2
5110984,-66.7811,50.8461,303.23,25876.8
6435732,-66.8331,50.7606,301.62,24062.6
827418,-67.6031,47.8322,300.89,43480.7
1442488,-69.4681,39.6861,298.75,37528.7
9019899,-69.2258,39.74,293.06,21577.8
5141160,-69.2317,39.7933,286.68,25830.0
2217977,-66.9892,50.7872,285.46,33262.8
8169141,-66.7378,50.6978,285.25,22283.8
7800822,-69.2311,39.7744,284.48,22618.6
6914350,-69.2358,39.7694,281.54,23516.3
6138389,-69.2292,39.7628,280.75,24430.5
3981790,-67.3661,49.1717,276.83,27955.0
7932906,-69.7244,37.7289,274.24,22494.4
2100228,-69.5056,39.7561,272.62,33789.2
9892429,-69.2353,39.7961,271.28,20936.4
2311378,-66.8228,50.7972,270.58,32869.7
9141971,-67.6603,46.1105,268.58,21483.2
249844,-66.7442,48.6789,265.88,58205.8
3348752,-69.4756,39.7483,265.56,29464.1
8792907,-69.4883,39.7789,263.19,21757.2
261767,-69.6356,38.2672,263.11,57587.4
6279788,-69.2625,39.7689,260.25,24252.5
11439904,-66.79,50.7556,259.61,19948.5
548068,-66.92,56.5283,255.27,48244.2
5568633,-67.5989,48.6089,254.85,25190.6
890926,-69.2058,39.7261,253.61,42661.2
7903699,-67.1522,50.9055,252.46,22522.7
1739460,-69.2022,39.7233,251.93,35637.4
871327,-67.7644,48.7328,251.92,42906.9
1986022,-66.8442,50.6367,247.69,34333.5
6212451,-69.5069,39.7378,245.58,24336.4
6656640,-69.2558,39.7505,241.82,23807.1
3706255,-66.8758,56.3833,241.45,28572.7
10498054,-66.9825,50.7811,241.3,20527.7
402209,-66.8678,56.6478,240.97,52042.0
1382132,-69.4242,39.805,240.89,37965.9
10493376,-69.2464,39.75,237.6,20530.8
759429,-69.4519,39.6967,228.28,44443.0
8099792,-69.5161,39.7306,228.14,22343.7
868889,-69.2858,39.6967,227.99,42938.1
467526,-69.4811,39.6117,227.69,50178.5
785595,-69.4878,39.6483,227.55,44062.9
3333634,-67.7081,48.9044,225.85,29503.0
357311,-67.5592,47.7061,224.88,53530.2
10338206,-69.4511,39.7022,223.91,20633.0
507268,-69.4733,39.5783,213.08,49179.4
11128418,-69.2008,39.6606,211.73,20132.9
1119558,-67.2461,49.3567,203.48,40173.9
1438056,-67.5361,47.5478,202.53,37559.3
1234712,-67.0978,51.0911,202.44,39139.2
9921614,-67.2494,49.3595,191.87,20915.1
7544495,-69.1983,39.6778,189.88,22865.2
1012631,-69.2089,39.6628,189.13,41255.2
2789829,-67.0928,51.0667,187.21,31109.1
1317116,-69.2514,39.7122,186.27,38467.7
662778,-69.65,39.395,185.7,46002.6
3266443,-67.2383,49.3622,185.46,29686.0
606079,-69.6281,37.6906,183.26,47051.5
4404294,-69.2019,39.705,181.3,27103.4
8388208,-67.24,49.3511,178.86,22091.4
867253,-67.6192,48.0417,177.22,42957.4
9680183,-67.695,48.8406,174.78,21085.0
6542977,-67.5642,48.6017,174.72,23937.9
1261300,-67.6261,48.0189,173.95,38917.2
1147019,-69.4547,39.5583,169.49,39912.9
11307475,-69.3344,39.7739,165.99,20025.0
10829433,-69.2053,39.6822,165.97,20315.6
3946346,-67.0961,51.1183,161.57,28032.4
2267171,-66.7433,56.4711,161.1,33053.4
4211026,-67.5878,47.6178,160.28,27481.6
4424884,-69.4894,39.6061,160.24,27065.7
2183309,-66.7544,56.3933,159.37,33413.8
5210383,-69.4933,39.595,157.25,25721.2
10488723,-67.56,47.4822,156.29,20533.9
6326382,-69.4992,39.6872,156.01,24197.3
6850174,-66.7647,50.6272,153.21,23586.6
821513,-66.9842,57.4078,151.97,43559.8
9619005,-67.9739,44.065,151.76,21130.3
9186559,-67.1464,50.9156,150.1,21447.5
847376,-67.3617,49.1067,146.57,43216.2
6334532,-69.4942,39.6333,145.17,24186.7
1850115,-69.4044,39.7978,144.57,35027.9
9971837,-67.9689,44.0661,143.59,20878.5
1487918,-69.6786,39.4756,141.91,37211.6
6840844,-67.9397,44.5328,140.02,23597.4
928073,-66.9628,57.4722,139.82,42209.3
3030794,-67.2878,49.3061,137.14,30356.6
10834269,-67.9425,44.5494,134.44,20312.4
1744322,-67.4072,47.4344,134.34,35608.8
3182411,-69.4592,39.5489,133.96,29919.0
5188774,-66.7969,50.6006,129.6,25755.8
8537116,-66.9883,57.4211,126.14,21964.1
9728818,-67.1478,50.9039,125.17,21048.7
7476008,-69.4422,39.6389,124.49,22932.0
1157413,-67.5228,47.6911,124.43,39818.6
6468519,-67.2647,46.8983,121.58,24025.5
1209372,-67.56,47.8667,121.56,39356.7
2467390,-67.1169,51.0945,120.56,32255.4
3805021,-67.2733,46.5872,119.99,28346.6
8304088,-69.4886,39.5767,119.8,22163.4
9929957,-70.3236,29.8767,119.73,20909.0
11397873,-68.1475,42.7339,119.33,19974.0
7207072,-67.9783,44.0072,118.87,23205.4
5556600,-67.6408,48.485,117.42,25208.3
7003442,-67.4108,47.4289,117.36,23418.5
11128417,-69.4906,39.5828,115.89,20132.9
1327108,-67.5611,47.8944,115.65,38388.1
11200358,-67.0972,51.1006,114.97,20091.7
5385362,-67.5606,47.9055,113.3,25457.3
9630993,-69.7378,35.2872,113.18,21121.3
2563511,-69.6453,36.9467,113.09,31895.8
1710412,-66.9053,56.6939,112.93,35803.3
1984913,-67.0364,57.0183,112.73,34339.1
6538682,-66.9603,57.4906,112.02,23943.2
5995932,-67.0297,57.0361,111.3,24615.0
1430959,-66.9417,57.4317,111.01,37610.1
2969593,-66.9486,57.4267,110.86,30540.7
5571905,-67.0953,51.0561,110.5,25185.5
9980425,-69.4842,39.5972,108.97,20872.4
3540089,-69.6506,39.7139,108.76,28973.5
7036419,-67.6244,48.4333,106.47,23385.9
3504304,-66.9747,57.4472,105.35,29063.5
3055592,-67.2086,50.6228,104.62,30283.0
5571892,-70.1647,38.7625,104.12,25185.5
2738862,-66.8039,56.6405,103.43,31280.7
2566148,-69.2125,39.7367,101.8,31885.9
1677798,-67.1547,50.7589,101.69,35996.7
8960195,-70.7339,27.9625,100.48,21622.1
10709227,-69.66,39.405,98.92,20390.7
2132981,-66.9667,57.2655,97.54,33638.0
1820807,-69.6392,39.2694,97.16,35185.8
1984151,-67.0028,57.2967,96.95,34342.8
1828952,-67.9667,44.19,96.92,35142.3
2878840,-66.9644,57.3417,96.16,30823.1
2203914,-67.1494,50.7789,95.82,33324.0
1876385,-69.2794,39.5894,95.53,34889.4
6489808,-67.0361,56.9983,95.51,23999.0
4961771,-67.0353,57.0694,95.47,26119.4
9861450,-70.4108,29.3475,95.1,20954.7
3084640,-67.0203,57.0633,94.3,30200.9
6890738,-69.1369,35.17,94.23,23543.4
7387489,-69.2156,39.6844,94.05,23020.7
8635357,-69.4725,39.6372,93.84,21882.8
3482378,-67.1011,51.0672,93.39,29118.2
4071250,-66.9628,57.2317,93.37,27767.5
6529319,-67.0825,50.3067,92.84,23953.8
5955022,-69.2939,39.6944,92.23,24666.7
3616772,-67.0383,56.9761,91.72,28786.0
3877200,-67.3639,49.0706,91.27,28184.3
2076355,-66.9953,57.3167,90.88,33900.3
8745900,-66.9053,56.6739,90.34,21792.3
2070190,-66.9383,57.4589,90.34,33928.4
3504305,-66.76,50.6117,90.21,29063.5
8480664,-67.3608,49.085,90.1,22013.4
2104624,-66.9189,57.3339,89.49,33768.4
6690224,-67.2156,50.6611,88.36,23766.9
8266102,-69.4375,39.5444,88.33,22197.8
2212790,-66.9178,57.2594,86.94,33283.9
6279789,-69.2139,35.4211,85.16,24252.5
9561233,-67.2033,50.6072,84.85,21169.5
2350164,-67.3744,48.8106,83.99,32714.3
6585382,-69.1617,35.4228,83.45,23889.9
7642179,-66.7603,50.5878,83.25,22770.2
3905936,-67.0375,56.9394,82.69,28120.9
2426641,-67.3456,49.1722,82.44,32411.0
10932830,-70.0717,38.6142,82.36,20252.8
10298647,-69.1211,35.0467,82.27,20660.8
9304941,-67.2703,46.7544,80.91,21358.2
2515345,-66.9369,57.405,80.73,32073.1
4082699,-67.1553,50.8428,79.88,27742.3
10351551,-69.9964,38.3533,79.28,20623.7
5573526,-67.6428,48.0061,78.78,25183.0
5583675,-67.0253,57.0067,78.45,25167.8
6481286,-67.115,50.9406,78.27,24009.6
6611692,-66.7764,50.5628,77.98,23857.9
7285107,-69.7053,29.3111,77.77,23125.6
10338204,-69.9867,27.6489,77.42,20633.0
2728169,-67.3794,48.8572,76.96,31315.3
8942383,-67.5419,47.3172,76.45,21636.8
10829435,-67.5811,47.925,75.69,20315.6
8218272,-66.9386,57.3961,75.68,22238.0
8513857,-66.9422,57.4094,75.59,21984.4
4033306,-66.9617,57.3672,75.44,27847.7
2849169,-67.1244,50.4372,75.01,30916.0
2909906,-67.3086,48.9867,74.95,30723.8
2859881,-67.5656,47.9556,74.85,30883.0
11241023,-70.2139,31.2858,74.35,20066.3
3568506,-67.3942,48.7894,74.32,28903.0
2907407,-67.3928,48.8078,74.12,30732.0
2932413,-67.3064,49.0883,73.76,30657.3
11455713,-67.6236,48.1206,73.72,19938.9
8304087,-69.7994,29.1144,73.65,22163.4
10156213,-67.3819,48.865,73.51,20756.1
3255658,-66.9436,57.4617,73.37,29713.9
9589198,-67.0864,50.78,71.88,21148.4
3170923,-67.1,50.7917,71.81,29953.0
7082820,-69.5453,29.3433,71.54,23334.1
6600834,-67.1492,50.8661,70.22,23871.2
4504484,-67.1592,50.8139,68.62,26917.0
11778916,-66.9361,57.4122,68.44,19755.9
3347952,-67.3058,49.0644,68.14,29466.2
9680185,-67.1753,50.4156,67.97,21085.0
7647653,-67.1331,50.4244,67.83,22764.6
4143659,-67.2786,49.175,67.68,27618.0
6620511,-67.0319,56.9667,67.55,23847.2
7229698,-67.3972,48.9878,67.44,23180.6
10020320,-69.82,28.4094,67.19,20848.0
3428604,-67.1383,50.8617,67.17,29255.8
11751286,-69.9328,28.1533,65.99,19772.0
3540916,-67.3664,48.7811,65.87,28971.3
3599305,-69.1833,39.5394,65.23,28830.2
3602850,-67.37,48.9639,65.19,28821.3
11645171,-69.8361,28.3783,64.97,19830.0
6311574,-67.3744,48.9639,64.97,24215.7
11762234,-69.7106,29.2472,64.78,19765.6
10578714,-69.2958,30.4906,64.56,20478.0
3723107,-67.3686,48.9894,63.9,28534.8
3729490,-67.3206,49.1756,63.83,28519.1
11178295,-69.775,28.7689,63.5,20101.2
9441720,-69.5,39.6555,63.42,21256.6
6322330,-67.1536,50.8028,62.74,24202.5
11356333,-69.2639,30.15,62.69,19999.5
3851733,-67.3881,48.8194,62.59,28240.8
8970890,-66.9358,57.4789,62.56,21613.2
11823092,-67.0125,57.0439,61.95,19730.1
5090412,-67.0039,57.3161,61.86,25911.2
11542173,-67.0992,51.055,61.5,19890.9
4084831,-67.1367,50.775,60.38,27737.7
10894052,-66.7931,50.5594,60.22,20277.9
10382859,-67.3881,48.7872,59.57,20602.1
4211027,-67.3372,48.8561,59.27,27481.6
4240108,-67.3514,48.8578,59.02,27423.5
9380005,-67.08,50.2772,58.98,21304.5
4271218,-67.5506,47.7711,58.76,27363.1
4331009,-69.2097,39.4272,58.25,27244.1
7757320,-67.2922,49.0478,57.75,22658.0
10401060,-68.3817,42.3772,55.06,20589.7
9175397,-69.2161,39.6489,54.91,21456.4
7452161,-67.1517,50.85,54.55,22956.9
5627221,-66.9556,57.4906,54.37,25107.0
4872768,-69.1767,39.4394,54.15,26267.8
10182388,-67.0967,50.2667,54.01,20737.7
7625495,-67.1722,50.715,53.95,22787.0
4920653,-66.9189,57.37,53.82,26187.6
4926214,-67.1447,50.6783,53.78,26177.9
7031571,-69.0889,36.5644,53.62,23391.3
5133802,-67.3039,48.9778,53.24,25842.3
11371849,-69.1267,31.2428,52.64,19990.0
11828643,-67.0953,51.0222,52.26,19726.9
10829434,-69.1556,36.7989,52.16,20315.6
5179521,-67.3439,48.7983,52.12,25770.7
5201210,-66.8547,50.5022,51.98,25736.1
5283819,-66.9319,57.4072,51.47,25609.5
11526283,-66.9544,57.4733,51.42,19900.5
5331472,-66.9164,57.3061,51.18,25537.2
5366994,-69.1419,39.3844,50.96,25482.3
9449407,-69.5581,39.5606,50.84,21250.6
7695762,-67.1167,50.3783,50.82,22719.8
8642111,-66.9733,57.4583,50.1,21876.9
8546976,-69.1228,36.9961,49.52,21955.4
7358667,-67.3378,48.8478,49.42,23051.1
8802925,-67.1278,50.7433,49.0,21748.4
5846821,-66.9594,57.2756,48.3,24808.3
5859727,-66.9258,50.3189,48.23,24790.3
10629649,-69.6456,39.6733,47.98,20443.8
5987215,-69.5061,39.6472,47.58,24622.7
6872098,-66.8758,57.0367,47.54,23565.0
6029945,-67.3392,48.815,47.37,24568.3
6065348,-69.1678,39.4356,47.2,24524.2
6144274,-69.0267,39.5178,46.81,24422.7
6154103,-69.5081,39.6611,46.76,24409.6
6177649,-67.3722,48.9456,46.64,24378.3
11266655,-69.1264,36.8022,46.32,20050.4
8595167,-69.4711,39.6228,45.92,21917.7
6393576,-67.3792,48.7106,45.64,24115.5
6412433,-66.9308,50.3306,45.55,24091.7
9219673,-66.9392,57.4744,45.53,21420.8
9840851,-67.1336,50.7922,45.53,20969.9
6692490,-67.2833,49.1983,45.36,23764.2
6591941,-67.5483,47.7617,44.76,23881.9
6656641,-67.4142,48.7628,44.48,23807.1
6672354,-67.3439,48.9294,44.41,23788.3
6672353,-69.0483,39.5733,44.41,23788.3
6763781,-66.8336,50.67,44.02,23683.7
9320224,-69.3475,37.5567,43.47,21346.3
6921478,-69.0103,39.5911,43.37,23508.2
7118578,-67.4142,48.6917,42.6,23298.5
7155755,-67.4744,48.3411,42.45,23257.5
7160794,-69.7667,39.0967,42.43,23252.0
7168138,-67.3111,48.6867,42.4,23243.8
9853408,-69.3778,39.7844,41.78,20960.8
10657811,-67.1383,50.6611,41.54,20425.0
8996131,-67.2833,49.2272,40.74,21592.6
11502979,-68.8131,34.7645,40.74,19910.1
7687530,-67.3719,48.68,40.54,22728.2
9720757,-69.4439,39.5417,40.42,21054.8
10507077,-69.575,39.4872,40.29,20521.5
7821066,-66.8633,50.3356,40.08,22598.9
7826686,-67.1419,50.0533,40.06,22593.3
11033920,-69.0744,36.5711,39.94,20192.9
8967441,-67.3836,48.7706,39.52,21616.2
11828642,-67.3764,48.9444,39.21,19726.9
8099795,-67.5147,48.4478,39.18,22343.7
8239837,-69.23,39.6739,38.74,22217.9
10147510,-66.8314,50.6156,38.62,20762.3
11531592,-67.1247,50.91,38.57,19897.3
8356222,-66.9258,50.3017,38.4,22120.2
10488721,-69.6067,36.6967,38.37,20533.9
8413869,-67.1386,50.3967,38.22,22068.3
8611814,-66.9208,50.3833,37.65,21903.1
8766543,-67.9722,43.9478,37.21,21774.8
8967442,-67.1286,50.8072,36.67,21616.2
8996130,-69.0194,39.5972,36.59,21592.6
9156928,-69.505,39.6278,36.18,21471.3
9160546,-67.3394,48.8433,36.17,21468.3
9224062,-66.9317,57.4439,36.0,21417.8
11387481,-67.7036,45.4855,35.52,19980.4
9418574,-69.0694,39.6117,35.52,21274.5
11547630,-69.0839,35.0339,34.81,19887.7
9775650,-67.3747,48.7511,34.67,21018.5
9900843,-66.9183,57.3411,34.38,20930.4
9913314,-69.0208,39.4328,34.35,20921.2
9984670,-66.9381,57.3706,34.18,20869.4
10081266,-66.955,57.4078,33.97,20805.2
10089522,-67.1181,50.2028,33.95,20799.1
10115506,-67.5025,48.4689,33.89,20780.7
10132762,-67.1369,50.4111,33.85,20768.4
10182387,-67.3775,48.6589,33.75,20737.7
10217560,-69.2922,39.6261,33.67,20713.1
11639859,-67.9567,44.1872,33.55,19833.2
11297118,-69.5703,36.825,33.37,20031.3
11547631,-69.0436,39.5667,33.22,19887.7
10967277,-69.1039,35.8811,33.2,20230.7
10583365,-67.1472,50.2678,32.9,20474.9
10874753,-66.8514,50.4806,32.31,20290.5
10894050,-67.3306,48.85,32.27,20277.9
10957326,-69.1808,39.4428,32.14,20237.0
11058799,-67.3361,48.84,31.95,20177.1
11133382,-66.8494,50.5111,31.8,20129.7
11333330,-67.3361,48.9711,31.42,20009.1
11376998,-67.3847,48.8778,31.35,19986.8
11542172,-67.4164,48.74,31.05,19890.9
