5704,-10.5906,161.8175,1051.35,115743.7
2783810,-10.5758,161.8211,1007.42,31129.6
35072,-10.6325,161.8511,1003.14,86901.4
880344,-10.6164,161.8558,992.65,42794.0
55105,-10.6547,161.7828,984.71,79924.8
10997508,-10.5806,161.8208,979.94,20211.8
51517,-10.7086,161.9169,960.0,80969.4
78608,-10.5303,161.7686,950.55,74561.8
10343409,-10.6481,161.7867,947.79,20629.9
313490,-10.5994,161.8797,944.24,55224.5
1145861,-10.5736,161.8978,941.77,39924.1
48082,-10.6847,162.0458,939.75,82030.2
1284623,-10.5869,161.8903,938.78,38723.5
9796587,-10.6231,161.845,931.55,21003.3
1298168,-10.6528,161.7942,921.2,38614.8
88833,-10.6469,161.9047,919.85,72727.7
1412775,-10.6183,161.8789,915.28,37742.0
3202412,-10.5256,161.7628,913.25,29863.6
569073,-10.6439,161.8703,913.01,47799.8
849984,-10.6931,162.0739,911.71,43180.8
1497603,-10.6883,161.9375,906.28,37146.5
193208,-10.7094,161.8839,904.88,61677.3
10271154,-10.6192,161.8495,902.67,20676.2
197020,-10.6661,161.8172,901.75,61405.0
6921897,-10.5942,161.8883,898.03,23508.2
977346,-10.545,161.8906,897.82,41642.5
11835074,-10.6872,162.0758,897.53,19723.6
2326255,-10.7047,162.0514,892.12,32809.6
960999,-10.7133,162.0194,889.52,41827.2
5946171,-10.7058,162.0414,886.47,24679.6
6661566,-10.6872,162.08,884.52,23801.7
3060784,-10.6961,161.925,881.15,30270.4
640232,-10.6667,161.8581,876.32,46408.0
877604,-10.5125,161.7814,875.97,42828.2
130150,-10.5767,161.7517,874.29,67206.8
1189944,-10.6522,161.9561,874.0,39524.7
147294,-10.79,162.0725,867.35,65448.1
1550670,-10.6881,162.0133,858.11,36793.2
114309,-10.585,162.0933,857.58,69058.4
1652006,-10.6453,161.8539,856.14,36152.1
6536922,-10.5906,161.8736,855.4,23945.8
2859971,-10.6972,162.0594,854.27,30883.0
2426241,-10.5933,161.8986,850.04,32413.0
11581382,-10.6594,161.9547,848.26,19868.5
1309867,-10.7161,161.8719,847.32,38522.3
7715554,-10.6456,161.8,845.98,22700.2
10825439,-10.6961,162.0675,844.19,20318.7
8363181,-10.5014,161.7845,842.82,22114.5
1743774,-10.5197,161.8983,838.83,35612.4
334056,-10.7167,161.8983,838.8,54395.7
365586,-10.6094,161.7697,831.39,53241.4
7528608,-10.6744,162.0744,831.04,22881.9
7606774,-10.6486,161.8533,830.03,22806.6
1640027,-10.6689,162.0333,826.89,36226.1
11812976,-10.6392,161.9114,824.6,19736.6
533236,-10.6464,161.8269,823.64,48570.6
13194,-11.6458,166.8864,821.97,102341.5
11467153,-10.6533,161.8506,821.28,19932.5
3438818,-10.5628,161.8919,820.93,29231.8
11456649,-10.6533,161.8306,819.4,19938.9
4184369,-10.6703,161.9492,817.0,27534.8
2615496,-10.6544,161.9058,814.47,31707.5
7815802,-10.5911,162.09,813.36,22604.6
10244735,-10.5536,161.8969,811.79,20694.6
571385,-10.5539,161.8158,810.92,47751.8
4144945,-10.6608,162.0514,810.34,27615.7
13845,-10.3861,165.8042,809.62,101569.8
181474,-10.7664,162.0958,809.29,62534.9
6425371,-10.5608,161.7444,807.68,24075.9
10494229,-10.5825,162.0858,802.85,20530.8
531612,-10.6497,161.9806,802.37,48607.4
4461393,-10.7331,162.0094,798.35,26997.4
3863795,-11.6356,166.9014,797.53,28215.9
4796676,-10.58,162.0778,795.2,26396.0
11323878,-10.6397,161.8564,793.54,20015.4
1023422,-10.615,161.7553,792.94,41142.3
2106712,-10.6758,161.9667,791.91,33759.0
1842460,-10.635,161.9892,790.65,35067.9
1218804,-10.7683,162.0894,789.53,39275.7
7969910,-10.7258,162.0219,789.08,22463.2
11576036,-10.7842,162.0739,787.97,19871.7
8767203,-10.7122,161.9092,787.69,21774.8
10658624,-10.6867,161.9489,785.58,20425.0
9581780,-10.6033,161.7753,784.78,21154.4
7319037,-10.5594,161.8108,781.78,23089.8
1184227,-10.6258,161.9881,778.82,39576.3
7678729,-10.7208,161.8978,777.8,22733.8
1382807,-10.5964,161.7489,776.49,37960.8
887710,-10.6939,162.1056,775.65,42701.5
779254,-10.8042,162.0908,775.15,44152.5
561384,-10.5581,161.8619,773.03,47960.8
8330101,-10.675,162.0278,771.56,22140.4
3566957,-10.7275,162.0339,771.42,28907.4
1198901,-10.6789,161.8142,769.79,39447.3
6202820,-10.6758,161.9614,760.11,24349.5
7377605,-10.7122,161.9247,759.23,23031.8
2120634,-10.6911,161.9628,757.88,33694.8
8749979,-10.7044,161.9581,756.34,21789.4
5525529,-10.7092,161.95,753.51,25251.2
862545,-10.7456,162.0361,753.01,43018.2
1469029,-10.6528,161.8428,750.2,37341.5
2188331,-10.5494,162.0831,749.75,33390.9
7824370,-10.6017,161.7517,747.33,22596.1
8932463,-10.7233,162.0305,745.26,21645.6
128404,-10.7528,162.1467,743.9,67397.1
5817982,-10.5697,161.8042,742.36,24849.4
8746528,-10.6633,161.9736,740.62,21792.3
2652643,-10.705,162.1064,738.93,31576.6
4454058,-10.6811,161.8539,738.32,27011.5
2138349,-10.5833,162.1078,736.13,33615.3
4339657,-10.6931,161.8464,736.01,27230.0
1367405,-10.4789,161.7856,735.85,38078.1
5305949,-10.64,161.9714,734.71,25574.6
4939002,-10.6569,161.9897,733.48,26155.9
9278940,-10.6469,161.9714,733.38,21379.1
6683954,-10.5547,162.085,733.2,23774.9
6975151,-10.5239,161.8853,730.79,23451.2
612522,-10.6117,161.9572,730.76,46925.4
584704,-10.7458,161.9592,730.2,47476.1
449347,-10.7369,162.0872,728.84,50666.2
2474741,-10.6486,162.0353,724.63,32225.7
8097246,-10.6919,161.8514,723.29,22346.6
5899752,-10.6722,161.8089,722.15,24738.9
5229614,-10.5867,162.1122,721.29,25693.9
7707262,-10.6994,161.8439,721.01,22708.6
11807508,-10.6861,162.0908,719.92,19739.8
509932,-10.6356,161.7458,719.76,49115.9
9271509,-10.6744,161.8533,718.85,21385.1
7898384,-10.805,162.0836,718.53,22528.3
1051435,-10.7075,161.9703,716.81,40853.2
2449940,-10.5303,161.8225,715.84,32322.4
5302808,-10.7319,162.0861,714.05,25579.6
9434689,-10.7303,162.0011,713.43,21262.6
3446339,-10.6619,162.0139,711.1,29212.2
794205,-10.6294,162.0056,709.28,43938.4
1283837,-10.7453,162.1364,708.03,38730.1
1861361,-10.6714,162.095,707.48,34969.7
8688624,-10.7392,162.0347,705.79,21842.0
9411518,-10.6358,161.82,704.35,21280.5
6488056,-10.7147,161.9547,700.49,24001.6
680151,-10.7375,161.9839,700.25,45705.3
4013271,-10.5092,161.8256,698.01,27888.9
5170172,-10.6792,162.0925,697.21,25783.0
1840250,-10.6542,162.0717,696.02,35080.6
2865468,-10.6278,161.8,694.81,30864.4
2019513,-10.6403,162.0744,693.19,34169.8
1667035,-10.7672,162.1447,692.59,36062.1
11174262,-10.7206,162.0375,691.86,20104.4
10635244,-10.6647,161.9386,690.77,20440.6
10275499,-10.4853,161.785,690.3,20673.1
4693641,-10.7383,162.1411,688.94,26576.4
7321611,-10.7325,162.1408,687.54,23087.0
3530888,-10.7322,161.9603,685.9,28997.7
905918,-10.7289,162.067,684.93,42474.2
23180,-13.5425,167.3094,684.45,93388.8
9816879,-10.6381,161.7433,684.37,20988.1
10008523,-10.6417,161.7892,682.89,20857.2
1241394,-10.6786,161.7875,676.34,39082.2
10047098,-10.6756,161.7895,674.35,20829.7
2414216,-10.6869,161.7964,674.09,32460.1
11282805,-10.7114,161.9658,673.45,20040.9
7457865,-10.6642,161.9336,671.71,22951.4
5850861,-10.7058,161.847,671.62,24803.2
1719297,-10.5681,161.7811,670.78,35751.6
3908985,-10.6889,161.9158,670.48,28114.1
2631495,-10.5711,161.8717,668.85,31651.2
4449332,-10.715,161.8417,667.8,27021.0
1493407,-10.7647,162.0597,667.12,37175.7
1833099,-10.6214,161.9178,666.54,35118.7
5761061,-13.5275,167.3128,665.79,24926.2
1102412,-10.6361,162.0905,663.42,40340.0
2664267,-10.7489,162.0436,661.22,31534.2
9096548,-13.5317,167.31,659.33,21515.7
6769102,-10.6533,161.8164,659.33,23678.3
7377606,-10.6308,161.9556,658.68,23031.8
4843274,-10.6236,161.7558,657.45,26316.2
2561332,-10.7322,162.0728,655.35,31901.8
448791,-10.7547,162.1117,655.15,50680.0
9256617,-10.7122,162.005,654.75,21397.0
4407986,-10.7142,161.8361,653.53,27096.3
5572200,-10.6642,162.1067,652.95,25185.5
9729543,-10.5194,161.8808,652.74,21048.7
5400230,-10.7644,162.1117,650.86,25434.7
4286274,-10.5372,162.0692,648.96,27332.8
3538491,-10.6125,161.9833,648.45,28977.9
5947987,-10.7583,162.0628,648.02,24677.0
10330228,-10.5747,161.8742,646.38,20639.2
8649439,-10.6114,161.7931,645.85,21871.1
6035833,-10.6236,161.9536,645.17,24560.5
4396235,-10.535,161.8508,645.06,27119.8
11493458,-10.6331,161.9794,644.48,19916.5
6512481,-10.6286,161.9689,644.44,23975.1
7481802,-10.6058,161.9814,643.8,22926.4
1578473,-10.5228,161.7461,643.34,36611.0
2530060,-10.6675,161.9025,641.46,32019.4
9550112,-10.7225,161.9978,640.59,21178.5
11303280,-10.7481,162.0514,640.41,20028.2
2546058,-10.6772,161.8903,639.55,31959.7
5632648,-13.5208,167.32,638.45,25099.4
555423,-10.7372,162.0558,638.28,48089.5
4120681,-10.7453,161.9428,638.27,27664.1
5916756,-10.6842,161.9742,636.86,24715.7
1358910,-10.5669,161.985,633.4,38143.3
3465954,-10.7442,162.1172,632.97,29162.0
6092601,-10.7672,162.0486,628.63,24487.8
3840134,-10.7244,161.9244,625.78,28267.8
3290690,-10.7331,162.0464,624.13,29621.5
1498784,-10.5156,161.8497,623.86,37137.9
2370850,-10.6289,161.9325,623.37,32630.4
10365804,-10.6378,161.9267,623.35,20614.4
1679512,-10.8008,162.1053,621.74,35986.1
59113,-10.4333,161.6633,621.17,78866.3
11206288,-10.5953,162.1139,618.02,20088.5
2354433,-10.4389,161.6497,617.01,32696.8
6458177,-10.6111,161.785,616.84,24038.8
7078344,-10.7208,161.8269,616.17,23339.5
11357245,-10.6756,161.8956,615.87,19999.5
1777468,-10.7011,162.1281,614.82,35420.4
1546569,-10.7672,162.0331,613.33,36819.2
568286,-10.74,161.9158,613.11,47815.8
5309068,-10.5319,162.0617,613.1,25569.7
11752218,-13.5194,167.3233,612.88,19772.0
7821547,-10.6453,161.7397,611.85,22598.9
6989492,-10.5847,161.9803,611.8,23434.9
472775,-10.5831,161.9483,611.06,50041.1
8057797,-10.6461,161.9925,611.04,22383.6
3423901,-13.5528,167.317,609.78,29268.8
9128031,-10.7597,162.0442,609.07,21495.0
1630864,-10.6847,161.8405,607.39,36282.3
5491883,-10.6472,161.7336,607.25,25301.6
11049699,-10.5817,161.8692,606.64,20183.4
1905624,-10.6183,162.0867,606.06,34739.4
383601,-10.6678,161.7239,605.44,52634.9
1081937,-10.57,161.9383,605.17,40540.1
10763587,-10.5939,162.0803,604.31,20359.4
999933,-10.7289,161.8495,603.25,41392.4
173748,-10.6028,161.7133,603.11,63134.1
11034829,-10.7631,162.0361,601.39,20192.9
3857708,-10.5344,162.0947,599.76,28227.2
7398544,-10.6917,161.8639,599.52,23009.6
1124837,-10.6147,161.7133,595.86,40123.1
557919,-10.8164,162.1047,595.23,48035.1
53071,-10.2742,161.4042,595.12,80524.3
447117,-10.2811,161.3967,594.63,50726.5
1634374,-10.5153,162.0806,593.89,36259.5
8753416,-10.2706,161.405,591.7,21786.5
3698200,-10.6856,161.8717,591.56,28592.8
2445800,-13.5564,167.3308,590.96,32336.2
6836497,-10.5564,161.9792,590.46,23602.8
11796463,-10.7458,162.1547,589.86,19746.2
2749845,-10.6842,161.7625,589.08,31242.0
7807216,-10.6169,162.0119,588.62,22613.0
11357246,-10.6606,161.8678,588.19,19999.5
10526202,-10.6356,162.0558,585.18,20509.1
10835138,-10.5492,161.9792,584.26,20312.4
8612427,-10.6817,161.7575,583.62,21903.1
847727,-10.5944,161.9339,583.39,43211.8
6168164,-10.6231,161.7458,580.83,24391.3
5201493,-10.5114,162.0708,580.52,25736.1
2328061,-10.6908,161.905,580.04,32801.8
10415561,-10.7167,161.9761,577.82,20580.4
9407612,-10.5628,162.0639,574.69,21283.5
987573,-10.7608,161.9386,574.17,41527.6
3299077,-10.6897,161.8336,573.16,29597.8
205892,-10.2956,161.46,572.35,60811.7
1367189,-10.4928,161.8875,571.94,38079.8
2017699,-10.2714,161.3928,568.55,34179.1
3559235,-10.7256,161.8292,568.5,28927.3
7715553,-10.6714,162.1128,567.69,22700.2
8695442,-10.5817,161.9567,566.91,21836.1
2424800,-10.6819,161.9897,565.4,32418.9
11079477,-10.6069,162.0125,564.33,20164.5
2547694,-10.7178,162.1092,557.96,31953.7
1887078,-10.5064,161.875,556.61,34834.6
9565840,-10.6156,162.0933,556.52,21166.5
10644612,-10.4728,161.7769,555.75,20434.4
42050,-10.7025,165.9508,555.0,84095.0
4858865,-10.5253,162.0819,554.44,26292.0
7212489,-10.7239,161.9095,554.38,23199.9
4499708,-10.7372,162.1642,551.54,26926.5
1835319,-11.66,166.9005,549.91,35106.0
10696007,-10.6444,161.7517,548.73,20400.1
7395916,-10.67,161.9178,547.33,23012.4
9313307,-10.7672,161.937,546.27,21352.3
752676,-10.6219,161.6953,545.85,44544.7
10928984,-10.5181,161.7533,545.57,20255.9
11537852,-10.7406,162.1578,544.6,19894.1
11791019,-10.6092,161.8344,543.84,19749.5
3560908,-10.6692,161.7581,543.83,28922.9
9309440,-10.7775,162.085,543.2,21355.2
5257036,-10.7231,161.8547,540.68,25649.3
6096421,-10.4331,161.6386,540.54,24482.6
3726901,-10.6586,162.1172,536.26,28525.8
524158,-10.6833,166.0431,536.12,48781.4
624775,-10.7894,162.1792,534.5,46689.9
4824122,-10.7156,162.1039,534.35,26350.1
865419,-10.5353,161.7314,532.84,42981.1
3696397,-10.7036,161.8653,532.25,28597.2
11498696,-10.4978,161.8914,531.58,19913.3
3971957,-10.2831,161.4131,530.62,27977.8
7232672,-10.7053,162.0836,528.08,23177.9
1827895,-10.6886,165.9878,527.72,35145.9
167299,-10.5483,161.6508,526.31,63651.7
9680923,-10.7639,162.1522,525.91,21085.0
1289107,-10.69,166.0995,525.67,38687.3
417008,-10.4858,161.7358,525.16,51589.6
4346690,-10.6619,161.8842,524.95,27216.0
131551,-10.3361,161.5311,523.32,67057.8
9593778,-10.6125,162.0894,523.14,21145.4
691344,-10.7678,161.9914,520.75,45515.3
3578433,-10.7261,161.9367,520.75,28881.0
302930,-10.7333,165.8972,518.28,55669.1
107677,-10.5014,161.5456,517.97,69924.8
11708422,-10.7408,162.1283,517.96,19797.8
1682584,-10.78,162.1617,517.59,35966.6
9252892,-10.7775,162.1589,516.85,21400.0
10042702,-10.6233,161.7094,516.62,20832.7
2514907,-10.7592,161.9842,515.99,32075.1
2020982,-10.4214,161.6431,515.71,34162.4
6699557,-10.6433,161.722,515.61,23756.2
1168874,-10.6458,162.1205,515.37,39712.9
10051313,-10.4742,161.8008,511.47,20826.6
2548727,-10.7731,162.1514,510.33,31949.7
10958212,-10.7497,162.1247,506.4,20237.0
118202,-10.3667,161.6094,506.17,68570.4
54180,-11.6319,166.9736,504.94,80212.8
4947927,-10.5667,162.118,504.35,26143.8
1047464,-10.7339,161.877,503.99,40893.7
5959142,-10.6411,161.7186,502.16,24661.5
131195,-11.7011,166.9297,500.27,67094.9
4964860,-10.6564,161.7275,498.7,26114.5
1012401,-10.76,162.188,496.44,41258.2
11763246,-10.6842,162.1336,496.19,19765.6
194643,-10.3056,161.4844,496.14,61574.9
2381709,-10.5006,161.7353,495.77,32587.5
769660,-10.5406,161.9614,494.15,44290.8
5153401,-10.2933,161.3947,494.05,25810.2
2077181,-10.6867,166.0108,493.47,33896.5
540911,-10.6561,162.1475,491.37,48401.1
4956395,-10.2814,161.3872,490.83,26129.1
11559176,-10.6958,165.9597,489.42,19881.3
3603893,-10.6197,162.1044,489.31,28819.1
7656316,-10.7289,165.9011,488.13,22756.2
353454,-10.6039,161.6364,487.85,53670.5
6210762,-10.555,161.9706,487.17,24339.0
5871062,-10.7533,161.9111,486.74,24774.9
6431752,-10.6078,161.8306,483.66,24067.9
11779918,-10.29,161.4622,483.48,19755.9
10948501,-10.5683,162.0614,483.37,20243.3
6347121,-10.6914,166.0378,482.97,24170.9
2437002,-10.3242,161.4822,482.45,32371.7
445063,-10.735,162.2444,481.48,50781.7
9078123,-11.6344,166.9742,480.51,21530.5
702583,-10.3119,161.5053,479.31,45328.7
3848036,-10.7844,162.1519,478.67,28249.8
2770562,-10.7453,162.0656,478.55,31172.5
6946520,-10.4664,161.7958,478.15,23483.7
8363179,-10.5567,161.942,477.84,22114.5
4396234,-10.6944,166.0214,477.69,27119.8
7232679,-10.3203,161.4839,477.4,23177.9
5766349,-11.6267,166.8656,476.6,24918.5
3684709,-10.5906,161.7094,476.56,28626.2
4638665,-10.6914,166.0686,476.52,26672.1
9228326,-10.5422,161.6525,475.71,21414.8
7915906,-10.735,161.9722,474.72,22511.4
6550012,-10.3183,161.5011,474.1,23929.9
891738,-10.315,161.4292,472.68,42650.8
5685698,-10.3694,161.6056,472.61,25025.7
1171963,-10.2886,161.4436,471.91,39685.6
9968400,-10.6858,162.1381,471.87,20881.6
4654364,-10.4947,161.5464,471.58,26645.8
1623697,-10.3839,161.6006,470.62,36326.2
7465817,-10.3011,161.3939,470.45,22943.1
3138356,-10.6647,162.1386,469.94,30044.4
7476498,-10.5828,162.0194,469.71,22932.0
5687451,-10.5622,161.7667,469.68,25023.1
3705499,-10.3117,161.4733,469.04,28574.9
8907587,-10.7481,161.9861,468.78,21666.2
174734,-10.4247,161.5589,468.23,63062.4
2533161,-10.3114,161.4431,467.96,32007.5
1079786,-10.4575,161.7469,467.83,40562.1
265691,-10.4553,161.5739,467.49,57390.1
150375,-10.4431,161.6917,467.0,65150.5
10227183,-10.5869,162.0203,466.92,20707.0
297144,-10.7247,165.9742,466.25,55919.2
6672792,-10.6983,166.0905,466.2,23788.3
6979992,-10.6906,161.8878,465.98,23445.7
7637153,-10.6772,161.9106,465.77,22775.8
307788,-10.6111,161.6664,465.41,55462.8
1086844,-10.6875,162.1508,464.32,40491.4
3054333,-11.6378,166.9731,463.9,30287.3
534647,-10.2525,161.3828,463.62,48540.5
67700,-9.5619,161.4808,463.09,76816.8
11079456,-11.6347,166.8628,462.99,20164.5
3093048,-10.8181,162.0742,462.8,30175.6
5953491,-10.5008,161.9222,462.66,24669.2
1999268,-10.7258,166.0467,462.65,34268.5
5507053,-10.7033,161.83,461.56,25279.0
8388762,-10.5161,161.8006,461.45,22091.4
2936468,-10.3219,161.5083,461.34,30644.9
7308777,-10.3183,161.5164,460.87,23100.8
9297927,-10.3403,161.5225,460.66,21364.2
8096625,-9.5747,161.485,459.97,22346.6
5446354,-10.7039,166.0878,458.75,25367.0
9627671,-10.6825,165.9853,458.16,21124.3
7606778,-10.3131,161.4811,457.65,22806.6
3125557,-10.6756,161.7125,457.47,30082.5
5362503,-10.3158,161.5272,457.09,25489.8
7090771,-10.5867,162.0253,455.54,23325.9
2144435,-10.7494,162.0828,455.37,33586.8
11419674,-13.5583,167.3367,455.25,19961.2
134630,-11.6878,166.9683,455.11,66727.3
1129827,-10.5433,161.6242,455.08,40075.4
1732817,-10.7675,162.2208,455.08,35674.9
3825261,-10.5544,162.1167,454.66,28299.3
10129180,-10.7406,165.8875,453.7,20771.5
10086106,-10.3086,161.4433,453.36,20802.1
1472357,-10.7725,161.9614,452.98,37319.3
6623107,-10.6042,161.6403,452.17,23844.5
9725555,-10.7253,165.9825,451.64,21051.8
4669919,-10.6886,166.1053,449.96,26617.1
586655,-10.415,161.6792,448.58,47435.9
9020513,-10.6878,166.0725,447.49,21577.8
3271937,-10.5375,161.6297,447.02,29670.9
2825693,-10.7381,161.8986,446.87,30992.2
1949407,-11.6253,166.975,446.84,34514.9
1265841,-10.7053,162.148,446.74,38877.9
728665,-9.4817,161.3225,446.59,44907.9
6675046,-10.6814,166.0695,445.78,23785.7
7798565,-10.6744,166.0481,445.38,22621.5
10392861,-10.5847,161.7089,445.31,20595.9
3929641,-10.55,161.6245,445.3,28071.0
5078401,-11.6289,166.9742,445.07,25928.4
1957598,-10.5344,161.6386,444.48,34474.2
1009988,-10.415,161.5981,444.21,41286.0
373476,-10.4931,161.6364,443.28,52969.1
5280901,-10.6286,161.7294,443.11,25614.5
761911,-11.635,166.9847,441.94,44407.2
1319298,-10.755,162.2161,441.6,38449.5
7664619,-10.725,162.1447,441.31,22747.8
3067722,-10.4942,161.8456,441.12,30249.4
2365330,-10.4978,161.9389,441.04,32653.9
5160968,-10.6394,162.0147,439.45,25797.9
1386120,-10.5636,161.6805,439.06,37937.3
2097121,-10.7606,161.915,438.49,33802.4
4295156,-13.5483,167.3511,437.61,27314.1
3143267,-10.7756,162.2008,437.5,30029.5
8372700,-10.6814,165.9989,435.83,22105.8
303998,-10.2806,161.3631,435.18,55624.5
11498685,-10.6933,161.8811,434.18,19913.3
1518774,-10.5675,161.6131,434.11,37003.9
3167878,-10.7753,162.2097,433.73,29959.4
5690994,-10.6883,166.1117,433.58,25018.0
1912430,-10.57,161.6664,433.49,34702.7
4184372,-10.3794,161.5992,433.44,27534.8
2610054,-10.2833,161.4636,433.2,31725.6
6003678,-10.6936,165.9478,429.16,24604.6
6556578,-13.5531,167.3475,429.16,23921.9
1794923,-10.2406,161.3755,429.03,35325.0
2119831,-10.5606,161.6586,428.58,33698.6
10658623,-10.7108,166.0608,428.14,20425.0
1042240,-10.6053,161.6903,427.54,40948.2
8863321,-10.7664,161.9128,427.34,21698.6
3660023,-10.6875,161.8961,427.16,28684.0
2428662,-10.4764,161.7478,426.7,32403.2
5704127,-9.5919,161.4967,426.3,25002.7
1382369,-10.3067,161.4042,426.12,37964.2
6210767,-10.2747,161.3836,425.96,24339.0
3371461,-10.3019,161.4461,425.57,29405.6
4479484,-10.2981,161.4917,425.12,26962.0
2165693,-10.5447,161.6131,425.0,33491.8
10430846,-10.2569,161.3919,423.08,20574.2
2768290,-10.7875,162.0333,422.79,31180.7
6585785,-10.7625,162.1722,422.7,23889.9
10116253,-10.4411,161.6225,422.52,20780.7
9347599,-10.2769,161.3661,422.13,21325.4
2799020,-10.5572,161.7233,422.1,31080.4
11857397,-10.4153,161.6014,422.01,19710.7
2949232,-10.3492,161.52,421.86,30603.2
2920685,-10.3272,161.4672,420.71,30692.6
2698991,-9.6075,161.515,419.96,31414.8
6088771,-10.4908,161.8072,419.88,24493.0
9396091,-10.4711,161.7478,419.22,21292.5
10625940,-10.755,162.1742,419.14,20446.9
3451085,-10.7322,161.82,418.07,29199.1
7615089,-10.5528,162.1222,417.51,22798.2
7428578,-13.5422,167.3556,416.96,22981.9
3858623,-10.5292,161.9619,416.6,28225.0
2642494,-10.5483,161.6322,416.42,31610.9
1278422,-10.5056,161.6486,416.05,38774.5
1204732,-10.7653,161.8867,415.77,39397.2
3783203,-10.75,165.8886,415.59,28396.0
3978952,-10.4842,161.6489,415.37,27961.9
8314134,-10.7078,166.0439,415.24,22154.8
7898390,-10.4344,161.7439,415.11,22528.3
10334625,-10.5606,161.9992,414.18,20636.1
6247638,-10.6031,161.6672,413.98,24294.5
7856633,-10.6733,166.0583,413.35,22565.1
924755,-9.5294,161.33,413.2,42247.0
8615711,-10.5011,161.7486,412.66,21900.2
11430316,-10.7783,162.1925,412.52,19954.9
395693,-10.4928,161.5905,412.4,52249.7
4634785,-10.3008,161.5139,411.51,26679.3
5204580,-10.3472,161.5125,411.42,25731.1
1275663,-9.5386,161.4847,411.35,38797.5
5154915,-10.485,161.6428,410.92,25807.7
4591171,-10.3883,161.6022,410.16,26758.0
7617705,-10.7833,162.17,409.63,22795.4
8856309,-10.5525,161.7222,409.42,21704.4
2815403,-10.4786,161.6394,409.41,31027.1
11673314,-10.6489,162.1453,408.63,19813.9
1392839,-10.7039,162.1597,407.66,37886.9
8575235,-9.4828,161.3272,407.58,21935.1
7232675,-10.6247,161.7144,406.62,23177.9
7277752,-10.2706,161.3808,406.6,23133.9
10205202,-10.5111,161.9281,406.46,20722.3
8914642,-10.4964,161.6378,405.36,21660.4
6013200,-10.59,162.0592,405.18,24591.6
3037880,-11.6969,166.9189,404.77,30337.7
11007462,-10.7486,162.0697,404.75,20205.5
8206184,-10.35,161.5156,404.5,22249.5
2156283,-10.4,161.5917,404.44,33533.7
4154691,-11.7028,166.9139,404.24,27594.9
10111932,-10.2803,161.4528,403.57,20783.7
6114329,-10.3033,161.5117,402.73,24459.2
4682829,-10.6094,162.13,402.03,26593.2
6841234,-10.3269,161.5447,400.76,23597.4
2382203,-10.6314,161.6836,400.16,32585.5
10435333,-10.5731,161.6692,399.84,20571.1
3163500,-10.7378,161.9353,399.06,29972.2
800072,-10.4878,161.6814,398.85,43855.7
11226763,-10.7269,165.9922,398.45,20075.8
2305162,-10.2589,161.3608,398.23,32896.9
11564542,-10.7628,161.8917,398.17,19878.1
2219759,-10.2933,161.3683,396.75,33255.1
3413497,-10.425,161.5922,396.46,29297.1
1987588,-10.5878,161.627,395.44,34326.1
8131132,-10.5769,162.028,394.63,22315.2
3495862,-9.5075,161.3183,393.35,29085.4
5613835,-10.2372,161.368,393.34,25127.3
221186,-10.4303,161.5305,391.66,59836.9
10129187,-10.3281,161.4711,390.35,20771.5
11635454,-10.4875,161.6389,389.42,19836.4
10890114,-10.7575,165.8892,387.85,20281.1
10919345,-10.2775,161.4669,386.58,20262.2
8783004,-10.7497,162.2492,386.54,21766.0
4871612,-10.3953,161.5842,386.53,26270.2
723297,-10.5514,161.5839,386.25,44994.4
106633,-11.2586,166.5,385.36,70074.0
420339,-10.7117,161.778,383.8,51491.9
7807214,-10.6958,161.998,383.71,22613.0
1304561,-10.8325,162.1156,383.61,38565.3
1788814,-10.3781,161.6111,383.36,35359.2
10098998,-10.4622,161.755,382.49,20792.9
8964510,-10.5492,161.5831,382.34,21619.1
2900679,-11.6217,166.9272,382.12,30754.8
4724967,-10.7011,166.0358,381.97,26518.8
6236221,-9.5508,161.4817,381.84,24305.0
1088372,-10.7778,162.2261,381.26,40477.2
7749257,-10.745,161.8944,381.05,22666.5
4734494,-10.2978,161.4797,380.96,26504.4
9403864,-10.7197,161.9858,380.65,21286.5
6363821,-10.6178,162.1147,380.55,24149.8
5907509,-10.6111,161.6361,380.48,24728.6
8317281,-10.4467,161.7531,380.27,22151.9
9179753,-10.3125,161.5372,380.05,21453.5
1519520,-10.3317,161.5161,378.01,36998.7
5517138,-10.7117,161.7836,377.98,25263.8
10397313,-10.5419,161.7386,377.98,20592.8
11735621,-10.7131,165.9164,376.85,19781.7
7824367,-10.7703,162.1233,376.73,22596.1
1015874,-10.5089,161.6347,376.61,41222.7
655986,-10.3486,161.4936,375.8,46122.9
4836396,-10.3317,161.4886,375.18,26328.3
10307465,-9.4678,161.3,374.02,20654.6
669841,-10.7811,161.9825,373.74,45880.6
6121140,-10.4803,161.9005,373.44,24454.0
9100132,-10.7383,161.825,373.21,21512.8
11662562,-10.7889,162.1458,372.78,19820.3
415491,-9.4978,161.4497,372.64,51635.2
4467228,-10.4103,161.5939,372.38,26985.6
1617776,-10.4361,161.7061,372.24,36363.0
5556938,-10.7597,162.2453,371.75,25208.3
10521564,-10.3331,161.4814,371.46,20512.2
7479139,-11.7036,166.91,371.41,22929.2
116463,-12.2892,168.8361,371.31,68784.7
1023120,-9.5297,161.4817,370.98,41145.4
7267024,-10.2964,161.5183,370.49,23144.9
9081841,-10.4986,161.6344,370.44,21527.6
837039,-10.4069,161.5072,370.27,43353.1
1485546,-10.4183,161.5814,370.23,37228.7
4466110,-10.3147,161.4072,370.06,26987.9
2864279,-10.4858,161.6325,370.0,30868.6
1389411,-10.3508,161.6031,369.91,37912.1
6498778,-10.7281,162.2486,369.14,23988.4
6699556,-10.7125,161.7733,368.7,23756.2
484028,-10.3975,161.6428,368.26,49748.7
7056297,-10.4769,161.655,368.18,23364.1
5231134,-10.4897,162.0586,367.99,25691.5
7390572,-10.7544,162.2475,367.29,23017.9
6614259,-10.3958,161.5986,367.2,23855.2
4417639,-9.4886,161.3044,366.28,27079.9
1382368,-10.5072,161.5978,366.1,37964.2
5237280,-10.2864,161.3647,365.81,25681.5
7872350,-11.6214,166.9217,365.75,22553.8
5625810,-10.3619,161.5136,365.42,25109.5
121454,-9.7503,161.975,364.8,68179.1
5049280,-10.6889,161.7428,363.7,25977.5
2249417,-10.7789,162.0439,363.45,33128.4
5618962,-10.5789,161.6283,363.14,25119.7
4931960,-10.275,161.4322,362.72,26168.1
6785119,-10.4939,161.6789,362.4,23659.4
2606702,-10.4022,161.6747,360.83,31737.6
9993118,-9.5264,161.4803,360.79,20863.3
6379272,-10.7583,161.8919,360.42,24134.0
10588772,-10.4156,161.5089,359.93,20471.8
10262176,-10.7306,162.2486,359.81,20682.3
9627682,-10.3214,161.4333,359.49,21124.3
6049112,-10.7517,161.8561,359.14,24542.4
3660915,-10.2875,161.4897,358.59,28681.7
355785,-9.5992,161.4467,358.0,53582.6
7479149,-10.6861,162.1653,357.93,22929.2
1044876,-10.3781,161.6306,357.87,40920.2
3402875,-10.7294,162.1836,356.95,29323.2
5578862,-10.3511,161.6083,356.37,25175.4
3131966,-10.3017,161.3569,355.85,30063.4
10854561,-10.7842,161.9825,355.45,20299.9
3461646,-10.6267,161.6733,355.11,29170.7
3626162,-10.3544,161.5005,352.99,28763.8
1331783,-10.7678,161.8614,352.69,38351.6
2060611,-10.7961,162.0247,352.58,33973.5
9542280,-10.7328,165.9692,351.13,21184.5
2762168,-9.7758,161.977,351.12,31201.1
6764204,-10.2989,161.3739,351.06,23683.7
3713024,-10.6706,162.1664,350.81,28559.3
1181099,-10.3989,161.6217,349.75,39605.3
477792,-10.5278,161.5617,349.7,49911.1
1498554,-10.4344,161.5239,348.54,37139.6
5111263,-10.5247,161.6472,348.53,25876.8
3232409,-10.7756,161.8844,347.82,29778.1
10914372,-10.4586,161.7747,346.63,20265.3
7036851,-10.7708,161.9092,346.6,23385.9
10069192,-10.4569,161.5783,344.92,20814.4
1238248,-10.7342,161.7975,344.85,39109.9
8266685,-10.3942,161.5911,344.28,22197.8
884347,-10.4403,161.5147,343.91,42743.3
140444,-13.1603,166.5628,343.19,66128.9
859832,-10.7883,161.9353,342.72,43053.7
8932473,-10.2558,161.3533,342.31,21645.6
7230152,-10.4761,161.8319,342.04,23180.6
1223886,-10.2553,161.4408,342.03,39231.9
5218274,-10.8033,162.1739,341.78,25708.8
1840249,-10.8114,162.1717,341.72,35080.6
5087697,-10.2878,161.505,341.44,25916.1
4757292,-10.2967,161.3639,340.81,26463.5
5170173,-10.5958,161.6444,340.51,25783.0
10466880,-10.5861,161.7017,340.5,20549.4
191535,-9.4681,161.4395,340.1,61795.9
857977,-10.3003,161.3125,339.51,43078.9
10758842,-10.5286,161.6522,339.16,20362.6
721431,-10.5539,161.5289,339.15,45025.5
7031994,-10.2856,161.4336,338.77,23391.3
230743,-10.8292,162.1389,337.56,59266.7
2756936,-10.5267,161.6097,337.5,31219.5
3320668,-10.4856,161.5558,337.25,29539.7
5964870,-10.4458,161.5789,336.82,24653.7
2407063,-10.5094,161.6719,336.78,32489.6
3803305,-10.5222,161.6094,336.08,28351.1
5875851,-10.7561,162.2386,335.92,24772.3
10801739,-10.3831,161.6311,334.5,20334.4
5315354,-10.5358,161.558,333.9,25559.7
10196325,-10.2644,161.3525,333.56,20728.5
3062947,-10.3572,161.5942,333.24,30264.1
2983150,-11.6394,166.9839,331.88,30501.1
2473844,-10.57,161.6356,330.96,32229.7
1924599,-10.695,165.8864,330.83,34642.0
8756878,-10.5989,162.1325,329.73,21783.5
1483988,-10.45,161.5003,329.44,37237.3
6592359,-10.3258,161.4167,329.01,23881.9
1924966,-10.5233,161.5572,328.31,34640.2
2021355,-10.5128,161.5597,327.93,34160.5
4379977,-10.3025,161.523,327.74,27152.7
10448825,-10.5742,161.6275,326.52,20561.8
3725991,-10.3172,161.4483,324.68,28528.1
10767446,-9.4928,161.3019,324.11,20356.3
2816596,-10.7464,165.9086,324.06,31023.0
5903476,-10.5167,161.5569,324.01,24733.7
2195513,-10.5831,161.6595,323.49,33360.3
817832,-10.4686,161.5308,322.6,43610.9
7901289,-10.2375,161.3933,322.57,22525.5
760010,-10.4078,161.4878,321.96,44434.4
11267540,-10.5483,161.7983,321.7,20050.4
670855,-10.3553,161.4672,321.44,45862.5
6234649,-10.3064,161.5167,321.11,24307.6
2638224,-10.6967,161.7361,320.81,31627.0
7561716,-10.2597,161.4395,320.41,22848.5
3246006,-10.5178,161.6325,320.33,29741.7
10498859,-10.2947,161.3136,320.16,20527.7
470481,-10.7892,161.9619,319.84,50099.7
6048743,-9.5367,161.3547,318.96,24542.4
2898743,-10.7981,162.0497,318.7,30761.1
3158461,-10.7506,161.8795,318.14,29987.1
3331448,-10.7325,165.9358,317.6,29509.5
10489563,-10.4083,161.6633,317.57,20533.9
6512483,-10.5044,161.623,317.12,23975.1
10801734,-10.6842,166.023,316.72,20334.4
3219965,-10.3656,161.4911,316.54,29814.5
5216734,-10.3386,161.4989,316.05,25711.3
2097122,-10.6125,161.7281,315.95,33802.4
214782,-11.2825,166.5214,314.68,60232.8
10919339,-10.5125,161.5983,314.66,20262.2
10388338,-10.3056,161.3561,314.51,20599.0
7401164,-10.7808,162.1761,314.27,23006.8
4220098,-10.3903,161.5817,313.29,27463.0
2291480,-10.3719,161.5053,313.08,32953.0
8554250,-10.3189,161.4664,313.07,21949.6
11159196,-10.3803,161.6353,313.05,20113.9
7093273,-10.4081,161.6036,311.0,23323.1
2508160,-10.5361,161.8092,310.91,32098.9
2784368,-10.3789,161.5803,310.75,31127.5
10763595,-10.2997,161.5267,310.32,20359.4
546043,-11.2328,166.5381,310.24,48287.8
4434557,-10.3628,161.4958,310.12,27046.9
5282531,-10.5044,161.6817,309.22,25612.0
2951226,-10.7039,165.8708,309.02,30597.0
3240735,-10.5692,161.687,308.75,29756.7
2588874,-10.5472,161.5481,308.4,31801.8
1466096,-10.3294,161.3964,308.4,37363.7
6533879,-9.4964,161.3039,308.39,23948.5
9514763,-10.7328,162.2514,307.99,21205.6
10379156,-10.3003,161.3217,307.96,20605.2
1536169,-10.2978,161.3333,307.96,36888.3
4811602,-10.4747,161.5308,307.63,26369.4
1149788,-10.5531,161.5519,307.27,39889.0
10082067,-10.4117,161.6161,307.1,20805.2
4653112,-10.7003,165.9017,306.31,26648.2
1319518,-10.4253,161.6197,306.09,38447.8
3390819,-10.5781,161.66,305.83,29355.8
1589180,-10.5403,161.6964,305.76,36544.8
3395626,-10.5117,161.6292,305.53,29342.7
1568713,-9.5194,161.4678,305.49,36675.3
1092990,-10.6881,161.7011,305.42,40431.5
6900713,-10.4783,161.5328,305.24,23532.5
7163664,-10.4192,161.5439,305.18,23249.3
4383459,-10.3094,161.308,304.55,27145.7
344025,-10.365,161.5383,304.53,54017.2
3806114,-10.3067,161.3336,304.3,28344.3
4301126,-9.5203,161.463,303.72,27304.8
956537,-10.5114,161.7158,302.88,41877.5
6826755,-9.4469,161.4308,302.18,23613.6
5585700,-10.7122,165.8875,301.84,25165.3
9339899,-10.8192,162.0483,300.77,21331.4
3133358,-10.7467,162.2033,300.28,30059.2
1030335,-10.3844,161.5011,300.05,41069.4
4888219,-10.3453,161.4672,299.27,26241.1
931855,-9.5625,161.5114,299.18,42164.0
4475576,-9.5147,161.3153,298.41,26969.1
5090662,-10.4906,161.627,298.19,25911.2
1699456,-10.7008,161.8153,297.92,35867.3
919353,-10.4517,161.5286,297.63,42311.8
4497300,-10.7403,162.2331,297.44,26931.2
720653,-10.6244,162.1805,297.19,45036.9
8884249,-10.5378,161.6972,297.08,21680.9
8698813,-10.5025,161.6581,296.84,21833.2
7824377,-10.2669,161.4378,296.75,22596.1
6381355,-10.5428,161.67,296.57,24131.4
7462635,-9.5117,161.3133,295.96,22945.8
10059857,-10.4472,161.5305,295.57,20820.5
2217641,-11.2456,166.5017,295.38,33264.7
6775954,-10.4531,161.7772,295.2,23670.2
11216479,-10.5717,161.6255,294.54,20082.2
2330533,-10.4719,161.7294,294.36,32794.0
8569287,-10.6031,162.0653,294.34,21940.9
9631725,-10.6056,161.657,294.07,21121.3
2186647,-10.4844,161.5322,293.99,33398.5
1171962,-10.3778,161.5125,293.72,39685.6
5344528,-10.5389,161.5494,292.95,25517.3
8918214,-10.3039,161.4742,292.68,21657.4
553472,-10.4697,161.4861,291.79,48129.2
8982282,-10.2639,161.3675,291.36,21604.4
8695448,-10.285,161.475,291.33,21836.1
8678531,-10.7075,165.9017,291.03,21850.7
205425,-9.8844,167.1836,290.52,60843.2
10312719,-10.4233,161.6817,290.3,20651.5
9542282,-10.5658,161.6933,290.16,21184.5
2808534,-10.3942,161.4903,289.83,31047.6
5049279,-10.7361,162.2286,289.29,25977.5
9176049,-10.4661,161.4889,289.27,21456.4
6965670,-10.3067,161.3303,289.18,23462.0
7240422,-10.5992,162.0414,289.07,23169.7
8288692,-10.5292,161.6603,288.53,22177.7
9518764,-10.705,165.8883,288.51,21202.5
5823513,-10.3211,161.3183,288.47,24841.7
2791585,-9.5858,161.4644,287.97,31103.0
6365933,-10.4731,161.7581,287.9,24147.2
8621760,-9.5597,161.5158,287.13,21894.4
2301441,-10.5469,161.6897,286.69,32912.3
4027398,-10.7469,166.0542,286.37,27861.5
7981639,-10.4294,161.5206,286.24,22451.8
5871058,-11.2875,166.5125,286.11,24774.9
3778492,-10.3375,161.5086,285.73,28407.2
7403739,-10.2667,161.4658,285.3,23004.1
1840875,-10.3267,161.3028,285.15,35077.0
5936489,-10.3819,161.5806,285.07,24692.5
10494225,-10.7117,165.8942,284.87,20530.8
8622458,-10.3,161.4311,284.36,21894.4
2306446,-9.5767,161.528,284.2,32891.0
5805943,-10.5042,161.5311,283.57,24862.2
5530659,-10.4236,161.5203,283.35,25243.7
9972608,-10.3569,161.6178,282.81,20878.5
3342719,-10.7217,162.2375,282.77,29481.4
2740674,-10.6464,162.1722,282.75,31274.6
6802081,-10.4694,161.6564,282.7,23643.3
11597740,-10.4772,161.5386,282.41,19858.9
2640396,-10.3064,161.3419,282.41,31619.0
4366832,-10.5611,161.6453,282.26,27176.2
4184371,-10.4153,161.6308,282.01,27534.8
5875855,-10.4853,161.623,281.88,24772.3
9729545,-10.4492,161.7864,281.51,21048.7
7463178,-10.405,161.6083,280.73,22945.8
7489819,-10.3681,161.4875,280.59,22918.1
2466967,-10.6053,162.1497,280.56,32257.3
2081041,-9.4978,161.4847,280.54,33877.7
3345071,-10.7856,161.9975,280.39,29474.9
1602749,-11.2344,166.505,279.61,36457.5
2799021,-10.3236,161.3311,279.06,31080.4
7220110,-10.7692,165.89,279.03,23191.6
8240393,-10.6783,165.9475,278.37,22217.9
9709102,-10.5611,161.525,278.36,21063.9
5038923,-10.5206,161.5975,278.15,25994.7
2507623,-10.7925,161.9542,278.01,32100.9
3706233,-9.8906,167.1828,277.69,28572.7
6532011,-10.6125,162.15,277.63,23951.2
11392502,-9.5667,161.5183,277.56,19977.2
10763583,-10.7194,165.8761,277.45,20359.4
6804405,-11.2289,166.5439,277.12,23640.6
5249151,-9.55,161.3675,277.03,25661.7
8375931,-10.4228,161.7067,276.58,22102.9
445156,-11.2572,166.5605,276.57,50779.2
2353844,-9.5472,161.5086,276.21,32698.7
9652529,-10.7775,161.91,276.09,21106.2
3308111,-10.5444,161.5378,276.0,29572.0
9124424,-10.2961,161.4314,275.66,21498.0
2147268,-10.7683,162.2394,275.64,33573.5
3887116,-10.5881,162.1369,275.56,28161.7
11553918,-10.7075,165.895,274.56,19884.5
7801332,-10.4044,161.6114,274.0,22618.6
5892515,-10.4108,161.635,273.83,24749.2
6645158,-10.4856,161.8547,273.81,23817.8
11451376,-10.54,162.0008,273.81,19942.1
2963211,-10.5394,161.5625,272.11,30561.6
9909920,-10.7811,162.0047,271.94,20924.3
3285726,-9.5872,161.4544,271.7,29632.3
1056249,-10.6333,161.6255,271.04,40803.3
3308827,-10.5656,161.5197,269.94,29569.9
11833979,-9.5533,161.3597,268.98,19723.6
4555593,-10.3161,161.5592,268.98,26822.2
4014264,-10.8136,162.1767,268.92,27886.6
11334261,-10.5056,161.7117,267.71,20009.1
10909442,-10.2986,161.3392,266.88,20268.5
475536,-10.3375,161.5572,265.74,49969.8
1473805,-10.4303,161.5744,263.87,37309.1
5474546,-10.3339,161.558,263.29,25324.3
7617709,-10.6556,162.1747,262.63,22795.4
3433621,-10.8133,162.1205,262.53,29242.7
4992472,-10.2675,161.3145,262.52,26070.6
10663145,-10.7983,162.1456,262.3,20421.9
3600337,-10.5511,161.5197,261.25,28828.0
10839003,-9.8842,167.1778,260.75,20309.3
3715881,-10.8081,162.1922,260.6,28552.6
7915907,-10.6322,162.1147,260.57,22511.4
6057766,-10.5744,161.7025,260.31,24534.6
10249133,-10.2772,161.4906,260.06,20691.6
7856632,-10.7269,162.2275,259.64,22565.1
729120,-10.3939,161.5519,259.59,44900.8
1214430,-10.4792,161.5758,259.44,39314.6
1657047,-10.3644,161.5819,259.32,36122.2
5649247,-10.2756,161.3117,259.08,25079.1
3987014,-10.7986,162.1542,258.53,27943.7
11456661,-10.28,161.377,258.2,19938.9
9403871,-10.2836,161.3208,258.08,21286.5
11493471,-10.3144,161.315,257.45,19916.5
1163234,-10.5225,161.5811,257.3,39764.2
11393530,-10.5206,161.5819,257.03,19977.2
7556273,-10.5044,161.695,256.95,22854.0
8550906,-10.5319,161.9986,256.92,21952.5
5654406,-10.7475,165.8644,256.33,25071.4
7547111,-9.5761,161.5194,256.29,22862.4
3284332,-10.4978,161.6164,256.26,29636.6
3032966,-11.6875,166.9375,256.2,30350.3
8904065,-10.3208,161.4033,255.85,21669.2
11119318,-10.4617,161.635,255.58,20139.2
275398,-13.4111,166.6811,254.28,56922.0
2624831,-10.4942,161.5817,254.24,31673.3
4184370,-10.5733,162.1408,253.88,27534.8
8925419,-10.5589,161.61,253.59,21651.5
6789758,-11.6861,166.9219,253.46,23654.0
5022679,-10.8158,162.12,253.38,26019.2
7591787,-10.5769,161.6372,253.24,22817.8
659884,-10.3356,161.4222,253.14,46053.8
930300,-10.7372,161.7711,252.73,42182.1
5645791,-10.2706,161.3256,252.72,25084.1
8439876,-9.5694,161.5186,252.33,22045.2
2742931,-10.5614,162.0239,252.26,31266.4
4983417,-11.2392,166.5028,251.6,26082.8
4155804,-10.4847,161.5978,251.31,27592.6
2448814,-11.2886,166.535,251.14,32324.4
7473304,-9.5592,161.4978,250.92,22934.7
2440410,-10.44,161.5525,250.58,32357.9
4414307,-10.6969,162.1589,250.42,27086.9
9252894,-10.6811,166.125,249.91,21400.0
2694113,-10.2417,161.4333,249.45,31433.1
4336166,-10.7011,161.7286,249.25,27237.0
11713720,-10.6442,162.1803,248.35,19794.6
4390125,-9.5872,161.5347,248.29,27131.6
10815890,-10.7953,162.1575,248.28,20325.0
7892598,-10.3106,161.3192,246.82,22534.0
8050635,-10.4808,161.6217,246.76,22386.5
3109428,-10.4039,161.532,246.73,30129.1
2193831,-10.4675,161.5692,246.64,33368.0
11640828,-10.2506,161.4111,245.48,19833.2
5500198,-10.4789,161.7208,245.44,25289.0
11398754,-10.76,162.2553,245.37,19974.0
9522636,-10.4522,161.7028,244.57,21199.5
5858239,-10.7561,166.04,244.41,24792.9
10090295,-10.5594,161.6078,244.41,20799.1
8348991,-10.3289,161.3347,244.05,22123.1
4624645,-10.3492,161.4792,243.76,26698.4
7766253,-10.2261,161.3456,243.71,22649.6
11225657,-9.7908,161.9761,243.32,20075.8
3425502,-10.4736,161.5531,243.28,29264.5
9067313,-10.4328,161.5706,242.86,21539.4
1831759,-10.7814,161.9672,242.77,35126.0
11139145,-10.3411,161.4533,241.62,20126.5
4851544,-10.5106,161.5255,241.44,26301.7
11684019,-10.5881,161.648,241.43,19807.5
4004995,-10.4739,161.6683,241.25,27907.1
4947654,-9.8,161.9708,241.0,26143.8
4073456,-10.4353,161.5769,240.53,27762.9
8786585,-10.4408,161.5978,240.12,21763.1
5246480,-10.2153,161.3656,239.67,25666.6
5546577,-9.5992,161.4711,239.62,25223.5
5507054,-10.4611,161.5036,238.82,25279.0
6766472,-10.2747,161.3042,238.77,23681.0
315189,-13.2511,166.6081,238.72,55152.9
11048724,-9.4361,161.4344,237.91,20183.4
2803107,-9.5258,161.5036,237.48,31066.1
2174181,-10.8069,162.1639,236.79,33453.8
5153394,-11.6825,166.9439,236.48,25810.2
6421136,-11.2297,166.5267,236.02,24081.1
11017294,-11.6353,166.9894,235.03,20199.2
11440873,-10.4372,161.5789,234.28,19948.5
7422334,-10.3353,161.3355,234.0,22984.7
1144269,-10.3481,161.4522,232.81,39940.0
6609431,-9.5094,161.3355,232.61,23860.5
5448070,-10.6922,161.7111,231.98,25364.5
11074436,-10.4136,161.5253,231.57,20167.6
8585790,-10.8053,162.1444,231.34,21926.4
1694495,-13.1278,166.5678,231.31,35897.5
629220,-10.3481,161.5789,231.04,46609.4
9220339,-10.7278,166.0806,230.75,21420.8
7499971,-9.4497,161.4231,230.4,22906.9
8215707,-10.7875,162.2186,230.25,22240.9
9697029,-13.2536,166.6039,230.01,21072.9
674443,-9.3681,161.3739,229.58,45800.0
4692345,-10.4725,161.7008,228.88,26578.8
4515400,-9.4431,161.4169,228.58,26895.7
4929245,-10.5247,161.9892,228.33,26173.0
10735268,-10.8261,162.0528,227.67,20378.2
6668280,-10.2672,161.4875,227.59,23793.7
2521051,-10.6228,161.6267,227.43,32051.3
7528027,-9.6758,161.5539,227.12,22881.9
11451369,-10.6892,165.9178,227.1,19942.1
4792579,-10.4767,161.5722,226.86,26403.2
4755991,-10.5372,161.937,226.68,26465.9
3888024,-10.4694,161.5917,226.44,28159.4
9589113,-9.4397,161.4186,226.31,21148.4
3788630,-9.8758,167.1725,225.54,28382.5
2846138,-9.5714,161.5028,225.17,30926.3
2504539,-10.4775,161.6089,224.79,32112.8
11768760,-10.5642,161.6367,224.62,19762.4
11628896,-9.3678,161.3842,223.21,19839.6
8115092,-9.5158,161.477,222.09,22329.5
366947,-10.5297,161.4975,222.07,53194.7
7810068,-10.2914,161.3483,221.79,22610.2
3660910,-10.7103,162.2561,221.72,28681.7
1049764,-10.8242,162.1597,221.49,40868.8
3948504,-10.4442,161.5417,221.01,28027.9
4433357,-10.7933,162.1653,220.43,27049.3
10663139,-11.2842,166.5278,220.03,20421.9
1293214,-10.8036,165.7744,219.81,38654.4
11630016,-10.5425,161.528,219.81,19839.6
731311,-10.3272,161.3658,219.8,44868.2
1894193,-10.8231,162.1717,219.69,34798.0
8420873,-10.7297,166.0025,219.25,22062.5
8187773,-10.4631,161.8158,218.98,22266.6
11619403,-10.2647,161.3014,218.55,19846.0
5752712,-10.6378,162.1333,218.47,24933.8
7222682,-11.2678,166.4858,218.39,23188.9
1643391,-10.7167,162.2225,218.33,36205.0
7769017,-10.7683,162.2497,218.23,22646.8
5545237,-10.6167,161.6203,218.18,25226.0
6881865,-10.8164,162.0436,218.11,23554.2
3704545,-10.3111,161.3767,216.57,28577.1
10924220,-10.5119,161.7022,216.55,20259.1
6822663,-10.8253,162.1561,216.26,23619.0
1351442,-11.2881,166.5536,216.24,38200.1
2871900,-11.6422,166.9533,216.21,30845.9
6204847,-10.4681,161.6281,216.03,24346.9
6414802,-10.3317,161.3292,215.86,24089.1
390622,-9.8025,167.0978,215.53,52405.6
7353889,-13.4039,166.7047,215.48,23056.6
5079937,-10.6711,165.9511,215.3,25926.0
3702532,-9.8656,167.1717,215.14,28581.6
11829676,-10.2603,161.3786,215.0,19726.9
4919484,-10.2989,161.4153,214.8,26190.0
3323779,-10.3842,161.5531,214.62,29531.0
9085598,-10.7156,161.7606,214.41,21524.6
2148456,-10.3361,161.4314,214.18,33567.9
3934425,-9.8056,161.9725,213.36,28059.7
7906510,-9.8692,167.1744,213.07,22519.8
11149137,-10.6469,161.6781,212.8,20120.2
1447268,-12.2997,168.8228,212.62,37496.5
7746479,-10.3333,161.3253,212.45,22669.3
5301226,-10.5047,161.5658,212.23,25582.1
1577397,-9.4461,161.4486,212.2,36617.9
1942934,-10.5289,161.7133,211.85,34546.2
7243013,-10.355,161.4544,211.55,23166.9
9336090,-10.5794,161.6419,211.38,21334.4
8796866,-10.3875,161.6603,211.16,21754.3
2584704,-10.4758,161.6178,211.12,31817.8
4737070,-10.7361,161.7769,210.44,26499.6
1050667,-10.3694,161.563,210.31,40861.0
8069308,-9.4158,161.3058,209.82,22372.2
5241865,-10.4794,161.6697,209.74,25674.1
1986807,-10.3144,161.5794,208.82,34329.8
11383212,-10.4878,161.6133,208.61,19983.6
512748,-10.8397,162.3053,208.57,49047.1
6443248,-10.3336,161.5656,208.01,24057.3
2708307,-10.3575,161.4797,207.9,31384.4
3219966,-10.2994,161.54,207.51,29814.5
7066095,-10.3411,161.3414,206.69,23353.2
2849999,-10.5081,161.5808,206.66,30913.9
1211915,-10.5244,161.5111,206.36,39334.1
7996011,-9.4311,161.4219,204.75,22437.6
11372761,-10.805,162.1508,203.49,19990.0
10307463,-9.5106,161.4731,203.36,20654.6
1635484,-11.5972,166.825,203.09,36252.4
5213634,-10.4686,161.6064,202.9,25716.2
9565833,-10.7792,162.1178,202.25,21166.5
2665406,-9.8197,161.9778,202.0,31532.2
1810759,-10.3394,161.4408,201.93,35240.1
3725099,-10.6364,162.1764,201.82,28530.3
6836491,-11.6331,166.9933,201.57,23602.8
10187602,-10.4275,161.5683,200.17,20734.6
8008628,-10.6808,165.9253,200.11,22426.3
4526830,-9.5147,161.3489,199.96,26876.8
2121423,-10.3622,161.5255,199.78,33691.0
8877350,-10.6669,166.0011,199.65,21686.8
4238117,-10.7711,166.0225,198.91,27428.2
1174580,-9.4033,161.4067,198.69,39661.5
8852799,-10.7539,161.8336,198.67,21707.4
7631621,-10.4594,161.6992,198.24,22781.4
8649446,-10.245,161.3186,196.82,21871.1
2385562,-10.7275,162.2108,195.98,32571.8
11498694,-10.5042,161.5808,195.78,19913.3
1931560,-10.7142,162.2089,194.41,34605.2
9343750,-10.5144,161.687,194.05,21328.4
3678970,-10.6414,161.6219,193.8,28637.3
5115757,-10.765,165.7669,193.73,25869.4
7763418,-10.4222,161.7144,193.44,22652.4
1164100,-9.3328,161.3425,193.14,39757.8
9656491,-10.4628,161.5272,192.43,21103.2
606534,-10.4264,161.4828,192.35,47042.0
3110123,-10.5828,161.6006,192.23,30127.0
2112747,-10.4028,161.55,192.2,33732.6
8675164,-10.7872,161.9747,191.99,21853.6
3220707,-10.6811,165.9108,190.98,29812.3
10924226,-10.29,161.3445,190.76,20259.1
11267539,-10.6364,162.1861,190.67,20050.4
5798842,-10.3656,161.5647,190.49,24872.4
5454694,-10.8214,162.1492,190.26,25354.5
7726791,-10.7603,165.9314,190.24,22689.0
8263528,-10.4706,161.5628,190.09,22200.7
3668908,-9.4467,161.3247,189.72,28661.7
684079,-10.8422,162.278,189.69,45635.5
3930609,-10.3403,161.5717,189.2,28068.8
11488222,-10.3467,161.5686,189.03,19919.7
4270320,-10.3222,161.5764,188.61,27365.4
3898294,-11.2403,166.5517,188.44,28139.0
7881077,-11.2386,166.5583,188.38,22545.3
5002420,-10.2403,161.3217,187.62,26053.4
5962960,-10.3314,161.44,187.55,24656.3
1546052,-11.6106,166.8067,187.21,36822.6
762764,-10.8333,162.2455,187.09,44394.3
2551873,-10.5142,161.9481,186.36,31937.8
1293983,-10.8314,162.2383,185.96,38647.8
10444338,-10.2658,161.3447,185.63,20564.9
10392867,-10.2406,161.3564,185.62,20595.9
9301705,-10.2275,161.4147,184.7,21361.2
2596971,-10.7714,162.0131,183.0,31773.8
9656483,-10.8272,162.1636,182.26,21103.2
1741014,-10.3897,161.5211,182.21,35628.5
9631722,-10.7369,165.8531,181.99,21121.3
9031372,-10.6383,162.1794,181.57,21569.0
10498858,-10.2953,161.5481,180.84,20527.7
5536832,-10.5869,161.61,180.71,25238.6
10754142,-10.4281,161.7319,180.55,20365.7
6701874,-10.3878,161.523,180.14,23753.5
6701873,-10.4078,161.5589,180.06,23753.5
565226,-10.2519,161.7411,179.91,47879.7
8091145,-10.4742,161.5172,179.88,22352.3
10317007,-10.8172,162.1636,179.11,20648.4
2028453,-10.3294,161.3561,178.63,34126.9
6096412,-11.2206,166.5242,178.45,24482.6
4350193,-10.7856,162.2372,178.2,27209.0
6996764,-10.5603,161.7058,177.34,23426.7
6009385,-10.7792,165.7961,177.23,24596.8
10290492,-10.8378,162.3019,177.2,20666.9
1253550,-11.2153,166.5089,175.73,38979.4
9697069,-10.7314,166.028,175.66,21072.9
9286509,-10.2525,161.3386,175.47,21373.1
6654774,-10.7803,165.8236,175.24,23809.8
6764197,-10.6219,161.6389,175.13,23683.7
10444333,-10.4719,161.5589,175.09,20564.9
11367618,-10.5897,161.6544,174.86,19993.1
8002610,-10.2472,161.3317,174.73,22432.0
7886825,-10.5256,161.6219,174.56,22539.6
11129344,-10.5383,161.6047,174.49,20132.9
2059455,-9.5569,161.4233,174.19,33979.1
1775267,-10.8142,162.1489,174.06,35433.0
8224900,-10.2694,161.7419,173.94,22232.3
2856290,-9.6236,161.4258,173.86,30895.4
3475982,-10.5269,161.4908,173.83,29135.7
4280502,-11.2494,166.5311,173.83,27344.4
3643707,-9.6547,161.5217,173.4,28721.7
6603371,-10.7261,162.2195,173.35,23868.6
3699111,-10.5211,161.6786,173.12,28590.5
5229613,-10.6617,161.7017,173.08,25693.9
8017672,-10.2561,161.3364,172.91,22417.8
4081763,-10.2311,161.4211,172.81,27744.6
9502079,-9.4667,161.3186,172.8,21214.6
4572118,-10.7858,162.1158,172.44,26793.7
10430835,-10.7497,162.2614,172.32,20574.2
9450104,-10.7353,162.2089,172.16,21250.6
3599456,-10.5539,161.7075,171.88,28830.2
7210037,-10.6403,162.1708,171.53,23202.6
8635271,-9.5261,161.5114,171.14,21882.8
3863595,-9.6061,161.4167,171.09,28215.9
9954878,-9.6147,161.4231,171.01,20890.8
6815974,-10.2375,161.4097,170.88,23627.1
10388335,-10.4403,161.5311,170.86,20599.0
3276558,-10.5547,161.7,170.81,29658.1
2748149,-10.4431,161.4892,170.7,31248.1
10773089,-10.3397,161.412,170.12,20353.2
1934218,-9.4578,161.3236,169.84,34590.5
5938423,-11.6189,166.8017,169.8,24689.9
3260165,-9.55,161.4472,169.39,29701.0
10086057,-13.1806,166.5744,169.37,20802.1
9655666,-9.4914,161.4867,169.21,21103.2
6903064,-10.7931,162.2253,169.17,23529.8
4762730,-10.3481,161.4072,168.93,26453.9
8470925,-9.4325,161.3103,168.27,22022.1
9423098,-11.29,166.5458,167.4,21271.5
8314131,-10.7972,162.1272,167.25,22154.8
6647352,-10.2225,161.42,166.48,23815.1
10593374,-10.7292,165.8564,166.09,20468.7
6140711,-10.7264,166.0897,165.94,24427.9
6408476,-10.3358,161.5742,165.38,24097.0
9518773,-10.3408,161.4347,165.27,21202.5
5944303,-11.2206,166.5017,165.24,24682.2
6148185,-9.5031,161.4706,165.23,24417.4
7972858,-11.2569,166.5425,164.62,22460.4
10621147,-10.5261,161.6819,164.15,20450.0
5417974,-10.4008,161.5653,162.69,25407.2
8598424,-9.5742,161.3833,162.47,21914.8
3230769,-9.4842,161.3508,162.05,29782.4
10447894,-9.4381,161.315,161.12,20561.8
9776373,-10.4544,161.6725,160.6,21018.5
6820438,-10.6892,165.9081,160.47,23621.7
10898848,-9.3808,161.373,160.45,20274.8
8702179,-10.4683,161.5219,160.4,21830.3
11006488,-9.8614,167.1669,160.05,20205.5
5417975,-10.3964,161.5711,159.97,25407.2
10644610,-10.5897,161.6139,159.83,20434.4
11138142,-9.5697,161.4592,159.77,20126.5
717257,-10.8314,162.4786,159.57,45092.0
7463173,-11.2506,166.5092,159.4,22945.8
7511845,-9.6347,161.5058,159.0,22898.6
2900681,-10.5489,161.7064,158.38,30754.8
3652541,-9.3419,161.3483,157.43,28699.5
10625939,-10.7761,162.2467,157.33,20446.9
10484973,-13.105,166.5675,156.8,20537.0
8360052,-10.7917,165.8561,156.6,22117.3
10801735,-10.68,162.1889,156.51,20334.4
2179663,-10.6908,161.6917,155.92,33430.9
8595097,-9.5436,161.5164,155.76,21917.7
752564,-9.7672,167.0711,155.73,44546.1
4055689,-10.3158,161.3553,155.27,27801.9
2092883,-10.575,161.5347,154.67,33823.1
2795407,-10.8186,162.157,154.5,31092.7
2973967,-10.4,161.5605,154.44,30530.3
5553519,-10.8319,162.1581,154.18,25213.3
7569887,-10.7308,162.2628,154.14,22840.1
3477618,-10.5314,161.5708,153.63,29131.4
5726093,-12.2942,168.8244,152.96,24972.1
7569895,-10.3681,161.5303,152.03,22840.1
9648441,-10.2514,161.3094,151.87,21109.2
7411171,-9.6419,161.5114,151.66,22995.8
3808756,-9.3828,161.4011,151.23,28337.6
2158654,-10.8122,162.218,150.95,33522.3
11493391,-13.4369,166.6867,149.99,19916.5
2114339,-10.4711,161.8483,149.68,33725.0
11257361,-10.8317,162.1011,149.61,20056.8
9733641,-10.7431,162.1906,149.18,21045.7
4568374,-10.3728,161.5364,149.11,26800.8
5670027,-10.4356,161.7208,148.01,25048.6
844363,-9.9314,167.2447,146.84,43256.0
7872368,-10.3708,161.6719,146.77,22553.8
4681571,-10.4619,161.597,146.11,26595.6
1842789,-10.84,162.3419,146.09,35066.1
9510834,-10.2236,161.4244,145.73,21208.6
10330234,-10.4894,161.71,145.68,20639.2
10089429,-9.8317,161.9728,144.89,20799.1
4620774,-10.3625,161.5561,143.98,26705.5
9305642,-10.655,161.6858,143.89,21358.2
4251626,-10.8094,162.2042,143.86,27400.3
7503235,-11.6067,166.8167,143.72,22904.2
4811601,-10.6331,162.1464,143.37,26369.4
2497897,-10.8414,162.3594,143.3,32138.6
3219219,-10.6636,161.685,142.73,29816.6
11708434,-10.3231,161.5706,142.56,19797.8
5675245,-10.7425,165.9564,142.34,25040.9
3384887,-10.3469,161.5605,142.11,29368.8
5702689,-10.3233,161.3547,141.66,25005.3
11064569,-10.6583,161.6858,141.51,20174.0
921082,-10.8114,166.0519,140.36,42290.8
5318529,-10.8131,166.0447,140.28,25554.7
5015467,-10.8317,162.255,140.17,26031.4
8424190,-10.4606,161.6097,140.06,22059.6
7141142,-10.6294,162.17,139.73,23273.9
7431209,-10.3467,161.5555,139.04,22979.1
948732,-13.3458,166.6453,138.22,41967.1
8366327,-11.2539,166.5725,137.91,22111.6
8263530,-10.3394,161.4055,137.72,22200.7
3699113,-10.4692,161.8172,137.44,28590.5
5667924,-9.4911,161.4664,137.13,25051.1
4392552,-9.4747,161.4767,136.95,27126.9
1634108,-10.7153,161.7992,136.78,36261.2
10298545,-9.6425,161.5008,136.51,20660.8
8817338,-10.3736,161.5322,136.38,21736.7
2656572,-10.5844,161.5933,136.03,31562.5
6675054,-10.3261,161.3467,135.51,23785.7
6069102,-9.3611,161.3611,135.34,24519.0
4493375,-9.4311,161.3019,135.23,26938.3
8970810,-9.5192,161.5089,134.56,21613.2
2684920,-10.8319,162.2961,134.52,31465.5
6251554,-10.2272,161.3261,133.86,24289.3
8273041,-10.8086,165.8486,133.83,22192.1
10811168,-10.3553,161.4483,133.46,20328.1
4848572,-9.5617,161.4303,133.32,26306.5
2869789,-10.7217,166.1053,133.24,30850.0
5648876,-9.7303,161.9942,133.22,25079.1
8625956,-10.8147,166.0431,132.66,21891.5
8020665,-10.6247,162.1436,132.49,22414.9
3028829,-10.8178,162.2119,132.37,30362.9
6043398,-10.5267,161.5925,131.98,24550.2
2804398,-10.8367,162.3206,131.53,31062.0
10077736,-10.8208,162.1278,131.27,20808.2
4896782,-10.6425,162.1617,131.25,26226.5
3714997,-10.5311,161.5372,130.91,28554.8
1824975,-10.8181,162.2903,130.01,35162.3
5702688,-10.3769,161.565,129.76,25005.3
11196262,-10.7119,161.8006,129.51,20094.9
4307093,-10.7661,161.8372,129.4,27293.1
1080991,-13.2022,166.5997,129.04,40549.5
7497831,-10.3372,161.597,128.8,22909.7
10839983,-10.4497,161.6028,128.47,20309.3
9255873,-9.4586,161.415,128.04,21397.0
4961999,-10.8236,162.2325,128.04,26119.4
7319032,-10.8378,162.335,127.99,23089.8
10602575,-10.6208,162.1539,127.91,20462.4
5135502,-10.5286,161.5233,127.38,25839.8
10419988,-10.7972,162.2086,127.32,20577.3
10521550,-10.7994,165.8753,127.22,20512.2
2905589,-9.4675,161.4617,125.75,30738.3
5358974,-10.7356,166.0133,125.63,25494.8
11022258,-10.4711,161.5475,125.41,20196.1
10962164,-9.485,161.4653,125.35,20233.9
11334256,-10.5667,161.5353,124.38,20009.1
3508504,-9.8975,167.187,124.29,29052.5
1633304,-13.3408,166.6314,123.85,36266.5
1177667,-9.7794,167.0867,123.28,39634.2
7921776,-10.3575,161.558,122.89,22505.7
9438546,-10.3792,161.5289,122.31,21259.6
7544441,-9.5836,161.3967,121.91,22865.2
2593667,-10.8217,162.2214,121.4,31783.8
7617706,-10.7467,165.9503,119.32,22795.4
5007855,-9.725,161.9961,119.11,26043.7
3848035,-10.8214,162.2997,119.1,28249.8
11271478,-9.4989,161.468,119.0,20047.2
1844403,-11.6197,166.9947,118.34,35057.0
7303616,-10.75,161.8011,118.03,23106.3
8254226,-10.8367,162.3497,117.86,22209.3
2019891,-10.8092,162.2433,117.56,34167.9
8401633,-10.59,161.6853,117.54,22079.9
9692994,-10.6131,161.6108,117.46,21076.0
5101107,-10.5928,161.588,117.43,25894.0
2630952,-10.3867,161.5667,117.28,31653.2
11800943,-9.5325,161.5136,117.17,19743.0
10046228,-9.3561,161.3603,116.47,20829.7
10554582,-10.755,165.8319,116.27,20490.4
11619392,-10.8197,162.2217,115.15,19846.0
8420878,-10.4508,161.5517,112.78,22062.5
11153103,-9.4775,161.4736,112.59,20117.0
1397509,-10.8256,162.1897,112.45,37853.3
5573770,-11.6542,166.955,112.27,25183.0
6989495,-10.4656,161.8247,112.07,23434.9
3895383,-10.6086,161.6058,111.61,28145.8
2406130,-10.6233,162.1692,111.57,32493.5
2201308,-13.2292,166.6478,111.22,33333.6
7319031,-10.84,162.285,110.29,23089.8
7039321,-10.3775,161.5695,109.36,23383.2
11570762,-10.5328,161.5247,109.26,19874.9
4643537,-9.5375,161.4169,109.01,26662.6
4587381,-10.7006,162.2081,108.03,26765.1
11017312,-10.8261,162.2364,106.88,20199.2
3721209,-9.4511,161.4022,106.5,28539.2
5309063,-10.7831,161.907,105.32,25569.7
4472170,-10.8025,166.0717,105.31,26976.1
1606768,-9.8211,167.1203,104.17,36433.0
6754951,-10.8161,162.188,103.95,23694.4
8547596,-10.7744,162.2608,103.46,21955.4
9640396,-10.3778,161.5672,103.44,21115.2
4964858,-10.6764,162.1978,103.31,26114.5
9506927,-10.4033,161.5419,102.77,21211.6
10173560,-9.5183,161.4294,102.04,20743.8
9016887,-10.8219,162.2933,101.38,21580.8
11159180,-10.8253,162.2581,100.05,20113.9
2897436,-10.5792,161.5436,99.53,30765.2
3511141,-10.5131,161.5033,98.6,29045.9
2366221,-10.4956,161.5161,96.71,32650.0
5476186,-10.3508,161.5656,96.69,25321.8
1845385,-10.345,161.3614,96.42,35051.6
1944388,-10.6717,165.7997,93.62,34538.9
10012709,-10.8339,162.3136,93.51,20854.1
7053824,-10.7703,166.045,93.26,23366.8
9545370,-9.5367,161.5142,92.81,21181.5
6492360,-10.6233,161.6561,91.69,23996.3
6196849,-11.2614,166.5255,90.99,24357.4
9213009,-11.2703,166.537,90.7,21426.7
7569366,-9.4617,161.4661,90.43,22840.1
2070629,-10.8956,162.4528,90.33,33926.6
6400227,-10.5575,162.0336,89.75,24107.6
4979137,-10.8064,162.13,89.61,26090.1
3691019,-10.8289,162.2786,89.57,28610.6
7559004,-10.3525,161.4322,89.36,22851.2
6378856,-9.5903,161.4156,89.3,24134.0
11423881,-9.4156,161.3833,88.38,19958.1
3086679,-9.8558,167.1606,88.07,30194.6
11635442,-10.7817,162.2558,86.53,19836.4
10540764,-10.7114,161.7939,86.46,20499.8
8404723,-10.6983,165.7911,86.26,22077.0
9383754,-9.63,161.4383,86.01,21301.5
2282900,-10.3844,161.4333,85.4,32987.8
11812971,-10.8286,162.2733,84.68,19736.6
2383652,-10.8197,162.2044,83.3,32579.6
2400665,-10.7658,161.8175,82.96,32513.1
5011096,-10.6594,161.6697,82.41,26038.8
10517030,-10.7989,162.2394,81.98,20515.3
8639270,-10.5917,161.6022,81.42,21879.9
8375911,-11.6322,166.8147,81.14,22102.9
3426258,-11.6606,166.9328,80.69,29262.3
2571257,-9.3203,161.3331,79.69,31865.9
10853595,-9.4525,161.3969,78.65,20299.9
4593678,-10.7853,161.9047,77.43,26753.2
2744642,-11.6094,169.8503,76.69,31260.3
4473415,-10.8297,162.1789,76.63,26973.8
7615090,-10.5283,161.5308,75.06,22798.2
11476709,-9.5069,161.3747,74.79,19926.1
10695069,-9.4636,161.407,72.42,20400.1
8407332,-9.4814,161.4272,71.58,22074.1
10148289,-10.7675,161.9011,70.97,20762.3
10815894,-10.5331,161.5781,70.88,20325.0
8544257,-10.3422,161.3569,70.82,21958.3
3154759,-9.9133,167.2344,70.62,29997.7
3167151,-10.4783,161.5092,70.45,29961.5
11527216,-10.8133,162.1394,70.44,19900.5
8023058,-9.4422,161.405,69.96,22412.1
11312586,-9.4389,161.4055,68.51,20021.8
10704463,-9.5039,161.3728,68.11,20393.8
8447178,-10.5669,161.5961,68.0,22039.4
6485484,-9.5425,161.4072,67.84,24004.3
9925680,-9.3558,161.3506,67.67,20912.1
9145697,-9.5561,161.4086,67.63,21480.2
4582240,-10.3575,161.4153,66.98,26774.6
7406334,-10.8358,162.4619,66.01,23001.3
4803537,-10.6375,161.6553,65.07,26383.9
9605624,-10.7986,162.2208,64.25,21136.3
11138139,-9.6519,161.4653,63.55,20126.5
7617704,-10.8378,162.2895,63.43,22795.4
11419741,-10.6414,161.6536,62.82,19961.2
3896370,-10.2656,166.3745,62.16,28143.6
11251187,-9.9164,167.2344,62.14,20059.9
3947315,-9.4328,161.3856,61.66,28030.2
3974040,-10.1433,161.9239,61.41,27973.3
10170204,-10.3467,161.6414,59.57,20746.9
11039787,-10.8325,162.2917,59.48,20189.7
11646123,-10.2928,161.725,57.18,19830.0
7207016,-9.7719,167.0769,56.66,23205.4
4709220,-11.9069,170.1883,55.31,26547.6
9709108,-10.34,161.3911,54.48,21063.9
8989573,-10.7081,166.1172,54.02,21598.5
7996644,-10.2514,161.7067,53.98,22437.6
5013973,-10.1753,161.6822,53.19,26033.9
11835072,-10.7661,162.2708,52.95,19723.6
7954045,-10.8411,162.4583,52.81,22474.5
5171637,-10.2425,161.9669,52.16,25780.6
9671959,-9.4231,161.4,51.73,21091.1
5745652,-10.4828,161.5119,48.83,24944.1
5801975,-9.9214,167.243,48.53,24867.3
7594593,-10.5778,161.5822,47.62,22815.0
10506992,-9.4864,161.4797,47.38,20521.5
6092239,-9.7758,167.0817,47.06,24487.8
6206846,-10.2731,166.3594,46.51,24344.3
6408479,-10.18,161.9472,45.57,24097.0
8656143,-10.6886,162.2339,44.73,21865.3
6905326,-13.2606,167.6417,43.44,23527.1
9024110,-10.7833,161.9247,42.92,21574.9
7161229,-10.32,166.3514,42.43,23252.0
7699023,-10.5156,161.4658,40.5,22717.0
8212499,-10.6314,161.6081,38.83,22243.7
11367625,-10.3061,166.3269,37.54,19993.1
8725935,-10.4233,161.4686,37.33,21809.9
8735539,-9.4133,161.3575,37.3,21801.1
8918206,-10.5806,161.5342,36.81,21657.4
10073437,-10.2325,166.312,33.99,20811.3
10559221,-10.7131,161.7206,32.94,20487.3
11215368,-9.8936,167.1942,31.65,20082.2
