301790,71.3817,127.715,882.76,55718.3
2543405,71.3308,127.7258,803.53,31965.7
532648,71.4156,127.7742,747.05,48583.8
189088,71.3303,127.9942,687.72,61973.0
9964404,71.4031,127.7275,641.24,20881.6
7659220,71.4128,127.82,634.11,22750.6
1159988,71.3292,127.8392,631.26,39794.6
583215,71.3703,127.8483,625.39,47504.3
5639697,71.4078,127.75,622.72,25086.7
1285842,71.3153,127.84,619.13,38713.7
667104,71.3867,127.8383,616.58,45926.4
3787924,71.3489,127.9783,606.19,28382.5
171869,71.5817,127.4758,599.87,63277.3
380481,71.3058,127.58,598.23,52736.4
768366,71.4289,127.8283,597.08,44309.5
194475,71.5242,127.5867,596.1,61586.3
929171,71.3703,127.6008,595.84,42194.2
1635228,71.36,127.995,589.05,36252.4
276638,71.5378,127.4167,584.15,56862.6
5271143,71.3672,127.8275,575.06,25624.4
337645,71.3669,128.5842,572.4,54251.4
5430087,71.3019,127.5967,571.89,25389.6
586314,71.4036,128.58,565.94,47441.2
3035619,71.4378,127.715,561.05,30339.8
482527,71.4411,127.67,561.0,49784.6
6357635,71.36,128.01,559.99,24155.1
1189316,71.4853,127.4817,559.95,39529.6
851504,71.4172,127.8833,558.49,43160.1
2423386,71.3592,127.8425,557.6,32422.8
2316242,71.3694,127.63,557.36,32850.3
1566471,71.3403,128.5867,555.85,36689.2
1622635,71.5389,127.5233,552.37,36331.4
2369990,71.5297,127.54,550.15,32632.4
8936143,71.4961,127.4725,548.76,21639.8
1402871,71.5817,127.5258,543.72,37811.2
951280,71.4378,127.6342,535.42,41936.8
5734992,71.5761,127.5333,533.34,24956.8
49613,72.1097,140.865,533.22,81551.9
8918395,71.5325,127.55,526.85,21654.5
1487290,71.5958,127.4617,525.05,37215.0
452351,71.3928,127.8883,524.57,50584.4
1139548,71.3308,127.945,520.88,39983.1
526941,71.4475,127.4275,520.09,48716.0
746317,71.3406,127.6083,519.55,44636.1
5615648,71.5453,127.565,517.74,25122.2
2770012,71.4558,127.6617,516.16,31172.5
1301076,71.4694,127.675,514.86,38590.0
165989,71.6831,126.0308,512.92,63757.7
2299044,71.375,128.5633,512.07,32918.1
1227754,71.4486,127.635,510.35,39197.8
3087537,71.7078,125.8592,506.73,30190.3
1296374,71.4489,127.7925,505.57,38626.4
755999,71.6117,126.2625,505.56,44493.2
736241,71.3767,127.89,504.29,44790.0
1524603,71.3869,127.6392,500.82,36964.3
136885,71.7447,128.2708,499.07,66494.0
1443409,71.6128,127.4367,499.04,37520.2
9194935,71.3386,127.9708,498.72,21438.6
496616,71.5308,127.635,498.56,49430.1
427224,71.5761,127.3633,497.95,51284.9
968529,71.3817,127.5625,496.96,41741.8
2805045,71.4517,127.8192,495.72,31057.9
1400420,71.6011,126.1458,495.33,37829.7
372247,71.8328,125.6917,494.92,53010.0
406659,71.9967,128.0408,494.9,51903.5
1060593,71.3175,128.595,494.84,40756.4
270835,72.0972,125.2317,494.75,57138.7
1811087,71.3206,127.9058,493.6,35236.5
1830514,71.7572,125.9233,492.79,35131.4
392832,71.4625,126.08,492.07,52337.5
342971,71.9697,126.0417,491.24,54053.7
2626482,71.4322,126.1967,491.18,31665.3
6771484,71.5519,127.5575,490.71,23672.9
3375441,71.6039,127.4508,490.67,29392.6
6919618,71.6628,126.1092,489.88,23508.2
1231521,71.9258,128.0483,488.73,39166.9
1055115,72.1533,140.8558,485.21,40814.2
887086,71.3044,127.5225,484.48,42707.5
1393479,71.9589,128.0683,483.57,37880.2
1415924,71.3281,127.61,482.93,37716.7
1627544,71.5072,127.4117,482.64,36299.9
3358322,71.3864,128.5667,480.72,29436.0
370506,71.6022,127.3392,480.45,53068.8
8184923,71.4528,126.1183,479.22,22266.6
7642792,71.64,125.8875,478.34,22767.4
145364,72.1778,127.8308,478.29,65632.8
487437,71.4878,127.7367,477.88,49660.3
980400,71.5908,127.5492,477.83,41607.3
589200,71.6356,127.3933,476.63,47383.5
1824015,71.3039,128.6083,475.74,35165.9
845442,71.5364,125.6225,474.65,43239.8
2660453,71.4111,126.2492,473.77,31546.4
1220480,71.4381,127.6042,472.33,39261.1
184481,71.3575,129.2092,471.61,62313.4
3321465,71.7594,128.2825,470.25,29535.4
4929322,71.3356,127.9208,468.2,26170.6
10262422,71.3689,127.9867,467.83,20679.2
6910144,71.7744,125.965,464.97,23519.0
7332116,71.4367,127.8375,464.38,23073.2
5072592,71.4436,126.1508,463.45,25935.8
4259520,71.4528,127.7742,463.39,27381.7
2599181,71.4589,127.6275,462.85,31763.7
149221,72.0433,127.2325,461.8,65258.9
4355983,71.3183,127.8783,461.39,27194.9
1094973,72.1433,125.125,460.86,40409.5
2519998,71.5683,127.3908,458.11,32053.3
4383510,71.5203,127.6558,457.02,27143.3
469943,71.8428,125.4458,456.79,50113.7
1781930,71.4658,127.6358,456.53,35395.2
7575512,71.4094,126.1442,456.08,22831.7
4413165,71.4258,127.8875,455.81,27086.9
7476636,71.3319,127.6308,455.43,22929.2
1967991,71.3758,127.965,455.42,34418.8
2050281,71.3453,124.1075,454.47,34020.3
8698996,71.6086,125.83,454.11,21830.3
4952366,71.3425,127.6342,452.94,26134.0
410421,72.0794,128.0517,452.71,51786.8
1656798,71.4761,127.5633,452.47,36122.2
10550328,71.9856,128.0058,449.38,20490.4
3040689,71.335,127.5767,449.35,30327.2
5580656,71.6061,126.0242,449.15,25170.4
2634990,71.3608,129.1642,446.29,31637.1
1486305,71.3475,129.1967,446.2,37221.9
6136859,71.6786,126.2867,445.75,24430.5
3752128,71.4583,127.8033,445.64,28465.5
5461338,71.3736,127.5308,445.5,25341.9
1517756,72.0911,127.9567,445.29,37009.0
11388697,71.4128,124.0942,445.0,19977.2
5347804,72.0603,127.2083,444.57,25509.8
6127049,71.9722,128.09,444.11,24443.5
1556121,71.3606,126.2317,442.47,36756.8
5724423,71.3172,127.57,441.58,24972.1
9627887,71.5336,127.6508,441.45,21121.3
5318609,71.7647,128.2483,441.39,25552.2
11478076,72.0967,125.2975,440.75,19922.9
4793965,71.4044,128.5417,440.56,26398.4
326482,72.0514,128.2133,440.53,54692.3
8636156,71.5222,127.3858,440.09,21879.9
1188278,71.5606,127.4983,439.37,39539.2
3118991,71.4214,127.6658,438.39,30097.3
2030005,71.3383,128.0683,437.8,34117.6
987873,71.8881,125.615,437.8,41524.5
562755,71.3269,129.2033,437.4,47931.6
4979205,71.7189,126.3058,436.64,26087.7
883873,72.0958,127.9092,436.61,42747.8
250303,72.1889,127.6542,436.23,58182.9
2704387,71.5236,127.675,435.17,31396.6
2291501,71.3642,127.9508,434.86,32951.0
124816,72.1353,128.13,434.24,67791.1
667103,71.9067,125.2758,434.09,45926.4
8562879,71.4236,127.6158,434.01,21943.8
2872576,72.1533,140.8033,433.24,30841.7
736702,71.3419,126.3675,432.89,44782.9
1781320,71.5522,127.61,432.75,35398.8
83093,72.8408,140.865,431.3,73721.4
2359806,71.6139,127.3283,431.16,32675.3
1783156,71.7717,128.1075,431.02,35388.0
368766,72.1267,127.7917,430.79,53132.4
4141737,71.7644,128.0217,430.77,27620.3
1074114,71.4325,126.8033,430.64,40617.0
8495036,71.3147,127.5992,430.45,21998.9
361804,71.6603,127.4733,430.25,53371.7
5976418,71.3622,129.1825,430.06,24635.7
4123328,71.7569,125.5492,429.71,27659.5
676864,72.0975,124.7792,428.97,45758.2
6322780,71.3381,129.1467,428.54,24199.9
2569278,72.0564,127.145,428.08,31871.9
803694,71.4911,125.8542,428.07,43803.4
2805640,71.9272,125.46,427.93,31055.8
675964,71.3292,128.0825,427.8,45773.5
7039444,71.7944,125.6067,427.56,23380.4
2444359,71.5483,127.5958,427.49,32340.2
3595064,71.8958,128.0858,426.77,28836.8
1633069,71.5858,126.4342,425.99,36266.5
1293039,71.7042,128.1242,425.83,38654.4
1855788,72.0919,124.9658,425.79,34995.2
1056547,71.79,128.2958,425.49,40798.6
8424373,71.5822,126.56,425.41,22056.8
2805642,71.4844,125.5942,425.04,31055.8
1620745,71.7528,125.6892,423.81,36342.0
505562,72.1825,124.6033,423.11,49218.3
85289,76.6544,148.59,422.12,73340.1
490461,71.6256,125.4742,421.18,49582.0
2916914,71.3022,127.98,421.03,30703.0
2443871,72.1278,127.7475,421.02,32342.2
2501539,72.0744,124.8742,420.84,32122.7
2372251,71.5825,127.5517,420.27,32622.6
3378593,71.6253,127.33,420.15,29384.0
2539851,71.4003,127.6375,419.98,31979.6
6926777,71.36,126.4967,418.8,23500.0
7489953,71.3397,127.5892,418.41,22915.3
6936231,71.9989,125.9683,418.16,23489.2
11532843,71.8894,128.1142,417.74,19894.1
2534652,71.7731,128.23,417.63,31999.5
642090,71.3781,127.4858,417.6,46373.7
1769559,71.4819,127.3808,416.94,35465.4
781019,72.1828,125.82,416.72,44125.1
3073246,71.3664,128.6167,416.66,30230.4
3046157,71.9439,125.4208,415.45,30310.4
4380024,71.3939,126.045,415.44,27150.4
8511373,71.7714,128.065,415.38,21984.4
1941555,72.0183,127.1692,414.79,34551.8
1119120,71.4792,126.7292,414.23,40177.0
5838161,71.4061,128.49,413.96,24818.6
1351651,71.4636,127.7892,413.75,38196.8
4554395,71.3575,126.17,413.21,26822.2
3874545,71.3439,127.88,413.08,28188.8
1096588,71.3067,129.1958,412.99,40393.7
2201331,71.4375,128.5517,412.74,33331.7
8295224,71.3647,127.8783,411.68,22169.1
10485255,71.7689,128.1608,411.28,20533.9
1359150,72.0314,127.3008,410.88,38140.0
663067,71.6275,127.525,410.06,45995.7
1874130,71.6578,125.2933,410.0,34900.4
5271142,71.3686,124.7375,409.18,25624.4
3268068,71.4897,127.5525,408.97,29679.5
3968004,71.4664,127.7258,407.95,27984.7
5888892,71.6158,127.3417,407.51,24751.8
3394029,71.4867,126.06,407.06,29344.9
3395663,71.3483,128.0425,406.87,29340.6
1069722,72.0525,124.6933,406.84,40660.9
810021,71.6114,127.5383,406.83,43714.5
11668294,71.3261,128.58,406.64,19813.9
10480705,71.7347,128.3058,406.43,20537.0
11045019,71.3428,127.58,406.02,20183.4
4101370,71.4725,127.7567,405.98,27703.2
3766064,71.4239,128.49,405.85,28431.9
2573026,71.6525,125.3825,405.57,31857.9
1610770,71.4778,128.47,405.3,36405.0
9111185,71.6372,127.4258,405.15,21500.9
3394028,72.1628,140.9475,405.12,29344.9
10240481,72.0942,127.9825,404.69,20694.6
1356797,72.1653,125.5017,404.39,38158.4
7721348,71.3486,126.0008,404.23,22691.8
3162845,71.41,127.4808,404.09,29972.2
9279146,71.3903,127.4842,403.49,21376.1
1602507,71.68,126.3492,403.01,36457.5
1597689,72.0183,127.34,402.57,36488.9
4272604,71.4522,127.4492,402.46,27358.4
2042204,72.04,125.0933,402.37,34059.6
909917,71.5714,128.4333,402.18,42423.1
2122271,71.3667,128.4842,400.87,33685.3
11651741,72.0439,128.24,400.44,19823.5
6069587,72.1044,140.8233,400.42,24516.4
11201577,71.3758,127.5758,399.63,20088.5
2382221,71.4128,124.7008,399.14,32583.6
2919455,71.3142,123.835,398.79,30694.7
596769,72.3217,124.2158,398.5,47234.0
702994,72.5947,123.8842,398.28,45321.7
11035101,72.0772,125.3983,398.05,20189.7
1192664,71.6442,127.4892,397.92,39500.6
8566223,71.7383,128.1567,397.78,21940.9
8585981,71.4747,127.5317,397.74,21923.5
10112159,71.4867,127.4292,397.37,20780.7
2275915,71.4497,128.4908,397.19,33016.7
4367999,72.0625,125.535,396.95,27171.5
2905121,72.0814,127.9333,396.49,30738.3
3143299,71.5739,127.56,395.72,30027.4
11785756,71.8742,128.0617,394.74,19749.5
9542478,71.6247,127.3183,394.38,21181.5
3467628,71.6453,125.5292,394.28,29155.4
2248131,72.1389,125.6192,394.1,33132.3
3826262,71.3333,129.2183,394.04,28294.8
3295421,71.3544,126.7117,393.15,29606.5
3154932,71.9933,125.105,392.8,29995.6
2291981,71.5231,128.2942,392.6,32949.1
351762,71.3525,127.4267,392.22,53731.0
412203,76.6828,148.8883,391.98,51732.6
8524584,71.5303,127.4992,391.84,21972.8
1994576,71.8325,128.1217,391.75,34290.8
650870,71.8792,126.53,391.47,46214.0
4325633,71.8197,128.0642,391.43,27253.4
952046,72.0881,127.3017,391.31,41927.6
4663466,72.0928,127.2975,390.5,26626.7
2644664,72.1728,124.655,390.23,31600.8
774509,72.8628,140.7783,390.13,44220.3
10374942,71.6283,126.475,389.65,20605.2
293144,71.5047,129.0575,389.41,56095.5
2058783,72.0303,127.9467,389.14,33981.0
1661897,71.3086,129.2958,389.12,36090.4
1320836,72.1994,124.8883,388.85,38436.2
7769167,72.0264,125.0442,388.42,22644.0
2354454,71.4711,127.5858,388.41,32694.8
1871128,72.1044,127.9183,387.82,34916.8
11532847,71.5142,123.9383,387.6,19894.1
7833233,71.4242,124.575,387.53,22584.8
8900676,72.1614,125.8217,387.48,21669.2
7718476,71.4825,127.3983,387.45,22694.6
6069588,72.0467,124.8767,387.4,24516.4
1245221,71.4731,125.5675,387.22,39048.0
951932,71.365,127.4208,386.7,41929.2
3977956,72.0383,127.8533,386.27,27961.9
2842053,72.0069,125.1742,385.65,30938.7
3194277,71.9494,128.2408,385.52,29884.9
1561355,71.9483,125.17,385.16,36722.2
1524857,71.8517,126.5275,385.03,36962.5
9495288,71.72,128.2775,384.96,21217.6
7951331,71.4281,126.5783,384.88,22474.5
11084684,71.8986,125.4367,384.39,20158.2
3173913,71.5114,128.4625,383.63,29942.4
4000965,71.4556,127.5292,383.35,27914.0
3828249,72.1303,128.1633,382.86,28290.3
10992849,71.4444,126.4817,382.55,20211.8
951532,71.6922,127.4483,382.23,41933.7
2689537,72.1528,124.285,382.21,31447.2
10415819,72.0628,125.6125,382.0,20577.3
122250,71.7475,140.6217,381.65,68084.6
1834999,72.1686,127.9017,381.63,35106.0
8842027,71.7333,128.0842,381.51,21713.2
6836634,71.9558,128.2217,381.5,23600.1
10526444,71.6261,127.5058,380.81,20506.0
748063,72.2078,127.065,380.67,44610.4
3782312,71.9653,128.1775,380.64,28396.0
7163784,71.3883,127.5925,380.43,23246.5
8646268,72.0764,124.7392,380.28,21871.1
3063653,71.3011,125.8642,380.28,30259.9
1331201,72.0222,127.0783,379.77,38354.9
4371440,72.3136,124.2675,378.73,27164.4
9400231,71.9264,128.1017,378.1,21286.5
815707,72.0078,126.2375,377.98,43637.2
3512020,71.4347,127.4683,377.61,29041.6
2949256,71.9261,125.5225,377.35,30601.2
6022779,71.7342,125.5067,376.82,24576.1
3081358,71.7342,127.9258,376.61,30209.3
6750547,71.3547,127.6183,376.04,23697.1
6212921,71.4564,127.5542,375.35,24333.8
10179092,71.4069,127.6183,374.51,20737.7
3715935,72.1608,124.5142,374.38,28550.4
9487386,71.6933,125.3858,373.66,21223.6
4668691,71.3247,128.4633,373.44,26617.1
2520531,72.3011,123.8383,372.52,32051.3
1715249,71.6119,127.5633,372.51,35774.8
5501970,71.4075,124.8333,372.25,25284.0
4524247,71.3047,123.8742,371.52,26876.8
616206,72.5706,124.025,371.21,46853.4
5219847,71.9842,126.1033,371.12,25703.8
8622633,72.1675,140.7892,370.96,21891.5
6884304,72.0269,127.1833,370.77,23548.8
4643811,72.0886,127.8925,370.65,26660.2
2121064,71.3036,128.0608,370.6,33691.0
4509664,71.7081,127.4392,370.58,26905.2
3025531,72.065,125.0525,370.38,30371.3
8157000,71.3258,127.8833,370.38,22292.4
11134479,72.0353,127.9075,370.22,20126.5
356562,72.7653,141.1242,370.07,53554.0
1746222,71.9319,125.0658,369.77,35596.3
9964403,71.4478,125.8858,369.74,20881.6
1291689,71.7611,127.8758,368.81,38665.9
549155,71.8989,126.2958,368.79,48220.5
3394858,71.5908,127.57,368.69,29342.7
4393940,71.7292,127.8992,367.75,27122.2
10021358,71.7069,125.58,367.64,20845.0
10598170,71.5842,128.3658,367.46,20462.4
1739509,72.1097,127.7408,366.94,35635.6
7375120,71.3997,127.6167,366.59,23031.8
354530,71.7578,125.2158,366.57,53628.9
2153425,71.5133,126.0108,365.74,33545.1
1336222,71.9775,127.2933,365.65,38315.0
3891969,71.8919,126.3275,365.47,28148.1
1300462,71.9606,127.2833,365.4,38595.0
5261790,71.8422,127.9675,365.37,25639.3
1081944,71.3817,127.9275,365.32,40538.5
814417,72.5422,124.1717,365.29,43656.2
2272344,72.3367,123.9708,365.26,33032.1
3433660,72.3336,124.1267,365.23,29240.5
4366889,72.0408,128.2108,365.22,27173.8
6214865,71.3422,129.1292,364.82,24331.2
1268990,71.9294,126.2017,364.59,38851.7
8143544,71.8133,128.0208,364.52,22300.9
5011181,71.8514,128.1783,364.32,26036.3
3236854,71.3536,127.5325,364.3,29763.1
5860129,71.3611,124.9808,363.61,24787.8
10740179,71.4775,127.5875,363.45,20372.0
5558718,71.4444,127.4675,363.16,25203.2
1398451,71.7322,127.4375,362.96,37844.9
10138098,71.9225,127.9633,362.25,20762.3
2246370,71.5514,127.65,362.09,33140.0
4136330,71.3142,127.9367,361.45,27631.8
3210409,72.1142,127.7875,361.31,29838.0
10859515,71.5297,127.6167,361.27,20293.6
9085764,71.9469,126.025,360.95,21521.7
124576,74.8731,138.76,360.92,67815.5
1664712,72.2522,124.7617,360.9,36072.7
380547,72.065,140.8875,360.61,52734.0
6543509,71.6694,127.3075,360.25,23935.2
9664756,71.68,128.1367,360.05,21094.1
6400360,71.555,127.5825,359.95,24104.9
7411880,71.3133,125.815,359.35,22993.0
597098,71.6789,125.2325,359.13,47227.2
2379367,72.035,127.0308,358.66,32595.3
2532158,72.1892,127.7617,357.8,32009.5
2871292,71.9947,128.1425,357.7,30845.9
10196549,71.5642,128.5125,357.64,20725.4
664091,71.4086,128.9367,357.56,45977.7
3239064,72.1328,124.6225,357.11,29756.7
2184174,71.5331,126.4025,356.92,33408.0
2425772,72.1128,124.9233,356.11,32413.0
6383564,71.5669,128.3042,355.89,24126.1
6843657,71.4267,125.8258,355.86,23592.0
4294088,71.3606,127.4792,355.47,27314.1
10840222,72.1592,140.9833,355.16,20306.2
3545586,71.3156,129.2267,354.87,28960.3
8786771,71.6483,127.3192,353.95,21760.1
2015556,72.2353,125.4183,352.77,34188.5
984477,71.3553,128.7408,352.48,41561.3
6697426,71.3233,127.6333,351.41,23756.2
3768864,71.7522,127.8625,350.83,28425.1
8474963,72.0847,125.72,350.37,22016.3
5243546,72.1111,127.2592,350.32,25669.1
2226529,72.8522,140.8183,350.15,33222.5
2406152,72.2497,125.3992,349.81,32491.5
1468821,72.1039,127.8525,349.67,37341.5
1519799,72.3806,124.6158,348.97,36995.3
9056634,71.5614,127.6183,348.69,21545.3
11179489,71.9003,127.8617,348.39,20098.0
4432253,71.9617,126.1758,348.17,27049.3
4067391,71.4319,123.8467,348.16,27774.4
3261831,71.5792,127.5792,348.12,29694.6
8112764,71.9689,127.885,348.12,22329.5
11084686,71.4514,123.8317,348.12,20158.2
2958622,72.1289,124.96,347.22,30574.1
6419179,71.5611,127.4608,346.96,24081.1
5304491,72.0339,128.2625,346.69,25574.6
8421060,71.4781,127.7867,346.03,22059.6
6194946,71.9844,127.3025,346.0,24357.4
11308680,71.4833,126.5783,345.57,20021.8
10859512,72.1806,124.2367,345.32,20293.6
512942,71.3653,129.345,344.33,49040.6
2983965,71.4289,127.5933,344.19,30496.9
5193693,71.7278,127.875,344.14,25746.0
139667,76.7906,158.0992,344.01,66207.8
2193843,71.7056,125.2483,343.88,33366.1
9729765,71.5761,127.4467,343.78,21045.7
4484513,72.2233,124.5692,343.5,26950.2
4598763,71.9356,128.2592,343.49,26741.3
11472696,72.0286,127.995,343.29,19926.1
10885514,71.9075,128.1242,343.24,20281.1
10205414,71.3428,128.4875,343.13,20719.3
8491825,72.0517,125.7217,342.8,22001.8
5709943,71.8708,127.915,342.64,24992.5
3097271,72.1281,124.8617,342.57,30160.8
8137470,71.5267,128.2225,342.37,22306.6
6436225,72.2064,124.4858,342.29,24060.0
5938529,71.3069,129.2767,342.15,24687.3
7612443,72.185,124.3275,342.06,22798.2
1315466,71.4339,127.5075,341.64,38477.6
11435876,72.0756,127.9775,341.57,19948.5
1347251,72.1961,127.1383,341.48,38230.1
2875153,71.5347,127.6767,340.74,30833.5
7591955,71.3836,127.5933,340.56,22815.0
1121251,71.8444,127.8117,340.48,40154.8
5832665,71.4886,129.0975,340.25,24826.3
10290735,71.4953,128.38,340.21,20663.8
3392454,71.7433,125.31,340.2,29349.3
10589036,72.05,124.5883,340.08,20468.7
176169,72.335,141.0358,339.73,62947.1
3301461,71.4792,127.7142,339.6,29589.2
4413164,71.6392,126.6975,339.55,27086.9
3089577,71.8669,126.4492,339.45,30184.0
6026623,71.4372,127.87,338.22,24570.9
11069775,72.2967,123.8942,336.99,20167.6
5053772,72.1981,127.0583,336.07,25967.7
9275436,72.1511,125.4275,335.87,21379.1
6001922,71.9925,125.3067,335.8,24604.6
1458977,71.9831,124.9942,334.22,37413.1
4385839,71.5856,128.5125,333.55,27138.6
6152644,71.3225,123.8683,333.54,24409.6
7450126,72.3794,124.1825,333.31,22956.9
10635505,71.4864,127.7025,333.2,20437.5
3390037,71.4925,127.3917,333.1,29355.8
1176349,71.7567,127.4292,332.92,39645.5
5011180,72.1078,127.7133,332.13,26036.3
4544455,71.4914,127.6475,331.52,26841.2
4551924,72.2053,127.1475,331.42,26826.9
7769169,71.7058,127.9125,331.17,22644.0
7199956,71.7672,128.335,330.72,23210.9
4758771,71.5997,127.565,330.31,26458.7
7884126,71.6258,127.3658,330.13,22539.6
7372473,71.4853,127.6617,330.1,23034.5
11064843,72.3619,124.0625,329.69,20170.8
6396146,71.8008,128.14,329.62,24110.2
11576320,71.7986,128.1658,329.29,19868.5
1679518,72.0392,127.7342,329.16,35984.3
9566051,72.1447,125.7258,328.99,21163.4
6627563,72.3089,124.3292,328.88,23836.5
4984883,71.7656,127.8467,327.86,26077.9
10021360,71.3008,129.3142,327.62,20845.0
4477125,71.3642,129.2458,326.82,26964.3
5272679,71.3497,127.4825,326.21,25621.9
857512,72.1883,127.9625,326.11,43083.3
7907253,71.3175,129.2033,326.02,22517.0
505513,71.635,128.7533,325.86,49219.6
2927704,71.3489,128.7683,325.57,30667.7
7981791,72.1744,124.7683,325.53,22449.0
10919615,72.0844,125.8383,325.47,20259.1
1954716,71.8444,126.3783,325.46,34485.3
9446489,72.0275,128.2508,325.35,21250.6
11267796,71.5525,128.5208,325.33,20047.2
6174176,72.1208,124.0725,324.96,24380.9
3760486,71.9533,127.3525,324.62,28445.3
8243632,71.9897,127.2758,324.58,22212.2
513331,72.2303,127.7767,323.79,49031.5
3640453,72.0211,124.9025,323.71,28728.4
6071607,71.5661,128.2183,323.4,24513.8
4530814,71.6519,127.3408,323.02,26867.3
10598168,72.0256,126.04,322.82,20462.4
9889200,72.2103,124.535,322.77,20936.4
4248334,72.1964,125.3183,322.67,27404.9
2599758,72.0283,128.2792,322.25,31761.7
7269742,72.3289,124.3517,322.11,23139.4
6178105,72.2658,124.22,321.93,24375.7
11298355,72.1267,125.3367,321.65,20028.2
8870553,71.7622,127.4283,321.56,21689.8
10973279,72.1142,124.7342,321.55,20224.4
10094921,71.4733,127.44,321.31,20792.9
3190558,72.1664,127.1308,319.56,29893.4
6269995,72.1161,127.6908,319.35,24263.0
3424735,71.385,127.4567,319.31,29264.5
4388117,71.3214,128.7525,318.1,27133.9
2826306,72.3883,124.405,317.94,30988.0
6298635,71.3886,128.9558,317.22,24226.2
7807369,71.9069,125.1583,317.09,22610.2
1096763,71.925,128.4183,316.84,40392.1
10658900,71.3981,128.9875,316.37,20421.9
1154245,71.6908,127.0833,316.14,39847.4
3887164,72.1817,140.76,316.05,28159.4
7046585,71.6475,127.3025,315.08,23372.2
609565,71.7608,140.435,314.02,46981.1
3909037,71.5128,124.1867,313.31,28111.9
4810296,71.6694,127.3342,312.32,26369.4
11378264,71.3717,126.9883,312.14,19983.6
4243943,72.0911,124.2442,311.96,27414.2
10379380,72.3931,124.6292,311.66,20602.1
9187459,71.7678,125.1767,311.64,21444.6
705503,72.0028,128.3742,311.3,45280.9
1600896,72.2194,126.9967,311.29,36468.0
9922521,72.2194,125.1208,311.24,20912.1
4913916,72.0508,127.0983,311.08,26197.3
11089645,71.5303,128.5425,310.77,20155.0
1398902,72.0672,126.9933,310.08,37841.5
2752232,71.7803,128.4342,309.57,31231.8
1074113,71.5294,129.1042,309.53,40617.0
6170208,71.8981,125.1158,309.38,24386.1
7670388,71.3236,128.68,309.24,22739.4
3864847,72.5419,123.805,309.22,28211.4
1234568,71.3203,127.4408,309.16,39139.2
5093720,72.0761,124.4308,308.94,25903.8
6900813,71.7242,126.6258,308.89,23529.8
3398902,71.3383,128.6892,308.83,29331.9
2510189,71.9783,127.37,308.43,32089.0
8067069,71.4,127.4333,307.75,22372.2
180471,77.0836,156.5917,307.62,62608.2
8184919,72.1806,127.0992,307.42,22266.6
583077,71.3106,128.8783,307.33,47507.0
764750,71.7753,140.6808,307.3,44362.7
3209034,71.6639,127.5075,306.26,29842.2
10227406,71.5664,128.1825,306.24,20703.9
2761672,71.39,129.0933,305.55,31201.1
8437417,71.3872,129.1308,304.84,22045.2
10973282,71.705,128.0542,304.82,20224.4
3217127,71.6283,127.5542,304.63,29820.9
6556711,71.9789,128.2492,304.29,23919.2
7862550,72.0583,128.125,304.08,22556.6
1511366,71.3556,129.2817,303.76,37052.1
4317482,71.9347,127.3592,303.55,27269.8
7651006,71.7528,140.4575,302.68,22759.0
11216767,72.1992,127.1908,301.63,20079.0
1544992,71.8558,126.7208,301.53,36827.8
3692878,71.3125,128.0967,301.11,28603.9
11114681,71.9125,125.7392,300.75,20139.2
8695622,71.485,127.6108,300.46,21833.2
8786772,71.4192,127.4683,299.67,21760.1
1261353,71.9733,127.2508,299.43,38915.6
9664750,72.3914,124.4567,299.21,21094.1
5466276,72.1511,127.2542,299.0,25334.3
6379378,71.945,126.2967,298.15,24131.4
5338253,72.3753,124.6908,298.04,25524.8
5005403,71.3672,129.2083,297.81,26046.1
3200818,71.6497,127.525,297.78,29865.7
6292624,72.3156,124.9,297.66,24234.1
3737985,71.9986,127.26,297.1,28496.8
2364426,71.9119,126.6225,297.0,32655.8
5706359,72.0214,128.1092,296.41,24997.6
2532655,72.5092,124.1492,296.35,32007.5
196454,73.2425,143.3125,296.29,61444.4
10929244,71.4072,128.6767,296.09,20252.8
11114684,71.3144,129.2417,294.96,20139.2
3866707,72.3108,141.0467,294.28,28206.9
1021984,71.4044,128.7375,294.08,41154.7
4006100,71.6036,127.5758,294.06,27902.6
4086112,71.775,126.585,293.92,27733.1
9191282,72.0339,128.3083,293.65,21441.6
4858934,71.435,127.5367,293.43,26289.6
1691571,71.3711,128.8725,293.23,35911.7
5014029,71.7369,140.4633,293.06,26031.4
8904240,71.3697,129.1358,292.72,21666.2
3591526,71.8539,124.9183,292.66,28845.7
4579675,72.0194,124.4775,292.4,26777.0
8461876,71.8092,128.2083,291.91,22027.9
2215440,71.5856,123.9667,291.73,33270.5
5637920,71.7817,128.4675,291.25,25089.2
1426875,72.0917,126.9908,291.24,37638.9
3764226,71.5883,127.5967,291.02,28436.3
10801971,72.3339,124.5075,290.93,20331.3
8729437,72.5189,124.1317,290.65,21804.0
11313892,72.5039,123.9033,290.28,20018.6
5254073,71.495,127.6858,289.83,25651.7
2679199,72.0794,127.6375,289.71,31481.7
9809070,72.27,124.3158,289.49,20991.2
3188360,71.4339,128.9858,289.33,29899.8
3531750,71.5792,127.605,289.26,28993.3
9294290,71.4644,124.25,289.09,21364.2
3697322,71.6167,127.0133,288.89,28592.8
9104011,71.7569,128.4142,288.68,21506.9
3008538,72.0175,127.2417,287.96,30421.6
5260291,71.4758,128.6,287.59,25641.8
4089807,72.3631,141.045,287.51,27728.5
1613253,71.9086,128.4467,287.1,36391.0
11425281,71.7581,128.3758,287.09,19954.9
2826307,71.8033,126.9742,286.8,30988.0
5395410,71.6944,127.8633,286.29,25439.8
8109767,71.4889,128.3292,286.27,22332.3
2581059,72.415,124.5067,286.27,31829.9
11483368,72.0486,125.8533,286.22,19919.7
3298359,71.9986,128.3408,286.21,29597.8
6154546,72.0297,127.6808,286.08,24407.0
11378262,72.3131,124.7758,286.0,19983.6
8619260,72.0592,124.8833,285.81,21894.4
10850002,71.6239,127.1083,285.49,20299.9
553897,72.1497,128.035,284.92,48118.6
4628485,71.3047,128.7742,284.33,26688.8
7367221,71.3556,128.8508,283.88,23040.0
1417223,72.2444,127.7283,283.72,37706.6
953718,71.8778,126.7325,283.45,41907.9
5123282,73.2456,143.2233,283.36,25854.6
4388116,71.8192,127.9267,283.33,27133.9
10021359,71.4322,128.6342,283.07,20845.0
819579,72.1433,127.4817,282.7,43584.6
10029992,72.52,124.0358,282.7,20838.8
5266474,72.1378,127.2083,282.55,25631.9
11559466,71.9411,125.6625,282.46,19878.1
3278132,71.6925,128.4067,282.43,29651.6
10029997,71.9975,128.195,281.76,20838.8
5056698,71.3217,128.8017,281.21,25962.8
6251655,71.9392,128.3233,280.78,24286.6
1800121,72.1136,127.1008,280.67,35296.1
11807823,72.2069,127.015,280.34,19736.6
8166757,71.4375,128.66,279.69,22283.8
5372241,72.1931,126.9925,279.24,25472.3
3643927,72.0758,128.0217,278.94,28719.5
9172514,72.3356,124.8383,278.88,21456.4
4779502,72.2833,124.4792,278.56,26424.9
4574708,71.78,126.7625,278.03,26786.5
6498896,72.0483,124.2617,277.94,23985.7
3990672,71.5869,128.17,277.88,27936.8
3546468,71.5408,124.16,277.65,28958.1
7471327,71.8197,127.8308,277.28,22934.7
3271148,71.5761,127.15,277.18,29670.9
2758692,71.9764,126.5142,276.46,31211.3
2130696,71.7392,127.4625,276.41,33647.5
2706663,71.6958,127.3283,276.13,31388.4
4855632,71.6731,127.9808,275.3,26292.0
4706663,71.9956,127.7267,275.29,26550.0
5056697,71.5617,128.0908,274.66,25962.8
3600370,71.7244,127.1075,274.22,28825.8
10797228,74.8681,138.8967,274.15,20334.4
4457766,72.1008,126.24,273.42,27002.1
2496888,72.0167,124.9725,273.32,32140.6
8073064,71.8422,126.2683,272.54,22366.5
8190958,71.9336,128.3392,272.53,22260.9
8712428,71.9064,126.4017,272.18,21818.6
10584470,71.385,127.9483,270.73,20471.8
968015,71.9772,128.4333,270.05,41747.9
11154442,72.1986,125.8575,270.04,20113.9
9837721,72.0936,126.2542,269.49,20969.9
6556712,71.6944,127.9983,268.88,23919.2
1245777,71.4131,129.2992,268.55,39043.1
3398083,71.9311,128.3942,267.98,29334.1
11456910,71.3119,128.7792,267.73,19935.7
2608932,72.2372,127.7533,267.73,31727.6
1246158,71.8844,128.4717,267.56,39039.8
4559369,72.2778,125.1492,267.41,26812.7
1582977,71.9442,128.4708,267.05,36581.4
1169437,71.9578,128.4392,266.54,39708.1
1790408,72.0425,126.3542,266.44,35348.4
2998110,72.0558,126.3975,266.26,30455.1
3108717,71.4264,129.3233,266.21,30129.1
368506,72.2986,127.5108,266.08,53139.6
2575597,71.8864,128.3225,265.64,31847.9
2519465,71.4611,129.0133,265.55,32055.2
4076625,72.2258,127.8042,265.18,27753.8
5809657,71.4789,123.825,264.93,24854.5
6797668,71.3958,129.1658,264.01,23646.0
5134142,72.0453,126.44,264.0,25839.8
4578494,71.9881,125.5867,263.88,26779.4
10174683,71.6481,127.515,263.56,20740.8
5240420,71.8269,126.8133,263.17,25674.1
3568692,71.8247,128.2392,262.99,28900.8
4405765,71.3294,129.3692,262.11,27098.7
2129112,71.7025,127.4917,261.92,33655.0
8656309,71.8031,126.6567,260.93,21862.4
9619933,72.4747,124.0717,260.74,21127.3
8867058,71.4211,128.97,260.4,21692.7
5216819,72.0114,125.7125,260.37,25708.8
6168270,72.5981,123.9317,260.34,24388.7
10304232,71.8092,126.8525,259.77,20654.6
10361528,71.4158,128.4075,259.57,20614.4
3551616,72.1617,125.9533,259.51,28944.9
2539350,71.6181,128.7042,259.16,31981.6
7143718,72.0572,126.9842,258.23,23268.4
4879869,74.8319,138.8375,257.97,26253.2
2437021,71.4017,129.115,257.43,32369.7
10754370,72.0958,125.935,257.09,20362.6
770323,71.4658,128.8208,257.06,44280.7
3699153,71.9711,124.5408,257.02,28588.3
5540241,72.23,124.315,256.9,25231.0
4568429,71.9794,124.4683,256.87,26798.4
9780720,71.5772,128.5708,256.78,21012.4
10900074,71.7744,128.4892,256.53,20271.6
2118660,71.9944,128.3817,255.99,33702.3
2266795,71.5511,123.9275,255.45,33053.4
2608934,71.8364,128.3725,255.0,31727.6
9812990,71.6944,127.9667,254.84,20988.1
8715911,72.1961,125.52,254.78,21815.7
5972578,72.0944,127.5033,254.45,24640.8
5065285,71.3914,129.0333,254.07,25948.1
3851975,71.9442,128.4525,253.32,28238.5
1627813,72.8239,140.9367,253.03,36298.1
3006650,71.3775,129.2633,252.64,30427.9
8356999,71.8789,125.1942,252.34,22117.3
7495252,71.3714,129.2958,252.23,22909.7
9780715,72.095,125.6883,252.21,21012.4
5287343,72.0178,126.51,251.96,25602.0
2435091,72.2919,127.4258,251.74,32377.6
10042911,74.8686,138.6917,251.55,20829.7
11420002,72.0242,128.2658,251.36,19958.1
8172921,71.97,127.2392,251.35,22278.1
2503064,71.8058,128.4225,250.72,32116.8
10060097,71.7069,126.9342,250.69,20817.4
8273218,71.9408,128.415,250.43,22189.2
3715039,72.1092,127.875,249.66,28552.6
7274876,72.2786,125.2233,249.44,23133.9
2998111,71.6119,123.9742,249.32,30455.1
553103,71.8286,140.6008,248.68,48135.8
4432254,71.7514,127.09,248.4,27049.3
7240540,71.7706,125.1467,248.27,23166.9
6063891,71.97,125.07,247.66,24524.2
9442647,71.9411,128.3833,247.4,21253.6
5896194,72.4103,124.2792,247.4,24741.5
8797037,72.0711,128.04,247.28,21751.4
11456906,72.0492,126.16,245.73,19935.7
2275914,71.9331,126.7175,245.56,33016.7
10431084,71.4083,127.5467,245.5,20571.1
2441416,72.1406,127.5917,244.86,32352.0
9885084,71.375,129.3417,243.9,20939.5
10222960,72.1136,127.1325,243.62,20707.0
10161703,71.5522,127.045,243.22,20750.0
3987063,71.6919,127.4867,242.61,27941.4
7001630,71.8369,128.2567,242.01,23418.5
5021272,71.3664,128.7833,241.07,26019.2
2109480,71.7658,126.89,240.96,33743.9
9725756,71.4361,127.4075,240.81,21048.7
6458287,72.2403,125.1967,240.62,24036.1
6140803,72.1556,127.7733,238.29,24425.3
8304842,72.3742,141.0183,238.21,22160.5
2342138,71.6519,127.1583,238.02,32743.5
9780711,72.5514,123.925,237.89,21012.4
8414623,71.4047,128.8992,237.86,22065.4
3552518,71.9319,128.4917,237.63,28942.7
10825722,71.9969,126.5808,237.61,20315.6
10840223,72.0858,128.0867,236.6,20306.2
3809877,72.0983,127.7925,236.56,28333.1
3833445,72.0717,128.165,236.42,28281.3
6912508,71.9647,124.9192,235.58,23516.3
3136993,72.1628,128.0208,235.25,30046.5
7049040,72.4347,123.9508,234.85,23369.5
2785025,71.7867,127.44,234.78,31123.4
3731565,72.2314,127.7308,234.75,28512.4
4201438,71.5414,128.5633,234.65,27500.1
5318608,72.0319,126.3783,234.62,25552.2
10885515,71.8719,125.1733,234.39,20281.1
6684079,72.1289,127.5608,234.34,23772.3
3268826,71.5078,128.6358,234.29,29677.4
1910085,71.915,128.5117,234.25,34713.7
2921346,71.9706,128.4442,234.19,30688.5
6594652,71.9717,128.4058,232.86,23876.6
4384681,72.0694,128.1258,232.86,27141.0
2196742,71.9597,128.4658,232.25,33352.7
11624950,71.8342,128.4133,231.65,19839.6
6404481,71.4217,128.7167,231.1,24099.7
8579344,72.1253,127.1708,230.86,21929.3
5001109,71.6206,128.6792,230.83,26053.4
5280989,72.4483,124.4683,230.67,25612.0
4681628,72.0567,125.9375,230.62,26593.2
1288524,72.2517,127.5833,230.5,38690.6
2179252,71.9919,127.1883,229.83,33430.9
10864387,71.3764,128.8083,229.2,20290.5
5734991,71.6253,128.0358,229.17,24956.8
10196551,71.3764,128.675,228.69,20725.4
4044857,72.3836,124.7575,228.59,27820.3
4871675,71.4242,128.7483,228.38,26267.8
2925142,72.1842,127.2992,228.37,30676.0
10607315,76.6444,148.7392,228.02,20456.2
6686259,71.975,126.6608,227.9,23769.6
845441,72.0781,128.2958,227.74,43239.8
4676475,71.7814,126.9783,227.53,26602.8
9627885,71.8097,127.7875,227.39,21121.3
5109884,71.8586,125.2508,227.28,25876.8
619492,72.355,127.4217,227.07,46792.2
2756366,71.6447,128.6975,226.87,31219.5
1853788,72.1831,127.4042,226.69,35006.1
4264570,71.7289,127.4725,226.56,27374.7
400974,73.8019,141.5067,226.12,52080.0
355347,73.9694,136.1108,225.45,53598.0
4929321,71.6881,127.3367,224.31,26170.6
1037537,72.5597,124.565,224.29,40994.9
551401,73.3797,142.125,224.08,48171.6
3921255,72.0064,128.2942,223.84,28084.7
4457768,71.6297,127.1508,223.44,27002.1
10621375,72.2986,125.0433,222.9,20446.9
8863511,71.4572,129.1142,222.52,21695.6
5682205,71.3492,129.2833,222.3,25028.2
9566050,72.1603,126.9867,222.3,21163.4
1448221,72.3144,141.2483,222.21,37488.0
4025402,72.4508,124.6767,222.18,27863.7
6150649,71.7186,127.4817,221.99,24412.2
8175934,71.4217,128.775,221.87,22275.2
6701993,72.0028,127.1517,220.52,23750.8
11425266,76.7231,148.8392,220.26,19954.9
9780714,72.1531,126.9808,219.4,21012.4
5603687,72.7589,141.0358,218.61,25140.0
4979204,71.9586,126.6775,218.32,26087.7
1747416,74.8369,138.3867,217.81,35589.1
8228173,72.1686,140.7242,216.88,22226.5
2753933,71.965,128.3492,216.62,31225.6
2496886,76.7928,158.05,216.59,32140.6
4498570,71.4261,128.8283,216.34,26926.5
4915322,72.0836,126.315,216.23,26194.9
1885426,74.8736,138.4933,215.22,34841.9
4796740,72.0856,128.2467,215.0,26393.6
10383937,71.4036,129.3092,214.28,20599.0
8395447,71.9164,126.725,214.24,22082.7
4186665,72.2575,127.5733,213.95,27527.9
3348135,72.0778,125.9767,213.48,29464.1
10174686,71.3322,129.32,213.42,20740.8
1569244,73.9772,136.015,213.39,36670.1
4068427,71.9808,128.3958,213.38,27772.1
5562179,72.0681,128.2233,213.17,25198.2
2304246,72.1581,127.605,213.14,32898.8
6160343,72.4519,124.5725,212.64,24399.2
11164490,72.0131,124.2392,211.91,20107.5
7545087,72.5703,124.47,211.35,22862.4
2019902,71.9236,128.515,211.21,34166.1
3754010,71.5236,128.7017,210.87,28461.0
2905733,72.3494,127.22,210.74,30736.2
9454193,74.8347,139.0542,210.13,21244.6
7798684,72.3461,124.8883,210.07,22618.6
3589759,72.3236,141.175,209.76,28850.1
3656548,72.4181,124.7825,209.73,28690.6
2276729,71.8058,125.2533,209.7,33012.8
8333383,71.3519,125.3983,209.7,22134.6
4567188,71.5381,128.5925,209.02,26800.8
11040075,72.005,127.1592,208.77,20186.6
1035059,71.8089,128.6542,208.66,41019.7
2278054,72.3117,127.5775,208.36,33007.1
11598053,71.9769,128.3783,208.33,19855.6
7375119,71.6094,128.715,208.07,23031.8
5680517,71.4383,128.7125,207.84,25030.8
3674496,72.4961,124.4242,207.16,28646.2
7957155,71.8939,126.7858,207.11,22468.9
3185414,71.9239,127.3367,206.93,29908.3
5575546,71.3797,128.7875,206.68,25177.9
1710767,72.4272,125.0292,206.57,35799.7
3084789,72.4858,124.2833,205.8,30198.8
3194984,71.9989,128.2767,205.51,29882.8
1832795,71.5508,128.7275,205.16,35118.7
3849061,72.2769,127.56,204.88,28245.3
2431048,71.4389,128.8208,204.59,32391.4
963439,73.7981,141.5992,204.53,41798.3
5637918,72.0844,128.23,204.41,25089.2
670219,71.6228,128.8675,203.73,45872.2
5911375,74.8472,139.1542,203.64,24720.8
565338,72.7106,124.0217,203.53,47875.7
9796812,71.4258,128.9458,203.13,21000.3
10489820,71.3461,125.4375,203.1,20530.8
2802645,74.9864,138.415,202.86,31066.1
6471106,71.8131,128.3475,202.56,24020.2
5215200,72.3619,124.9267,202.27,25711.3
1978593,76.7253,149.1892,201.81,34366.9
10299718,72.4442,123.9983,199.99,20657.7
1756253,71.6158,128.8217,199.88,35538.9
5296750,71.3394,129.2775,199.78,25587.1
9216831,71.5733,124.8933,199.15,21420.8
3906144,71.5397,129.25,199.04,28118.7
10099225,71.8306,127.715,198.25,20789.9
3535992,72.4722,125.0383,197.55,28982.3
11154445,71.6344,128.6967,197.44,20113.9
4588673,72.1606,127.4992,197.37,26760.4
3032336,71.5836,128.71,197.03,30350.3
4057841,72.1864,126.0283,196.99,27795.1
2848053,72.3481,127.0867,196.72,30918.1
4239271,71.4128,128.8683,196.71,27423.5
7798682,72.8089,140.9008,196.35,22618.6
6980101,71.6075,128.725,193.6,23443.0
7542356,71.7775,140.4117,193.17,22865.2
2971746,71.4672,128.7558,192.82,30532.4
4224527,76.6411,148.6383,192.65,27451.4
4493701,72.4414,124.82,192.53,26936.0
2665534,71.7625,128.5525,192.29,31530.2
11571038,72.2217,126.9467,191.11,19871.7
4104575,71.6347,124.8217,191.01,27696.3
1969494,72.3217,125.2542,189.93,34413.2
3742885,71.8931,128.5342,188.6,28487.8
7078466,72.7983,140.9967,187.89,23336.8
5836340,71.3919,129.3383,187.81,24821.2
11619695,71.6272,128.5517,186.98,19842.8
2827579,71.9397,126.8708,186.59,30983.9
5809655,72.465,124.8792,186.47,24854.5
10042918,72.1064,127.1725,186.29,20829.7
2634988,72.2367,127.6525,185.84,31637.1
5787970,72.1633,127.3375,185.73,24885.2
8870548,73.3753,142.2742,185.27,21689.8
11084683,72.0839,127.4308,184.08,20158.2
6523368,72.0189,126.4183,183.97,23959.1
5607036,71.3414,129.3383,183.65,25134.9
10579818,71.3761,126.6842,183.04,20474.9
1677561,72.0769,125.93,182.97,35996.7
4249483,75.2111,138.5958,182.16,27402.6
7712943,71.4372,125.3475,182.0,22700.2
7417150,71.9025,126.72,181.7,22987.4
6119273,71.5769,128.6842,181.18,24454.0
1777151,72.28,126.965,180.98,35420.4
9071138,72.0211,125.7867,179.61,21533.5
2254287,71.7917,128.6667,179.3,33105.4
4243941,72.3306,127.0458,178.87,27414.2
4342080,72.3306,127.1908,178.39,27223.0
11119596,71.5294,128.7192,177.48,20136.0
10850004,71.3506,128.8967,177.32,20299.9
2586808,74.025,135.875,176.92,31807.8
10304233,71.5758,128.65,176.74,20654.6
8524583,71.7247,124.4125,176.74,21972.8
2312821,71.495,128.7717,175.11,32862.0
5692871,71.4172,129.36,174.83,25012.9
6198887,71.5025,128.7758,174.04,24352.1
4114254,71.5094,128.7658,173.71,27675.6
3200122,72.6619,124.1842,173.26,29867.8
4765491,72.0106,128.3467,172.78,26446.6
8722612,72.0583,128.0783,172.41,21809.9
7411878,72.3053,141.31,172.12,22993.0
663386,73.4125,139.8817,171.81,45990.1
9697295,72.3442,125.0058,171.6,21069.9
7807368,71.9336,124.7142,171.19,22610.2
1478776,72.4072,126.8617,171.15,37273.2
9605837,72.1411,126.9783,171.15,21133.3
3046158,71.8453,124.4758,170.91,30310.4
1829001,72.3961,127.2367,170.33,35140.5
1916662,71.4708,128.9,169.09,34680.6
3735221,71.8161,140.55,168.15,28503.5
7406467,71.5139,128.7633,168.03,22998.5
6083113,72.2058,140.7833,167.49,24498.2
10120808,71.4461,128.8017,167.47,20774.5
8474959,75.0975,138.41,166.72,22016.3
3575852,75.4792,137.8175,166.65,28885.4
2942814,72.2561,126.9767,166.57,30622.0
2161564,72.6328,124.3783,166.47,33507.1
3663698,74.8181,138.4892,166.02,28672.9
3186195,71.5064,128.81,165.63,29906.2
3751168,72.1656,141.3,165.54,28467.7
5955472,72.1083,126.9883,165.19,24664.1
8884416,71.8586,128.35,164.2,21678.0
4354828,71.7775,128.645,164.09,27197.2
1778826,73.3806,140.0767,163.87,35413.2
5938526,72.8111,141.0108,163.52,24687.3
11007704,71.6733,124.2975,162.68,20202.4
2504567,71.6908,128.8208,162.6,32110.8
7648320,73.8458,141.5417,162.34,22761.8
9981424,71.7667,128.595,162.22,20869.4
9776574,72.1556,127.6992,161.81,21015.4
2700298,72.3925,126.7825,161.71,31408.7
10262421,71.58,124.0808,161.62,20679.2
7763567,71.3944,128.7992,161.61,22649.6
8763865,71.9978,124.3225,161.46,21774.8
3508707,72.2839,127.1658,160.69,29050.3
5541933,72.3522,125.14,160.14,25228.5
1868066,72.3025,127.095,159.83,34931.4
8128321,71.3039,128.9267,158.65,22315.2
10494476,72.0506,128.3075,157.18,20527.7
2265922,73.8967,136.1633,156.94,33057.2
10801973,72.0706,126.315,156.79,20331.3
3088213,71.6689,128.8283,156.48,30188.2
4182264,71.6128,128.765,155.24,27537.1
11216755,75.4431,137.7258,153.38,20079.0
6345201,71.5203,128.7533,153.24,24170.9
10406694,71.8408,124.2267,152.02,20583.5
5570634,71.45,129.335,151.35,25185.5
2794888,71.35,129.4067,151.23,31092.7
4188879,71.7622,128.6558,150.37,27523.2
7182360,72.6781,124.1283,150.26,23230.1
4324496,72.1025,128.1075,150.09,27255.7
6855425,72.3128,126.905,149.14,23578.5
2484868,76.6903,149.2242,149.04,32186.2
7648323,72.1228,127.9708,147.68,22761.8
4927910,72.3342,126.8675,147.46,26173.0
2363003,75.7292,138.1158,147.4,32661.7
9465787,72.3219,126.9733,147.13,21235.6
8874071,71.4369,128.8642,146.94,21686.8
4858927,74.0825,135.8617,146.77,26289.6
5078475,71.8419,128.585,145.79,25926.0
9910151,71.7958,140.4267,145.05,20921.2
3507875,74.8086,138.3283,144.79,29052.5
10948754,77.1003,156.52,144.57,20240.2
11824403,72.1208,125.725,144.5,19726.9
11532842,71.8917,124.545,144.17,19894.1
7732596,75.845,137.9925,144.17,22680.5
2702684,71.5692,128.7292,144.13,31402.6
3295418,73.4119,139.97,143.67,29606.5
7578208,75.6553,138.5792,143.61,22828.9
2011495,71.4492,129.2558,142.56,34207.1
8566212,75.2875,138.8642,142.42,21940.9
9006363,75.1003,139.1325,141.56,21586.7
8169868,71.4858,129.23,141.43,22280.9
1161160,76.6461,149.1617,141.2,39783.4
1047899,72.6508,141.3833,141.2,40887.5
7261984,71.8914,123.8817,140.93,23147.6
9558250,71.8481,128.5692,140.86,21169.5
5058153,71.4589,128.895,140.84,25960.4
10640072,75.885,137.7025,140.46,20434.4
4475882,71.5142,129.2167,140.43,26966.7
9499191,72.2419,127.0733,139.75,21214.6
3823359,72.4789,124.71,139.55,28301.6
1069032,76.7547,149.4342,139.54,40668.8
7570042,72.2217,125.6925,138.86,22837.3
1907616,71.5947,128.83,138.4,34726.5
3131261,71.4978,128.91,138.22,30063.4
2260314,73.7903,142.0225,137.86,33082.3
3552513,75.755,139.3625,137.56,28942.7
8685402,72.7022,124.1125,136.61,21842.0
970317,76.1458,152.6942,136.6,41720.5
9347799,71.9536,128.4775,136.24,21322.4
11293194,72.0783,124.1758,135.77,20031.3
2138768,73.345,139.9683,135.38,33611.5
5719072,72.3789,127.3008,135.19,24979.8
3885145,71.9742,126.7133,135.16,28163.9
2881537,75.2725,139.4942,134.96,30812.8
6750538,77.1031,156.625,133.82,23697.1
5395407,72.3169,127.3317,133.13,25439.8
9313480,71.5753,128.7167,132.91,21349.3
8450636,75.2306,139.2858,132.4,22033.6
9850168,72.3839,125.24,132.28,20960.8
4322081,71.3472,129.4208,131.73,27260.4
1328942,72.2825,127.7658,131.48,38371.5
4399817,74.1378,135.7083,131.47,27110.4
6160344,72.2764,127.8108,131.38,24399.2
1502787,72.6931,141.6542,130.87,37110.5
4874414,71.5825,126.97,130.07,26262.9
7182363,71.9053,124.4975,129.58,23230.1
6690744,75.9172,137.98,129.48,23764.2
6545731,71.5058,128.895,129.05,23932.5
7029699,72.37,125.3508,128.9,23391.3
3454342,72.2464,125.7233,128.44,29188.2
6907842,71.5072,129.1783,128.29,23521.7
4377652,71.5153,128.9192,127.89,27155.0
9530646,75.4878,138.7225,127.75,21190.5
7372468,73.8067,142.2042,127.35,23034.5
4109975,72.2258,127.4967,126.59,27684.8
7382983,71.7831,128.6933,126.5,23023.5
9503123,71.5244,128.755,126.39,21211.6
9279145,71.5375,128.7392,125.73,21376.1
2226086,75.4964,139.1775,123.58,33224.5
2794887,71.6517,128.835,121.99,31092.7
1201273,75.5414,135.725,121.98,39424.7
4980612,75.8436,139.6508,121.25,26085.2
8109759,75.7658,139.6392,120.94,22332.3
4625967,75.5714,138.9292,120.4,26693.6
2113156,71.4853,129.2575,120.34,33728.8
2343026,74.2389,135.4508,120.06,32739.6
10012955,71.8553,128.5483,119.92,20851.1
11796770,76.1319,152.7117,118.98,19743.0
11673610,71.5983,128.7317,118.91,19810.7
5339801,71.7964,128.6133,117.72,25522.3
11774635,75.8733,139.705,117.71,19755.9
11747022,75.5078,135.7367,117.46,19772.0
3844132,72.32,125.5275,116.52,28256.5
8501584,75.7514,138.5142,114.69,21993.1
10055847,72.3389,125.5375,113.88,20820.5
11227014,75.5861,138.1092,112.5,20072.6
8709085,72.4728,124.3742,112.12,21821.5
1598753,72.2275,140.1217,110.19,36481.9
4586188,71.7197,128.7075,108.04,26765.1
4870259,76.1672,152.7525,107.95,26270.2
9615918,72.3894,124.9892,107.91,21130.3
1509675,75.7158,152.4633,107.81,37064.1
8314292,76.1639,152.695,107.47,22151.9
4689813,76.0797,138.6267,107.38,26581.2
10584463,72.2133,140.6558,107.25,20471.8
6975275,72.6781,123.9567,107.2,23448.5
3472704,71.3325,129.4183,107.05,29142.3
6170204,73.8242,141.7467,106.59,24386.1
2061794,71.5347,128.8675,106.33,33966.0
7570035,75.9461,138.2225,105.73,22837.3
4381242,75.9906,138.3042,105.53,27148.0
3311158,76.1153,152.7183,104.97,29561.2
2126696,71.5539,128.8692,104.91,33666.4
7712941,72.7125,123.8517,103.75,22700.2
2163710,71.3997,140.1942,102.56,33499.5
11017572,76.1483,152.7533,102.18,20196.1
9477484,73.4439,141.9342,101.74,21226.6
8904225,75.6789,135.7275,98.34,21666.2
7131289,75.2811,137.2258,97.89,23282.1
9376897,73.4547,141.6967,97.71,21304.5
4722369,71.8594,128.6008,95.22,26521.2
6385705,75.6589,139.7192,95.13,24123.4
8547767,75.0881,139.4,94.38,21952.5
3345106,71.5292,128.855,94.25,29472.7
9279142,72.4622,124.2558,92.86,21376.1
6425477,72.2419,140.2442,92.43,24073.2
9461873,71.8781,124.8,91.36,21238.6
11472698,71.5861,128.7517,90.83,19926.1
5182991,72.3839,127.0358,89.26,25763.3
5901727,75.475,140.0175,88.77,24733.7
5619044,72.4397,125.2525,87.44,25117.1
3488364,72.3819,125.4433,85.59,29100.7
10607326,72.4139,125.1867,84.61,20456.2
7673198,71.6364,128.8267,83.08,22736.6
10222957,73.3842,139.8375,83.0,20707.0
5677089,72.8372,141.255,80.6,25035.8
6574046,71.6483,128.8058,80.12,23897.9
9131946,76.1025,139.0042,79.32,21489.1
3907105,71.465,129.2808,78.09,28116.4
9165076,71.6581,141.1192,76.49,21462.4
2771156,75.0144,147.1067,76.24,31168.5
6550125,72.2856,125.75,75.17,23927.2
10471575,72.0247,141.6358,73.08,20543.2
4527153,74.1469,135.48,72.36,26874.4
4663467,71.5256,128.8783,71.91,26626.7
7076057,71.8528,127.0783,71.77,23339.5
10458094,71.6411,141.2942,70.94,20552.5
4963528,72.3186,125.6717,70.76,26114.5
11272831,71.7253,140.9917,70.56,20044.1
11303587,71.46,129.3483,70.3,20025.0
3465188,72.4767,126.2792,68.57,29162.0
11774644,71.9689,141.8,67.45,19755.9
3572414,72.7778,124.7617,66.63,28894.2
10820919,71.7519,140.2667,66.57,20318.7
10939009,72.2636,141.8317,65.53,20246.5
6234752,71.5944,132.95,65.29,24305.0
3870566,75.8839,142.3275,65.1,28197.9
8047755,72.2867,125.8158,64.02,22386.5
5664882,71.565,128.9608,63.76,25053.6
10763840,71.5319,128.9275,63.13,20356.3
9089442,71.97,141.9758,63.01,21518.7
5791741,71.4011,142.5458,62.73,24880.1
7648319,75.8431,142.44,61.95,22761.8
10244962,72.2736,142.0683,61.78,20691.6
6960921,72.5953,124.83,61.28,23464.7
10262418,71.8069,140.9883,61.1,20679.2
5562174,73.6853,141.54,60.86,25198.2
9161445,72.2622,125.8208,60.25,21465.4
7444807,71.4592,141.0342,59.44,22962.5
9321060,72.2206,141.975,58.96,21343.3
7990736,72.5503,124.8717,58.93,22440.5
5600267,71.7478,146.9108,58.54,25145.0
10602813,71.7356,146.9933,58.29,20459.3
7561876,71.3867,145.9733,57.55,22845.7
10777959,71.7739,141.2608,57.35,20346.9
5315425,74.9775,148.1025,57.25,25557.2
11388698,71.3708,145.7483,57.08,19977.2
11554209,71.5292,142.2917,56.79,19881.3
5196752,75.2542,143.9933,56.69,25741.0
11747033,71.6058,132.8533,56.57,19772.0
7487265,71.3472,140.7467,56.56,22918.1
10008712,71.6706,146.2717,56.48,20854.1
9317338,71.6553,132.6542,56.38,21346.3
11684326,71.4425,146.0067,56.06,19804.2
9866558,71.4722,132.6033,56.03,20948.6
10361527,71.6106,146.8058,55.74,20614.4
11587102,71.6944,147.1767,55.54,19862.1
8005790,72.2331,142.1917,55.45,22426.3
7738231,71.5911,147.57,55.44,22674.9
11435880,71.5806,146.2558,55.43,19948.5
5978259,75.4811,140.9758,55.43,24633.1
10663400,72.2983,142.265,55.34,20418.8
9465791,71.6217,132.8592,55.21,21235.6
7795832,71.5386,146.945,55.03,22621.5
11104590,71.595,132.6717,54.97,20145.5
8629454,71.9078,147.8767,54.91,21885.7
10343679,71.4906,146.4708,54.65,20626.8
10411216,71.47,132.4842,54.57,20580.4
11211541,72.2597,142.2092,54.52,20082.2
11651737,72.3514,141.8317,54.49,19823.5
11774641,72.9219,124.1117,54.33,19755.9
5867416,72.3822,139.9967,54.17,24777.5
11554206,72.2189,142.3717,54.17,19881.3
10012952,72.3647,140.8792,53.78,20851.1
9198581,71.9394,147.105,53.74,21435.6
10744945,71.4092,133.0233,53.71,20368.8
11104591,71.5058,146.2892,53.65,20145.5
8547775,71.5594,147.2308,53.49,21952.5
7913152,71.8289,148.295,53.24,22511.4
10598169,71.8719,147.4867,53.22,20462.4
8595883,71.5503,133.0133,53.09,21914.8
9858448,71.8378,147.195,53.02,20954.7
9792824,71.7506,142.0442,53.02,21003.3
9191285,71.4206,142.3092,52.96,21441.6
8501596,71.6167,148.0775,52.63,21993.1
11684325,71.5061,129.2483,52.33,19804.2
11303581,72.2092,142.9608,52.02,20025.0
7071136,71.4178,133.6425,51.92,23345.0
10339200,75.4264,142.8942,51.87,20629.9
8964696,71.5867,147.8275,51.82,21616.2
9035143,71.6067,147.9392,51.82,21563.1
6152643,72.2658,139.925,51.53,24409.6
8263676,71.3158,144.7042,51.37,22197.8
9507115,72.0303,148.4942,51.3,21208.6
5317011,71.9683,127.0758,51.25,25554.7
11608897,71.9164,147.2967,50.99,19849.2
6699677,72.4517,126.3125,50.89,23753.5
11818833,71.6453,132.755,50.77,19730.1
10963372,71.4003,142.0525,50.76,20230.7
10205411,71.5853,146.5483,50.36,20719.3
11059988,71.6036,147.0558,50.32,20174.0
10029994,72.3317,142.2542,50.28,20838.8
10797238,71.9572,148.2908,50.1,20334.4
8622630,72.5192,142.965,50.0,21891.5
10992847,71.6647,147.34,49.92,20211.8
9213226,71.3061,134.4892,49.82,21423.8
11373075,72.0117,148.1758,49.67,19986.8
10161705,71.3019,142.1325,49.66,20750.0
10696262,71.625,147.9492,49.5,20397.0
10782746,72.3214,139.3058,49.5,20343.8
8088285,71.3417,147.1525,49.5,22352.3
9074679,72.6786,141.9425,49.45,21530.5
7369883,75.4397,147.6142,49.34,23037.3
6363912,75.5567,146.5417,49.33,24147.2
10900076,71.4514,133.2317,49.28,20271.6
11824404,71.9653,148.3508,49.11,19726.9
10598160,73.4839,141.1367,49.1,20462.4
11435878,71.6228,148.2183,49.05,19948.5
9631909,72.3344,142.3342,49.02,21118.2
8395448,71.4908,147.1467,48.96,22082.7
9045836,71.7894,132.6542,48.77,21554.2
11262805,71.5611,147.5617,48.68,20050.4
7559152,71.3236,148.5283,48.51,22848.5
10864381,72.6611,142.4158,48.35,20290.5
9960153,71.3039,133.5442,48.33,20884.7
10934051,72.0294,148.6033,48.25,20249.6
10471577,71.8303,148.1725,48.24,20543.2
11388692,72.1494,143.2367,48.19,19977.2
10895248,71.6031,147.71,48.04,20274.8
9020698,71.4014,147.0825,47.97,21574.9
10900070,72.1928,142.56,47.86,20271.6
10696261,71.6797,133.0192,47.76,20397.0
11221839,71.7392,147.3375,47.58,20075.8
10064393,71.425,146.4033,47.43,20814.4
9721700,71.4517,133.31,47.26,21051.8
10768621,71.5933,147.8692,47.26,20353.2
10183449,71.3858,146.6592,47.12,20734.6
9434911,71.3736,134.0742,47.03,21259.6
10635506,71.4508,146.6283,46.97,20437.5
8437410,73.4367,140.4467,46.95,22045.2
9590078,72.1614,139.3467,46.94,21145.4
11114679,72.2111,147.5492,46.79,20139.2
11780183,71.5606,147.6567,46.78,19752.7
8190956,72.4044,126.3183,46.61,22260.9
10262420,71.725,147.9942,46.45,20679.2
11420005,71.8,147.87,46.32,19958.1
9411744,71.4692,146.9792,46.29,21277.5
9772527,71.5239,133.33,46.28,21018.5
9784701,71.3694,134.2008,46.25,21009.4
10730803,71.38,146.3742,46.13,20378.2
11277933,71.4317,146.5633,46.01,20040.9
11383473,73.4519,140.545,45.87,19980.4
11035104,71.3006,134.5625,45.75,20189.7
11017576,75.1931,150.1333,45.67,20196.1
7497950,75.3344,148.2792,45.56,22906.9
10526445,71.5539,147.0817,45.51,20506.0
9981425,71.49,146.8625,45.47,20869.4
10240478,72.2192,148.01,45.44,20694.6
10816163,72.4078,125.34,45.42,20321.9
9862430,72.2503,139.3817,45.36,20951.7
9880996,73.4364,140.7125,45.23,20942.5
11059986,71.7197,148.055,45.13,20174.0
10295202,71.31,146.3942,45.03,20660.8
10850003,71.5722,145.1117,44.99,20299.9
11257618,71.6836,147.7717,44.54,20053.6
6797667,71.5592,149.2217,44.38,23646.0
8921967,71.9994,145.2842,44.33,21651.5
9562150,71.4672,149.3883,44.33,21166.5
11493719,72.7111,141.82,44.27,19913.3
10958481,72.1189,143.4258,44.19,20233.9
6725584,72.5719,127.2375,44.18,23726.7
7217711,72.6092,125.4583,44.11,23191.6
11478080,71.3694,134.0017,44.02,19922.9
11791304,71.7314,147.7075,43.99,19746.2
11846507,71.7419,148.1325,43.87,19714.0
10240480,72.1258,144.8458,43.83,20694.6
11373073,72.4264,143.1942,43.8,19986.8
10388586,71.6508,142.6783,43.64,20595.9
9507106,75.1381,150.9092,43.57,21208.6
9597996,76.0969,152.8317,43.51,21139.4
10334850,71.8386,148.5608,43.07,20633.0
9866555,71.8883,148.6575,43.0,20948.6
7640064,71.4331,149.6067,42.84,22770.2
11467415,72.0869,148.6108,42.52,19929.3
11059987,71.6147,149.1833,42.45,20174.0
8582680,71.9678,140.6492,42.4,21926.4
7996802,71.7192,129.0592,42.29,22434.8
10644863,72.4283,144.0142,41.75,20431.3
11763537,72.0578,145.0133,41.68,19762.4
9893440,72.2464,148.5483,41.53,20933.4
10820918,71.7792,129.41,41.18,20318.7
10196550,71.4567,147.15,40.92,20725.4
10116470,71.7725,127.2617,40.65,20777.6
10754371,71.775,145.0675,40.64,20362.6
7656474,71.6714,138.4642,40.63,22753.4
8793654,71.7889,129.3192,40.61,21754.3
11094749,73.4822,140.9675,40.2,20151.8
10682307,71.9114,145.3692,39.9,20406.3
7916064,71.8581,138.4058,39.76,22508.5
10517279,71.4342,133.4475,39.48,20512.2
11324144,71.8444,145.0525,39.42,20012.3
9446483,73.5581,140.7975,39.38,21250.6
10593599,71.7578,144.7525,39.08,20465.6
9964401,71.7106,144.7192,39.01,20881.6
10266898,71.8769,129.3167,38.83,20676.2
8225074,72.4644,128.2458,38.78,22229.4
9998365,71.8914,148.7708,38.6,20857.2
11035099,72.435,142.1008,38.09,20189.7
11191475,71.9514,140.6408,37.94,20094.9
9768457,71.5922,148.6342,37.78,21021.5
11559468,71.9094,145.7383,37.73,19878.1
9542479,71.4775,140.1225,37.4,21181.5
11252459,71.4508,143.9275,37.31,20056.8
8736337,72.4775,127.325,37.29,21798.2
11109656,73.54,141.0142,36.3,20142.4
10485256,71.6803,138.3517,34.77,20533.9
10444560,75.5458,137.1083,34.32,20561.8
10299706,74.1775,140.7267,33.49,20657.7
11774636,75.4272,147.4225,32.82,19755.9
11802337,71.7842,148.8758,32.66,19739.8
11543424,73.3486,124.285,32.24,19887.7
11201571,72.6578,128.5508,31.67,20088.5
11791299,72.6869,128.415,30.6,19746.2
