132244,-83.2364,-50.8806,2000.64,66978.9
11386,-82.6031,-52.3222,2000.56,104661.5
8704800,-83.2889,-50.5917,1995.86,21827.4
330752,-82.6175,-52.6667,1971.24,54524.3
6251180,-82.6278,-52.6375,1956.2,24289.3
44943,-73.1328,-62.7183,1955.28,83073.6
10606184,-82.6117,-52.625,1950.16,20459.3
11006517,-83.2461,-50.9181,1934.79,20205.5
9942364,-83.2342,-50.9306,1933.61,20899.9
490452,-73.1586,-62.7067,1910.04,49583.2
10592449,-83.2633,-50.9028,1904.73,20468.7
64722,-80.6578,-24.6667,1894.42,77497.3
26104,-72.3242,-62.1942,1856.12,91526.2
87981,-80.5503,-27.5264,1850.11,72876.5
5604948,-83.2714,-50.8181,1848.04,25140.0
649381,-72.7617,-63.1567,1844.34,46241.6
736674,-72.3058,-62.2267,1842.21,44784.3
484408,-72.7778,-63.0625,1831.26,49738.5
93967,-72.7347,-62.2983,1821.16,71886.3
1964004,-82.6236,-52.7708,1818.98,34441.0
8483836,-83.2239,-50.5139,1815.47,22010.5
4583266,-83.2164,-50.4778,1809.98,26772.3
2064806,-80.6544,-24.4639,1793.8,33954.7
730391,-72.2469,-63.5367,1789.88,44882.4
6387241,-82.6031,-52.4722,1788.11,24123.4
6099890,-73.1475,-62.7375,1786.34,24477.4
123174,-73.9533,-63.0308,1776.43,67973.2
4430746,-72.3286,-62.1617,1775.34,27054.0
2238670,-72.2133,-63.5775,1775.03,33172.6
2042854,-72.2322,-63.5908,1772.97,34057.8
303075,-80.7203,-27.3931,1771.63,55662.3
1125128,-72.7856,-63.025,1771.43,40119.9
1627487,-76.9892,-22.635,1771.3,36301.6
376499,-72.4911,-62.975,1771.14,52869.2
202279,-72.3797,-62.6608,1768.38,61050.1
181723,-80.6567,-23.7292,1768.25,62515.5
1624181,-72.7731,-63.1067,1767.95,36322.7
3887868,-83.2056,-50.4764,1766.78,28159.4
7737574,-72.2294,-63.5858,1765.81,22677.7
421440,-80.6731,-24.4153,1761.96,51458.5
925506,-80.6575,-23.9014,1761.51,42238.0
9410764,-80.6719,-23.5986,1758.39,21280.5
102936,-74.1519,-63.1867,1757.76,70569.6
1738156,-73.0322,-63.4467,1754.64,35642.8
153704,-74.11,-62.8417,1753.79,64842.7
1622592,-72.2539,-63.5383,1749.4,36333.2
436581,-73.9978,-63.2308,1743.68,51015.8
2340602,-73.0425,-63.4533,1742.22,32751.3
2060552,-80.6525,-23.7917,1741.93,33973.5
2437408,-80.6831,-23.6375,1735.03,32369.7
358266,-72.7136,-62.6292,1733.72,53495.7
1937735,-73.2667,-63.5433,1731.08,34573.9
2726459,-72.6914,-62.9608,1730.24,31321.4
502176,-72.5633,-63.0275,1727.66,49301.0
1346597,-72.5892,-63.0917,1726.86,38236.8
1158255,-73.1461,-62.7817,1726.36,39810.6
2840655,-72.2361,-63.56,1726.08,30944.8
1622032,-72.7219,-62.6033,1725.32,36336.7
9704423,-72.375,-62.6275,1719.41,21066.9
8480608,-82.1247,-24.7625,1717.89,22013.4
1090742,-74.1492,-63.0617,1716.72,40452.0
759131,-73.9797,-63.3567,1712.94,44447.3
4276799,-73.9772,-63.3225,1712.85,27351.4
2500922,-72.5814,-63.0942,1712.81,32126.7
998979,-72.7394,-62.6008,1708.33,41403.1
7754445,-72.3025,-62.3067,1703.1,22660.9
1055500,-72.4764,-62.7767,1703.01,40811.1
25021,-73.3006,-62.2783,1701.18,92202.4
688916,-72.6764,-62.6558,1700.97,45554.5
2804906,-72.1422,-63.4658,1700.63,31059.9
300316,-72.5083,-62.4575,1699.11,55777.8
379290,-83.2681,-51.2778,1695.5,52776.3
8906950,-72.6858,-62.955,1695.34,21666.2
1208640,-72.7936,-63.18,1688.3,39363.2
7321130,-72.3031,-62.3292,1688.13,23087.0
6263326,-73.0189,-63.4683,1685.69,24273.5
1602977,-72.7072,-62.8817,1684.35,36455.7
2641321,-72.6744,-62.6808,1683.75,31615.0
7692961,-80.6608,-23.4403,1679.67,22722.6
476121,-72.6497,-62.7833,1678.9,49953.2
1434314,-74.0914,-62.8142,1677.42,37588.1
1359097,-72.4278,-62.7375,1677.31,38141.7
353915,-73.9844,-63.0233,1677.21,53652.7
4505650,-80.7189,-27.2319,1676.09,26914.7
1367985,-72.3642,-62.6917,1675.42,38073.1
1655539,-72.6714,-62.6342,1672.67,36129.2
4041511,-74.1497,-63.0967,1672.48,27829.4
420891,-72.8383,-62.9575,1671.3,51474.6
361928,-72.5375,-62.6483,1670.6,53368.1
4505660,-74.1581,-63.16,1668.7,26914.7
108149,-72.9183,-62.5058,1667.9,69862.8
2888864,-73.9489,-63.395,1667.82,30790.0
2136177,-73.2411,-63.4675,1667.56,33622.9
1885695,-73.1233,-62.7975,1666.61,34841.9
9034255,-73.1625,-62.6783,1666.1,21566.0
1092641,-73.7156,-63.1108,1665.97,40434.7
251920,-74.1906,-63.1967,1665.95,58098.5
6255199,-72.4783,-62.7458,1665.25,24284.0
6018500,-83.2147,-50.7361,1665.14,24583.9
693806,-73.9789,-63.0792,1664.83,45473.3
554319,-72.4469,-62.4842,1664.27,48112.0
1771507,-72.5144,-62.4683,1664.11,35454.6
1604829,-72.6578,-62.7617,1663.94,36445.3
1447220,-82.6147,-52.7778,1661.72,37496.5
6128499,-73.9875,-63.235,1661.34,24443.5
172467,-72.6986,-62.4833,1660.53,63231.9
3418126,-74.1583,-63.1142,1658.63,29284.1
9553333,-80.6475,-24.0292,1654.57,21175.5
2664162,-72.6922,-62.6767,1652.66,31534.2
1675231,-73.98,-63.2533,1652.55,36012.6
313063,-71.9275,-63.3183,1651.22,55241.8
500557,-72.6364,-62.67,1650.93,49338.5
261899,-72.9625,-63.1783,1650.76,57580.8
1768547,-80.6214,-25.0167,1650.73,35472.5
3999734,-72.6839,-62.6625,1650.59,27918.6
199941,-72.5306,-62.3442,1649.87,61204.4
4819847,-72.4675,-63.0725,1648.18,26357.3
785784,-72.6722,-62.8975,1647.86,44060.1
2307290,-72.6614,-62.615,1647.79,32887.2
658040,-73.0489,-63.0325,1644.45,46087.0
4227926,-72.655,-62.72,1644.25,27449.1
230031,-80.6889,-24.7917,1644.1,59305.4
1236688,-80.6706,-23.2736,1643.12,39121.3
9751224,-80.6364,-23.6847,1642.25,21036.6
2122561,-72.6903,-62.4858,1641.3,33685.3
3088704,-72.2833,-62.2517,1641.03,30188.2
697262,-72.8236,-62.87,1640.54,45415.8
1570707,-72.2111,-63.3808,1640.25,36661.4
2896710,-83.0897,-50.4083,1640.02,30767.3
107307,-72.6414,-62.5058,1638.93,69977.6
191344,-72.3836,-62.3517,1638.3,61810.4
8011072,-73.9442,-63.3825,1636.83,22423.4
4144719,-73.9839,-63.2417,1636.05,27615.7
428973,-80.7778,-26.8764,1634.73,51236.4
2069027,-73.1203,-62.8267,1634.64,33934.1
1651105,-80.6731,-24.7236,1633.37,36157.4
895156,-73.9056,-63.3558,1633.09,42607.4
1075729,-72.5225,-62.6742,1632.16,40601.4
830522,-72.5044,-62.6992,1631.91,43439.7
3582688,-72.5703,-63.0467,1630.27,28869.9
11200312,-72.4761,-62.7133,1630.01,20091.7
2274484,-72.4217,-62.69,1629.38,33024.4
10378268,-83.0836,-50.5194,1627.76,20605.2
1641356,-73.0653,-63.055,1626.46,36217.3
3734096,-72.6003,-63.0917,1626.12,28508.0
2599059,-74.1772,-63.2067,1625.91,31765.7
125908,-74.0542,-62.5183,1625.74,67671.7
10967230,-72.2581,-63.515,1622.72,20230.7
1546532,-72.8317,-62.9925,1621.24,36819.2
6485494,-80.6622,-23.375,1620.79,24004.3
797002,-73.0969,-62.8917,1620.43,43897.8
11751228,-74.18,-63.1917,1619.48,19772.0
1410036,-73.1033,-62.9408,1618.47,37760.6
9879956,-74.1917,-63.2175,1618.25,20945.6
1882624,-72.4981,-62.7808,1616.61,34858.4
1202320,-72.1711,-63.3633,1616.3,39416.6
3191823,-73.3086,-63.3308,1616.19,29891.3
1740628,-72.7192,-62.5433,1615.74,35630.2
673167,-73.4981,-63.2358,1614.75,45822.2
3998720,-73.7236,-63.125,1614.3,27920.8
1523352,-82.6225,-52.8528,1614.01,36974.6
3755667,-80.7647,-27.0069,1613.4,28458.7
5370240,-72.7061,-62.6717,1612.99,25477.3
4459950,-83.1414,-49.1806,1611.04,26999.8
8023070,-80.6264,-24.8111,1609.97,22412.1
4961761,-74.1367,-63.1742,1609.83,26119.4
5378937,-72.6661,-62.99,1609.77,25467.3
771188,-72.505,-62.5175,1609.19,44269.2
487926,-83.1997,-51.2542,1608.47,49648.7
1243594,-73.2897,-62.3333,1607.81,39064.3
113131,-72.2431,-62.8358,1607.34,69205.8
722943,-72.3075,-62.9933,1606.55,45000.1
5277563,-72.2369,-63.5142,1606.18,25619.4
1699684,-72.4969,-62.9233,1604.19,35865.5
109444,-80.7028,-24.3417,1603.38,69686.5
1318691,-72.6267,-62.4867,1603.19,38454.4
2762788,-72.7997,-63.1592,1602.8,31199.1
4145905,-73.9131,-63.4125,1602.77,27613.4
14716,-73.9572,-61.75,1601.54,100600.4
5664464,-72.6992,-62.6683,1601.05,25056.2
2509069,-83.1353,-49.0667,1600.92,32095.0
116212,-72.2772,-62.5783,1600.41,68814.4
770790,-74.1447,-62.8358,1599.22,44275.0
362574,-73.6114,-62.4217,1598.92,53346.6
1742501,-72.2883,-63.275,1598.85,35619.5
477734,-74.0781,-62.7342,1597.5,49912.4
1667302,-74.0406,-63.5008,1596.64,36060.4
2708781,-72.9286,-62.4992,1596.1,31382.3
665334,-73.5992,-62.4383,1595.7,45958.3
5985415,-72.8164,-62.9017,1594.71,24625.3
119089,-71.9533,-63.0925,1592.33,68458.9
158048,-80.72,-23.4972,1591.42,64452.4
4134957,-73.505,-63.2233,1590.93,27636.4
574261,-80.6864,-24.7264,1590.63,47690.4
7046031,-74.1336,-63.0908,1588.84,23375.0
3123746,-83.2633,-51.1042,1588.68,30084.6
4177602,-72.2478,-63.5033,1587.76,27548.7
928539,-80.6444,-25.0694,1587.19,42203.3
9840812,-74.0083,-63.4867,1587.1,20969.9
2999244,-74.1194,-63.0933,1587.04,30453.0
8921112,-72.0906,-63.3808,1586.26,21654.5
7250313,-72.9392,-62.4917,1585.71,23158.7
3846869,-73.0958,-62.9508,1585.12,28252.0
9410793,-72.6531,-63.0592,1584.24,21280.5
1367370,-80.7764,-27.1347,1583.98,38078.1
449430,-72.5172,-62.3617,1583.96,50663.7
10063255,-80.6394,-24.0847,1582.66,20817.4
1556818,-72.2175,-63.3383,1582.11,36753.4
380662,-80.3967,-25.5111,1581.79,52731.6
1275497,-72.6394,-62.9933,1581.71,38799.2
361699,-72.3253,-62.6492,1581.41,53376.5
11718197,-83.2231,-51.0653,1580.8,19791.4
754874,-74.0483,-63.4192,1580.66,44510.4
974775,-80.645,-25.9583,1580.15,41671.6
633050,-72.3083,-62.7025,1579.58,46539.6
266479,-71.8269,-62.9283,1579.52,57353.5
792431,-73.8944,-63.21,1579.02,43964.5
3289757,-72.1433,-63.4058,1578.92,29623.7
8642076,-73.3661,-63.4158,1578.67,21876.9
4104330,-72.3169,-62.7267,1578.52,27698.6
477002,-83.1964,-49.2708,1576.54,49930.2
762084,-72.8378,-62.7517,1576.48,44404.3
4522774,-83.2697,-51.3458,1576.2,26881.5
398596,-74.0381,-62.605,1576.17,52157.0
162909,-71.8839,-63.11,1576.12,64026.9
3840906,-72.5147,-62.3825,1576.06,28265.6
3805928,-72.3208,-62.6667,1575.65,28344.3
11083459,-72.2378,-62.8442,1574.95,20161.3
8728659,-74.0206,-63.5017,1574.64,21806.9
6190513,-74.0081,-63.2867,1573.89,24365.2
678778,-74.0758,-62.8108,1573.79,45726.2
1278738,-72.515,-62.845,1573.74,38771.2
3030786,-74.0381,-63.47,1573.41,30356.6
209862,-72.4928,-62.2225,1572.52,60547.2
1269309,-72.23,-62.8808,1572.38,38850.0
1037940,-80.7078,-23.5278,1571.01,40991.8
8903368,-73.1028,-63.2683,1568.87,21669.2
268670,-73.0708,-62.7125,1568.86,57247.9
6594129,-73.0728,-63.0667,1568.56,23879.2
996982,-72.4725,-62.2925,1568.35,41426.2
3785810,-73.7475,-62.9583,1567.15,28389.3
1185371,-73.4172,-63.3383,1565.79,39565.0
483636,-72.17,-63.1808,1565.64,49759.0
3177295,-80.6453,-24.1847,1564.68,29933.9
980755,-72.8447,-63.2425,1564.49,41604.2
5865189,-72.6617,-62.9892,1564.46,24782.6
2073124,-72.5386,-62.4892,1563.69,33913.4
1266372,-80.5675,-21.9889,1563.12,38873.0
4405453,-72.6625,-62.9067,1562.45,27101.0
1353068,-73.2839,-62.275,1560.31,38186.8
2212382,-72.9583,-63.1492,1560.08,33285.8
340711,-72.2819,-62.8958,1559.54,54138.5
8190210,-73.7394,-62.99,1559.11,22263.8
211813,-73.9369,-62.82,1558.86,60422.9
1170874,-80.7633,-27.2861,1558.83,39695.2
292619,-72.3372,-62.0125,1558.36,56119.4
2677874,-72.2844,-63.24,1557.91,31487.7
3213187,-72.8036,-63.1075,1557.58,29831.6
466311,-72.5744,-62.9317,1557.46,50210.2
1094338,-74.1097,-63.3558,1557.0,40417.3
6369692,-72.4006,-62.8325,1556.42,24141.9
713886,-71.8103,-62.93,1554.64,45147.1
3367298,-73.1056,-62.85,1553.43,29416.5
7768489,-72.5344,-63.1133,1553.2,22646.8
5622043,-72.2969,-62.1958,1552.35,25114.6
8099764,-72.3422,-61.9917,1552.08,22343.7
253583,-72.7483,-62.1292,1550.89,58010.7
710541,-72.5283,-62.7817,1549.89,45199.2
372144,-71.7878,-63.0367,1549.81,53014.8
2464261,-73.1194,-63.1683,1549.8,32265.2
4905354,-72.6539,-62.9958,1548.9,26214.3
1773655,-72.3331,-62.9575,1548.65,35442.0
466646,-72.2425,-62.9383,1547.68,50202.6
10729564,-80.7872,-27.1653,1546.84,20381.3
648620,-73.8947,-63.02,1546.36,46255.4
753212,-72.5925,-62.9342,1546.07,44536.1
6487677,-72.5261,-62.485,1546.06,24001.6
161950,-73.4656,-62.7742,1545.91,64109.5
10136973,-80.6339,-25.6292,1545.08,20765.3
30763,-71.9414,-62.6817,1544.08,88873.2
1791628,-71.9581,-62.7008,1543.87,35343.0
161740,-72.2456,-62.2142,1543.69,64129.4
9993178,-74.0314,-62.6092,1543.56,20863.3
5168343,-73.0114,-63.1433,1542.75,25785.5
730771,-73.505,-63.1383,1541.99,44876.7
897408,-73.6364,-62.6825,1541.4,42579.0
7336729,-80.6464,-24.1264,1540.66,23070.4
11773300,-72.2131,-63.3508,1539.91,19759.1
69893,-71.9328,-62.8267,1539.57,76355.1
7449498,-71.9522,-62.7108,1539.45,22959.7
3045322,-83.2064,-51.3514,1538.57,30314.6
1270816,-72.8028,-62.4742,1538.31,38836.9
1285785,-74.1569,-63.2717,1537.82,38715.3
2144776,-72.2831,-63.2133,1537.69,33584.9
378216,-73.0019,-62.9175,1536.99,52811.3
5593023,-80.7019,-22.6778,1536.69,25157.7
146675,-73.0244,-62.7467,1536.57,65509.4
4144720,-73.9142,-63.31,1535.55,27615.7
7841177,-73.2894,-62.2958,1535.14,22579.2
5437887,-71.9458,-62.665,1534.07,25379.6
10819806,-72.5317,-62.4775,1533.58,20321.9
1280973,-72.2742,-63.2167,1533.34,38754.8
561506,-72.9789,-62.88,1532.68,47958.1
5824927,-73.3597,-63.2608,1531.98,24839.1
5169876,-73.0022,-63.1908,1531.41,25783.0
6024231,-72.6978,-62.605,1531.03,24576.1
706983,-72.8794,-62.9175,1530.97,45257.0
9077465,-72.9628,-63.32,1530.84,21530.5
686671,-73.4556,-62.75,1530.25,45590.8
10653146,-72.6936,-62.5958,1530.1,20428.2
937224,-73.0131,-62.9142,1529.52,42099.0
2180871,-72.2794,-63.0142,1529.26,33425.2
2981105,-73.9164,-63.2133,1528.32,30507.3
2975797,-80.7042,-25.6806,1527.9,30524.0
6886027,-74.0369,-63.4267,1527.89,23548.8
3814659,-71.815,-63.545,1526.81,28324.1
1824260,-73.0864,-62.8917,1526.8,35165.9
440342,-73.5011,-62.9767,1525.77,50912.1
2689409,-72.8314,-63.3825,1525.04,31449.3
5451028,-72.5389,-62.3333,1524.92,25359.5
3254106,-74.0967,-63.0742,1524.14,29718.1
1734299,-74.0439,-62.58,1523.57,35666.0
6993797,-80.6467,-24.157,1523.48,23429.4
891725,-73.6203,-62.5617,1523.07,42650.8
5050479,-72.355,-62.985,1522.92,25975.1
1426083,-73.1478,-62.965,1522.88,37645.7
10089452,-80.6953,-22.9736,1522.7,20799.1
3822200,-74.1325,-62.87,1521.4,28306.1
2525102,-72.8378,-63.2258,1520.74,32035.4
1875737,-72.8308,-62.78,1519.23,34893.1
2014673,-72.33,-62.0375,1518.91,34192.2
1318085,-72.2575,-62.9092,1518.08,38459.4
3714838,-74.1081,-63.2758,1517.38,28554.8
4459951,-80.6892,-25.7417,1516.8,26999.8
4282612,-72.6397,-62.79,1516.5,27339.8
3908819,-73.5178,-63.195,1516.32,28114.1
5029604,-72.9156,-62.4667,1515.23,26006.9
88819,-71.8458,-62.8025,1514.83,72729.5
6120774,-73.9503,-61.7292,1514.82,24454.0
1391343,-72.9886,-62.9042,1514.13,37898.7
8246023,-72.2967,-62.9908,1513.9,22212.2
11487228,-73.1689,-62.7333,1513.89,19919.7
2735853,-72.6819,-62.5225,1513.83,31288.8
11591197,-72.9567,-63.3283,1512.28,19862.1
5974009,-74.0889,-62.785,1511.93,24640.8
3149099,-71.8042,-62.9858,1510.28,30014.7
3224960,-73.6386,-62.6292,1510.16,29799.5
466489,-71.8747,-63.2717,1510.14,50206.4
1850108,-72.2639,-62.8442,1510.04,35027.9
9513967,-80.7089,-22.6681,1509.63,21205.6
11103389,-72.51,-62.9717,1509.37,20148.7
2041010,-73.0631,-62.7308,1508.1,34067.1
35845,-74.4794,-63.0458,1507.85,86573.8
1508604,-73.0606,-62.8017,1507.74,37072.7
4995052,-72.5194,-62.8692,1507.35,26065.7
1105269,-74.1025,-62.7067,1507.11,40311.6
908624,-72.3511,-62.59,1506.79,42441.1
686760,-72.8758,-62.8625,1506.6,45589.4
3763981,-72.7553,-62.3858,1506.39,28438.6
5886583,-73.9706,-63.0333,1505.11,24756.9
4822504,-74.025,-62.6025,1504.56,26352.5
7217114,-80.6311,-24.0861,1502.32,23194.4
8618403,-72.3944,-62.83,1501.85,21897.3
71258,-72.7181,-62.1308,1501.77,76072.6
5373429,-80.6353,-26.3639,1501.68,25472.3
9759389,-73.9522,-61.7717,1501.27,21030.6
3453388,-80.7506,-27.5972,1501.21,29192.5
8407376,-72.5436,-62.6333,1500.72,22074.1
3246656,-72.2228,-62.8325,1500.43,29739.6
1097534,-71.8603,-63.4092,1499.91,40387.4
1852124,-73.9419,-62.7908,1499.79,35017.0
1632480,-72.3714,-62.8117,1499.65,36271.8
1758726,-73.3844,-63.2033,1499.2,35528.2
7150672,-73.9333,-62.8542,1499.16,23263.0
8099763,-72.4967,-62.4875,1498.98,22343.7
3141715,-83.2344,-51.6444,1498.42,30033.8
156589,-73.4392,-62.5533,1498.09,64580.8
590804,-80.7039,-24.8903,1497.76,47352.5
7798037,-72.2367,-62.8725,1497.2,22621.5
1824261,-72.855,-63.0558,1496.98,35165.9
6383080,-73.1011,-63.0042,1496.95,24128.7
10843839,-72.955,-63.13,1496.69,20306.2
272497,-72.9647,-62.2775,1496.5,57059.5
2180468,-72.3342,-62.6183,1496.29,33427.1
1061246,-72.8522,-63.1967,1496.16,40750.2
7815278,-73.3067,-62.2908,1496.09,22604.6
1299790,-73.8867,-63.0983,1495.84,38601.6
8924757,-73.7625,-62.9375,1495.6,21651.5
7232189,-72.6586,-62.8958,1495.25,23177.9
2639756,-72.6028,-63.0342,1495.01,31621.0
1908896,-72.6056,-63.005,1494.32,34721.0
7082799,-72.3164,-62.9833,1494.04,23334.1
8766516,-73.7989,-63.0,1493.94,21774.8
3695364,-72.2942,-63.175,1493.88,28599.4
1001841,-72.8811,-63.0225,1493.5,41372.4
392961,-72.9711,-62.96,1493.32,52333.8
11602132,-72.635,-62.7908,1493.04,19855.6
2335007,-72.5967,-62.865,1492.83,32774.6
10578672,-71.9119,-63.385,1492.06,20478.0
424457,-80.7236,-24.7222,1491.95,51370.5
799346,-74.1217,-62.5567,1491.7,43865.9
190449,-72.2494,-62.3833,1491.34,61876.3
8288053,-72.8264,-63.38,1491.24,22177.7
482126,-72.8925,-62.8567,1490.77,49797.4
5861538,-71.9467,-63.0867,1489.92,24787.8
1836914,-73.8208,-63.0867,1487.83,35097.0
7549876,-73.0517,-62.9783,1487.54,22859.6
1601100,-72.8928,-62.5942,1486.96,36468.0
7720708,-72.2889,-63.0042,1486.34,22694.6
2348698,-74.1244,-63.3617,1486.19,32720.1
2638133,-73.0128,-62.9617,1485.9,31627.0
219810,-73.2756,-62.6892,1485.85,59918.8
4535533,-73.5422,-62.9692,1485.75,26860.2
9643689,-73.0411,-62.9808,1485.58,21112.2
7996029,-80.6428,-28.5597,1485.54,22437.6
2513770,-73.4917,-62.9883,1484.97,32079.1
1343182,-73.1811,-63.1358,1484.5,38265.1
3632413,-72.9872,-63.0375,1483.8,28750.5
1524807,-73.17,-63.1608,1483.48,36964.3
11520884,-72.4192,-62.475,1482.58,19903.7
4681361,-72.3097,-63.1583,1482.06,26595.6
10089451,-80.7017,-25.9542,1482.04,20799.1
7757292,-71.9117,-63.3058,1481.53,22658.0
4869956,-72.2228,-62.8142,1481.42,26272.6
209583,-73.6397,-62.185,1481.35,60566.1
753469,-72.9253,-62.695,1481.05,44531.8
93540,-71.9875,-62.6,1480.43,71956.3
1160276,-72.9069,-62.6792,1480.03,39793.0
377684,-72.9569,-62.3767,1479.53,52829.4
3909857,-74.4864,-63.0367,1478.91,28111.9
9783706,-72.7694,-62.4275,1478.07,21012.4
10502538,-73.4103,-63.325,1478.01,20524.6
509638,-72.9569,-63.0475,1477.81,49122.4
2177914,-80.3769,-25.4875,1477.42,33438.5
10709171,-71.8044,-62.955,1477.27,20390.7
4370036,-72.9197,-62.6925,1477.12,27169.1
6635920,-80.7381,-27.4139,1476.82,23828.5
1277984,-72.9664,-62.23,1476.69,38777.8
6522875,-73.9022,-63.2375,1476.36,23961.8
922246,-73.4964,-62.7642,1476.08,42275.7
1336183,-73.4206,-63.2733,1475.73,38316.7
863297,-72.8628,-63.225,1475.18,43007.8
1162595,-74.0669,-62.5433,1475.06,39770.6
837554,-73.2933,-63.1892,1474.74,43345.7
54935,-72.1717,-62.7283,1474.35,79971.8
3276406,-74.1828,-63.5875,1474.12,29658.1
318558,-73.9992,-62.3925,1473.98,55014.1
2180469,-72.2303,-62.1975,1471.64,33427.1
323840,-73.4264,-62.6183,1471.34,54797.1
10729563,-81.6631,-21.8819,1471.12,20381.3
922986,-72.9258,-62.4067,1470.38,42268.2
1212256,-72.515,-62.1733,1469.87,39330.8
6518522,-73.0603,-62.7625,1469.03,23967.1
1482016,-71.7964,-63.3008,1468.67,37251.0
2563507,-73.3419,-63.2108,1468.1,31895.8
1939741,-80.6736,-23.9347,1467.67,34562.8
3236676,-72.9108,-62.5775,1466.84,29765.3
5099284,-72.3186,-62.925,1466.83,25896.5
7868862,-73.2464,-63.3017,1466.33,22556.6
3332867,-72.7117,-62.3833,1465.84,29505.1
5344193,-83.2225,-51.6875,1465.41,25517.3
4917842,-72.5283,-62.8842,1465.41,26192.5
2804303,-73.0217,-62.7942,1464.79,31062.0
1936006,-72.9436,-63.285,1464.63,34583.1
7897859,-73.28,-62.675,1464.58,22528.3
1978876,-73.4478,-62.7425,1464.58,34366.9
9751252,-73.465,-62.7975,1464.55,21036.6
198575,-72.9792,-61.6608,1464.14,61300.1
932579,-73.825,-62.8942,1463.35,42155.0
2518324,-72.945,-63.1617,1463.28,32061.2
907842,-72.2833,-62.6425,1462.96,42451.6
621622,-72.9517,-62.505,1462.8,46751.3
6259224,-72.2378,-62.2017,1462.6,24278.8
4382115,-72.3842,-62.2825,1461.94,27148.0
5921954,-73.5244,-63.0983,1461.87,24708.0
9430167,-73.4069,-63.2808,1461.74,21265.6
4455082,-72.8939,-62.6717,1460.86,27009.2
10634385,-74.0839,-62.8508,1460.76,20440.6
617053,-80.7161,-22.9958,1460.56,46839.8
3270191,-72.9739,-62.2092,1460.16,29675.2
1684605,-74.1469,-62.6675,1459.42,35956.0
356665,-72.3236,-61.8758,1459.35,53551.7
3607231,-80.5042,-28.1306,1458.57,28810.3
2431912,-73.8164,-62.9567,1458.41,32389.4
2875639,-80.4683,-24.8792,1458.3,30833.5
5999574,-73.1158,-62.6808,1457.55,24609.8
2374129,-73.4894,-62.8017,1457.17,32618.7
1972730,-72.2669,-62.8992,1456.83,34398.4
5718646,-72.9011,-62.585,1456.52,24982.3
10578669,-72.9508,-63.1742,1456.22,20478.0
9212293,-73.0581,-62.9633,1455.69,21426.7
662983,-80.7292,-24.9833,1455.19,45998.5
488004,-72.6706,-62.4692,1455.06,49646.2
4165738,-73.895,-63.0658,1454.81,27574.1
2143544,-72.9733,-62.1758,1454.6,33590.6
7698519,-72.2703,-63.0217,1454.47,22717.0
5916435,-73.6203,-62.705,1454.47,24715.7
708090,-73.2961,-62.4042,1454.15,45240.1
473415,-74.0125,-62.5433,1453.77,50022.0
5109567,-72.7297,-62.3633,1453.21,25879.2
3848856,-73.8178,-63.0058,1453.01,28247.5
4106485,-74.4914,-63.0433,1452.87,27694.0
8464347,-73.4236,-62.6092,1452.85,22027.9
2527671,-73.9958,-63.0942,1451.88,32025.4
9023384,-72.6019,-62.9975,1451.79,21574.9
1864920,-72.5028,-62.1925,1451.3,34949.6
1539891,-80.4639,-22.4611,1451.25,36864.1
3267918,-72.8747,-62.97,1450.99,29681.7
3203019,-71.7886,-63.3283,1450.82,29861.4
1846695,-72.6383,-62.9158,1450.44,35044.3
5968385,-73.1736,-62.6625,1450.43,24648.6
5843234,-73.5108,-62.9542,1449.61,24813.5
10810288,-74.0522,-62.4675,1449.29,20328.1
9696282,-72.7308,-62.4775,1449.03,21072.9
7158218,-72.3078,-63.1433,1448.89,23254.7
1545742,-74.2222,-63.5525,1448.14,36824.4
6531583,-73.1708,-62.6717,1448.07,23951.2
10497997,-73.0794,-62.8908,1448.01,20527.7
7650338,-74.19,-63.5783,1447.98,22761.8
9759361,-80.6689,-23.9236,1446.89,21030.6
2351568,-73.0269,-62.8717,1446.74,32708.5
561376,-72.5542,-62.3283,1446.37,47960.8
4076384,-72.9253,-63.3083,1446.27,27756.1
9680136,-72.9961,-62.9092,1446.04,21085.0
72631,-72.6836,-62.2,1445.98,75790.7
4127432,-73.8978,-62.9958,1445.8,27652.6
3175158,-72.2639,-63.1767,1445.75,29940.3
6437828,-71.7861,-63.4125,1445.73,24060.0
5893950,-72.8514,-63.2783,1445.42,24746.6
5931345,-74.1783,-63.5725,1445.41,24695.1
178987,-73.0678,-62.6033,1444.21,62719.0
259564,-73.4731,-62.5933,1443.83,57703.5
1306948,-80.6992,-24.8028,1443.82,38545.4
1566670,-72.66,-62.42,1443.74,36689.2
3126114,-73.6269,-62.1967,1443.35,30080.4
11839593,-72.5967,-62.8975,1443.34,19720.4
2079079,-72.345,-62.9008,1442.53,33887.1
1427038,-71.7503,-63.0558,1442.33,37638.9
9767457,-74.2042,-63.5858,1442.06,21024.5
600849,-74.2469,-63.2108,1441.84,47154.3
11580405,-74.1972,-63.5908,1441.69,19868.5
3167760,-72.92,-62.4192,1441.29,29959.4
11317741,-73.9336,-62.875,1441.02,20018.6
5032544,-74.1383,-63.3533,1440.55,26002.0
11531540,-73.5944,-62.4633,1440.49,19897.3
839120,-72.1506,-63.075,1440.42,43323.7
11392561,-73.0047,-63.0142,1440.19,19977.2
3091510,-71.795,-63.0692,1439.4,30179.8
876617,-73.2639,-62.7025,1439.36,42840.1
571488,-72.6653,-62.3467,1439.21,47749.1
1210846,-72.3117,-62.8842,1438.65,39343.8
3889743,-72.9567,-62.4117,1438.45,28154.9
387663,-73.3044,-62.6492,1438.43,52502.8
3427734,-72.8972,-62.48,1438.37,29257.9
11712669,-83.0631,-50.3208,1438.03,19794.6
7502734,-73.8503,-63.3442,1437.86,22904.2
368978,-73.7653,-62.5208,1437.77,53125.2
1137300,-73.2003,-62.9,1437.7,40003.8
432874,-73.2586,-63.05,1437.58,51121.9
7969374,-73.4244,-63.35,1437.4,22463.2
3565092,-73.7642,-62.845,1437.11,28911.8
10147461,-72.8439,-62.7408,1437.03,20762.3
109262,-74.3492,-63.4075,1436.39,69710.3
1145082,-73.6467,-62.3258,1436.25,39932.1
5282213,-72.8864,-62.885,1436.18,25612.0
999631,-72.3475,-62.5108,1435.73,41395.5
485939,-74.005,-62.57,1435.16,49698.8
1601909,-73.835,-62.93,1435.07,36462.7
3577402,-73.0833,-62.6533,1434.76,28883.2
9521919,-72.6272,-62.6483,1434.68,21199.5
6803954,-83.1797,-51.1625,1434.1,23640.6
1171774,-73.4628,-62.7008,1433.94,39687.2
961098,-73.4322,-62.6583,1433.72,41825.7
8698153,-71.8022,-63.2917,1433.08,21833.2
1844986,-72.9492,-62.2975,1432.94,35053.4
8711642,-72.3936,-62.555,1432.52,21821.5
2126609,-71.9219,-63.2492,1431.59,33668.3
3017283,-72.3433,-62.6142,1431.56,30398.5
7695738,-71.9808,-62.6175,1431.4,22719.8
658196,-74.3539,-63.3425,1431.11,46084.2
3724916,-72.9847,-62.215,1430.89,28530.3
5695997,-71.8192,-62.8717,1430.71,25010.4
3990444,-74.4972,-63.0317,1430.4,27939.1
4574399,-74.2131,-63.595,1430.28,26788.9
270878,-74.355,-63.19,1429.82,57137.6
4415286,-83.2006,-51.4028,1429.79,27084.6
361337,-73.0025,-62.8458,1429.44,53389.6
2175331,-73.1994,-62.7075,1429.4,33448.1
3511811,-72.9144,-62.6858,1429.24,29043.8
4207677,-73.56,-62.765,1428.91,27488.5
10853619,-82.625,-52.9042,1428.75,20299.9
1651687,-72.1636,-62.6983,1428.74,36153.9
7321131,-72.1972,-63.22,1428.69,23087.0
8467622,-73.0522,-62.8142,1428.48,22025.0
550240,-74.3078,-63.5658,1426.98,48196.7
1264846,-74.205,-63.1933,1426.61,38886.1
2301903,-73.4053,-63.1958,1426.55,32910.4
9070252,-73.4019,-63.2058,1425.91,21536.5
990303,-72.9622,-62.4692,1425.53,41498.4
9988836,-73.5206,-63.0825,1425.33,20866.3
2566634,-74.1103,-62.5625,1425.29,31883.9
3168487,-72.3411,-62.5217,1424.91,29957.3
6334512,-73.49,-62.7825,1424.47,24186.7
936843,-74.1989,-63.2958,1423.83,42103.5
9300987,-73.6028,-62.5592,1423.59,21361.2
6775502,-72.8692,-62.9558,1423.58,23670.2
3126947,-72.6686,-62.4258,1422.73,30078.3
783690,-74.2242,-63.0758,1422.6,44089.0
1615828,-72.6725,-62.36,1422.32,36375.3
725454,-74.2814,-63.5092,1422.07,44960.4
849850,-73.4506,-62.6167,1421.93,43182.3
557515,-71.9461,-63.1883,1421.06,48044.4
9073799,-73.4031,-63.1842,1420.68,21533.5
245291,-73.5036,-62.3692,1419.88,58449.4
1728803,-73.8389,-62.7692,1419.35,35696.3
293946,-72.8372,-62.005,1419.17,56062.6
2216308,-73.8092,-62.7742,1419.1,33270.5
3363306,-73.4878,-62.7342,1419.02,29427.3
10610953,-72.9703,-62.4725,1418.9,20456.2
4263166,-72.9742,-62.4742,1418.5,27379.4
1931183,-71.9175,-63.2183,1417.95,34607.1
3971764,-72.6244,-62.7425,1417.15,27977.8
1278574,-72.2983,-62.0758,1415.82,38772.9
911086,-80.4561,-22.3083,1415.74,42409.6
819349,-74.1192,-62.5025,1415.05,43589.0
678216,-73.4042,-63.0892,1414.58,45735.9
8449831,-73.3058,-63.2567,1414.26,22036.5
342806,-72.2156,-62.4617,1414.01,54060.8
11497689,-72.3331,-62.75,1413.57,19913.3
6371810,-73.4847,-62.8342,1413.39,24139.3
10709169,-74.2258,-63.5575,1413.26,20390.7
939456,-80.6839,-25.0917,1412.68,42074.8
1742499,-73.9622,-62.9867,1412.36,35619.5
1236488,-73.9897,-62.4292,1412.32,39122.9
806330,-72.7761,-62.0733,1411.29,43767.0
272424,-73.0239,-61.49,1411.28,57062.8
6449064,-81.5722,-21.9944,1410.54,24049.4
3853603,-72.3206,-62.6025,1410.42,28236.2
757342,-71.7269,-62.8917,1410.28,44473.1
5615257,-73.5003,-62.83,1410.01,25124.8
7036381,-80.6381,-25.2708,1409.83,23385.9
308388,-72.9756,-62.4042,1409.77,55436.3
8385036,-83.0375,-50.0861,1409.63,22094.3
8540386,-80.7142,-24.7472,1408.82,21961.2
10525365,-74.0736,-62.5292,1408.74,20509.1
1901624,-74.4697,-63.0875,1408.17,34757.7
1091666,-72.9642,-62.995,1407.05,40442.6
407472,-72.9342,-62.6183,1405.48,51880.2
9844933,-73.5892,-62.3908,1405.45,20966.9
367301,-72.4178,-61.9158,1405.08,53182.8
2707638,-72.14,-63.1317,1404.57,31386.4
582108,-73.2292,-62.6417,1404.04,47528.4
936560,-73.9803,-62.8717,1403.47,42106.6
4519116,-72.535,-62.38,1403.43,26888.6
2612028,-72.8933,-62.6992,1402.73,31717.6
135236,-72.6464,-62.3058,1402.55,66664.3
3380844,-82.6003,-52.6278,1402.53,29379.6
9537535,-71.9658,-62.7108,1401.68,21187.5
321148,-73.3742,-62.8333,1401.45,54908.6
4129745,-73.3306,-63.1692,1401.09,27648.0
701378,-72.3933,-62.0642,1400.68,45349.8
3593962,-72.1517,-63.1417,1400.36,28841.2
5336257,-80.3992,-25.2292,1400.18,25529.8
923382,-72.5014,-62.0842,1399.99,42263.6
2496794,-72.88,-63.075,1399.9,32142.6
402760,-74.1439,-62.4992,1399.78,52024.9
3131836,-73.1914,-62.6467,1399.34,30063.4
8193288,-73.4889,-62.7167,1399.19,22260.9
10106675,-74.285,-63.5175,1398.93,20786.8
5432969,-80.3881,-25.1861,1398.6,25387.1
10525366,-73.505,-62.8308,1397.08,20509.1
2421829,-71.8669,-63.345,1397.08,32430.7
7874657,-80.6586,-25.0167,1396.54,22550.9
4823878,-72.2028,-63.215,1396.24,26350.1
4254699,-73.6222,-62.3825,1396.18,27393.3
1136546,-72.5606,-62.7642,1396.04,40011.8
1339180,-72.6889,-62.2175,1395.39,38295.0
1063152,-72.3994,-61.995,1395.02,40729.8
619416,-72.5578,-62.3992,1394.22,46794.9
20716,-73.7267,-61.4583,1393.41,95166.8
7734712,-72.6494,-62.3183,1393.36,22680.5
4692097,-72.8903,-62.4692,1393.34,26578.8
5040123,-80.7319,-23.5625,1393.32,25992.2
864735,-72.2633,-62.6333,1393.29,42990.0
3663497,-73.2978,-62.6692,1393.21,28675.1
8988913,-72.8825,-62.8792,1393.03,21598.5
573252,-74.53,-62.8558,1392.8,47711.7
8845235,-83.2822,-49.9819,1392.63,21713.2
685485,-72.8689,-61.86,1392.61,45611.8
3224961,-72.8058,-62.1883,1392.34,29799.5
3958870,-72.2967,-62.9075,1391.98,28007.4
5678350,-73.9892,-62.4567,1391.92,25035.8
206134,-72.2031,-62.505,1391.91,60796.0
4013067,-73.7767,-62.8325,1391.61,27888.9
7416499,-74.1794,-63.0517,1391.53,22990.2
91479,-73.4603,-62.3775,1390.88,72290.2
397160,-71.7544,-62.7117,1390.12,52203.4
9988837,-72.3264,-61.905,1389.84,20866.3
5060709,-72.6453,-62.3892,1389.65,25957.9
8601860,-73.2558,-63.1933,1389.53,21911.9
2687120,-73.9725,-62.88,1389.36,31457.4
1439429,-72.7381,-62.0825,1389.14,37549.1
1425616,-80.7133,-22.8722,1388.86,37649.1
2339217,-72.8461,-62.0017,1388.55,32757.1
6031787,-73.5819,-62.4592,1388.41,24565.7
936562,-72.0361,-63.0958,1388.15,42106.6
175626,-73.0381,-62.1883,1387.97,62989.6
4155613,-73.4889,-62.6817,1387.5,27592.6
999517,-73.2103,-62.9017,1387.42,41397.0
1452915,-72.3025,-62.535,1387.18,37455.7
9759391,-73.2997,-62.3558,1387.03,21030.6
1161123,-71.7786,-62.6258,1386.84,39785.0
632691,-72.8311,-61.8417,1384.77,46546.4
4871350,-72.3111,-62.115,1384.72,26270.2
2891755,-73.3997,-63.0917,1384.35,30783.8
163947,-80.4453,-28.3389,1384.31,63935.3
1290435,-72.4408,-62.2342,1384.04,38675.8
5747084,-72.8564,-63.2858,1383.69,24941.5
1837521,-72.9497,-62.2217,1383.45,35093.3
4237896,-74.2908,-63.5175,1382.96,27428.2
1149768,-73.4728,-62.6708,1382.85,39889.0
715138,-73.3122,-62.9892,1382.76,45125.9
9759390,-73.3164,-62.9617,1382.6,21030.6
8145821,-73.4478,-62.7225,1382.39,22300.9
5727571,-80.53,-28.4625,1382.36,24969.6
9182774,-72.2667,-62.6167,1382.3,21450.5
3389035,-71.9675,-62.5925,1381.82,29360.1
9904971,-73.4914,-62.6892,1380.49,20927.3
4240083,-83.1214,-49.0819,1379.89,27423.5
11078499,-73.6489,-62.3467,1379.73,20164.5
7481285,-72.3208,-61.9983,1379.71,22926.4
324366,-81.5236,-28.7333,1379.64,54777.3
3595698,-72.4092,-61.9508,1379.29,28836.8
9095912,-72.9033,-62.8542,1378.45,21515.7
2769894,-72.7144,-62.3,1378.42,31174.6
5539848,-74.1711,-62.9275,1377.89,25233.6
7222231,-73.2844,-62.6283,1377.47,23188.9
7428086,-80.7106,-28.4403,1376.77,22981.9
8655483,-73.9536,-62.8567,1376.66,21865.3
1125917,-73.8181,-62.6933,1376.66,40112.0
7363975,-71.8781,-63.1467,1376.65,23045.6
3647221,-72.8592,-61.8517,1376.63,28712.8
2150883,-73.1878,-62.5875,1376.33,33558.4
2867266,-72.8436,-62.0417,1376.28,30858.2
671236,-72.4367,-62.1608,1375.89,45855.6
8175204,-72.8364,-61.8567,1375.61,22278.1
344618,-71.7078,-62.4558,1375.23,53996.0
2021655,-74.2828,-63.5975,1374.98,34158.6
111597,-73.6856,-61.9883,1374.6,69408.1
7462664,-73.84,-62.8008,1374.58,22945.8
2465382,-71.8642,-63.2358,1374.36,32263.3
9767458,-73.8203,-62.7625,1373.41,21024.5
1071657,-73.4975,-62.5942,1372.88,40642.1
8906949,-74.53,-62.8758,1372.61,21666.2
1220966,-73.0047,-62.2158,1372.38,39257.9
4099024,-80.7422,-25.6014,1371.88,27710.1
7972365,-73.8292,-62.7525,1371.58,22460.4
1207206,-72.8717,-61.9283,1371.56,39374.5
4814513,-73.0014,-62.19,1371.54,26367.0
5623790,-72.0347,-63.26,1371.25,25112.1
984055,-73.2489,-62.6658,1371.22,41567.5
1047013,-73.5269,-62.5183,1370.94,40898.4
1632746,-73.0628,-62.5692,1370.37,36270.0
1294344,-72.0344,-63.1717,1370.17,38644.5
3495011,-72.8586,-62.1117,1370.14,29087.6
2812843,-73.8994,-62.9458,1370.07,31035.3
983783,-73.3575,-62.9633,1369.68,41570.5
10479678,-72.1636,-62.7492,1369.54,20540.1
144144,-72.5814,-62.1775,1368.96,65755.9
3511810,-74.2972,-63.485,1368.46,29043.8
5016681,-74.3564,-63.3242,1368.19,26029.0
2748618,-72.9517,-62.3342,1368.18,31246.0
1567933,-72.0228,-63.0367,1366.65,36680.5
9383800,-71.9861,-62.6375,1366.25,21301.5
378568,-74.4906,-63.1342,1366.24,52800.4
3582687,-73.5189,-62.6308,1366.14,28869.9
3451785,-73.8314,-63.0108,1366.04,29196.9
1214928,-73.8431,-62.7492,1365.56,39309.8
3332866,-73.4414,-62.6108,1365.47,29505.1
3435138,-72.6542,-62.4842,1365.44,29238.3
1784348,-72.9972,-62.3517,1365.09,35382.6
4615253,-73.0125,-62.7442,1364.74,26715.1
4367721,-83.14,-48.9472,1363.89,27173.8
10151810,-74.0008,-63.0942,1363.42,20759.2
3647222,-72.5456,-62.3892,1363.08,28712.8
2603969,-80.6908,-24.625,1362.72,31747.7
1150109,-74.4614,-63.0208,1362.17,39885.8
3177305,-73.9678,-62.9258,1361.33,29933.9
7041228,-72.2378,-62.4042,1361.22,23380.4
3324414,-73.4161,-63.1892,1361.01,29528.9
614163,-73.0617,-62.5283,1360.89,46892.8
1315425,-73.335,-63.0192,1360.76,38479.3
11261511,-78.8569,-24.32,1360.54,20053.6
7874674,-74.5192,-62.8983,1359.53,22550.9
3573924,-72.9911,-62.1867,1358.84,28892.0
4333267,-71.7928,-62.6467,1358.73,27239.4
525099,-73.0133,-62.1442,1358.58,48759.2
6332480,-80.7206,-22.8639,1358.19,24189.4
230224,-73.3372,-62.2958,1358.09,59294.6
11078498,-74.1886,-63.525,1357.21,20164.5
7600680,-80.4603,-22.4139,1357.02,22812.2
72250,-72.7444,-61.5917,1356.89,75864.6
192998,-72.5497,-62.205,1356.69,61693.8
6928597,-73.6206,-62.2083,1356.42,23500.0
1745214,-80.4414,-21.8917,1355.93,35603.4
302646,-71.77,-62.36,1355.5,55680.6
4028298,-71.9564,-63.0617,1355.06,27859.2
1819806,-74.0278,-62.5342,1354.89,35191.2
2960438,-72.3025,-62.5692,1354.85,30569.9
1378075,-74.3431,-63.3158,1354.7,37997.8
8423578,-73.6739,-62.445,1354.62,22059.6
165486,-73.2011,-62.4133,1354.22,63802.7
2269411,-72.4031,-62.0517,1353.57,33043.7
10853621,-80.4572,-27.9097,1353.32,20299.9
6483379,-73.6367,-62.24,1353.0,24007.0
9372087,-73.9439,-61.8017,1352.92,21310.5
7748725,-78.9494,-25.5892,1352.83,22666.5
2768199,-73.5264,-62.5817,1352.37,31180.7
622968,-74.1931,-62.6258,1352.31,46724.1
224938,-82.6317,-53.1722,1351.75,59603.3
1428910,-74.2111,-62.9075,1351.42,37625.4
3043267,-73.3231,-63.0833,1351.27,30320.9
3916017,-72.1931,-63.1517,1350.75,28098.3
3105056,-74.2133,-63.0467,1349.44,30141.8
2273570,-71.7747,-62.7033,1349.32,33028.3
1621214,-72.3489,-61.9242,1349.29,36340.2
7600697,-72.9442,-62.6083,1349.19,22812.2
3037766,-72.9647,-62.5292,1348.83,30337.7
936561,-73.0536,-62.515,1348.71,42106.6
8945899,-72.9858,-62.375,1348.48,21633.9
5291687,-72.8847,-61.9475,1346.6,25597.0
8752807,-73.3631,-62.9608,1346.55,21786.5
1689778,-72.7336,-62.025,1345.91,35924.1
912166,-73.5119,-62.3367,1345.61,42397.6
2406531,-73.3703,-63.0575,1345.32,32491.5
420971,-71.9883,-62.5175,1345.16,51472.1
2790412,-74.3461,-63.3583,1344.73,31107.1
1233435,-74.5072,-62.9517,1344.48,39150.6
3728557,-73.7267,-62.6733,1344.27,28521.4
8701545,-73.9636,-62.935,1344.0,21830.3
936314,-80.7519,-29.4889,1343.82,42109.6
2289633,-73.7489,-62.6417,1343.74,32960.7
5539849,-73.8011,-62.7425,1343.69,25233.6
669282,-74.4111,-63.3183,1343.21,45888.9
181077,-72.1594,-62.0975,1342.85,62562.4
378733,-73.9314,-62.6925,1342.72,52795.6
5581913,-72.5033,-62.3542,1342.26,25170.4
998605,-74.105,-62.4008,1342.16,41407.8
3221298,-73.005,-62.1458,1341.29,29810.2
10016136,-80.7403,-28.0069,1341.13,20851.1
3089412,-72.6317,-62.3733,1340.6,30186.1
1411857,-71.9736,-62.5475,1340.43,37748.8
7038855,-72.6975,-62.2383,1340.14,23383.2
4783196,-74.2478,-63.12,1339.9,26420.1
1112437,-74.2022,-62.5825,1339.66,40243.6
2593560,-72.9839,-62.1042,1339.48,31783.8
5892156,-72.0297,-63.06,1339.4,24749.2
8323036,-73.2231,-62.6867,1339.31,22146.1
2468808,-73.3683,-62.9775,1339.26,32249.4
828965,-80.7289,-29.6764,1338.95,43460.2
1502029,-72.9036,-62.8217,1338.85,37117.3
1117813,-74.0394,-62.3892,1338.58,40191.3
1006455,-73.9042,-62.9042,1337.11,41323.1
5337894,-72.9228,-62.7267,1337.07,25527.3
845609,-72.2631,-62.0925,1336.83,43238.3
2230824,-80.3617,-25.1181,1335.85,33207.2
1608352,-72.0267,-62.98,1335.05,36422.5
7005803,-74.1581,-62.6733,1334.72,23415.8
5648895,-71.8011,-62.6242,1334.69,25079.1
2390375,-74.2089,-62.5142,1333.98,32554.2
2544826,-73.3036,-63.0067,1332.93,31961.7
190642,-72.6044,-62.035,1332.87,61860.9
1531794,-74.2675,-62.99,1332.78,36917.7
2881385,-73.0244,-62.6525,1332.61,30814.9
350880,-74.5319,-63.0475,1332.6,53764.2
6938089,-73.205,-62.7083,1332.49,23489.2
750456,-74.1378,-62.2933,1332.14,44577.6
411381,-74.4967,-62.7775,1332.04,51759.7
550184,-73.4517,-62.2633,1331.62,48198.0
479265,-73.6606,-62.1158,1331.27,49871.5
422640,-72.8011,-61.9758,1331.18,51423.8
3260938,-72.0467,-63.0758,1331.0,29698.8
293164,-74.2264,-62.3608,1330.67,56095.5
6869740,-73.955,-62.8408,1330.0,23567.7
732814,-74.515,-63.055,1329.34,44845.5
431806,-72.5961,-62.0842,1329.33,51153.0
5217969,-74.2247,-62.9025,1328.9,25708.8
1349354,-72.2561,-62.1467,1328.32,38215.1
11823055,-73.4947,-62.6175,1328.31,19730.1
1250678,-74.3583,-63.1333,1328.27,39003.9
589770,-82.5628,-51.7014,1328.22,47374.0
1383420,-73.4606,-62.64,1327.95,37957.5
3408328,-82.5708,-51.6847,1327.87,29308.0
692477,-72.5094,-62.0383,1327.49,45497.1
934869,-71.7022,-62.4092,1327.48,42127.7
8338879,-73.53,-62.4892,1327.34,22131.7
462894,-83.2261,-55.0167,1327.31,50304.0
1986741,-73.3761,-62.99,1327.16,34329.8
11073498,-74.3469,-63.2825,1326.86,20167.6
11542127,-72.7261,-62.02,1326.76,19890.9
352303,-74.5072,-63.1667,1326.31,53714.4
4985928,-82.5856,-52.0111,1326.03,26077.9
2904318,-74.0592,-62.43,1325.77,30742.4
1614030,-72.2319,-62.4583,1325.05,36387.5
2542295,-73.7442,-62.5717,1324.73,31971.7
8527117,-72.2106,-62.4317,1324.63,21972.8
11058756,-72.7964,-61.965,1324.17,20177.1
2630311,-74.0253,-62.3875,1324.01,31655.2
623315,-73.4472,-62.32,1323.96,46718.6
4897943,-74.3375,-63.3117,1323.94,26224.1
698894,-74.26,-63.1525,1323.72,45390.5
10928070,-73.9778,-62.8367,1323.68,20255.9
1176823,-80.53,-28.6278,1323.39,39642.2
233707,-72.7856,-61.6333,1322.46,59093.4
1889701,-74.255,-63.0042,1322.43,34820.0
617409,-73.0922,-62.6033,1322.24,46831.6
3634171,-71.8661,-63.1992,1322.08,28746.1
1576846,-71.7008,-62.6467,1321.6,36621.4
5460982,-74.1753,-62.8783,1320.66,25344.4
8732095,-80.67,-29.0945,1320.08,21804.0
6958066,-72.9992,-62.1283,1319.9,23470.2
1105270,-73.4014,-62.9825,1319.55,40311.6
1849790,-72.8433,-61.8892,1319.55,35029.7
296514,-71.8158,-62.4617,1319.2,55948.8
1293763,-74.3906,-63.2333,1318.92,38649.4
1293175,-74.3656,-63.2,1318.8,38654.4
5692467,-72.8353,-62.1983,1318.24,25015.5
499403,-73.9381,-62.7208,1318.06,49365.6
3246655,-72.2339,-62.2883,1317.85,29739.6
1060273,-80.5856,-28.9486,1317.81,40761.1
1069540,-81.5125,-28.2361,1317.66,40664.1
8642078,-71.7289,-62.8417,1317.55,21876.9
3088072,-74.2397,-63.025,1317.25,30190.3
8224320,-72.9908,-62.115,1316.71,22232.3
6861845,-72.9936,-62.3708,1316.43,23573.1
3378407,-73.0408,-62.6758,1316.37,29386.1
4266616,-73.2753,-63.1133,1316.36,27372.4
442546,-74.2811,-63.1508,1315.48,50850.7
878255,-72.2894,-61.94,1315.3,42819.3
511827,-72.0094,-62.5183,1314.49,49069.2
3753808,-74.3892,-63.2033,1314.34,28463.2
2882605,-72.1681,-62.0933,1314.15,30810.7
1370805,-73.4975,-62.4592,1313.93,38053.0
1109610,-80.7144,-23.2167,1313.31,40270.5
218694,-74.4131,-63.4042,1313.25,59989.0
10342552,-73.2869,-62.3883,1313.17,20629.9
1385444,-74.1136,-62.2458,1312.97,37942.4
1140681,-72.1092,-63.0225,1311.79,39973.5
5518520,-74.2322,-62.3783,1311.72,25261.3
5153136,-72.9083,-62.8575,1311.63,25810.2
1042524,-71.7375,-62.5325,1310.91,40945.1
968763,-73.7181,-62.3133,1310.72,41740.3
6378882,-74.4064,-63.3083,1310.16,24134.0
11734543,-73.4494,-62.2733,1310.06,19781.7
5403225,-74.2467,-63.0075,1309.59,25429.7
9900802,-74.2669,-63.5825,1309.26,20930.4
7398035,-81.485,-23.275,1309.2,23009.6
878857,-74.3786,-63.1217,1308.84,42813.3
1740350,-74.4919,-62.9275,1308.8,35632.0
758932,-82.5342,-51.1806,1308.61,44450.2
7361326,-72.4311,-61.8825,1308.29,23048.3
9145743,-73.9611,-62.885,1307.84,21480.2
6930926,-72.8064,-62.1367,1307.66,23497.3
7467973,-80.6275,-29.1278,1307.26,22940.3
1187882,-72.4406,-61.8258,1306.9,39544.1
5365403,-73.3317,-63.0458,1306.23,25484.8
1795793,-73.3808,-62.8742,1306.16,35319.5
2135792,-72.9717,-61.5492,1306.0,33624.7
6564987,-72.0208,-62.9958,1305.96,23911.2
803283,-73.9419,-61.8567,1305.74,43810.6
519587,-73.6528,-61.9583,1304.96,48885.8
8115124,-72.3636,-61.9208,1303.66,22329.5
4883730,-74.5028,-62.9658,1303.45,26248.3
3395492,-72.1867,-62.48,1302.97,29342.7
1098659,-72.9358,-61.8467,1302.53,40376.3
879310,-74.3847,-63.4825,1302.51,42807.3
6194457,-72.9731,-62.2883,1301.73,24360.0
107789,-73.1006,-61.2967,1301.54,69909.3
920591,-73.1072,-62.5358,1301.32,42296.8
246050,-80.31,-24.9819,1300.76,58410.2
5598121,-72.8881,-63.0833,1299.97,25150.1
4838871,-82.5236,-51.1597,1299.94,26323.5
163035,-72.7503,-61.48,1299.71,64016.0
3561605,-73.4881,-62.4475,1299.58,28920.7
2145150,-74.5078,-62.7783,1298.48,33583.0
4200049,-80.7117,-23.9597,1298.28,27504.7
10213200,-80.7358,-26.0194,1298.23,20716.2
476072,-72.2247,-61.9792,1297.75,49954.5
11205288,-80.7322,-25.7986,1297.54,20088.5
6801651,-74.23,-62.8742,1297.45,23643.3
10041892,-74.5344,-62.8917,1296.53,20832.7
752839,-80.5553,-28.9875,1296.13,44541.8
5263010,-73.9081,-62.9467,1295.89,25639.3
9712426,-74.2717,-62.9825,1295.27,21060.8
6378867,-80.3683,-25.1097,1295.13,24134.0
5622029,-80.7011,-23.9611,1295.11,25114.6
421132,-73.0222,-61.725,1295.04,51467.2
3183857,-72.5683,-62.4058,1294.37,29914.7
9684125,-80.6817,-23.9625,1294.31,21082.0
1083139,-72.7642,-61.4717,1293.79,40529.1
281152,-73.0192,-62.0375,1293.77,56650.5
6208480,-71.7172,-62.5267,1293.73,24341.7
365080,-73.2436,-62.405,1293.39,53258.2
7826656,-72.2253,-62.4692,1292.64,22593.3
3724915,-73.3647,-62.9242,1292.29,28530.3
3995619,-73.7597,-62.6275,1292.02,27927.7
405168,-74.2497,-62.6492,1291.71,51950.1
6775504,-72.4933,-62.1167,1291.54,23670.2
11328105,-73.2417,-62.585,1291.4,20012.3
408236,-71.8258,-62.5358,1291.34,51855.6
5685354,-74.2108,-62.9617,1290.52,25025.7
153042,-73.6758,-61.485,1290.48,64901.6
2004001,-71.7942,-62.855,1290.45,34246.2
4092749,-74.1472,-62.2267,1290.42,27723.9
868112,-73.1231,-61.2808,1289.66,42948.5
7956450,-73.6536,-61.9433,1289.41,22471.7
1616361,-74.3047,-63.4042,1289.12,36371.8
1752518,-73.3561,-62.865,1287.35,35562.2
4455072,-80.7517,-29.625,1285.9,27009.2
3387424,-73.3839,-62.9808,1285.52,29364.4
613982,-71.83,-62.8408,1285.37,46896.9
1503721,-72.9175,-61.8108,1285.27,37105.3
6872078,-74.5125,-62.7667,1284.94,23565.0
9027042,-80.5339,-28.6694,1283.75,21571.9
7850428,-73.1258,-62.62,1283.55,22570.7
5247698,-72.7722,-61.6792,1283.49,25664.2
3158315,-74.2569,-62.9725,1283.47,29987.1
1462232,-73.2297,-62.3758,1282.48,37392.7
462361,-71.7742,-62.3025,1281.96,50319.2
5102359,-72.9539,-61.655,1281.85,25891.5
5238583,-73.3069,-63.0508,1281.64,25679.1
4665696,-83.2231,-54.9472,1280.99,26624.3
9293341,-72.8481,-61.8883,1280.44,21367.2
4539182,-80.7267,-24.1111,1280.36,26853.1
7092750,-80.4472,-21.9514,1279.72,23323.1
8148953,-73.2447,-62.5758,1279.66,22298.1
836582,-74.225,-62.4242,1279.47,43357.5
1808771,-72.0067,-62.4792,1279.24,35250.9
8899804,-80.7225,-24.3333,1278.9,21672.1
5046153,-74.2544,-63.0875,1278.88,25982.4
5897648,-73.7511,-62.5567,1278.41,24741.5
6367634,-71.9406,-63.1442,1278.37,24144.6
7594066,-72.5583,-62.64,1278.36,22815.0
456759,-72.0247,-62.4658,1278.11,50467.1
8816682,-82.5928,-52.6778,1277.99,21736.7
3895197,-80.7128,-23.7847,1277.84,28145.8
1713994,-72.9497,-61.4667,1277.59,35783.7
4649007,-74.2147,-63.2925,1277.5,26655.4
7678137,-80.7081,-23.7625,1276.75,22733.8
6743294,-74.1797,-62.8558,1276.24,23707.9
1143022,-74.0322,-62.2475,1276.23,39952.8
737870,-72.1878,-62.0133,1276.18,44767.3
1664368,-72.9008,-61.8825,1275.94,36076.3
1387832,-74.3686,-63.4792,1275.15,37923.9
1827848,-74.3917,-63.1508,1274.46,35145.9
3641138,-72.2781,-62.3617,1274.42,28728.4
3698015,-71.725,-62.5675,1274.31,28592.8
6159865,-73.0328,-61.5308,1273.6,24401.8
10781576,-73.0169,-62.0642,1273.47,20346.9
3420591,-74.3967,-63.31,1273.13,29277.5
1415867,-80.375,-25.65,1272.4,37718.4
9751255,-71.7003,-62.62,1272.13,21036.6
384121,-80.3378,-25.0083,1272.05,52619.1
131917,-72.0372,-62.3617,1272.04,67015.1
2269410,-73.2533,-62.4183,1271.94,33043.7
783691,-72.2378,-61.8483,1271.7,44089.0
411800,-73.5931,-62.2233,1271.43,51746.2
407940,-72.1475,-61.7608,1271.25,51865.5
9584994,-80.4167,-25.5403,1271.24,21151.4
3268642,-74.3306,-63.5308,1270.34,29679.5
745052,-72.8453,-61.6825,1269.79,44657.5
6046839,-74.2297,-62.455,1269.65,24545.0
661302,-72.1817,-62.2833,1269.51,46027.5
1064210,-80.7294,-30.0069,1269.25,40720.4
6810851,-74.0244,-62.3458,1268.98,23632.5
842922,-72.2144,-62.035,1267.92,43273.6
1473052,-72.0311,-62.9225,1267.87,37314.2
2150467,-72.9239,-61.6667,1267.67,33560.3
3811720,-80.4939,-28.3528,1267.36,28330.8
3899078,-73.4964,-62.4883,1266.01,28136.8
3641133,-80.6361,-29.3792,1265.27,28728.4
3916009,-80.6567,-29.3833,1265.17,28098.3
1745219,-71.7844,-62.305,1264.65,35603.4
1661816,-72.1947,-62.295,1264.61,36092.2
7255301,-72.2022,-62.5375,1264.55,23153.1
828738,-72.2853,-61.6317,1263.4,43463.1
1529978,-71.7556,-62.4117,1263.18,36928.0
5141148,-72.8919,-62.9425,1263.06,25830.0
6838492,-73.3728,-62.8767,1262.84,23600.1
1097026,-73.1864,-62.42,1262.78,40390.5
7082796,-73.9506,-62.7692,1262.35,23334.1
5127409,-73.1892,-62.4133,1261.76,25849.7
906866,-73.9906,-62.2533,1261.19,42462.2
8615099,-73.35,-62.905,1260.58,21900.2
372885,-73.0689,-62.4483,1260.3,52989.5
5357120,-72.5706,-62.3242,1259.83,25497.3
11078497,-74.3872,-63.1742,1259.79,20164.5
609623,-73.6531,-61.4917,1258.65,46981.1
6967541,-74.3861,-63.2867,1258.58,23459.3
6184473,-80.5058,-28.3528,1258.14,24373.1
2455745,-74.265,-63.085,1257.82,32298.8
6618266,-72.2108,-61.9658,1257.58,23849.9
2795931,-72.7156,-61.9992,1256.18,31090.7
6806325,-73.6233,-62.1275,1255.84,23637.9
1394519,-80.4333,-21.9319,1255.67,37873.5
538443,-72.1947,-61.845,1255.61,48455.1
1122562,-73.3192,-62.1608,1255.27,40145.3
7232188,-74.1261,-62.265,1255.08,23177.9
660486,-72.9947,-61.7692,1254.5,46044.1
6294186,-73.6886,-62.3142,1253.88,24234.1
1012516,-72.2242,-61.9025,1253.37,41256.7
415493,-73.9561,-62.1317,1253.04,51635.2
81899,-73.1136,-62.3667,1252.08,73938.8
2791590,-72.9508,-61.8633,1251.98,31103.0
4699856,-74.2447,-62.6792,1251.91,26564.4
1876050,-74.3189,-63.48,1251.8,34891.2
11093446,-73.9931,-62.4858,1251.27,20155.0
1695927,-80.7178,-29.775,1250.73,35888.6
2590899,-72.8561,-61.6625,1250.52,31793.8
754780,-72.1881,-61.7008,1250.07,44511.8
10986789,-72.8936,-63.0317,1250.0,20218.1
917658,-72.1756,-62.69,1248.96,42331.4
6914311,-80.7203,-29.45,1248.82,23516.3
1002842,-73.6022,-62.1825,1248.51,41361.6
2561251,-74.2714,-63.1642,1247.96,31901.8
1867672,-72.8886,-61.5617,1247.14,34935.0
3092917,-73.9808,-62.2433,1247.03,30175.6
4549149,-80.6111,-29.0097,1246.06,26834.1
2958485,-72.0544,-62.98,1246.05,30576.2
7046032,-73.5186,-62.36,1245.59,23375.0
455551,-80.6544,-30.0514,1245.4,50499.9
1073662,-73.1408,-62.5408,1245.36,40623.3
4983161,-73.9883,-62.2167,1244.93,26082.8
2443753,-74.0272,-62.2967,1244.55,32344.1
5297902,-74.3797,-63.47,1244.37,25587.1
1138657,-79.0825,-27.2275,1244.03,39992.7
3223491,-72.7275,-61.6033,1243.58,29803.8
5634057,-71.8144,-63.0508,1243.19,25096.8
816623,-73.2628,-62.2242,1242.75,43625.6
1697347,-73.4772,-62.4467,1241.28,35879.7
1360564,-73.4786,-62.37,1241.14,38130.0
10054769,-72.2533,-62.0892,1240.77,20823.5
978812,-72.7792,-61.9208,1240.39,41625.7
11445084,-72.2475,-61.8825,1239.83,19945.3
476423,-72.6164,-61.9975,1238.95,49944.3
2142716,-72.2319,-61.72,1238.54,33594.4
9145741,-74.2078,-62.4667,1238.01,21480.2
1689779,-72.2117,-62.3308,1237.95,35924.1
2816504,-73.2492,-62.805,1237.84,31023.0
7577498,-80.4403,-25.7847,1237.36,22831.7
2688842,-72.7411,-61.6708,1236.42,31451.3
5113951,-73.5167,-62.4842,1236.21,25871.8
3282727,-73.2158,-62.34,1235.95,29640.9
5373441,-73.035,-61.72,1235.69,25472.3
861672,-72.0453,-62.915,1235.35,43030.0
6101837,-73.2344,-62.7933,1235.17,24474.8
367765,-72.8392,-61.5733,1235.08,53167.2
2159017,-73.9814,-62.7958,1234.85,33520.4
3701605,-80.6686,-30.0375,1234.4,28583.8
4192395,-72.7244,-61.5692,1233.74,27520.9
829550,-80.5356,-29.2625,1233.42,43451.4
5697812,-73.9528,-62.76,1232.98,25007.8
5442859,-73.6928,-62.285,1232.89,25372.0
5769642,-72.0386,-62.9783,1232.63,24913.4
7428109,-72.5233,-62.0125,1232.61,22981.9
980756,-72.0208,-62.3408,1232.37,41604.2
364871,-73.9942,-61.8892,1232.07,53265.4
2169044,-73.3272,-62.4142,1232.02,33476.6
114488,-73.2806,-62.0958,1231.45,69036.2
4467034,-73.3142,-62.3992,1231.39,26985.6
9320191,-73.3231,-62.1408,1231.3,21346.3
9201379,-73.3867,-62.9433,1230.05,21435.6
1141844,-72.1789,-61.8092,1229.88,39962.4
10447958,-74.0961,-62.2983,1229.0,20561.8
800578,-72.7806,-61.4525,1228.84,43848.4
1877459,-73.6175,-62.0742,1227.7,34883.9
1511307,-72.1672,-62.0492,1227.29,37053.8
10466060,-72.9897,-62.4267,1226.86,20549.4
9293309,-82.5589,-51.7667,1226.8,21367.2
1898195,-74.2758,-63.075,1226.51,34776.0
1331352,-72.155,-63.0033,1225.56,38354.9
5007878,-73.3272,-62.3317,1225.39,26043.7
568673,-72.1633,-61.5617,1225.15,47807.8
496152,-72.3767,-61.7967,1224.87,49444.3
10805575,-71.8153,-62.6542,1224.61,20331.3
1424272,-73.8464,-62.65,1224.54,37657.5
8721857,-73.6617,-62.1375,1224.33,21812.8
4225377,-81.5378,-28.5736,1224.2,27451.4
999909,-73.1964,-62.3233,1223.4,41392.4
4626898,-72.435,-61.7708,1223.37,26693.6
2882604,-73.5811,-62.2125,1223.06,30810.7
1261121,-80.6689,-29.8681,1222.99,38918.8
2138680,-72.7794,-61.4267,1222.48,33613.4
2438370,-73.1375,-61.3058,1221.51,32365.8
1325289,-80.4197,-25.6306,1221.33,38403.0
8896367,-81.5775,-28.407,1220.27,21675.1
1126061,-80.6739,-29.9722,1220.18,40110.4
1161917,-72.0606,-62.9183,1220.17,39777.0
9647696,-73.6931,-62.0108,1220.01,21109.2
1574545,-80.6947,-29.8056,1219.81,36637.0
1893444,-74.1028,-62.1467,1219.45,34801.7
9676102,-74.1006,-62.1525,1219.24,21088.1
5837721,-73.2214,-62.35,1219.07,24821.2
3347122,-80.4164,-23.2597,1218.81,29468.4
691714,-73.0378,-62.0225,1217.91,45508.3
6591926,-73.9822,-62.815,1217.75,23881.9
4412875,-82.8364,-48.468,1217.72,27089.3
2876897,-80.7317,-29.7875,1217.43,30829.3
2295811,-72.9686,-61.7608,1217.05,32933.6
6376802,-81.4672,-26.4,1216.99,24136.6
3000579,-72.4492,-62.0975,1216.69,30448.8
2117429,-71.8625,-62.7075,1216.51,33709.9
284847,-74.0431,-62.0558,1216.46,56478.1
229564,-82.8333,-53.5222,1216.05,59330.1
11011465,-80.6625,-30.0472,1215.84,20202.4
9980376,-72.985,-62.7667,1215.43,20872.4
2894799,-73.3189,-62.2075,1215.14,30773.5
10156171,-74.3672,-63.41,1214.62,20756.1
564189,-80.4286,-27.9597,1214.36,47902.3
6035501,-72.2017,-61.7983,1213.48,24560.5
9034254,-74.3794,-63.1533,1213.04,21566.0
1778458,-74.3419,-63.5108,1213.0,35416.8
2479218,-72.7875,-61.9158,1212.8,32207.9
3615031,-73.2281,-62.3158,1211.45,28790.4
2220150,-74.2836,-63.0717,1211.18,33253.2
3368981,-74.3983,-63.1833,1210.89,29412.1
8175169,-80.5722,-28.9972,1210.67,22278.1
3550562,-72.7578,-61.7042,1210.42,28949.3
7318552,-72.5847,-62.0875,1209.83,23089.8
713421,-72.8203,-61.6842,1209.32,45154.1
4930369,-73.6628,-62.1633,1208.95,26170.6
387958,-80.4586,-29.1736,1208.81,52493.1
424102,-80.3442,-25.6806,1208.72,51380.4
757253,-72.1753,-61.6342,1208.54,44474.6
2687115,-83.2186,-54.8069,1207.41,31457.4
10007689,-73.5761,-62.2225,1207.38,20857.2
2669430,-71.8456,-62.8558,1207.2,31518.1
11707314,-74.4817,-62.9167,1206.86,19797.8
3750972,-80.5811,-29.075,1206.66,28469.9
7715025,-72.9008,-61.9683,1206.16,22700.2
3141716,-83.2167,-54.8722,1206.14,30033.8
6813216,-74.5303,-63.02,1206.14,23629.8
4284975,-74.2633,-62.6975,1206.03,27335.1
1370152,-72.1661,-61.7417,1206.0,38058.1
9391577,-74.1886,-62.55,1205.6,21295.5
7353428,-73.7831,-62.5625,1205.41,23056.6
5079669,-72.6231,-62.0008,1204.82,25926.0
5667945,-73.9497,-62.0908,1204.76,25051.1
4887959,-74.1947,-62.455,1204.24,26241.1
898075,-78.1072,-33.1642,1204.16,42570.0
2290486,-72.7161,-61.9517,1204.02,32956.8
684949,-73.2906,-61.9983,1203.68,45621.6
1268374,-72.8719,-61.46,1203.55,38858.2
91534,-73.1975,-61.0717,1203.44,72278.7
4674829,-80.545,-29.0764,1203.41,26607.6
1665579,-73.0442,-61.6708,1203.25,36071.0
130886,-72.7136,-61.465,1202.59,67129.1
5032545,-73.3692,-62.7858,1202.21,26002.0
305067,-80.6678,-30.2236,1201.99,55578.7
3726713,-74.405,-63.4017,1201.33,28525.8
5193366,-73.2917,-62.0342,1200.95,25748.4
1157049,-72.3583,-61.8325,1200.58,39821.8
216803,-73.2786,-61.0375,1199.91,60103.6
8621802,-72.2181,-61.9417,1199.74,21894.4
8172206,-72.7753,-61.4167,1199.53,22280.9
401837,-73.5825,-62.095,1199.3,52054.3
1398851,-80.5256,-29.1875,1199.15,37843.2
1525760,-80.6522,-29.8361,1198.99,36957.4
2362005,-73.9714,-62.205,1198.56,32667.5
4192394,-72.8497,-61.7858,1198.46,27520.9
647237,-73.9992,-61.7225,1198.31,46280.1
3169236,-80.6808,-29.8958,1197.5,29955.2
616481,-74.4172,-62.8742,1197.41,46849.3
4682602,-80.5178,-28.6833,1197.3,26593.2
10217519,-72.7644,-61.6692,1197.2,20713.1
1622312,-80.4006,-25.8292,1196.82,36335.0
1008272,-80.4911,-29.1139,1196.62,41303.0
7655830,-74.2628,-62.665,1195.45,22756.2
9816092,-74.3547,-63.5958,1195.41,20988.1
2295807,-81.4864,-28.1889,1193.55,32933.6
1259522,-74.2686,-62.5408,1192.67,38930.3
538907,-80.4458,-29.2681,1191.96,48444.6
1786797,-80.52,-29.1153,1190.9,35368.2
3891738,-73.6686,-61.4567,1190.72,28150.4
11811881,-74.1519,-62.4592,1190.53,19736.6
2109397,-72.8292,-61.6133,1190.16,33745.8
64796,-73.1758,-62.1917,1189.4,77482.5
1276241,-80.5414,-29.3472,1188.72,38792.6
9372088,-72.7183,-61.9258,1188.02,21310.5
9614961,-72.7075,-62.0883,1186.84,21133.3
988261,-72.4969,-61.9225,1186.46,41521.5
5943913,-80.6717,-30.1472,1186.33,24682.2
2544323,-82.6394,-52.3375,1185.19,31963.7
2484769,-72.7378,-61.9775,1184.94,32188.1
323570,-73.1872,-62.1625,1184.86,54808.7
8766517,-72.8969,-61.5067,1184.75,21774.8
1437142,-74.2894,-62.7475,1183.91,37566.1
1839221,-73.0569,-61.6908,1183.88,35086.1
5337895,-72.8256,-61.6483,1183.24,25527.3
4667034,-72.0108,-62.4383,1182.61,26621.9
4511789,-72.1908,-62.0633,1179.44,26902.8
7720688,-80.5214,-29.1625,1178.52,22694.6
131396,-73.1383,-62.2283,1178.46,67073.0
6763759,-71.7514,-62.3317,1177.69,23683.7
6453392,-73.8444,-62.6867,1177.26,24044.1
8313547,-80.5367,-29.0875,1176.95,22154.8
6106067,-72.7544,-61.5642,1176.94,24469.6
775092,-72.925,-61.3408,1175.3,44213.1
529489,-73.6425,-61.8467,1174.24,48655.8
126870,-72.7125,-61.31,1173.38,67562.4
144690,-73.075,-62.0192,1171.21,65699.7
3289758,-72.0272,-62.3217,1170.09,29623.7
6464185,-74.4461,-63.0717,1170.03,24030.8
2339695,-72.1833,-62.24,1169.77,32755.2
3728549,-81.5031,-28.3403,1167.38,28521.4
580983,-74.1083,-62.0042,1167.32,47551.2
8148937,-82.5775,-52.1889,1167.06,22298.1
2731646,-73.2053,-62.35,1166.45,31303.1
5336269,-74.1617,-62.1158,1166.39,25529.8
3040539,-71.8394,-62.5525,1166.21,30329.3
2863522,-80.5078,-28.5403,1164.79,30870.6
3470832,-73.0122,-62.2433,1164.53,29148.9
3332052,-72.1725,-61.5667,1163.77,29507.3
9012566,-71.83,-62.8092,1162.12,21583.7
7387463,-73.8239,-62.64,1162.03,23020.7
584559,-71.8297,-62.375,1161.6,47478.8
2838777,-73.0008,-61.3808,1161.51,30951.0
2797147,-74.2308,-62.3025,1161.4,31086.6
1713086,-73.9842,-61.7425,1160.28,35789.0
2699582,-73.9947,-62.1475,1159.76,31412.8
5380597,-73.2431,-62.3467,1159.64,25464.8
231002,-72.7472,-61.3283,1159.34,59251.6
658717,-73.5858,-62.1367,1159.32,46074.6
101327,-71.7669,-62.0192,1159.14,70801.3
1387170,-72.175,-62.4417,1158.77,37928.9
7384880,-80.5386,-28.9792,1158.49,23023.5
1915923,-80.5075,-29.1431,1158.14,34686.1
4324223,-74.2356,-62.2883,1157.86,27258.1
4171126,-71.835,-62.4708,1157.44,27562.6
1475816,-82.5692,-52.1806,1157.23,37293.7
405794,-73.3169,-61.1125,1156.91,51930.5
7234737,-83.12,-54.7125,1155.12,23175.2
628836,-74.3117,-62.5017,1154.0,46616.2
2860482,-71.8458,-62.47,1153.9,30881.0
9861449,-72.5772,-62.3233,1153.31,20954.7
193147,-73.4958,-62.1392,1153.05,61682.4
7449497,-73.9856,-62.5033,1152.35,22959.7
596392,-72.7122,-61.8692,1151.76,47242.1
2137455,-74.5028,-62.6575,1151.61,33619.1
312699,-72.1306,-61.5808,1151.43,55255.6
5659214,-73.0489,-62.0025,1151.29,25063.8
613981,-73.5697,-62.15,1150.35,46896.9
1058194,-80.4658,-29.093,1150.16,40781.4
4114016,-74.1686,-62.265,1148.92,27677.9
9171576,-74.5425,-63.0992,1148.45,21459.4
5040134,-73.0681,-62.0542,1148.22,25992.2
4151247,-72.5042,-61.86,1148.15,27601.8
1921341,-80.4981,-28.6819,1148.05,34656.7
5812911,-73.4767,-62.3367,1147.77,24851.9
7561158,-81.5094,-28.65,1147.64,22848.5
1439428,-73.8506,-62.585,1147.59,37549.1
5504988,-80.3336,-25.7306,1146.66,25281.5
7497324,-73.7253,-62.2667,1146.52,22909.7
388183,-80.5928,-29.9236,1146.24,52485.8
756895,-74.3036,-62.6617,1145.84,44480.3
6175647,-72.35,-61.8308,1144.55,24380.9
105000,-74.4247,-62.5533,1144.32,70290.1
2037815,-72.3089,-61.64,1144.12,34080.2
3315140,-72.5222,-61.9417,1144.01,29554.8
175331,-74.0833,-61.8883,1141.72,63014.9
1635974,-73.0122,-61.2875,1141.51,36248.9
1800047,-72.7528,-62.005,1141.39,35297.9
1230538,-73.7439,-61.4375,1140.81,39175.0
844364,-73.1533,-62.5158,1139.83,43256.0
417393,-82.7981,-53.5125,1139.17,51578.4
1273548,-74.0803,-61.8083,1138.8,38815.6
707324,-74.3294,-62.5817,1138.42,45251.4
981660,-73.4344,-62.4442,1138.41,41593.5
1191922,-80.4811,-29.1417,1137.68,39508.6
2566142,-73.2925,-61.0108,1137.36,31885.9
151589,-72.5803,-61.9042,1137.1,65036.0
2406053,-73.0247,-61.3283,1135.79,32493.5
6803972,-74.2817,-62.7392,1133.98,23640.6
1077223,-74.1211,-61.9617,1133.55,40585.7
1392815,-73.9858,-61.8467,1132.1,37886.9
2852028,-81.4931,-28.4625,1131.8,30909.8
945259,-80.3756,-27.4319,1131.69,42005.1
2207304,-74.4178,-62.5092,1131.4,33308.7
132650,-82.6,-53.1222,1131.19,66936.1
216294,-72.4433,-61.5625,1130.82,60137.5
3812654,-79.1817,-28.1775,1130.5,28328.6
2692336,-72.18,-62.4558,1130.23,31439.1
2573967,-82.4919,-50.8556,1128.97,31855.9
2592492,-73.5083,-62.2717,1128.6,31787.8
11011502,-73.7364,-61.545,1127.7,20202.4
405343,-72.7261,-61.3758,1126.93,51944.0
118739,-74.5839,-62.8883,1126.83,68501.7
4318373,-73.6678,-61.9383,1126.74,27269.8
1681145,-72.3042,-61.5375,1126.63,35975.5
9138349,-73.0608,-61.66,1126.39,21486.1
873121,-73.5856,-62.0417,1125.44,42883.2
2735271,-73.7856,-62.4633,1125.42,31290.9
4272313,-74.51,-62.6733,1124.67,27360.7
8985249,-74.0836,-61.79,1124.33,21601.5
7090300,-80.3536,-25.45,1124.32,23325.9
292050,-72.365,-61.2275,1123.82,56145.5
4754356,-73.5033,-62.13,1123.34,26468.3
195696,-79.2008,-28.765,1123.34,61503.5
2612027,-73.2847,-62.0575,1123.14,31717.6
4847166,-80.5992,-29.9167,1122.89,26309.0
354826,-74.6147,-62.8292,1122.07,53618.2
1201962,-74.2314,-62.1617,1122.03,39419.8
3222005,-73.7036,-61.9942,1121.04,29808.1
8928286,-72.0525,-62.8833,1120.96,21648.6
8236666,-74.235,-62.1767,1119.0,22220.8
2987737,-80.4,-26.8528,1117.0,30486.4
2804903,-82.8231,-53.4875,1116.79,31059.9
3845871,-80.7447,-29.9486,1115.28,28254.3
8963802,-74.4672,-62.7883,1114.98,21619.1
9553367,-72.3039,-61.4792,1114.12,21175.5
6953308,-81.6703,-30.825,1113.86,23475.6
2076715,-80.3439,-25.4861,1111.26,33898.4
311564,-71.7772,-61.9,1111.09,55302.8
11434536,-74.12,-62.0683,1110.94,19951.7
2321564,-72.4492,-61.7392,1110.52,32829.0
97828,-71.7914,-61.37,1110.49,71311.4
5439549,-74.0017,-61.865,1110.26,25377.1
615499,-82.7672,-53.3514,1109.98,46868.4
1428424,-74.0144,-61.8617,1109.75,37628.8
1563836,-74.2269,-62.13,1109.63,36708.3
483541,-71.7592,-61.8033,1109.02,49761.5
5002151,-80.4675,-29.0375,1108.22,26053.4
1490331,-82.8475,-53.2486,1108.21,37194.5
4490901,-74.4244,-62.9317,1108.11,26943.1
2921201,-83.075,-55.1861,1107.49,30690.6
1450800,-74.3219,-62.4567,1107.02,37471.0
2676127,-74.2939,-62.5692,1106.83,31493.8
70885,-73.495,-61.9008,1106.81,76144.6
571962,-73.1944,-62.0567,1106.6,47739.8
87325,-73.4539,-62.1325,1106.44,72985.7
9692215,-82.4936,-50.9014,1106.17,21076.0
252933,-71.74,-62.0858,1104.9,58044.7
2809037,-73.6722,-61.42,1103.35,31045.6
5033930,-74.4967,-62.5933,1102.74,25999.6
3556504,-73.21,-62.2825,1102.08,28933.9
9227656,-71.8417,-62.3775,1101.79,21414.8
8715054,-80.3219,-24.9931,1101.0,21818.6
477003,-73.1278,-62.4083,1099.56,49930.2
169042,-72.5406,-61.7142,1099.21,63508.4
1932521,-74.0339,-62.1533,1097.42,34599.7
2974497,-80.6714,-29.7597,1097.27,30528.2
4669674,-73.1919,-62.1158,1096.8,26617.1
701295,-73.2417,-62.1808,1096.43,45351.2
10553761,-73.2006,-61.1008,1095.87,20490.4
3107167,-80.4483,-29.1458,1095.05,30135.4
8852125,-73.1372,-62.2567,1094.82,21707.4
522431,-73.3353,-61.0067,1094.31,48821.9
2274007,-73.145,-62.2992,1094.06,33026.4
800898,-80.3436,-28.2792,1094.03,43845.5
6304355,-83.2886,-55.1667,1093.0,24221.0
4376285,-73.6567,-61.865,1090.75,27159.7
3997708,-74.1594,-62.0517,1089.84,27923.1
3051432,-74.3144,-62.7158,1089.42,30295.7
449486,-73.4997,-62.055,1089.03,50662.4
530688,-83.2878,-55.8806,1088.97,48629.6
2459677,-72.4172,-61.64,1088.5,32283.0
1723164,-80.4317,-29.3306,1087.37,35730.2
6703709,-71.7864,-61.3458,1086.77,23750.8
6110047,-73.2389,-62.1533,1085.48,24464.4
827416,-80.3078,-25.6875,1084.96,43480.7
2995959,-74.2728,-62.5025,1084.16,30463.4
5357119,-73.5889,-62.0208,1084.05,25497.3
8642075,-73.7103,-62.015,1083.72,21876.9
6257184,-73.0767,-62.0683,1083.44,24281.4
9156862,-80.4417,-27.9528,1082.78,21471.3
309219,-80.2681,-25.5903,1081.59,55400.7
2393715,-82.7783,-53.3236,1081.51,32540.5
3566813,-80.4078,-21.5444,1080.73,28907.4
9110277,-72.7283,-61.395,1080.37,21503.9
9457078,-81.3172,-27.4986,1078.94,21244.6
8635324,-79.1356,-28.1808,1078.84,21882.8
3117551,-73.8569,-62.5383,1078.4,30103.7
8433373,-74.0256,-62.0792,1077.59,22051.0
272032,-82.5775,-52.8375,1076.68,57081.8
5439550,-73.2386,-62.1242,1076.49,25377.1
6352903,-73.9956,-61.6975,1075.15,24163.0
315184,-82.7764,-53.5556,1074.63,55152.9
11016431,-79.1267,-28.32,1073.61,20199.2
4992207,-73.675,-61.91,1072.8,26070.6
2250210,-72.9114,-61.1792,1072.37,33124.6
4457503,-71.7675,-61.9258,1072.18,27004.5
8820164,-74.3078,-62.7017,1071.48,21733.8
9354516,-82.5133,-51.1972,1070.67,21319.4
1841740,-72.9464,-61.2042,1070.47,35071.5
498923,-73.5994,-61.8083,1070.24,49377.2
1438303,-73.6247,-61.3308,1069.54,37557.6
1226600,-72.2544,-61.4367,1068.34,39209.2
3114088,-73.6919,-61.58,1066.17,30114.3
741234,-80.6042,-29.8,1066.09,44717.4
5457641,-73.7672,-61.5667,1065.97,25349.4
5342560,-73.7425,-61.7658,1065.64,25519.8
11001531,-73.7569,-61.7717,1064.69,20208.7
1275283,-72.8608,-61.3608,1064.65,38800.8
5671445,-73.4403,-62.0533,1063.5,25046.0
2705941,-72.8947,-61.2233,1062.78,31392.5
8172181,-80.355,-25.7083,1062.44,22280.9
531318,-71.7383,-61.4067,1061.67,48613.9
5210362,-80.3864,-27.4264,1060.38,25721.2
920823,-72.8478,-61.4108,1059.8,42293.8
5920132,-73.6297,-61.4808,1058.8,24710.5
1473761,-72.4647,-61.7,1058.27,37309.1
2212785,-72.8047,-61.7258,1058.05,33283.9
3421382,-82.8311,-53.1972,1057.33,29275.4
2194179,-73.7611,-62.1233,1056.03,33366.1
4817154,-80.3661,-27.4417,1055.7,26362.2
2629061,-82.8894,-48.5514,1055.64,31657.2
7566661,-82.5761,-52.8028,1055.53,22842.9
4658005,-72.4206,-61.8108,1055.29,26638.7
1424041,-71.8278,-62.2892,1054.7,37659.2
8988911,-74.2511,-62.3483,1053.3,21598.5
5202695,-82.5761,-52.7514,1052.98,25733.6
8985250,-73.32,-61.0508,1051.96,21601.5
5188746,-82.8878,-48.5125,1050.58,25755.8
3676959,-73.4317,-62.0392,1050.56,28641.7
7603465,-79.0989,-28.2583,1050.14,22809.4
3109284,-78.9906,-27.1442,1050.01,30129.1
1116082,-73.1672,-62.5067,1049.99,40207.1
1875410,-72.7894,-61.4017,1049.87,34894.9
1886648,-74.1747,-61.9642,1049.81,34836.4
531261,-72.3611,-61.4175,1048.95,48615.2
1092642,-73.6178,-61.8883,1045.62,40434.7
10169337,-83.1836,-48.9861,1045.46,20746.9
7871780,-73.0933,-61.1817,1045.34,22553.8
214548,-73.5175,-62.0025,1045.24,60248.6
10429915,-82.5769,-52.7806,1041.91,20574.2
9331591,-71.8361,-62.2917,1041.78,21337.3
9688225,-80.6075,-29.8347,1041.13,21079.0
11634360,-83.1833,-55.4083,1040.78,19836.4
2481334,-72.2594,-61.3483,1040.7,32202.0
939694,-74.6283,-62.7583,1040.63,42071.7
5687107,-71.7719,-61.7967,1039.88,25023.1
2034861,-73.5222,-61.9717,1039.71,34095.2
876048,-73.5894,-61.4117,1039.43,42847.5
5821318,-72.1575,-62.13,1039.04,24844.2
5337893,-74.1728,-61.9383,1038.31,25527.3
7217134,-73.0342,-61.9758,1037.72,23194.4
3159780,-74.1686,-61.9883,1037.25,29982.8
2421398,-80.3489,-27.4319,1035.95,32432.6
3844878,-80.4983,-29.2917,1035.58,28256.5
208511,-83.2392,-57.9361,1034.05,60638.6
7944551,-82.5856,-52.5236,1033.44,22483.0
2791001,-73.1606,-62.5058,1032.49,31105.0
8169111,-74.1092,-61.8725,1029.57,22283.8
9327769,-74.2519,-62.17,1029.03,21340.3
3589559,-73.2228,-61.1517,1027.88,28852.3
9521891,-81.2178,-31.6333,1027.63,21199.5
1162883,-74.2631,-62.0517,1026.63,39767.4
2138279,-80.6075,-30.0222,1025.84,33615.3
657575,-73.4922,-61.9617,1024.09,46093.9
1674691,-80.3306,-25.3833,1022.34,36016.2
1042067,-73.6156,-62.02,1020.93,40949.8
1087308,-71.7286,-61.4825,1020.29,40486.6
7678161,-74.6122,-62.805,1020.27,22733.8
4773780,-80.3206,-23.9847,1019.99,26437.0
5277562,-73.7764,-61.595,1019.37,25619.4
4615252,-73.1417,-62.4408,1019.24,26715.1
9335334,-83.0392,-48.843,1018.81,21334.4
4340650,-72.7028,-61.4567,1017.12,27227.7
90843,-72.6361,-61.785,1016.63,72399.4
404727,-83.2828,-57.9653,1016.5,51963.6
254451,-80.5936,-30.1194,1016.27,57963.4
3625062,-80.61,-29.9695,1016.13,28766.0
3339321,-80.6344,-30.0681,1014.53,29490.0
325839,-80.5681,-30.1167,1013.93,54719.1
509415,-73.1189,-61.5025,1013.6,49127.6
2862253,-80.3794,-28.5583,1013.36,30874.8
1625012,-79.1828,-28.7483,1013.31,36317.4
1367983,-80.5819,-29.9097,1012.24,38073.1
300292,-73.32,-61.9075,1012.05,55778.9
6453393,-72.2017,-61.5117,1012.05,24044.1
1015265,-74.0625,-61.7092,1011.94,41228.9
1083619,-72.1317,-61.8283,1010.3,40524.4
7390072,-73.2233,-61.1867,1009.94,23017.9
4638433,-74.5869,-62.86,1008.39,26672.1
1775836,-80.3386,-28.1736,1008.19,35429.4
553348,-72.84,-61.225,1007.6,48131.9
344617,-74.5456,-62.6133,1007.33,53996.0
2778376,-73.4767,-62.1867,1006.81,31148.0
2698444,-72.6017,-61.8767,1006.01,31416.8
4126307,-82.7928,-53.4319,1004.81,27654.9
1299791,-72.3992,-61.21,1002.44,38601.6
2922435,-82.7369,-48.1167,1000.82,30686.4
9502132,-74.5247,-62.7225,1000.15,21214.6
689569,-72.8342,-61.295,1000.07,45543.3
6024219,-80.3514,-28.1361,999.96,24576.1
316113,-80.5519,-30.2694,999.82,55113.6
1265977,-71.7631,-61.4267,998.42,38876.3
23056,-74.8828,-63.2233,998.1,93482.9
117328,-74.7536,-63.4725,997.98,68681.8
1645293,-82.9322,-48.4347,997.74,36192.6
2237779,-72.1664,-62.3042,997.59,33176.5
7999064,-72.0106,-62.365,997.38,22434.8
7348239,-73.1314,-62.4817,997.36,23062.2
4107578,-82.7975,-53.5833,995.94,27691.7
6414400,-80.3714,-21.9667,995.27,24089.1
469108,-82.7736,-53.7361,994.74,50135.3
333648,-74.62,-62.6475,994.43,54410.9
651214,-74.8906,-63.1783,994.41,46208.5
5175916,-82.8261,-48.3458,993.42,25773.2
3067601,-71.7397,-61.4575,992.76,30249.4
3231527,-73.2014,-62.0025,992.64,29780.3
879765,-73.1744,-61.3217,992.34,42801.4
6470576,-80.3017,-24.8583,992.28,24022.9
5279023,-82.8617,-53.35,992.11,25616.9
4281453,-80.3981,-28.5736,992.08,27342.1
2858054,-74.2944,-62.4658,991.99,30889.2
1068074,-80.3056,-25.3014,991.87,40678.2
3707138,-74.18,-62.1792,989.66,28570.5
10639000,-73.4878,-62.1792,988.91,20437.5
576435,-80.2869,-25.282,988.33,47646.3
896708,-80.2761,-25.4819,988.12,42588.0
1203821,-83.2228,-57.4667,988.06,39405.3
1025706,-72.8203,-61.5558,987.56,41117.5
6088402,-82.8322,-53.5764,986.57,24493.0
4288320,-82.5822,-52.7528,985.77,27328.1
2915385,-81.4856,-33.2195,984.95,30709.2
3619604,-82.5478,-51.7847,983.97,28779.3
11261512,-74.2972,-63.0542,981.85,20053.6
935476,-78.9164,-27.1233,981.31,42120.2
1760234,-74.2517,-62.0358,980.99,35519.2
1645027,-83.205,-57.4556,980.5,36194.4
3322076,-82.5736,-52.6917,979.88,29535.4
8963772,-82.8272,-48.3792,979.63,21619.1
1184367,-80.2564,-25.5278,978.04,39574.7
7826655,-74.1856,-62.1925,977.65,22593.3
77483,-82.4808,-51.2069,977.47,74788.7
6007185,-73.1,-61.5075,975.98,24599.4
5892141,-80.4372,-29.0639,975.36,24749.2
5205807,-73.1344,-61.4883,973.46,25728.6
1566412,-80.4211,-29.3556,971.69,36690.9
4594712,-74.2703,-62.0833,971.53,26750.8
2289218,-83.2014,-57.0458,971.37,32962.6
1062282,-83.185,-57.7389,968.89,40739.2
1539653,-74.3306,-62.6708,968.62,36865.9
5256740,-83.1906,-57.7639,968.55,25649.3
7853288,-73.9892,-61.6567,968.04,22567.9
4743449,-82.8244,-48.3236,965.18,26487.6
7266502,-83.135,-48.875,965.01,23144.9
2034100,-83.2375,-57.4708,964.57,34098.9
883494,-80.2958,-27.6708,964.15,42753.7
2431909,-80.3044,-25.3514,964.07,32389.4
5054860,-74.9003,-63.2058,962.63,25967.7
3649863,-72.1444,-62.0283,961.09,28706.2
7891983,-82.4542,-41.4597,960.79,22534.0
8040951,-74.0806,-61.73,959.51,22395.0
5345879,-72.3483,-61.5958,959.39,25514.8
337896,-73.5603,-61.3958,959.28,54242.0
8834048,-80.5717,-30.1667,958.87,21722.0
5313466,-78.9814,-27.5458,957.84,25562.2
164088,-80.4689,-29.4625,956.5,63923.4
1674043,-83.2953,-57.9736,955.3,36018.0
357602,-71.7272,-61.9825,955.3,53519.5
1897515,-83.1992,-57.8792,955.2,34779.7
8749329,-71.7372,-61.5358,954.97,21789.4
8756225,-72.1742,-61.9808,953.48,21783.5
3073769,-82.65,-52.9417,953.46,30230.4
2329505,-71.8206,-61.4442,953.38,32797.9
8910469,-72.1275,-61.7883,952.63,21663.3
3288950,-82.7744,-53.6778,950.94,29625.8
1369269,-79.1225,-28.4525,949.3,38063.1
8313546,-83.1311,-56.9167,948.68,22154.8
7274237,-74.6008,-62.8533,948.2,23136.6
539858,-80.2428,-25.2569,946.86,48424.8
883046,-80.3217,-28.4292,946.67,42759.7
8988909,-74.7625,-63.4617,946.56,21598.5
8655482,-74.1803,-62.0392,946.09,21865.3
7441391,-73.0519,-61.4667,945.1,22968.0
4033295,-74.8969,-63.1733,944.44,27847.7
2385000,-78.9919,-27.9658,943.09,32573.8
694335,-71.8086,-61.6817,939.81,45463.5
977470,-82.61,-53.0153,939.61,41641.0
1954622,-74.7733,-63.4675,938.97,34487.2
175397,-72.1228,-61.3883,938.88,63008.9
8236636,-82.4917,-50.9736,938.74,22220.8
1077371,-73.6117,-61.2475,938.31,40584.1
5096297,-80.3211,-25.3222,937.55,25901.4
1695037,-80.2469,-25.4931,937.54,35893.9
723647,-80.6,-30.2431,936.91,44988.7
1547321,-83.2603,-57.5181,936.05,36815.7
2945242,-80.265,-25.5361,935.42,30615.7
2584625,-73.2531,-61.1658,935.38,31817.8
2886340,-83.1981,-57.6583,935.31,30798.3
6750060,-72.3106,-61.145,935.2,23699.8
1216540,-83.1575,-57.7042,933.86,39295.2
2424249,-79.0744,-27.9517,933.74,32420.9
1358036,-80.2833,-27.7931,933.55,38150.0
3449273,-81.6492,-36.3111,930.07,29203.5
2013246,-80.3061,-27.4083,929.67,34199.6
1200168,-80.5681,-30.2361,927.88,39436.0
1202787,-79.0442,-27.9833,925.89,39415.0
843332,-80.31,-28.7278,925.84,43267.7
1276643,-74.7119,-63.5925,924.18,38789.3
3534154,-72.2328,-61.3942,923.45,28988.9
3037763,-78.9728,-27.3667,923.35,30337.7
11563524,-71.8119,-61.4792,921.8,19878.1
2043612,-83.2597,-57.9389,921.6,34054.0
3090819,-80.2789,-27.7472,921.39,30181.9
7760040,-83.2303,-57.4833,920.35,22655.2
231256,-80.4486,-29.4597,919.81,59235.5
2880096,-82.2519,-41.2792,919.62,30819.0
5259942,-80.41,-29.3486,919.06,25644.3
10311876,-74.7158,-63.59,917.7,20651.5
3600168,-80.5381,-30.3083,917.67,28828.0
3078695,-80.55,-30.1792,916.45,30215.6
4534259,-72.4069,-61.3058,916.34,26862.5
248158,-82.0531,-41.3139,915.48,58295.5
570654,-80.5417,-30.1097,915.22,47767.8
8069338,-74.7803,-63.4692,913.88,22372.2
1066097,-83.29,-57.4958,913.68,40700.1
3232288,-72.1214,-61.8667,912.87,29778.1
1919957,-80.3253,-28.6514,911.61,34664.1
7075442,-82.7486,-48.1458,911.56,23342.2
11387378,-80.4158,-29.3819,911.45,19980.4
671738,-80.4031,-29.475,910.61,45847.2
735420,-72.8147,-61.2675,910.48,44804.2
389910,-80.3858,-29.6611,910.43,52429.9
9775606,-79.0517,-28.345,908.19,21018.5
9849167,-74.595,-62.9883,907.03,20963.8
5760724,-72.5836,-61.8225,907.0,24926.2
1788762,-71.7467,-61.9892,906.48,35359.2
3149089,-83.2633,-57.4014,905.73,30014.7
1705341,-80.3239,-28.5278,905.56,35833.5
1256503,-72.0397,-62.2692,905.46,38956.5
7118559,-72.3922,-61.3042,904.4,23298.5
1509375,-71.7775,-61.6175,902.76,37067.5
10351474,-81.2342,-33.025,902.62,20623.7
3564212,-73.1522,-62.1367,902.59,28914.0
11487227,-74.4317,-62.6733,902.35,19919.7
4912223,-80.3308,-28.4167,902.2,26202.2
6852505,-80.2656,-26.8139,900.5,23583.9
8362610,-79.0239,-28.03,898.62,22114.5
464047,-80.3961,-29.6,898.05,50273.6
1774597,-73.2731,-61.9767,897.87,35436.6
1075576,-80.2617,-27.7903,897.15,40602.9
323768,-80.3819,-29.9528,897.04,54800.6
6725087,-73.15,-62.1617,896.23,23729.3
5142629,-73.5886,-61.2308,894.63,25827.5
8652118,-83.1742,-57.3375,893.84,21868.2
15116,-79.5661,-45.6133,893.15,100164.4
9604865,-80.58,-30.1139,893.08,21136.3
7345640,-73.0206,-61.0242,892.8,23064.9
2404169,-80.4019,-29.343,892.53,32501.3
9557262,-81.1547,-32.9833,892.3,21172.5
3029409,-78.7844,-26.635,891.41,30360.8
2504452,-82.4869,-51.1792,891.2,32112.8
4493379,-83.1747,-57.6847,890.22,26938.3
1520257,-74.6189,-62.6033,889.35,36993.5
6609441,-80.2586,-26.9458,888.05,23860.5
2308185,-74.4933,-62.48,887.88,32883.3
8543625,-74.6253,-62.67,887.18,21958.3
870958,-80.4069,-29.6667,887.1,42909.9
11163226,-79.7492,-21.6025,886.54,20110.7
3682477,-82.5519,-51.9417,886.12,28628.4
972136,-82.5383,-51.7403,885.96,41702.1
11839594,-72.1733,-62.4042,884.49,19720.4
1295766,-73.4922,-61.8117,883.6,38632.9
3383949,-80.2369,-25.2167,882.8,29371.0
2527164,-82.5764,-47.9736,882.7,32027.4
10351513,-73.2653,-61.9492,882.36,20623.7
3756623,-83.1542,-57.1764,881.96,28456.5
6326366,-72.175,-61.8658,881.25,24197.3
6609463,-74.5583,-62.8475,879.19,23860.5
792718,-80.4481,-29.5458,878.66,43960.2
6969914,-82.4422,-50.5417,877.66,23456.6
3939398,-72.0381,-62.295,877.18,28048.3
420048,-71.7242,-61.8058,876.01,51500.6
11618345,-78.7944,-26.6108,874.85,19846.0
2004739,-83.2686,-57.5764,874.51,34242.5
10776800,-80.2719,-27.7653,874.44,20350.0
4917826,-80.2328,-26.7514,871.83,26192.5
8575273,-74.9069,-63.1625,871.46,21935.1
6575701,-80.485,-29.2278,870.07,23897.9
3848857,-71.715,-61.5458,868.15,28247.5
2760986,-80.5036,-29.4986,868.01,31205.2
726346,-80.3036,-28.9417,865.9,44944.8
403518,-73.4328,-61.9,865.81,52001.6
7809529,-83.2917,-57.5958,864.67,22610.2
1838132,-73.5503,-61.4158,863.86,35089.7
3628931,-72.4839,-61.6967,863.58,28759.4
868438,-74.5531,-62.4708,862.76,42944.1
4656677,-80.2972,-27.4,862.7,26641.1
2154955,-73.4375,-61.92,860.71,33539.4
1581604,-72.1,-61.6308,860.11,36591.8
1705049,-82.2544,-41.3847,860.03,35835.3
6489772,-82.5308,-51.7125,859.89,23999.0
1201963,-72.2833,-61.0367,859.24,39419.8
5383742,-80.2761,-25.2722,858.34,25459.8
1963655,-71.7308,-62.0758,857.74,34442.8
8087511,-83.27,-58.0167,855.52,22355.1
2098578,-74.5475,-62.43,855.51,33794.8
2752101,-72.1536,-62.2767,854.83,31233.8
2591931,-80.2044,-26.8417,852.2,31789.8
7229674,-71.7289,-61.9458,851.38,23180.6
11542088,-82.6017,-53.0486,851.32,19890.9
1118288,-78.9958,-28.0192,847.22,40186.5
6292122,-71.7247,-62.0675,845.62,24236.7
4076375,-80.255,-25.2625,845.48,27756.1
7043638,-78.8847,-27.25,843.18,23377.7
2274947,-80.2889,-24.9708,840.97,33022.5
742885,-80.2847,-28.3306,840.31,44690.3
1474208,-73.5606,-61.3225,838.72,37305.7
1719546,-82.1925,-41.7403,836.98,35749.9
8638608,-80.5844,-29.4472,836.95,21879.9
6020392,-72.1411,-62.1483,835.41,24581.3
7207049,-72.1119,-61.8783,835.05,23205.4
1082063,-72.1381,-61.34,834.89,40538.5
2786122,-80.2031,-26.782,833.26,31121.4
3056264,-73.5519,-61.3308,831.81,30280.9
2928835,-79.6414,-22.7867,830.6,30665.6
9095909,-74.5606,-62.4642,829.49,21515.7
658120,-71.7056,-62.1183,827.33,46085.6
1313704,-74.8028,-63.46,826.53,38492.5
1462905,-82.4583,-50.875,825.37,37387.6
5078141,-83.2875,-57.3139,825.07,25928.4
11575007,-80.2536,-27.0028,824.76,19871.7
10681176,-83.2833,-57.3847,824.05,20409.4
6911947,-82.5442,-51.5458,821.44,23519.0
3233047,-80.3253,-28.8403,820.58,29776.0
1079759,-82.6153,-53.4042,815.6,40562.1
8060330,-80.3794,-28.7,815.17,22380.8
887331,-80.2897,-28.5778,814.89,42706.0
3405966,-83.1172,-57.5444,813.09,29314.5
5671446,-71.7161,-62.06,812.55,25046.0
1757707,-73.4267,-61.9408,811.28,35531.8
3724001,-82.4689,-50.8639,809.88,28532.5
1230685,-78.9678,-27.7883,808.08,39173.4
4667026,-80.4278,-29.4569,804.0,26621.9
9445503,-83.1258,-56.9653,803.57,21253.6
6928582,-80.4069,-29.5333,800.84,23500.0
4801893,-80.2522,-24.8764,799.23,26386.3
4461165,-74.2606,-61.9833,793.91,26997.4
3094939,-80.2636,-27.6555,792.02,30169.2
1844981,-82.1308,-41.5806,791.01,35053.4
2009173,-82.5489,-52.2528,790.57,34220.1
442588,-80.1222,-25.7389,790.47,50849.4
1223510,-80.3844,-29.8764,790.26,39235.1
11745683,-71.7144,-61.4358,789.24,19775.3
7924097,-83.2919,-57.2431,788.9,22502.9
6249197,-82.4289,-50.5347,788.33,24291.9
2126203,-80.2697,-27.8542,788.03,33670.2
7214588,-82.0908,-41.0361,787.28,23197.1
5486638,-74.2417,-62.015,785.67,25309.2
9063024,-80.3817,-29.7236,785.61,21542.4
6679055,-82.0564,-41.4111,783.96,23780.3
301997,-72.0914,-61.8117,782.5,55710.3
3139654,-82.4225,-50.5611,779.08,30040.1
4101121,-74.2672,-61.9725,778.71,27705.5
7611799,-80.3286,-28.2236,777.01,22801.0
7783840,-72.135,-62.1333,775.11,22635.5
2020545,-73.3108,-61.7883,774.71,34164.2
7130719,-82.1339,-41.5417,772.84,23284.9
8375256,-81.0806,-34.025,771.9,22102.9
7678162,-72.6422,-61.9617,770.9,22733.8
50798,-73.2633,-61.6533,769.84,81196.4
1419902,-73.4258,-61.8475,767.32,37689.7
4759828,-82.1547,-41.6417,766.99,26458.7
268337,-73.4694,-61.755,766.51,57263.4
4501972,-80.415,-29.6514,765.52,26921.8
697004,-79.1581,-28.7083,760.06,45420.0
3187484,-72.7347,-61.2558,759.44,29904.1
3410723,-80.2997,-28.5542,759.16,29301.5
6338556,-82.4731,-51.2653,755.21,24181.5
2754366,-82.4378,-50.6403,754.61,31225.6
2412664,-73.4339,-61.8525,751.73,32466.0
9414648,-82.5889,-42.6125,749.26,21277.5
9113899,-82.6767,-42.8583,748.7,21500.9
2235988,-82.5006,-51.7528,748.6,33184.2
6118851,-82.5567,-42.6931,746.83,24456.6
6491957,-71.7208,-61.7817,744.76,23996.3
3136834,-72.1569,-61.3983,741.81,30048.6
6824519,-72.1461,-61.9767,739.63,23616.3
10848768,-72.1347,-61.3575,738.99,20303.0
244122,-71.9094,-62.2867,737.68,58511.5
6531582,-74.8822,-63.1308,734.6,23951.2
1402364,-83.2697,-58.1083,733.96,37816.2
2454242,-82.4233,-50.6083,733.9,32304.7
10597083,-71.7194,-61.7692,733.71,20465.6
4494612,-80.2567,-27.85,733.31,26936.0
9379960,-74.3614,-62.2008,731.24,21304.5
9795874,-72.1047,-61.8742,728.2,21003.3
61526,-72.0919,-61.145,727.9,78269.5
1007886,-74.5619,-63.405,727.39,41307.6
2926908,-82.5364,-42.7306,727.02,30671.9
1496110,-71.9836,-62.345,725.1,37156.8
5805623,-80.4458,-29.3986,723.19,24862.2
749970,-78.32,-46.3125,723.1,44584.7
8014080,-82.6672,-42.8986,722.74,22420.6
4340634,-80.3828,-29.8014,721.08,27227.7
6768670,-73.2711,-62.0258,719.6,23678.3
11634361,-82.6017,-42.6958,719.09,19836.4
1299399,-80.125,-25.5945,718.08,38604.9
10597079,-74.5531,-62.4067,715.04,20465.6
3797936,-72.0953,-61.6667,714.83,28360.1
2461731,-71.72,-61.95,714.44,32275.1
10729562,-83.2467,-58.0236,710.92,20381.3
2463787,-73.4803,-61.7875,710.36,32267.2
623314,-74.8233,-62.4442,707.64,46718.6
412882,-72.0786,-61.78,703.08,51714.1
5138271,-82.5117,-42.6458,700.17,25834.9
10629573,-82.7656,-53.5514,697.51,20443.8
3188193,-82.5003,-51.3139,696.63,29902.0
6369671,-82.2158,-41.9625,696.31,24141.9
878123,-80.4025,-29.8153,693.96,42820.7
1109608,-82.4508,-51.375,693.52,40270.5
2448149,-83.1597,-57.8472,692.14,32326.4
1800358,-74.6681,-62.8408,690.28,35296.1
3009701,-73.2947,-61.8025,687.93,30419.5
8996099,-73.5486,-61.3042,686.73,21592.6
4488425,-72.1703,-61.365,686.7,26947.8
51230,-73.3803,-61.5742,684.46,81057.4
1733065,-82.4558,-51.2292,683.76,35673.1
3849805,-72.0342,-62.21,683.73,28245.3
11073500,-72.2508,-60.9525,683.16,20167.6
10535338,-72.0947,-61.795,674.82,20502.9
4266609,-82.1236,-41.5625,673.88,27372.4
1775515,-82.4622,-51.3306,670.45,35431.2
9084913,-72.1294,-62.0142,663.84,21524.6
7522590,-74.7828,-63.325,659.1,22887.5
2197915,-72.7092,-61.0275,656.53,33348.9
5352307,-80.18,-27.025,656.18,25504.8
1523841,-71.7122,-61.9442,649.62,36971.1
3372846,-71.7164,-61.3533,643.24,29401.3
3046682,-72.1111,-62.0492,642.32,30310.4
9092188,-82.4508,-51.2347,633.64,21518.7
4580666,-82.6072,-53.5083,633.27,26777.0
1001440,-73.2442,-61.7058,631.26,41377.0
2466345,-72.1039,-61.1242,630.72,32259.3
304688,-71.7581,-60.885,624.81,55594.7
1224953,-72.0153,-62.2225,623.02,39222.1
387393,-73.355,-61.6742,622.39,52511.3
3459853,-74.8231,-63.2992,619.26,29175.1
7832526,-72.1178,-62.0583,618.65,22587.6
7212032,-78.9997,-28.0792,617.74,23199.9
4977425,-73.54,-61.3308,617.0,26092.5
10369445,-72.1256,-62.0,614.42,20611.4
2706530,-73.2467,-61.6842,595.6,31390.5
2673258,-72.095,-61.3933,589.77,31503.9
9655712,-71.705,-61.74,589.2,21103.2
6101838,-72.9825,-60.7392,584.6,24474.8
1328314,-72.0636,-61.7467,581.53,38378.1
2743976,-72.6444,-61.5767,571.57,31262.3
314762,-72.0261,-62.1367,569.59,55172.5
432498,-71.7956,-61.1408,566.56,51131.8
11366599,-72.4425,-61.1542,564.58,19993.1
5297903,-73.5808,-60.8625,563.91,25587.1
2082631,-79.0056,-28.1158,563.54,33870.2
5411171,-72.1614,-61.3517,558.36,25417.2
11850694,-71.9478,-62.49,551.88,19714.0
834667,-73.1022,-61.8908,551.63,43383.9
6304369,-73.3631,-60.7808,550.28,24221.0
10164983,-82.5417,-42.8625,548.54,20750.0
2623093,-71.7011,-61.9533,546.54,31679.4
11655894,-81.1825,-35.3056,543.79,19823.5
4935901,-73.7633,-60.945,532.74,26160.8
6200397,-72.6203,-61.4275,525.78,24352.1
1336184,-72.1422,-61.02,523.38,38316.7
69982,-72.5506,-60.8742,521.96,76337.6
5575182,-72.4917,-61.4783,510.84,25180.5
2290488,-71.7658,-61.1925,506.62,32956.8
8066316,-72.0867,-61.6375,503.94,22375.1
3909858,-73.9561,-61.0933,497.6,28111.9
2583067,-72.0283,-62.1708,490.09,31823.8
3825084,-71.7206,-61.0367,482.33,28299.3
7290116,-72.0811,-61.0342,474.24,23120.1
357206,-75.1583,-63.3042,468.39,53533.8
1338771,-74.4372,-61.2792,466.12,38298.4
11569746,-72.0047,-62.2083,463.46,19874.9
2591400,-72.1594,-61.08,460.9,31791.8
1118771,-72.3797,-60.7875,444.63,40181.8
8869725,-72.1733,-61.0792,438.67,21692.7
8704836,-71.7644,-61.1542,433.43,21827.4
11712721,-72.4406,-61.1767,432.39,19794.6
7757290,-72.0544,-61.7042,430.2,22658.0
1991212,-72.4528,-61.4175,425.57,34307.5
2896066,-73.2286,-61.825,418.85,30769.3
9971773,-81.1592,-36.7292,416.36,20878.5
9331590,-73.2358,-61.7308,413.02,21337.3
5546585,-80.9739,-35.6139,412.76,25223.5
2646785,-72.2353,-60.7267,397.58,31594.8
272425,-72.33,-60.6758,380.16,57062.8
10843841,-72.1631,-61.0375,366.85,20306.2
902722,-72.0208,-60.7492,365.78,42513.1
8112040,-73.2736,-61.6283,362.27,22332.3
5188760,-71.8392,-61.0642,334.29,25755.8
2929509,-72.6331,-61.2642,332.81,30663.6
9667838,-82.6686,-46.0778,332.72,21094.1
10419166,-73.0086,-60.055,315.79,20577.3
8568675,-81.0392,-37.0847,313.74,21940.9
471658,-80.6392,-61.4222,310.84,50069.1
2165213,-74.3225,-60.8233,302.58,33493.8
3495012,-72.575,-60.9258,287.48,29087.6
9865512,-80.6467,-33.8958,268.96,20951.7
10666917,-72.2806,-60.6767,247.34,20418.8
10967229,-72.3211,-60.7408,246.14,20230.7
7956427,-80.8611,-35.6278,243.15,22471.7
11845020,-80.9044,-35.8403,238.29,19717.2
6522876,-71.8506,-61.035,235.48,23961.8
10160594,-72.3725,-60.725,214.67,20753.1
1186486,-72.2167,-60.1858,131.82,39557.0
4046644,-77.8644,-49.36,109.82,27818.0
6667862,-77.8469,-49.3192,99.34,23793.7
4399541,-77.8078,-49.0767,87.02,27112.8
8789473,-75.7669,-23.9208,83.5,21760.1
6113954,-75.7494,-23.6033,83.33,24459.2
9589168,-77.8211,-49.0933,81.66,21148.4
4492152,-75.7461,-23.5975,81.51,26940.7
9824290,-77.7569,-48.8017,78.38,20982.0
7669693,-78.1611,-44.1158,76.44,22742.2
7013486,-75.7456,-23.7992,73.52,23407.7
9106729,-75.8697,-25.2925,70.14,21506.9
6542953,-75.8225,-24.8308,65.55,23937.9
8032084,-75.7375,-23.6058,62.74,22403.5
10329339,-75.8703,-25.2733,62.1,20639.2
8284945,-75.4511,-26.2867,59.63,22180.6
6958065,-75.7497,-23.9725,57.34,23470.2
8215118,-75.7311,-23.9883,55.3,22240.9
8631949,-75.7894,-24.6467,54.94,21885.7
10908576,-75.7292,-23.6558,54.05,20268.5
7514637,-75.7511,-24.2458,52.8,22895.8
8949495,-75.8775,-25.5717,51.98,21630.9
10767495,-75.905,-25.7325,51.74,20356.3
10889203,-75.7,-23.9433,51.57,20281.1
7555805,-75.8322,-25.0008,51.11,22854.0
8169108,-75.7617,-24.1583,51.03,22283.8
9921574,-75.7003,-23.0783,50.88,20915.1
7935797,-72.5358,-60.7967,50.57,22491.5
10918376,-75.6383,-22.61,49.96,20262.2
7861848,-75.8775,-25.6358,49.84,22559.4
8038024,-75.8189,-24.9592,49.42,22397.9
7981091,-75.6797,-23.2942,49.09,22451.8
11178228,-75.7647,-24.6975,48.76,20101.2
9252254,-75.8244,-24.9458,47.88,21400.0
10819803,-75.75,-24.1967,47.67,20321.9
11408241,-75.7764,-24.6483,47.44,19967.6
10208769,-75.8267,-24.8242,47.37,20719.3
8109052,-75.8411,-25.0083,46.82,22335.2
8883620,-75.8369,-24.9425,46.58,21680.9
9009064,-75.7814,-24.5467,46.2,21586.7
10962221,-75.6481,-24.2917,44.84,20233.9
11701658,-74.5436,-61.4575,44.25,19801.0
11471410,-75.7383,-24.255,44.0,19929.3
10324988,-75.7269,-24.2925,43.86,20642.2
11563518,-75.8094,-24.97,42.88,19878.1
11834046,-75.7347,-24.3467,42.42,19723.6
10810287,-75.7586,-24.5225,41.06,20328.1
10169364,-75.8325,-24.9167,39.63,20746.9
11011503,-71.7158,-60.8183,35.72,20202.4
