257174,-27.0286,132.4817,820.54,57827.0
298962,-27.0275,129.8831,811.65,55838.3
1874734,-27.0375,129.8669,802.72,34898.5
358270,-27.1533,129.7378,800.59,53495.7
11073927,-27.0275,132.4872,788.99,20167.6
627072,-26.7431,130.157,776.17,46649.0
2807872,-27.0278,132.4958,769.67,31049.7
952033,-27.0394,132.4894,767.27,41929.2
7768748,-27.0281,132.4919,766.35,22646.8
1882020,-27.0381,132.4675,766.06,34862.0
484940,-27.1447,129.7008,764.97,49724.4
10077290,-27.0278,132.4711,762.7,20808.2
1423609,-26.7281,130.1578,758.61,37662.6
788053,-27.0314,132.5408,756.8,44026.8
740122,-26.7797,129.7872,754.42,44733.1
7921487,-26.7339,130.1617,753.39,22505.7
2391839,-27.1408,129.7444,748.32,32548.3
280079,-27.1233,132.4236,746.78,56698.8
1868986,-27.0153,132.4883,746.23,34927.7
627932,-27.0758,129.7008,745.05,46634.0
1039602,-27.1733,129.7183,741.72,40974.7
7784084,-26.7817,129.7894,741.19,22635.5
5634217,-27.1683,129.7253,734.66,25096.8
926657,-27.0042,132.4878,734.43,42224.4
4319613,-26.7792,129.8047,733.96,27267.4
2635440,-27.0236,132.5167,733.37,31637.1
327923,-27.1394,132.5864,730.64,54635.2
411717,-27.3269,129.9619,729.66,51748.6
423484,-27.095,132.3156,729.47,51399.0
934992,-27.1111,132.3008,729.44,42126.2
11477255,-27.005,132.4931,729.08,19926.1
3304301,-27.1378,129.7039,728.97,29582.8
1182126,-27.0594,129.8522,727.57,39595.6
9892786,-27.0303,129.8895,725.45,20936.4
1899949,-26.9978,132.4678,722.82,34766.8
7053556,-27.0389,132.502,721.19,23366.8
455093,-27.0531,132.3642,720.88,50512.5
775290,-27.1231,132.2228,720.36,44210.2
9660062,-27.0375,129.8814,719.64,21100.1
1312894,-26.7975,130.0828,719.34,38499.1
527153,-27.0611,129.3344,716.77,48713.4
1318502,-26.7028,130.41,716.42,38456.1
2769371,-27.1028,132.2983,715.36,31176.6
9537885,-27.1081,132.3014,714.59,21187.5
4748929,-27.0233,132.5003,713.58,26477.9
5802147,-27.0178,132.5056,713.23,24867.3
2356770,-26.7678,130.1411,710.49,32687.0
3537544,-27.0858,132.3175,710.46,28980.1
9135032,-27.0181,132.4892,708.52,21489.1
1855441,-27.0394,132.5153,705.09,34998.8
6080922,-27.0294,132.4542,704.64,24503.4
1224788,-27.0806,129.6692,703.97,39223.8
1914923,-27.1536,129.7822,702.44,34691.6
7729337,-27.1514,129.7739,701.47,22686.1
5683669,-27.1436,129.7639,700.6,25028.2
1397268,-27.0767,129.7894,700.57,37855.0
4119546,-26.7267,130.1339,698.64,27666.4
1656741,-27.0667,129.9817,694.2,36123.9
6224471,-27.0372,132.5192,693.42,24320.7
1889055,-27.1567,129.8014,693.21,34823.6
1114182,-26.7203,131.2886,693.1,40226.2
6757089,-26.7342,130.1525,691.94,23691.7
1806792,-27.0864,129.7089,691.58,35260.0
452844,-27.1744,132.3233,690.48,50570.5
6400019,-27.0328,132.5161,689.57,24107.6
11683485,-26.7042,130.4075,688.05,19807.5
3401172,-27.0219,132.5269,687.55,29327.5
1962932,-27.0061,129.9372,687.32,34446.5
577802,-27.1506,132.4178,687.05,47619.5
11241450,-27.0775,129.7958,686.33,20066.3
1159797,-27.17,132.3275,685.16,39797.8
7253028,-27.1003,132.3078,685.07,23155.9
726741,-27.0528,129.438,683.32,44940.6
6876904,-27.0228,129.8922,683.21,23559.6
8507584,-27.1375,132.5903,680.95,21990.2
2841960,-26.7172,130.4225,680.82,30940.7
4879641,-26.7772,130.1483,680.69,26255.6
2852086,-27.0864,129.8717,678.84,30909.8
7880786,-26.7397,130.14,678.82,22545.3
1952219,-27.1675,129.7703,678.4,34500.1
2637060,-27.0494,129.9606,677.28,31631.1
4404387,-27.0294,132.4417,676.78,27103.4
702250,-27.1147,132.5439,676.13,45334.4
3743634,-26.71,130.4086,676.08,28487.8
5675052,-27.1069,132.3183,674.57,25040.9
4909622,-27.0603,129.9789,674.12,26207.1
2729389,-27.0886,129.6839,673.5,31311.2
8782658,-27.0847,129.6703,672.21,21766.0
1264294,-26.9894,132.3956,672.03,38891.0
5241716,-27.0828,129.6925,671.72,25674.1
7801056,-26.7397,130.1775,670.3,22618.6
6732131,-27.1419,132.5906,669.16,23721.3
5355621,-26.7131,130.4119,669.0,25499.8
5650807,-26.9939,132.4639,668.42,25076.5
2137893,-27.1344,132.255,668.35,33617.2
2203525,-27.1036,129.6983,668.01,33325.9
4500808,-27.0297,132.5475,667.68,26924.1
6514386,-27.1492,129.7645,667.2,23972.4
740398,-27.1075,132.5967,666.15,44728.8
4606544,-27.0881,132.3283,666.02,26731.8
1389394,-27.0169,132.4036,665.14,37912.1
6808813,-27.0794,132.3103,665.04,23635.2
4258168,-27.1144,132.2883,664.53,27386.3
3588740,-27.0511,132.3539,664.13,28854.5
11226204,-27.1125,132.5347,663.85,20075.8
1436745,-27.045,132.4242,663.72,37569.5
650363,-26.8611,128.9667,663.12,46222.3
4394921,-27.0975,129.8058,662.8,27122.2
4635914,-27.0158,132.3961,662.44,26676.9
7229911,-27.0181,132.47,662.34,23180.6
2321604,-27.1242,132.2764,661.86,32829.0
7664379,-27.05,129.8469,661.09,22747.8
6982105,-26.7503,130.1739,660.84,23443.0
5130864,-27.0131,132.3911,660.73,25847.2
3071107,-27.1156,129.7789,660.56,30238.8
7835598,-27.3244,129.9578,660.54,22584.8
10781979,-27.0517,129.9569,659.94,20346.9
2044524,-27.1164,129.6964,659.6,34050.3
7148432,-27.0467,129.8778,659.18,23265.7
8243118,-27.0964,129.8,659.11,22215.1
11656434,-27.065,129.3394,658.99,19823.5
5828798,-26.8119,130.0792,658.36,24834.0
1238228,-27.1236,132.5272,657.89,39109.9
768814,-27.1533,132.3458,657.85,44303.8
2551828,-27.1469,129.6786,657.68,31937.8
2381206,-27.0192,129.7675,657.66,32589.4
3088118,-26.7292,130.4314,657.46,30190.3
1434774,-27.1961,129.7822,657.34,37584.7
2680739,-26.9992,132.4422,657.21,31477.6
3299758,-27.0211,129.7828,656.79,29595.7
1688954,-27.1453,129.6619,656.44,35929.4
5940204,-27.0031,132.4603,656.12,24687.3
1870410,-27.1506,132.4072,655.83,34922.3
6674797,-27.0422,132.4103,655.53,23785.7
2639801,-27.0386,132.4286,654.52,31621.0
2106281,-26.7322,131.9395,654.3,33760.9
6787244,-26.7489,129.7883,654.28,23656.7
6175811,-27.0822,129.8067,653.17,24380.9
8530729,-26.8019,130.0764,652.88,21969.9
1196160,-26.8508,128.97,652.67,39469.9
903825,-27.0997,132.6372,651.65,42499.6
5962748,-27.0431,132.4406,651.44,24656.3
1901979,-27.0978,132.5856,651.3,34755.9
4387949,-27.0558,129.9875,651.07,27136.3
5903276,-27.1164,132.4197,650.8,24733.7
1275306,-27.0406,132.3442,650.69,38800.8
6815715,-27.1297,132.5778,650.24,23627.1
2533618,-27.1472,132.5986,649.74,32005.5
9059767,-27.0656,129.8569,649.63,21545.3
7163436,-27.1125,132.2942,649.62,23249.3
798747,-27.4047,130.3344,649.35,43874.6
2354391,-27.1417,129.6719,649.25,32696.8
2008124,-27.1933,129.7228,649.02,34225.7
9096197,-27.1261,132.25,648.39,21515.7
8827355,-27.0786,129.6628,648.29,21727.9
11784910,-27.0033,132.4639,648.02,19752.7
7411450,-27.0175,132.4583,647.82,22995.8
958081,-27.1194,132.3906,646.99,41859.2
11302772,-27.1164,132.3067,646.89,20028.2
6829304,-26.7206,131.2939,646.34,23610.9
6142478,-26.8317,130.115,645.24,24425.3
4933182,-27.0317,132.5258,644.97,26165.7
1872760,-26.7317,129.1978,644.55,34909.5
6336732,-27.1506,129.6775,644.48,24184.1
6240474,-27.0683,129.9303,644.46,24299.7
2046049,-26.9919,132.555,644.24,34042.8
4905469,-27.0933,129.6928,644.1,26214.3
1228096,-27.2561,129.8236,643.4,39196.1
4628287,-27.0619,129.6855,643.24,26691.2
7387690,-27.07,129.7814,643.2,23020.7
3774701,-27.3319,129.9578,642.56,28416.2
8414125,-27.0222,129.8742,642.41,22068.3
756621,-27.4331,130.1842,642.28,44484.6
1994192,-27.1219,132.52,642.1,34294.5
6745818,-27.0653,129.9506,641.95,23705.2
6479307,-27.0525,132.3736,641.78,24012.3
2862951,-26.9975,132.5222,641.51,30872.7
6895644,-27.0936,132.58,641.13,23537.9
3399590,-27.0861,132.335,640.82,29331.9
9388000,-27.0928,129.8767,640.19,21298.5
5803935,-27.0722,129.9408,639.59,24864.8
4042622,-27.0578,129.7231,639.51,27827.1
5892315,-27.1156,129.69,639.19,24749.2
3377699,-26.9511,130.0711,639.04,29388.3
3197119,-27.1175,129.7197,638.76,29878.5
2824478,-27.0142,132.5697,638.59,30996.3
1802893,-27.2017,129.9669,638.29,35281.6
4475686,-26.9972,129.8064,638.16,26969.1
10686142,-27.1511,132.415,637.95,20406.3
1645904,-27.3089,129.9364,637.61,36189.1
1624494,-27.1936,130.0092,637.4,36320.9
9380319,-27.0714,129.9225,636.54,21304.5
10470885,-27.0442,129.8328,636.28,20546.3
5768020,-26.9331,130.0542,636.07,24915.9
8184425,-27.195,129.7906,635.97,22269.5
5135374,-27.0847,129.9697,635.4,25839.8
2901880,-26.9925,130.2645,634.3,30750.7
2570791,-27.0828,129.5839,633.85,31867.9
818543,-27.4603,130.1697,633.84,43600.7
10275024,-27.1561,129.7947,633.71,20673.1
1330401,-27.2856,130.0403,633.71,38363.2
8143094,-27.0981,129.6844,633.56,22303.8
10549563,-27.0128,132.4731,633.5,20493.6
5747221,-27.3217,129.9658,633.12,24941.5
4260529,-26.9733,129.7719,632.93,27381.7
1280033,-26.8928,129.0386,632.25,38763.0
8443587,-27.0267,132.4281,632.16,22042.3
5073826,-27.0889,129.7461,632.07,25935.8
4062818,-27.0994,129.7275,631.98,27785.9
2043255,-27.0989,132.627,631.84,34055.9
5655905,-27.0881,129.9747,630.73,25068.9
5160795,-27.1208,129.71,630.18,25797.9
2498842,-27.1211,132.5381,630.02,32134.6
7500186,-27.0019,129.8986,629.99,22906.9
2171654,-26.9289,129.6275,629.36,33465.2
5000906,-27.0786,132.3192,628.99,26055.9
2979812,-27.1922,129.7503,628.45,30511.5
10554151,-27.3183,129.9581,627.78,20490.4
7486872,-27.1028,132.5875,627.68,22920.8
5593191,-27.1567,132.4178,627.29,25157.7
3250370,-27.0989,129.6392,627.04,29728.9
3026727,-27.0953,129.5592,627.02,30369.2
7318774,-27.0383,130.0314,626.99,23089.8
8169411,-26.7319,131.2817,626.22,22283.8
4094986,-27.0392,129.6733,626.02,27719.3
3090879,-27.1369,132.2247,625.68,30181.9
1572755,-27.1364,121.5481,625.49,36649.2
3045396,-27.0044,131.2411,625.21,30314.6
3609035,-27.1969,129.7342,625.2,28805.9
7269357,-27.1269,132.2394,624.89,23142.1
1478262,-27.0808,132.3481,624.64,37278.3
5859856,-26.7869,129.9653,624.19,24790.3
6668067,-27.3319,129.9539,624.07,23793.7
3927614,-27.1308,132.2764,624.04,28075.6
1802233,-27.3533,129.9475,623.51,35285.3
8366029,-27.1244,132.27,623.28,22111.6
6603174,-26.7656,130.305,622.93,23868.6
11503419,-26.7264,129.8936,622.68,19910.1
3584375,-27.1231,132.5444,621.99,28865.5
10579083,-27.0886,129.7428,621.95,20478.0
3730469,-26.9644,131.22,621.41,28516.9
1977823,-26.8567,128.9392,621.28,34372.4
1835975,-27.1036,132.5531,621.18,35102.4
8458192,-26.7536,130.3872,621.13,22033.6
8196657,-27.1611,129.7592,621.13,22258.0
2505478,-27.0483,129.4281,620.84,32108.9
2153787,-27.0542,132.4639,620.68,33545.1
9569397,-26.9283,129.6178,620.66,21163.4
3116906,-27.1117,132.6036,620.61,30105.8
4823993,-27.0922,129.5856,620.23,26350.1
5355616,-27.0833,129.5775,619.82,25499.8
7748967,-27.105,129.7397,619.64,22666.5
3533333,-26.9692,132.4908,619.24,28991.1
5486767,-26.9578,130.1822,618.92,25309.2
10261709,-27.0294,130.0125,618.9,20682.3
2194637,-27.1247,129.5311,618.89,33364.2
4476928,-27.01,132.4131,618.84,26966.7
9993554,-27.0992,129.7047,618.84,20863.3
3563416,-26.8856,131.0467,618.67,28916.2
8883907,-26.755,130.2575,618.64,21680.9
10222277,-26.89,131.0561,618.14,20710.0
3872366,-27.0575,129.645,618.14,28195.6
3975850,-27.1722,132.3194,618.1,27968.7
1795819,-27.275,129.8286,618.05,35319.5
6061606,-26.8944,131.4672,617.42,24529.4
7353645,-26.7308,131.8856,617.12,23056.6
4218878,-27.0778,129.6197,616.61,27465.3
8793173,-27.1189,129.8506,616.36,21757.2
2478749,-27.105,129.5031,616.28,32209.9
9343346,-27.0056,132.5739,616.12,21328.4
3390731,-26.8547,128.9606,615.78,29355.8
8109304,-26.7961,129.9811,615.44,22335.2
6311726,-26.9908,132.5158,614.93,24215.7
4531884,-26.9406,132.4111,614.78,26867.3
8753098,-27.3317,129.9486,614.57,21786.5
8433639,-26.92,129.6322,614.34,22051.0
5666393,-27.0933,129.5681,614.26,25053.6
3980860,-27.1097,129.5883,614.2,27957.3
7930290,-26.7867,129.6067,614.07,22497.2
9494702,-26.9283,131.4794,614.02,21220.6
8100044,-27.4058,130.3403,613.87,22343.7
5156272,-27.0867,129.6069,613.51,25805.3
1471860,-27.4217,130.1767,613.48,37322.7
5892317,-26.9864,132.3842,613.33,24749.2
8301113,-27.3503,129.9414,613.33,22166.3
2110231,-26.8481,129.1075,613.01,33742.0
1859957,-27.005,132.66,612.76,34977.0
11806923,-27.1903,130.0153,612.24,19739.8
1780658,-27.3203,130.0469,612.01,35404.2
5657658,-27.4078,130.3492,611.92,25066.4
10204764,-26.8097,130.0025,610.92,20722.3
4784577,-26.9636,132.4906,610.78,26417.7
10016552,-27.0997,129.4995,610.45,20851.1
1394103,-27.1564,132.3903,610.25,37876.8
4441559,-27.1281,132.5186,610.08,27032.8
7514867,-27.3169,129.9747,609.88,22895.8
4145996,-26.9719,132.5406,609.66,27613.4
7664377,-27.1678,129.7583,609.64,22747.8
2110587,-27.0897,132.5375,609.55,33740.1
6385420,-27.0039,129.7286,609.08,24126.1
10484557,-27.0564,129.7355,608.68,20537.0
2331833,-27.0786,132.6581,608.57,32788.2
7821262,-27.0592,129.7408,608.29,22598.9
10579080,-27.1717,129.7428,608.25,20478.0
1961132,-27.08,132.4553,606.83,34455.8
1510131,-27.32,129.8378,606.81,37062.4
9339511,-26.9389,132.4153,606.56,21331.4
8900144,-26.9419,132.4236,606.48,21672.1
5490042,-27.0814,132.2881,606.33,25304.2
3970845,-27.1692,132.3092,606.25,27980.1
8199737,-26.7272,129.1906,606.08,22255.2
2774795,-27.1489,132.2311,605.99,31160.3
9946955,-26.9789,129.7528,605.98,20896.9
8172456,-27.1578,129.6933,605.87,22280.9
6801818,-26.9864,132.5089,605.79,23643.3
162932,-32.8825,121.1633,605.46,64025.0
3430291,-27.1122,132.4108,605.27,29251.4
4468348,-26.7975,131.6672,605.24,26983.2
2766480,-27.0775,132.4619,604.88,31186.8
2954697,-27.195,129.8364,604.6,30588.7
10178423,-27.0106,132.4072,604.44,20740.8
6789513,-26.9053,132.4608,604.36,23654.0
3003244,-27.3253,129.9892,603.9,30440.4
9438118,-26.9328,129.6133,603.38,21259.6
3766854,-27.1278,129.65,603.08,28431.9
4148142,-27.3411,129.9342,602.41,27608.8
1556843,-27.1822,131.7439,602.34,36753.4
1420847,-27.1581,132.4569,601.88,37682.9
6822424,-26.9014,131.0945,601.39,23619.0
4494724,-27.3169,129.9844,601.35,26936.0
9573423,-27.1933,129.7342,601.09,21160.4
5510227,-27.1581,132.3506,600.26,25273.9
8635642,-27.1417,132.5969,600.06,21882.8
8050308,-26.9028,132.4286,599.87,22386.5
9005842,-27.0069,132.3939,599.55,21589.7
9569394,-27.0178,132.4389,599.5,21163.4
9849526,-27.0136,132.4158,599.21,20963.8
8106221,-27.1789,129.7061,599.14,22338.0
4599780,-27.0469,129.4192,599.14,26741.3
3368217,-27.0353,132.2139,599.1,29414.3
5605086,-27.1567,132.5975,598.98,25140.0
6879260,-26.7567,131.9703,598.84,23556.9
4529398,-26.9933,129.6036,598.63,26872.0
2266271,-27.1231,132.1369,598.56,33057.2
6940696,-27.1178,132.5594,598.4,23486.5
8044261,-26.9919,132.4119,598.39,22392.2
7113787,-27.1806,129.6994,598.38,23304.0
6567369,-27.3308,129.9919,598.37,23908.6
4461265,-27.7692,122.8181,597.99,26997.4
6455717,-26.7228,129.1644,597.79,24041.4
1509392,-27.4317,130.2344,597.6,37067.5
7778401,-26.8514,128.945,596.93,22641.2
8742709,-27.1022,129.6475,595.87,21795.2
8348642,-27.1094,129.5669,595.83,22123.1
6108187,-27.135,129.6439,595.8,24467.0
2559718,-27.0014,132.6903,595.77,31907.8
2746308,-27.1161,130.8414,595.64,31254.2
11521339,-26.9942,132.4222,595.62,19903.7
4643652,-27.0306,132.3964,595.6,26662.6
3560821,-26.8369,128.9494,595.39,28922.9
8329762,-27.0983,122.095,595.08,22140.4
8329760,-27.3447,129.945,594.04,22140.4
2956633,-27.0736,131.1253,593.64,30582.4
5274036,-27.0656,130.1092,593.61,25621.9
6453580,-27.3392,129.9292,593.5,24044.1
3857594,-27.0642,131.1397,593.49,28227.2
5601702,-27.1794,129.8328,593.05,25145.0
6249391,-26.9356,129.5403,592.74,24291.9
11487695,-27.0728,129.6161,592.7,19919.7
10383219,-26.905,129.7492,592.63,20602.1
10639387,-26.8817,131.2667,592.59,20437.5
4938861,-27.0028,131.0919,592.54,26155.9
9194369,-27.1164,132.5564,592.49,21441.6
7530980,-27.7481,122.5331,592.22,22879.1
11205791,-26.7564,129.1908,592.17,20088.5
3227911,-27.0603,130.545,592.11,29790.9
1005778,-27.0186,133.1828,592.09,41330.8
2446245,-26.9922,132.7172,592.05,32334.3
5404944,-27.2003,129.7667,592.0,25427.2
10525734,-27.0131,132.5439,590.55,20509.1
6020555,-27.75,121.9917,590.5,24581.3
5123042,-27.0719,132.2456,590.0,25857.1
8841511,-26.9997,132.7208,589.74,21716.2
1915586,-27.1014,132.4778,589.56,34688.0
9716960,-27.1506,132.5933,589.13,21057.8
3694574,-27.1297,132.1456,589.0,28601.7
2083486,-27.1111,132.6431,588.99,33866.4
6869936,-27.0642,129.3508,588.85,23567.7
8827356,-26.9736,129.3764,588.64,21727.9
6294335,-27.1983,129.8078,588.59,24234.1
11367066,-27.0653,121.4069,588.53,19993.1
3450184,-27.1942,131.7647,588.19,29201.3
5692613,-27.0022,132.5903,587.8,25015.5
7492204,-26.85,128.9556,587.53,22915.3
11586251,-26.7675,132.2911,587.52,19865.3
76442,-33.4444,123.4756,587.47,74998.9
2986500,-27.3064,130.035,587.39,30490.6
7625710,-26.8514,129.1014,587.18,22787.0
2945296,-27.095,132.6067,586.88,30615.7
3699016,-27.1525,132.3372,586.24,28590.5
4943048,-27.0144,132.6067,586.06,26148.6
9096198,-27.1167,129.58,585.82,21515.7
6872279,-27.31,129.9467,585.57,23565.0
4036378,-26.8547,128.9303,585.54,27840.9
10574383,-27.1767,129.7933,585.44,20481.1
9725119,-26.7086,131.9847,585.31,21051.8
2146415,-27.0033,133.2286,584.77,33577.3
11429787,-27.1506,132.22,584.67,19954.9
1295172,-26.705,128.8511,584.4,38637.9
10200268,-27.1783,131.7475,583.99,20725.4
11215935,-27.1031,132.5361,583.37,20082.2
10889631,-27.3467,129.9325,583.14,20281.1
4940242,-27.2692,129.8236,583.01,26153.5
5174587,-26.8342,128.9417,582.61,25775.6
5740056,-26.7539,130.7742,582.53,24951.7
3564278,-27.1547,130.8936,582.51,28914.0
10875168,-27.0256,132.4228,582.19,20290.5
3491002,-27.35,129.9222,581.73,29098.5
4494725,-27.0025,129.5656,581.55,26936.0
2601844,-27.1433,132.1786,581.32,31755.7
7760311,-27.0733,132.2556,581.2,22655.2
6261421,-27.0969,132.6447,580.74,24276.1
4385670,-27.0881,132.595,580.58,27141.0
6935898,-27.1094,130.08,580.45,23491.9
2734752,-27.1461,132.1744,580.4,31292.9
5940202,-27.2053,130.0272,580.1,24687.3
9506519,-26.835,129.0983,580.05,21211.6
4599778,-27.0997,132.5214,580.01,26741.3
8893129,-27.0956,132.5511,579.91,21678.0
9837064,-27.3197,129.9467,579.71,20972.9
9648066,-27.0478,132.4861,579.62,21109.2
7859243,-27.1581,132.5908,579.55,22562.2
4980413,-27.0294,132.2928,579.54,26087.7
10695518,-27.0117,129.6344,579.17,20400.1
8029344,-27.0906,132.57,578.32,22406.4
8127857,-27.0425,132.3283,577.81,22318.1
5190393,-27.1622,129.6433,577.8,25753.4
10147835,-26.7572,121.69,577.76,20762.3
4642374,-27.1975,130.7853,577.63,26665.0
6773414,-27.1192,132.145,577.21,23672.9
6163916,-27.0925,131.5436,577.16,24396.6
6598794,-27.1269,129.5911,577.01,23873.9
10639384,-27.0458,132.3275,576.66,20437.5
9892787,-26.9619,132.5425,576.64,20936.4
8540666,-26.9644,132.5689,576.49,21961.2
6014848,-27.0981,132.6581,576.48,24589.1
3752929,-27.4644,130.1714,576.41,28465.5
6703906,-26.7122,121.8683,575.78,23750.8
4194663,-27.2672,129.8511,575.66,27516.3
3969858,-27.4406,130.2211,575.31,27982.4
10356372,-27.0058,132.3794,575.2,20620.6
10709599,-26.8306,128.9503,575.12,20390.7
1530246,-27.1547,132.6356,575.01,36926.3
6238481,-26.8433,130.9936,574.72,24302.4
11683476,-27.1831,129.6942,574.53,19807.5
8087790,-27.0969,131.4439,574.36,22355.1
6247426,-26.8972,129.0325,574.36,24294.5
10387842,-27.1239,132.5153,574.32,20599.0
10029327,-27.2042,129.7878,574.1,20841.9
11429789,-27.0717,132.2378,574.06,19954.9
8388445,-27.1444,132.255,574.05,22091.4
10579086,-27.0231,131.1883,573.75,20478.0
8592106,-27.2186,129.9683,573.42,21920.6
5625649,-26.9825,133.2117,573.36,25109.5
11049190,-27.1011,132.5475,573.32,20183.4
11190654,-26.8581,122.0897,573.19,20098.0
11795878,-27.0481,132.4814,573.1,19746.2
6994036,-26.7117,122.1928,572.97,23429.4
3674346,-28.2906,123.1442,572.51,28648.4
6138541,-27.3228,129.9331,572.29,24430.5
7667071,-27.0878,132.6086,572.25,22745.0
9142258,-27.4208,130.1858,572.16,21483.2
7586044,-26.8325,128.9372,571.77,22823.3
6514382,-27.3222,129.8472,571.38,23972.4
7832762,-27.3367,129.9956,571.26,22587.6
6502888,-27.0569,132.4581,570.82,23983.1
5923896,-33.4528,123.4731,570.62,24705.4
224447,-32.03,122.8092,570.55,59632.1
5923964,-27.3078,130.0217,570.36,24705.4
5118653,-27.1608,132.6342,570.18,25864.5
5185819,-26.8553,129.0431,569.97,25760.8
3155548,-32.0497,122.7978,569.82,29995.6
3184583,-27.1203,132.5025,569.53,29912.6
10786837,-28.3706,122.9914,569.3,20343.8
3563415,-26.9403,132.923,569.25,28916.2
4614109,-27.12,132.495,569.19,26717.5
2744587,-27.0233,133.2053,568.96,31260.3
1384355,-27.5792,123.3078,568.74,37950.8
11645565,-27.415,122.2836,568.53,19830.0
5031193,-27.1314,132.1583,568.46,26004.5
2115914,-26.8072,128.9189,568.39,33717.5
10662715,-27.1192,129.6331,568.1,20421.9
4375178,-27.2628,130.0547,568.0,27162.1
5168476,-27.1072,132.5656,568.0,25785.5
3390729,-28.0406,122.3572,567.92,29355.8
5520384,-27.2372,130.8128,567.66,25258.8
6190642,-27.0744,122.5881,567.55,24365.2
8578851,-26.8289,128.9361,567.33,21932.2
11356716,-26.9233,130.9572,567.03,19999.5
5087529,-27.1503,132.4328,566.8,25916.1
9486796,-26.9097,132.2203,566.66,21226.6
3731421,-26.86,133.0192,566.55,28514.7
8642379,-27.0547,132.1975,566.23,21876.9
6082840,-27.0047,133.1594,566.09,24500.8
10781980,-27.0122,130.3422,565.9,20346.9
3670775,-27.5267,130.4739,565.83,28657.3
7217342,-27.2569,130.5386,565.48,23194.4
4355812,-27.1522,132.3297,565.35,27197.2
2908702,-26.9233,129.0756,565.23,30727.9
4371259,-26.9686,133.2003,564.72,27166.8
3502609,-27.1792,123.8456,564.33,29067.9
11634892,-26.9553,130.67,564.15,19836.4
7577764,-27.0592,132.3375,563.66,22831.7
3839088,-27.1339,132.5647,563.56,28270.1
8711899,-26.7044,129.1353,563.51,21821.5
10748962,-27.1644,130.9003,563.28,20368.8
6538853,-27.1839,123.8128,563.13,23943.2
11740733,-27.1583,123.8347,563.12,19778.5
9747507,-27.9547,122.8956,563.12,21039.7
6902822,-27.1547,132.4325,563.11,23529.8
6931131,-27.1383,131.5883,563.1,23497.3
9099763,-27.2311,129.8406,562.96,21512.8
10606600,-27.2661,130.0597,562.92,20459.3
10977467,-26.8194,129.0675,562.51,20224.4
7229908,-27.1106,132.3919,562.41,23180.6
2841957,-28.4139,121.5447,562.37,30940.7
6872282,-27.1622,132.6283,562.17,23565.0
3025425,-26.8419,128.9067,562.11,30373.4
5923965,-27.1142,132.5194,562.05,24705.4
8050305,-27.1703,132.3433,561.99,22386.5
9884424,-27.0533,129.4472,561.83,20942.5
4513052,-27.0769,131.6911,561.74,26900.5
4788513,-28.5319,122.5233,561.64,26410.5
7024481,-27.135,132.1611,561.53,23399.5
11002030,-27.1236,132.5478,561.18,20208.7
10059399,-26.945,132.9289,560.43,20820.5
5100956,-28.565,121.6056,560.25,25894.0
2741694,-27.3072,129.2069,560.17,31270.5
5162345,-27.1639,132.39,560.16,25795.4
9164550,-27.4758,121.7567,560.14,21465.4
7282709,-26.9789,132.6692,559.45,23128.4
565509,-27.1481,133.4142,559.28,47873.0
6045093,-28.3247,122.5694,559.22,24547.6
5244834,-27.0778,132.5178,559.12,25669.1
6161977,-27.4286,130.2414,558.83,24399.2
10248643,-28.4103,121.4589,558.67,20691.6
8143085,-28.325,121.5597,558.48,22303.8
11328567,-27.1519,132.2083,558.14,20012.3
11256843,-27.4536,121.0217,558.04,20056.8
10781967,-27.9056,122.1922,557.58,20346.9
11163688,-26.8561,128.9239,557.45,20110.7
11148579,-26.9914,132.6733,557.15,20120.2
8362875,-27.1331,132.1286,557.06,22114.5
7760309,-27.0792,129.3392,557.0,22655.2
10579084,-27.0811,131.1353,556.91,20478.0
8282081,-27.0678,132.6744,556.72,22183.5
8708588,-27.0544,132.4836,556.59,21824.5
5819657,-27.1092,132.4786,556.51,24846.8
11361873,-27.0836,132.4592,556.24,19996.3
4194666,-27.0206,133.2283,556.01,27516.3
2684860,-27.2317,131.9392,555.63,31465.5
6656820,-27.0286,130.785,555.25,23807.1
11640257,-27.1222,132.2989,554.99,19833.2
6414597,-27.42,130.3558,554.76,24089.1
9976385,-28.1028,122.4431,554.67,20875.5
9589481,-27.0542,132.4514,554.66,21148.4
9804331,-27.1767,131.7717,554.6,20997.2
11834532,-27.4067,121.6272,554.57,19723.6
9589486,-26.8939,129.0197,554.27,21148.4
9897036,-28.0158,122.3567,554.07,20933.4
11236381,-28.2181,122.4728,553.87,20069.5
4961859,-27.5522,130.5786,553.84,26119.4
9913651,-27.3358,129.9211,553.81,20921.2
9597383,-27.1578,132.3347,553.77,21142.4
7323911,-27.0783,132.5244,553.75,23084.3
7938888,-27.2794,121.4011,553.71,22488.7
8763313,-28.5275,121.4794,553.71,21777.7
797930,-30.8353,121.0964,553.36,43886.2
5909202,-28.605,121.8106,553.31,24726.0
10583723,-26.9456,123.8569,552.92,20474.9
7921482,-27.1333,132.1919,552.87,22505.7
4769284,-26.8647,128.925,552.76,26441.8
4009069,-27.7575,123.3525,552.63,27898.0
4941636,-26.9644,133.1883,552.56,26151.1
4243764,-27.1414,132.3445,552.36,27416.6
6057560,-26.9006,132.9192,552.32,24534.6
11277115,-28.6911,121.7661,552.28,20044.1
10068708,-27.7586,123.3297,551.7,20814.4
5108263,-27.0808,132.3597,551.49,25881.7
4651710,-27.3942,121.4533,551.39,26650.6
7550096,-27.2725,130.0669,551.1,22859.6
7987261,-27.1953,123.8228,550.98,22446.2
10063691,-27.5328,130.5683,550.3,20817.4
8382147,-26.8542,133.0211,549.79,22097.2
7051055,-27.1075,132.6528,549.22,23369.5
10316578,-27.1319,132.3933,549.0,20648.4
2711019,-27.0086,128.1056,548.88,31374.2
6773412,-27.1425,132.1653,548.85,23672.9
11002012,-28.2042,122.4244,548.79,20208.7
6525257,-27.1461,132.4392,548.61,23959.1
7500188,-26.8814,132.8531,548.56,22906.9
10597460,-26.88,132.8456,548.29,20465.6
4435600,-28.2614,121.0953,548.26,27044.5
7303365,-27.0667,131.2239,548.07,23106.3
3940456,-26.9592,122.8022,547.97,28046.1
7801052,-27.3883,121.0117,547.95,22618.6
2754998,-27.1581,132.5125,547.88,31223.6
7082996,-27.1394,132.1533,547.81,23334.1
3962913,-27.3875,123.3794,547.65,27998.3
9619318,-27.1589,128.2919,547.54,21130.3
3434349,-27.1692,131.0914,547.47,29240.5
9557625,-27.7467,123.3272,547.18,21172.5
3767765,-28.7747,122.8322,547.14,28429.6
5895929,-27.015,132.7083,547.09,24744.0
3806957,-28.9711,122.6558,546.96,28342.1
4610294,-27.4708,130.1697,546.85,26724.6
4458838,-27.0153,132.7647,546.73,27002.1
3713980,-26.9711,128.3972,546.65,28557.1
8212166,-27.1122,129.4192,546.39,22243.7
5112616,-27.065,132.7169,546.26,25874.3
4373988,-27.1597,132.1947,546.13,27164.4
2121796,-26.995,133.3239,546.06,33689.1
4257044,-27.3106,130.0739,545.89,27388.7
7130950,-26.8456,128.2211,545.86,23284.9
6895649,-26.7842,132.9222,545.65,23537.9
2551311,-27.1617,132.6481,545.49,31939.8
3066986,-27.6433,130.3958,544.94,30251.5
10360802,-27.1664,132.3017,544.57,20617.5
8326569,-26.9119,132.6014,543.66,22143.2
8932102,-27.0503,123.7097,543.63,21645.6
5476012,-27.1378,132.2803,543.56,25321.8
1757734,-27.7464,129.48,543.27,35531.8
7681161,-27.3631,123.5989,543.14,22731.0
10606604,-26.9186,132.9242,542.9,20459.3
8474477,-26.71,122.5622,542.63,22019.2
7041425,-27.0197,130.9439,542.28,23380.4
10977462,-27.0967,123.7661,542.28,20224.4
10452817,-27.1486,132.2392,542.0,20558.7
4632111,-27.2156,130.9436,541.64,26684.1
9601307,-26.8681,132.97,541.22,21139.4
5026842,-27.1689,132.2164,540.97,26011.8
11178730,-26.8989,126.8694,540.93,20101.2
4266698,-27.1525,131.0456,540.6,27372.4
11542584,-27.2778,128.0872,539.86,19890.9
6592114,-26.9556,127.1892,539.7,23881.9
7121186,-27.4567,130.1775,539.6,23295.8
6701630,-27.335,130.0508,539.39,23753.5
11108869,-27.1172,132.5678,539.0,20145.5
9110601,-27.0819,132.7028,538.99,21503.9
8796544,-27.1461,132.1831,538.99,21754.3
8136978,-28.91,122.6394,538.8,22309.5
5724133,-28.0761,122.3122,538.79,24974.7
2346418,-27.4106,130.0789,538.59,32729.9
4384521,-27.4439,130.1647,538.32,27143.3
5802145,-27.1642,132.2172,538.29,24867.3
4143752,-27.1514,132.4675,537.68,27618.0
6811070,-26.9969,132.7511,537.6,23632.5
9985012,-26.9692,128.0653,537.44,20869.4
7331716,-27.2839,131.4658,537.35,23076.0
3044696,-27.3978,130.1608,536.98,30316.7
6876905,-27.0194,132.0897,536.88,23559.6
10439333,-26.8975,132.8786,536.86,20568.0
11113887,-27.2461,130.8642,536.83,20142.4
8471234,-26.8814,129.0022,536.67,22022.1
9241344,-27.0033,132.7386,536.6,21408.9
9016501,-26.9194,132.8644,536.55,21580.8
3635135,-28.7233,123.3928,536.52,28743.9
9755619,-26.9622,127.0881,536.07,21033.6
6361504,-26.9683,133.2342,535.64,24152.5
9461265,-28.7264,122.9542,535.34,21241.6
9160846,-27.1089,132.6692,535.16,21468.3
7232390,-29.0461,122.7564,535.13,23177.9
7844817,-27.0175,132.7381,535.03,22576.4
11006981,-27.0914,132.515,534.96,20205.5
6955873,-27.1522,130.9436,534.91,23472.9
6534102,-27.7467,123.2914,534.81,23948.5
10957696,-28.5656,123.5953,534.74,20237.0
7789700,-27.5358,130.4986,534.59,22629.9
7695982,-27.1519,132.3145,534.54,22719.8
6965429,-27.2217,123.8828,534.22,23462.0
9088873,-27.2853,129.195,534.14,21521.7
10644125,-27.155,132.218,534.1,20434.4
3730466,-27.1811,132.4294,533.95,28516.9
5856220,-26.7867,133.0839,533.81,24795.5
1195244,-31.9875,122.8594,533.56,39478.0
7356273,-27.3564,129.9575,533.54,23053.9
4556736,-27.6078,130.5817,532.93,26819.8
9316762,-27.1439,122.7819,532.88,21349.3
11570192,-28.1897,121.0122,532.71,19874.9
6933499,-26.8936,133.0836,532.46,23494.6
8981878,-27.1317,132.5369,532.27,21604.4
5951492,-27.1292,132.4803,532.1,24671.8
7841421,-27.1567,132.4469,532.06,22579.2
9048835,-27.4797,121.4061,532.02,21554.2
9917749,-27.4253,130.2169,531.81,20918.2
6376981,-27.1661,131.0828,531.79,24136.6
9312905,-27.11,132.4494,531.38,21352.3
8044259,-27.1581,132.5194,531.29,22392.2
11537335,-26.7911,133.0703,531.26,19894.1
9664112,-28.0089,122.2372,531.21,21097.1
7999314,-27.1522,132.0406,531.18,22434.8
6859751,-26.7472,133.1186,531.04,23575.8
11817974,-27.1583,123.5583,530.58,19733.3
11613471,-26.9272,132.8511,530.29,19849.2
10178402,-28.4119,123.2372,529.87,20740.8
9388002,-26.9536,132.7039,529.7,21298.5
7984292,-28.0481,121.9497,529.41,22449.0
10147826,-27.1119,123.1311,528.9,20762.3
5958967,-27.3858,123.1506,528.39,24661.5
11718744,-27.1,132.4908,527.97,19791.4
7898090,-27.1506,132.4525,527.53,22528.3
11650924,-27.0147,132.7495,527.49,19826.7
10620650,-26.7569,133.1,527.39,20450.0
10120089,-27.4469,130.1969,526.63,20777.6
9660066,-26.8478,128.9047,526.55,21100.1
9407225,-27.1336,130.3428,526.36,21283.5
5593144,-32.0642,122.7797,526.13,25157.7
10574373,-27.7239,123.4008,525.63,20481.1
9997685,-27.1678,132.2931,525.61,20860.2
3339396,-27.9917,123.37,525.52,29490.0
10879879,-27.1019,132.6147,525.48,20287.3
10012288,-27.1228,129.1997,525.46,20854.1
5301066,-27.5367,131.7233,525.39,25582.1
10182753,-26.7783,126.4553,525.19,20737.7
9138676,-27.0133,133.2672,525.17,21486.1
4950633,-27.4608,130.7081,525.06,26138.9
5451167,-27.485,128.3703,524.72,25359.5
6462319,-27.8456,123.3111,524.72,24033.5
11226208,-26.8444,128.9011,523.94,20075.8
7008451,-27.0247,128.5172,523.62,23413.1
7361529,-26.7811,133.0525,523.34,23048.3
11069048,-26.8778,126.6033,523.32,20170.8
11256834,-27.8486,123.2561,522.77,20056.8
9763679,-32.0683,122.7867,522.67,21027.5
10535757,-26.9117,133.0422,522.05,20502.9
7698707,-27.1578,131.0636,521.9,22717.0
8803211,-27.0061,133.2889,521.88,21748.4
8467888,-28.7375,122.5239,521.82,22025.0
5791473,-27.1628,126.5244,521.35,24882.7
9796204,-26.7808,133.1006,520.93,21003.3
9138680,-26.8697,126.3767,520.92,21486.1
6761622,-27.0783,127.4233,520.85,23686.3
10602107,-26.7264,125.6572,520.72,20462.4
8066600,-27.0669,126.3839,520.55,22375.1
9767803,-27.3403,130.8742,520.18,21024.5
5970435,-26.8019,122.9867,519.79,24646.0
8565700,-27.1475,131.0347,519.67,21943.8
10997043,-26.9481,126.3481,519.63,20211.8
6677077,-26.7447,123.6933,519.53,23783.0
10137379,-28.3869,121.7936,519.28,20765.3
4715559,-27.2122,132.048,518.98,26535.6
9070566,-26.8106,132.9747,518.74,21536.5
6743460,-28.9944,122.8847,518.66,23707.9
10507413,-27.5694,121.2528,518.39,20521.5
11307897,-26.7803,133.0694,518.26,20025.0
10325360,-26.9842,133.1289,517.98,20642.2
2892422,-27.6708,130.4128,517.88,30781.8
2597418,-29.1036,123.2167,517.68,31771.8
9514350,-27.5861,121.3192,517.34,21205.6
8695088,-27.3408,123.0756,517.28,21836.1
6826994,-27.1564,132.5633,517.05,23613.6
6516549,-27.0042,132.7783,517.02,23969.8
11044223,-27.7314,123.5011,517.01,20186.6
8565699,-27.1494,132.3014,516.95,21943.8
11387890,-26.8153,132.9869,516.3,19980.4
3395550,-27.1456,132.8147,516.1,29342.7
7329068,-28.2122,123.6756,514.72,23078.7
10879873,-27.615,130.5669,513.91,20287.3
9183120,-27.4131,130.0669,513.63,21450.5
4702549,-27.1906,133.4192,513.58,26559.6
8124778,-27.13,128.4814,512.84,22320.9
9324148,-31.9783,122.8628,512.68,21343.3
3493440,-27.8861,121.3322,511.79,29092.0
6874635,-27.4053,130.0628,511.6,23562.3
8275889,-27.3714,129.8519,511.57,22189.2
7947783,-27.3431,126.5228,511.24,22480.2
3709973,-28.0389,123.395,511.07,28563.8
8550610,-27.1631,132.6225,510.99,21952.5
9605219,-28.4242,123.8567,510.47,21136.3
10681612,-27.8286,129.3536,510.07,20409.4
10050864,-26.8094,122.9894,509.98,20826.6
2492229,-27.6903,127.9608,509.69,32158.4
5179645,-27.5153,127.8714,509.63,25770.7
5260059,-28.0275,129.4989,509.55,25644.3
8369110,-27.1425,132.623,509.01,22108.7
6782541,-31.4739,121.0525,508.73,23662.1
3183176,-31.025,121.0714,508.73,29916.9
6092428,-27.1825,132.4736,508.23,24487.8
11773794,-27.2236,121.0481,508.17,19759.1
3179530,-28.0717,123.5083,507.36,29927.5
10430365,-27.9939,122.2931,507.25,20574.2
10089834,-27.6242,126.6994,507.21,20799.1
7514868,-27.2464,131.8761,506.42,22895.8
7933137,-28.5781,122.3956,506.06,22494.4
7118763,-27.4089,130.1014,505.25,23298.5
6712884,-29.3158,121.325,505.17,23740.1
1735486,-29.6917,121.0856,505.15,35658.8
5258441,-27.9333,128.1456,504.99,25646.8
9955280,-27.4447,128.2925,504.97,20890.8
7757528,-27.4192,127.8906,504.69,22658.0
10046654,-27.1511,127.0144,504.64,20829.7
9301320,-26.8561,126.3483,504.46,21361.2
8756478,-28.7172,122.3542,504.41,21783.5
6631597,-27.7744,128.5997,504.38,23833.8
2367122,-27.9483,130.585,504.22,32646.1
1956458,-29.7086,122.8042,504.16,34477.9
7274449,-27.5322,121.5131,504.14,23136.6
10507403,-28.5714,123.2989,503.87,20521.5
9876100,-27.9933,129.5617,503.31,20948.6
10484560,-26.7483,133.1464,503.05,20537.0
5861675,-28.0425,123.3864,502.5,24787.8
9430462,-29.2158,121.0814,502.49,21265.6
9168114,-32.0181,122.8061,502.43,21462.4
10739459,-28.6433,122.3933,502.34,20375.1
10644124,-27.1664,132.6211,502.16,20434.4
2599091,-30.8831,121.1453,501.9,31765.7
10511926,-27.6953,123.525,501.36,20518.4
9533918,-27.02,133.1736,501.08,21190.5
10178407,-27.9728,121.1386,500.94,20740.8
328599,-32.9556,121.1547,500.87,54610.7
5386966,-27.1042,128.5853,500.58,25454.8
6752445,-27.7689,123.5947,499.11,23697.1
10997010,-28.7839,121.8736,499.11,20211.8
11168827,-27.0119,133.1189,498.85,20107.5
9938625,-27.7597,123.5225,498.75,20902.9
4944390,-27.4914,129.6014,498.43,26146.2
6108171,-29.4306,121.6,498.01,24467.0
10085691,-26.7625,133.1803,498.0,20802.1
7385108,-28.0075,123.4297,497.98,23023.5
7390289,-28.5011,121.09,497.37,23017.9
8695002,-31.9925,122.8403,497.11,21836.1
6387449,-27.475,129.545,497.05,24123.4
10758331,-26.7256,128.3833,496.95,20362.6
6750231,-27.1264,132.8908,496.88,23699.8
9541864,-27.0664,132.7778,496.86,21184.5
10209151,-28.0817,123.5094,496.83,20719.3
2873116,-30.3889,121.0331,496.7,30841.7
7034090,-28.7533,122.3386,496.52,23388.6
4556731,-29.2469,122.1311,496.19,26819.8
8789767,-26.7344,133.1961,495.57,21760.1
7966595,-27.6194,121.5767,495.28,22466.0
9557629,-27.5719,121.5283,494.78,21172.5
9411102,-27.9989,129.3522,494.53,21280.5
10365327,-27.235,128.5069,494.33,20614.4
8342234,-28.1006,123.7436,493.58,22128.9
9063383,-27.0281,125.7578,493.57,21542.4
2057614,-30.1175,121.4514,493.54,33988.5
8960481,-28.0542,123.3894,493.31,21622.1
7947772,-28.7653,122.3344,492.78,22480.2
7300784,-27.2619,129.075,492.73,23109.1
5905466,-26.7292,125.0853,492.63,24731.2
6338745,-26.8531,128.4886,492.52,24181.5
7348454,-28.0031,128.6883,492.4,23062.2
6253369,-28.7886,122.3269,491.52,24286.6
8562375,-27.2067,133.4228,491.24,21946.7
11333703,-27.9761,123.4167,491.23,20009.1
9884320,-31.0531,121.0767,491.12,20942.5
9395649,-29.505,121.6467,490.41,21292.5
11392989,-27.8908,121.2656,489.86,19977.2
8310653,-27.9228,128.6245,489.77,22157.6
11856851,-26.8328,125.1272,489.68,19710.7
5837879,-28.8778,121.9814,489.6,24821.2
7606516,-27.2886,126.8481,489.36,22806.6
8638905,-27.345,129.3828,489.13,21879.9
8221522,-28.7983,122.3222,488.85,22235.1
8823931,-28.5178,122.2564,488.85,21730.8
7282702,-27.7806,124.3117,488.59,23128.4
11118807,-28.7175,123.7261,488.52,20139.2
2391834,-29.1103,124.0331,488.21,32548.3
7850667,-27.2536,127.8828,488.08,22570.7
10195851,-27.0742,132.8031,487.95,20728.5
9387997,-27.1622,128.6081,487.69,21298.5
10248639,-28.7397,123.6033,487.41,20691.6
9183122,-27.3422,127.8858,487.35,21450.5
4974674,-27.0656,133.0833,487.1,26097.4
10452804,-28.49,121.0875,487.06,20558.7
11408704,-28.1086,130.6575,487.06,19967.6
5841512,-28.76,122.0625,486.81,24816.0
9201625,-30.3722,121.0003,486.47,21435.6
7987249,-28.0511,123.4981,486.14,22446.2
11108874,-26.7581,124.7003,486.08,20145.5
2882038,-29.6875,121.2311,485.82,30812.8
3985856,-27.9019,129.7011,485.53,27945.9
7168346,-26.8542,133.145,485.21,23243.8
10489054,-28.9058,123.1894,485.14,20533.9
388791,-32.26,121.7872,485.13,52466.3
5870867,-27.7822,121.1669,485.11,24774.9
11205747,-29.3997,121.5172,485.1,20088.5
9063387,-26.8103,123.2992,484.68,21542.4
7197130,-29.1017,122.0036,484.53,23216.4
4615347,-27.8456,131.1117,484.37,26715.1
8742701,-27.9983,128.2586,483.59,21795.2
4536854,-27.6033,131.045,483.56,26857.8
7285299,-27.4147,125.1392,483.53,23125.6
8960476,-28.5397,122.2531,482.92,21622.1
8069587,-27.0803,133.0061,482.89,22372.2
6912155,-27.4728,132.1319,482.82,23519.0
5235568,-29.2669,123.6758,482.79,25684.0
10466442,-26.995,124.9383,482.73,20549.4
4906835,-30.4439,121.2581,482.27,26211.9
10191462,-27.9742,127.3467,482.16,20731.6
9403380,-31.34,121.295,482.04,21286.5
8075609,-28.4844,122.2347,481.88,22366.5
4020586,-29.2522,122.2917,481.78,27872.9
8181468,-28.9314,123.7453,481.18,22272.3
11597159,-26.9017,123.4319,480.96,19858.9
2200013,-30.5175,122.6533,480.84,33339.3
10222276,-27.0258,133.2353,480.82,20710.0
8971125,-28.7289,122.0486,480.78,21613.2
8288327,-26.9814,123.2606,480.73,22177.7
11707762,-28.9636,121.8989,480.71,19797.8
11246546,-28.7914,122.3339,480.33,20063.1
152450,-33.3825,123.5014,480.19,64957.5
7869104,-29.2575,122.1175,480.15,22556.6
11318182,-27.9536,123.6644,479.53,20018.6
11521299,-29.2483,122.2961,479.35,19903.7
6838674,-27.2733,126.0172,479.13,23600.1
10239754,-27.0033,133.0903,479.04,20697.7
3594038,-28.8303,122.2011,478.59,28841.2
11093862,-29.1314,122.0897,478.38,20155.0
5508539,-30.99,121.1942,478.37,25276.4
5274025,-29.3956,122.5019,478.26,25621.9
8382124,-29.0922,122.9961,477.62,22097.2
5905460,-28.6614,123.7992,476.34,24731.2
9175623,-29.7697,123.2647,476.06,21456.4
10089820,-28.5339,122.2475,475.43,20799.1
7126019,-29.1264,123.0194,475.41,23290.3
10200266,-27.2586,128.5078,475.4,20725.4
7950806,-30.4292,121.1311,474.92,22477.4
8005299,-28.83,122.1917,474.47,22429.1
7734896,-30.9172,121.1706,474.34,22680.5
10676756,-28.6397,121.2047,474.1,20412.6
5748987,-28.6142,121.0722,474.0,24939.0
6647068,-31.0839,121.0719,473.82,23815.1
9347172,-27.0253,133.2419,473.36,21325.4
10686135,-27.7347,131.9294,473.25,20406.3
9712794,-27.9314,129.7322,473.21,21060.8
6177791,-28.7069,121.2364,473.18,24378.3
10597443,-28.1158,129.7092,472.81,20465.6
11344241,-29.0758,123.0617,472.33,20002.7
6462321,-27.6381,130.9881,471.72,24033.5
4510673,-28.8264,122.1733,471.29,26905.2
11039294,-26.9108,133.2661,470.62,20189.7
3551472,-26.8839,133.4461,470.52,28947.1
9016483,-27.7739,123.7508,469.96,21580.8
6672529,-27.6603,127.35,469.73,23788.3
3637635,-27.0561,133.3019,469.7,28737.2
8491324,-28.8342,122.19,469.13,22004.7
10434759,-31.0664,121.0581,469.01,20571.1
3681620,-30.3939,122.1956,468.69,28630.6
1101750,-32.1239,121.6486,468.36,40344.8
8348632,-28.5608,121.0822,468.32,22123.1
7978358,-29.0978,122.9906,468.29,22454.7
9938598,-29.4239,124.0622,468.1,20902.9
1698519,-29.7789,122.3731,467.85,35872.6
9114265,-26.9306,133.2647,467.75,21500.9
10152161,-29.2686,122.1422,467.68,20759.2
4308075,-31.0553,121.4492,467.58,27290.8
6801766,-30.9736,121.1869,467.03,23643.3
4143751,-27.2442,133.4347,466.43,27618.0
11640232,-28.7283,123.7353,466.02,19833.2
9615232,-30.9808,121.1681,465.99,21133.3
8921416,-28.8122,122.4058,465.73,21654.5
5966586,-31.0478,121.4358,465.72,24651.2
7938889,-27.08,133.1111,465.68,22488.7
9259993,-28.6525,123.8078,465.66,21394.0
9759728,-28.8172,121.6531,465.6,21030.6
7832708,-30.9389,121.1644,465.11,22587.6
11526690,-26.8906,133.2919,465.08,19900.5
10405945,-28.815,122.4819,464.29,20586.6
1918671,-30.7558,121.5058,464.24,34671.4
10480037,-26.8983,133.4472,464.02,20540.1
9164518,-29.4081,121.3008,463.82,21465.4
10748858,-31.0731,121.0561,463.56,20368.8
177005,-33.3522,123.6261,463.55,62879.3
8742682,-29.2647,122.3153,463.48,21795.2
9880307,-28.6958,121.2083,463.37,20945.6
10369734,-30.2983,121.2769,463.32,20611.4
6967756,-28.3381,130.7786,463.14,23459.3
8149132,-30.9236,121.2,462.97,22298.1
11103713,-30.3128,121.0019,462.94,20148.7
8935598,-27.9825,129.915,462.35,21642.7
10239630,-32.0894,122.8075,462.3,20697.7
2885108,-27.9767,126.44,461.81,30802.5
10753674,-28.2428,129.5106,461.35,20365.7
9721032,-28.8681,121.7558,461.21,21054.8
10563421,-27.7006,131.3625,461.1,20484.2
8050286,-28.8297,121.7175,460.75,22386.5
8907163,-31.0897,121.0789,460.71,21666.2
10020563,-30.3922,121.1481,459.69,20848.0
7956685,-28.4394,129.7803,459.56,22471.7
11083849,-29.1481,123.0633,459.53,20161.3
11812364,-29.7772,123.5867,459.48,19736.6
6080859,-30.4136,122.5572,459.36,24503.4
6292291,-26.9514,133.4108,459.22,24236.7
8166268,-27.1744,133.3903,459.15,22286.6
5491668,-30.4661,122.3639,459.15,25301.6
8649005,-30.0406,121.6947,458.68,21871.1
11387865,-27.9525,131.6581,458.65,19980.4
9533826,-31.0122,121.1703,458.28,21190.5
7912690,-28.1622,129.4647,458.11,22514.2
624305,-33.3747,123.5103,457.98,46699.5
10772502,-32.1161,121.65,457.79,20353.2
6741163,-31.2189,121.4681,457.25,23710.5
10629930,-30.4278,121.2708,457.14,20443.8
6841006,-28.3208,124.5844,456.94,23597.4
7933150,-27.3094,132.7331,456.14,22494.4
6140451,-31.6639,121.2306,456.14,24427.9
9664038,-31.1942,121.2681,456.06,21097.1
11508681,-28.2047,129.5439,455.9,19906.9
6210582,-27.8944,127.5522,455.82,24339.0
10918801,-26.9442,133.4186,455.66,20262.2
10700102,-30.9492,121.1783,455.57,20397.0
5436354,-29.0764,122.4072,455.27,25382.1
10475518,-27.9867,126.5469,455.27,20543.2
5931460,-30.2578,121.9667,455.27,24695.1
8816960,-27.8967,123.9367,455.26,21736.7
9164555,-26.8778,133.4497,455.17,21465.4
11471876,-28.9186,121.7489,455.14,19929.3
9660030,-29.7578,121.2569,455.02,21100.1
11054130,-30.3969,121.3122,454.92,20180.3
10928505,-26.8303,125.9533,454.62,20255.9
1512310,-30.8836,122.5344,454.54,37046.9
2886393,-30.2364,123.0156,454.41,30798.3
9759751,-26.9161,133.4269,454.33,21030.6
2883876,-30.77,121.5228,454.26,30806.6
9103335,-31.0283,121.4286,454.2,21509.8
11143550,-27.1197,128.9208,454.15,20123.4
9946926,-28.5792,121.0556,454.01,20896.9
9684438,-30.2086,122.1008,454.0,21082.0
9271113,-28.6583,121.0797,453.94,21385.1
9976371,-29.7478,121.1214,453.88,20875.5
8628925,-28.1867,127.4403,453.52,21888.6
9486771,-28.83,121.6111,453.51,21226.6
6460125,-27.0547,133.3328,453.12,24036.1
9775937,-27.7781,131.165,453.08,21018.5
9892747,-29.8122,122.3828,453.03,20936.4
8149138,-30.2822,121.5772,452.87,22298.1
7612046,-29.0172,121.7561,452.75,22801.0
9030925,-30.3664,121.1364,452.7,21569.0
5253842,-28.8189,121.3011,452.68,25654.2
9510380,-29.0139,122.1817,452.52,21208.6
11683428,-29.4806,122.5064,452.21,19807.5
11812393,-27.8806,128.5008,451.83,19736.6
6433662,-30.9342,122.5792,451.8,24065.3
7123600,-26.9464,127.5625,451.8,23293.1
9309029,-27.2761,128.6078,451.68,21355.2
11215896,-29.4519,121.2681,451.64,20082.2
11123827,-27.0519,124.5244,451.53,20136.0
11492941,-26.9444,133.4436,451.48,19916.5
7847646,-29.3053,122.3761,451.36,22573.5
2244519,-30.7492,121.7242,451.18,33149.6
10369815,-27.795,131.2161,451.04,20611.4
11256819,-28.7517,123.76,450.86,20056.8
10730005,-28.5658,121.0511,450.72,20381.3
7748954,-28.8325,122.2203,450.64,22666.5
8575486,-30.93,121.1972,450.55,21935.1
7978359,-29.0286,122.1917,450.41,22454.7
10029312,-28.5967,121.0531,450.33,20841.9
3083321,-29.4161,124.6808,450.2,30205.1
8323322,-27.1342,133.1219,450.15,22146.1
10351851,-28.8294,122.425,450.02,20623.7
1913518,-32.3103,121.7753,449.3,34699.0
3587819,-27.07,133.395,449.13,28856.7
10516549,-27.6161,131.41,448.7,20515.3
11088841,-28.2472,127.4942,448.63,20158.2
10525738,-26.8822,133.468,448.49,20509.1
4310341,-31.9592,122.8944,448.39,27286.1
11558608,-29.7533,122.3386,448.34,19881.3
9763774,-28.6722,121.1756,448.1,21027.5
9841163,-28.8511,121.6217,447.91,20969.9
11333697,-28.4497,129.9747,447.86,20009.1
7981322,-29.0864,122.4297,447.78,22451.8
5892313,-27.9844,125.625,447.64,24749.2
11323357,-27.5872,128.2342,447.51,20015.4
3337795,-29.4531,122.1633,447.13,29494.3
10226678,-29.0064,121.7706,446.8,20707.0
3931528,-28.0128,129.7825,446.7,28066.5
9921816,-30.3367,121.7256,446.24,20915.1
10791662,-29.78,121.1264,446.13,20340.7
3966832,-28.9061,121.3375,445.98,27989.2
11548059,-27.3406,124.4581,445.85,19887.7
8806656,-28.2694,128.7931,445.8,21745.5
8862972,-26.8978,133.4744,445.64,21698.6
9522176,-30.3869,122.0675,445.52,21199.5
9124035,-28.7033,123.9419,445.32,21498.0
8873534,-27.9183,132.1036,444.77,21689.8
5213467,-30.0142,122.6086,444.31,25716.2
2843760,-32.3067,121.2622,444.07,30934.5
6627238,-29.5036,124.6342,443.96,23839.2
10294340,-30.1858,123.2406,443.7,20663.8
10709482,-31.4158,121.4522,443.37,20390.7
10744147,-28.7175,121.1961,443.25,20372.0
5304249,-29.5725,122.5281,443.01,25577.1
6822362,-31.2214,121.5244,442.95,23619.0
10290056,-27.9539,131.7669,442.74,20666.9
9946936,-27.9822,132.0322,442.62,20896.9
9052386,-27.6744,132.0317,442.51,21551.3
8813422,-30.3214,121.4686,442.42,21739.6
10700218,-26.7256,127.3722,442.31,20397.0
9009359,-27.3153,127.2742,442.2,21586.7
10098495,-29.4536,122.1703,442.2,20792.9
10195750,-30.4531,121.2789,441.99,20728.5
6298299,-28.1944,127.6725,441.86,24228.9
11696698,-27.8794,132.0275,441.85,19804.2
9522171,-30.9172,122.455,441.7,21199.5
9597297,-30.4561,121.2858,441.63,21142.4
7927267,-32.1414,122.8253,441.47,22500.0
3855628,-29.5222,122.3558,441.45,28231.7
11113868,-28.3869,127.7078,441.45,20142.4
10535642,-30.3842,122.0069,441.09,20502.9
11367054,-27.6733,130.8278,440.77,19993.1
6326524,-29.4219,122.3486,440.56,24197.3
8487486,-30.7908,121.1356,440.56,22007.6
11839965,-30.1686,121.9661,440.18,19720.4
10285533,-30.3989,121.9869,439.84,20670.0
4597318,-28.1019,131.3728,439.52,26746.1
6475066,-28.8889,121.4581,439.4,24017.6
4410644,-27.8069,125.6975,439.35,27094.0
6712845,-30.8294,121.6761,439.32,23740.1
8190470,-28.8089,122.2133,439.08,22263.8
9557639,-26.9136,126.0019,438.92,21172.5
4467102,-29.4639,122.3281,438.87,26985.6
11178722,-27.2456,133.4639,438.87,20101.2
8375558,-29.8331,121.1083,438.54,22102.9
9518424,-26.8964,133.4842,438.52,21202.5
4575801,-27.7492,125.5169,438.02,26786.5
8533870,-30.2503,122.9283,437.55,21967.0
2505470,-30.9006,123.0464,437.13,32108.9
9194368,-27.1267,133.4147,436.81,21441.6
4415390,-27.1211,133.5731,436.26,27084.6
9106949,-30.4642,121.755,436.23,21506.9
11779319,-28.8344,121.3122,436.23,19755.9
7209787,-26.9478,133.4642,436.01,23202.6
8642301,-30.6444,121.1194,435.67,21876.9
4304625,-30.7056,121.1436,435.63,27297.8
6874589,-30.8867,122.3792,435.38,23562.3
6970108,-29.095,121.4692,434.85,23456.6
10275013,-27.9331,124.5939,434.61,20673.1
10448377,-27.1392,133.5497,434.47,20561.8
8301108,-27.6594,125.6917,434.46,22166.3
8942650,-29.145,122.3172,434.36,21636.8
10410481,-28.86,122.3042,434.33,20583.5
8458130,-30.0836,122.8233,433.58,22033.6
9426645,-26.9481,133.4683,433.4,21268.6
10791657,-29.8931,122.4472,433.05,20340.7
10620611,-29.5306,121.8769,432.8,20450.0
8608740,-27.3239,127.4742,432.04,21906.0
6791879,-27.3753,125.6406,431.86,23651.4
3975829,-30.9997,122.1394,431.86,27968.7
8715375,-27.0853,133.5139,431.74,21818.6
10634766,-27.8064,132.3589,431.54,20440.6
3419837,-31.4747,121.5442,431.5,29279.7
6302409,-30.5828,122.8431,431.29,24223.6
8464578,-30.9953,121.2181,431.2,22027.9
5828753,-32.3208,121.7775,430.81,24834.0
3617746,-29.62,122.4014,430.56,28783.7
3067635,-32.0736,121.6644,430.03,30249.4
6722893,-30.5958,123.0244,429.81,23732.0
9865884,-27.875,124.2369,429.8,20951.7
11173624,-30.9439,122.5544,429.31,20104.4
10884725,-29.2064,122.4119,429.24,20284.2
2108256,-30.6353,123.3519,429.0,33751.5
7784081,-26.9039,133.4894,429.0,22635.5
11661861,-31.4256,121.4561,428.89,19820.3
9514325,-29.4678,122.1722,428.84,21205.6
7588765,-28.8517,121.3225,428.58,22820.5
9293655,-27.9786,132.1361,428.46,21367.2
10540246,-27.9875,125.5097,428.34,20499.8
8407582,-30.5058,121.2092,428.12,22074.1
7095526,-29.1503,121.8133,427.79,23320.4
9282255,-27.4083,125.4819,427.44,21376.1
3154820,-29.8156,122.5683,427.42,29997.7
9131391,-26.9103,133.4867,427.34,21492.0
6732135,-26.8419,133.4572,427.33,23721.3
10274988,-29.4483,122.1569,427.31,20673.1
8514026,-31.9478,122.9067,427.3,21984.4
9048766,-30.7167,121.5739,427.01,21554.2
7191999,-30.7322,121.8231,426.94,23221.8
6768851,-26.8983,133.5122,426.77,23678.3
11487674,-28.1719,124.5217,426.57,19919.7
7647796,-32.2214,122.8389,426.35,22764.6
4386769,-29.6303,122.4075,426.23,27138.6
11471891,-28.2033,126.8408,426.11,19929.3
7237591,-26.9558,133.4878,426.05,23172.4
9301319,-26.9475,133.4847,425.57,21361.2
9967888,-30.4997,121.2119,425.56,20881.6
6852696,-28.1256,124.48,425.31,23583.9
8779304,-29.9786,123.4014,425.16,21768.9
3554838,-29.7689,122.5233,424.74,28938.3
7765951,-27.5428,128.7911,424.72,22649.6
961623,-32.0511,121.9858,424.69,41819.6
7247881,-30.8578,122.8836,424.55,23161.4
8645751,-26.8458,126.1258,424.49,21874.0
5296508,-29.7094,122.4672,424.41,25589.6
6984535,-29.2822,124.3667,424.18,23440.3
6998846,-28.0967,124.4919,424.12,23424.0
9917756,-27.0819,133.4303,424.03,20918.2
8681538,-27.4711,128.7328,423.77,21847.8
9824629,-28.3592,127.1203,423.72,20982.0
7859215,-29.7297,122.4811,423.62,22562.2
9619325,-27.0403,133.3739,423.53,21130.3
7763116,-27.8992,131.9672,423.4,22652.4
7606498,-29.7128,124.1392,423.34,22806.6
8218509,-26.9603,133.4864,423.32,22238.0
3515162,-30.9644,121.7708,423.02,29035.0
6773413,-27.1353,133.5089,422.86,23672.9
10128609,-30.3072,123.1306,422.83,20771.5
4142641,-29.8703,122.6239,422.51,27620.3
8181482,-28.1042,124.4883,422.34,22272.3
8681529,-28.1411,124.4906,422.31,21847.8
10700210,-27.1186,124.4422,422.27,20397.0
6879202,-32.0506,122.0044,422.23,23556.9
9012845,-28.1,124.4786,422.16,21583.7
9631293,-28.1328,124.4881,422.12,21121.3
11466494,-30.5689,122.9486,421.97,19932.5
8356465,-28.1486,131.6294,421.8,22120.2
8404410,-26.9556,133.4717,421.63,22077.0
10063579,-30.9975,121.8739,421.53,20817.4
10405863,-30.9169,121.8447,421.48,20586.6
11006944,-29.5533,121.1217,421.41,20205.5
9012782,-30.7239,121.4806,421.38,21583.7
8038262,-28.2647,128.0464,421.3,22397.9
11718621,-30.045,122.7117,421.24,19791.4
11702127,-27.9939,126.9203,420.87,19801.0
10854060,-26.8842,127.5636,420.73,20299.9
5498386,-27.7211,127.4744,420.63,25291.6
2874379,-32.1208,122.0092,420.55,30837.6
1770366,-31.3969,121.9194,420.49,35461.8
11640243,-28.0144,131.7836,420.46,19833.2
9099748,-28.0867,124.4872,420.2,21512.8
4384488,-31.0206,122.6364,420.19,27143.3
8291512,-29.6222,124.5014,419.93,22174.9
10611256,-30.2089,121.1075,419.63,20456.2
11575519,-26.9178,133.5175,419.48,19871.7
4638543,-27.0083,133.4967,419.41,26672.1
10791584,-31.0431,121.8192,419.17,20340.7
9755618,-26.9628,133.4919,419.05,21033.6
10111433,-28.1236,124.28,418.83,20783.7
9788124,-29.4025,122.3214,418.58,21009.4
11547882,-31.9536,122.9131,418.41,19887.7
9763678,-32.4181,121.1197,417.87,21027.5
11829074,-28.1117,124.4811,417.77,19726.9
5863460,-32.0794,121.5328,417.68,24785.2
11656305,-30.4811,122.1817,417.25,19823.5
11419048,-30.7606,121.4961,417.23,19961.2
7217290,-30.5225,121.2542,417.08,23194.4
9530025,-28.9272,121.3361,416.78,21193.5
10334091,-31.3689,121.8922,416.56,20636.1
9331900,-28.2017,124.6339,416.3,21337.3
10147832,-26.7989,133.4525,416.1,20762.3
7892270,-27.3478,133.3803,416.07,22534.0
7250494,-28.3172,128.3414,416.02,23158.7
7927320,-28.595,124.2989,415.67,22500.0
9601304,-27.2739,133.4928,415.5,21139.4
7038990,-30.9631,121.5014,415.38,23383.2
5886733,-26.9897,133.5475,415.34,24756.9
10396772,-30.1039,123.3792,415.33,20592.8
8190423,-30.1589,122.3528,415.04,22263.8
7387688,-27.1517,133.5044,414.77,23020.7
6638265,-27.1419,133.7144,414.38,23825.8
10068714,-27.2736,133.4553,414.32,20814.4
6158110,-26.8628,133.5267,414.0,24404.4
7150875,-27.0422,133.6069,413.94,23263.0
9023692,-26.9886,133.4319,413.86,21574.9
8810142,-29.0272,121.3692,413.77,21742.6
8855935,-29.9525,121.1458,413.48,21704.4
9853699,-27.0692,133.6147,413.3,20960.8
4015156,-30.2108,122.5275,413.06,27884.3
4917925,-30.1792,122.4817,413.04,26192.5
6470778,-27.2264,133.2456,412.91,24022.9
8329689,-30.0167,121.1483,412.83,22140.4
9038075,-26.8689,133.5047,412.75,21563.1
4882418,-27.675,132.8125,412.55,26250.8
8866544,-27.2525,133.2239,412.47,21695.6
10908950,-28.5006,130.282,412.38,20268.5
9020142,-29.2153,121.8561,412.22,21577.8
8243054,-30.2247,122.54,412.01,22215.1
9514270,-30.4819,121.3389,411.86,21205.6
5412926,-28.4786,128.1772,411.63,25414.7
11178674,-29.7119,122.0572,411.5,20101.2
8691654,-30.4756,123.445,411.08,21839.0
11093777,-30.5567,122.5036,410.7,20155.0
2389463,-31.73,122.6783,410.67,32558.1
9884411,-27.9133,132.1733,410.52,20942.5
5846940,-28.1489,130.0892,410.5,24808.3
9426537,-31.0042,121.6044,410.0,21268.6
8281997,-30.5931,121.6089,409.95,22183.5
8307563,-28.6158,124.4394,409.86,22160.5
11773801,-26.8644,133.4875,409.82,19759.1
7600934,-27.8372,130.2178,409.6,22812.2
6200511,-31.0283,121.6133,409.28,24352.1
6224427,-30.1283,122.4083,409.01,24320.7
9301215,-31.3294,121.4978,408.87,21361.2
9445871,-28.0542,131.3425,408.51,21253.6
10133119,-27.1475,133.8194,408.39,20768.4
8900127,-28.6189,124.4144,408.38,21672.1
10217871,-29.7106,124.2003,408.03,20713.1
8446779,-30.5153,121.2364,407.78,22039.4
9016404,-30.5522,122.3019,407.7,21580.8
6399977,-30.0661,121.9108,407.67,24107.6
7786866,-30.2022,122.5189,407.67,22632.7
5112584,-30.3325,123.2447,407.47,25874.3
10899320,-27.2286,133.2603,407.24,20274.8
6031926,-30.5753,121.6567,407.23,24565.7
8121617,-30.3675,123.4078,407.19,22323.8
4650387,-31.3036,121.88,407.14,26653.0
10204736,-28.4942,125.2431,407.12,20722.3
3623276,-31.5289,121.5708,406.77,28770.5
7411367,-31.5036,121.5428,406.28,22995.8
3021354,-31.6542,122.5422,406.24,30386.0
11624111,-27.8564,131.8686,406.04,19842.8
11492910,-28.925,121.5686,405.85,19916.5
9027367,-28.6692,130.1186,404.79,21571.9
10758309,-28.0483,131.2153,404.49,20362.6
6383209,-30.7792,121.8297,404.3,24128.7
8471148,-31.0031,122.4675,404.24,22022.1
7207261,-27.8706,132.2397,403.92,23205.4
11297492,-28.3908,129.2122,403.86,20031.3
4664536,-31.1253,121.6147,403.8,26626.7
8869983,-28.9197,121.3197,403.6,21692.7
10943167,-28.1475,132.2722,403.41,20246.5
9077783,-27.1672,133.8647,403.35,21530.5
11613339,-31.6092,121.5253,403.23,19849.2
7387677,-28.3731,128.0853,403.08,23020.7
5861641,-31.8236,122.9747,403.01,24787.8
6128646,-28.0147,124.4247,402.02,24443.5
8793162,-28.3469,131.8611,401.82,21757.2
8823936,-28.0239,130.2617,401.79,21730.8
11751569,-31.5025,121.5239,401.77,19772.0
6547509,-32.1728,121.6458,401.73,23932.5
10094154,-30.8147,122.2719,401.61,20796.0
9131379,-27.8514,132.1961,401.28,21492.0
9959449,-31.5233,121.5797,400.95,20887.7
11382705,-27.0625,133.8944,400.21,19983.6
10120096,-27.0589,133.6442,399.86,20777.6
8786138,-30.5822,122.5444,399.84,21763.1
2308689,-32.1947,121.7992,399.84,32881.4
8659065,-31.0358,121.6214,399.56,21862.4
8096837,-31.8522,123.0058,399.21,22346.6
2104224,-32.2853,122.4153,399.07,33770.3
8233818,-31.0875,123.1822,398.74,22223.7
9980741,-27.9414,132.2406,398.47,20872.4
1465618,-32.8703,121.1392,398.21,37367.1
9688626,-26.9478,133.5219,398.14,21079.0
8739208,-30.2869,122.3972,398.11,21798.2
7600863,-30.8861,121.4986,398.08,22812.2
8796545,-26.9958,133.6756,398.0,21754.3
4319574,-30.8458,121.5078,397.65,27267.4
2847953,-31.6683,121.5853,397.59,30920.1
5996049,-29.7961,122.5506,397.51,24615.0
5213462,-31.8208,121.6017,397.43,25716.2
8964050,-30.2811,122.3972,397.43,21619.1
1703874,-32.1464,121.8161,395.38,35842.4
11318162,-28.7447,126.8178,395.24,20018.6
7639617,-29.9489,122.0294,394.61,22773.0
3334434,-32.8958,121.1761,394.52,29500.8
10889622,-27.8872,132.3783,393.86,20281.1
10466326,-32.0864,121.6533,393.8,20549.4
9145983,-30.6556,121.9197,393.75,21480.2
11297508,-27.5628,132.9289,392.71,20031.3
9832788,-31.425,122.2075,392.59,20976.0
11103809,-27.8986,132.4092,392.47,20148.7
11740734,-27.0539,133.6703,391.99,19778.5
8873519,-29.4656,121.925,391.0,21689.8
8414117,-28.15,132.1008,390.73,22068.3
9963683,-28.6353,124.4322,390.7,20884.7
5875638,-31.0739,121.9839,390.18,24772.3
6808764,-30.6997,122.4339,389.98,23635.2
5955117,-32.2297,122.7206,389.73,24666.7
5102487,-26.9494,133.7589,389.7,25891.5
2481381,-28.8633,128.8597,389.62,32202.0
3870378,-31.21,121.6731,389.59,28200.1
4456375,-31.9242,122.3931,389.26,27006.8
11173732,-28.1194,129.9008,388.86,20104.4
10191470,-27.0217,133.5833,388.59,20731.6
5776907,-30.3025,123.6881,388.43,24903.2
4656750,-30.4597,123.1161,388.37,26641.1
10173889,-30.2344,122.5436,388.14,20743.8
7564220,-28.3261,125.3025,388.08,22845.7
11466499,-30.0742,121.9219,388.06,19932.5
6148346,-30.0617,123.8761,387.5,24417.4
5285509,-30.7981,121.8703,387.45,25607.0
10535747,-28.1211,130.1889,387.18,20502.9
7815498,-29.7617,122.5483,387.03,22604.6
8316926,-29.5144,122.2764,386.83,22151.9
11266944,-30.4875,121.9947,386.71,20050.4
6011101,-32.1894,121.6736,386.3,24594.2
10285615,-27.3719,127.5936,386.13,20670.0
11591540,-31.5853,122.7042,386.04,19862.1
8722115,-27.0169,133.9089,384.99,21812.8
6455642,-31.7383,121.6814,384.89,24041.4
9134939,-31.0456,122.4772,384.87,21489.1
11231342,-29.1522,121.6767,384.56,20072.6
3996704,-31.6844,121.8167,384.35,27925.4
6708302,-30.4647,123.6844,384.27,23745.5
6435845,-31.1736,121.6503,383.78,24062.6
10620547,-30.2686,123.7114,383.76,20450.0
8562376,-27.1636,133.9992,382.53,21946.7
9800166,-31.0519,121.6122,382.04,21000.3
11445525,-28.3619,131.5225,382.0,19945.3
10200177,-31.7056,121.6919,381.73,20725.4
8103160,-28.1117,132.1481,381.71,22340.9
11597094,-29.6467,122.4517,381.47,19858.9
10690809,-28.3397,130.3525,380.76,20403.2
2783726,-31.78,122.2003,379.99,31129.6
3562546,-31.45,122.8869,379.31,28918.4
4202299,-32.18,121.7144,378.49,27500.1
10540148,-30.6353,121.9378,378.3,20499.8
8297831,-31.6197,121.8217,377.99,22169.1
8243049,-31.0972,122.0569,376.93,22215.1
8069520,-30.0583,122.3511,376.32,22372.2
8873474,-30.0394,122.3408,375.65,21689.8
5773240,-31.9842,122.6214,375.03,24908.3
11093753,-32.2333,121.7861,374.95,20155.0
10128606,-30.4758,121.5767,374.31,20771.5
9716844,-31.7258,123.0819,374.19,21057.8
10312145,-31.7342,121.6533,374.13,20651.5
11575390,-30.7344,121.2756,374.12,19871.7
7935964,-30.6389,121.9642,373.97,22491.5
7245226,-30.6242,121.9481,373.82,23164.2
6311678,-31.1956,121.6683,373.79,24215.7
9320480,-28.0136,131.87,373.43,21346.3
7642295,-32.1294,121.9239,372.82,22770.2
11241344,-30.0325,123.715,372.5,20066.3
7517428,-31.8775,122.6008,372.18,22893.0
9081401,-29.8083,122.1197,371.78,21527.6
8543885,-28.4203,131.2072,371.42,21958.3
9052325,-30.7444,122.1514,370.9,21551.3
4656768,-28.6072,128.5486,370.65,26641.1
7428278,-30.5789,121.9639,370.44,22981.9
10347418,-30.6311,121.9564,369.89,20626.8
10387728,-30.4889,121.5881,369.64,20599.0
8166241,-29.8967,122.1664,369.48,22286.6
6725194,-31.6875,122.5442,369.11,23729.3
9997573,-32.2936,122.6867,368.89,20860.2
3376081,-31.7386,122.4553,368.87,29392.6
9853598,-31.0342,122.5553,368.41,20960.8
7789705,-27.0139,133.9225,368.35,22629.9
11662011,-26.9994,133.8895,367.87,19820.3
9853701,-27.0364,133.7661,367.48,20960.8
8635629,-28.1172,131.8233,367.0,21882.8
10055124,-28.2531,130.275,365.97,20823.5
11762641,-28.245,130.2567,365.84,19765.6
5513544,-32.1894,122.2114,365.81,25268.9
8326497,-30.6181,122.0597,365.8,22143.2
8404321,-32.1447,121.8311,365.4,22077.0
10634780,-27.0242,133.9617,364.27,20440.6
6977264,-30.6722,122.1764,364.11,23448.5
7856277,-32.1169,122.0561,362.87,22565.1
11356587,-31.6306,121.8525,362.27,19999.5
11548034,-28.4697,128.4833,361.37,19887.7
10815260,-31.6642,121.6014,360.94,20325.0
995575,-33.3133,123.6486,360.7,41440.1
8450126,-28.6014,131.4083,360.66,22036.5
10165311,-30.5258,121.8983,360.54,20750.0
8385257,-32.1125,122.0864,360.19,22094.3
10858772,-26.9878,133.8242,359.48,20296.8
10558732,-28.4297,127.9897,359.28,20487.3
11795730,-31.5958,121.6269,359.04,19746.2
6003447,-31.7881,122.4172,358.92,24604.6
7446973,-30.5981,122.0931,358.88,22962.5
7536343,-31.3336,121.7456,357.5,22873.5
11591652,-28.7464,131.5044,356.5,19862.1
6638215,-32.1506,122.1497,353.97,23825.8
8691645,-31.4514,122.7456,353.85,21839.0
9426542,-30.6164,122.0836,353.0,21268.6
9934423,-31.6747,121.6158,352.86,20906.0
211781,-33.9781,123.2081,352.41,60425.0
10540129,-32.4664,121.4942,352.19,20499.8
2819577,-32.2658,121.7097,352.04,31012.7
11845567,-28.5903,127.3133,351.99,19717.2
8480825,-32.0689,122.0858,351.93,22013.4
8430364,-32.1542,121.8394,351.84,22053.9
6876893,-28.5439,128.9728,351.32,23559.6
11570073,-31.6003,123.2953,349.21,19874.9
10839465,-28.6647,127.3369,348.98,20309.3
9005757,-31.6533,121.6514,348.54,21589.7
9779984,-32.1969,121.7153,348.11,21015.4
2098603,-33.3375,123.6353,348.01,33794.8
7073122,-33.3342,123.6394,347.74,23345.0
11823503,-26.9878,133.8392,347.36,19730.1
3183173,-31.9964,121.8219,347.05,29916.9
4997958,-32.4203,122.0914,346.64,26060.8
7898012,-32.1408,121.7969,346.61,22528.3
10285596,-28.8553,130.9925,346.37,20670.0
10165398,-28.7522,130.2858,346.35,20750.0
4676237,-32.7389,122.2189,346.22,26605.2
4862935,-31.2711,122.755,346.08,26284.7
4083827,-31.9972,121.9008,345.43,27740.0
4114084,-32.3672,121.7844,345.04,27677.9
180254,-33.9931,122.135,344.53,62626.5
5951445,-31.6097,121.6503,344.08,24671.8
4017438,-31.77,121.825,344.06,27879.7
11168816,-27.5928,133.9544,343.73,20107.5
9164530,-28.5364,128.7697,343.7,21465.4
7555934,-31.8472,121.7011,342.97,22854.0
5302619,-31.7992,121.7889,342.81,25579.6
7698651,-32.7933,121.0919,342.79,22717.0
9099681,-31.3239,121.7822,342.46,21512.8
10169609,-32.2586,121.7186,342.41,20746.9
7227296,-32.2944,122.0089,342.17,23183.4
5357252,-27.7011,133.8978,341.84,25497.3
5508532,-32.51,122.4936,341.78,25276.4
4694793,-32.0911,121.7036,339.26,26574.0
5964642,-31.6281,121.6539,339.23,24653.7
8236865,-31.9703,121.8203,338.63,22220.8
10261690,-28.6739,129.0958,338.29,20682.3
7990285,-27.6089,133.8186,337.66,22443.3
8407566,-32.5056,122.3125,336.34,22074.1
4565777,-32.3136,121.8411,335.27,26805.6
8985495,-31.1336,121.915,335.2,21601.5
5927693,-31.8619,121.7331,335.15,24700.2
10597347,-31.3225,121.7672,334.79,20465.6
9950965,-33.3175,123.6469,334.11,20893.8
9457350,-31.1483,121.9614,333.92,21244.6
7334245,-32.1425,121.7275,333.69,23073.2
6007319,-28.5439,132.4014,333.57,24599.4
10695412,-31.1058,122.2389,333.55,20400.1
9849415,-32.305,121.8639,333.54,20963.8
2740609,-32.4311,121.7675,333.1,31274.6
6982039,-32.0078,121.8764,332.2,23443.0
9976301,-31.8347,122.4767,331.02,20875.5
7313619,-31.535,122.2833,330.53,23095.3
8806649,-28.9897,127.9122,328.19,21745.5
10470777,-31.6583,121.9208,326.81,20546.3
9631281,-28.9056,127.3472,326.75,21121.3
10853938,-31.1967,122.4892,326.1,20299.9
10574255,-31.855,121.7392,325.86,20481.1
9892764,-28.8997,130.3797,325.86,20936.4
1197460,-33.3958,122.4603,325.32,39460.2
1467437,-29.8231,131.0225,324.63,37353.5
11677961,-31.1686,121.6894,323.85,19810.7
9045222,-31.2089,122.53,323.75,21557.2
3540133,-32.4864,121.7939,322.62,28973.5
9763775,-28.6356,130.4283,322.45,21027.5
9959454,-31.2519,122.4333,321.88,20887.7
6986896,-32.1178,121.8036,320.69,23437.6
6208586,-32.0869,121.8183,319.36,24341.7
1424898,-33.9633,123.2164,319.14,37652.5
9248813,-29.2864,131.2581,315.4,21402.9
10334083,-31.9472,121.9208,311.6,20636.1
11751570,-31.4806,123.3408,310.92,19772.0
4132930,-32.9181,121.6436,310.37,27641.1
7533682,-28.8592,126.0753,309.79,22876.3
4829414,-32.6683,122.9133,308.26,26340.4
6708286,-32.6564,121.7139,307.93,23745.5
11118806,-28.7192,130.515,306.63,20139.2
2144376,-29.9433,132.415,303.92,33586.8
5144285,-30.1589,131.5772,303.87,25825.0
3332108,-32.3419,123.1681,303.04,29507.3
11677948,-31.9356,121.6906,301.18,19810.7
8602050,-32.09,121.7486,300.11,21911.9
4817239,-32.9661,121.0639,299.25,26362.2
11735014,-29.0189,130.9453,297.74,19781.7
9716840,-32.0569,121.7592,297.7,21057.8
9700631,-32.3797,123.2222,297.69,21069.9
2093225,-33.3356,122.5281,297.63,33821.2
9490655,-32.1747,121.8636,295.13,21223.6
1850448,-33.2936,122.1217,294.33,35026.1
10639350,-29.025,131.7206,294.12,20437.5
11323233,-31.8933,121.8617,293.91,20015.4
6447080,-30.0869,132.5514,293.76,24052.0
11039140,-32.7311,121.6097,293.19,20189.7
10374277,-28.1411,133.3392,290.76,20608.3
7207205,-31.1133,123.7494,290.57,23205.4
5981761,-32.3331,123.2917,288.69,24630.5
7356207,-30.9214,133.9922,288.49,23053.9
9146039,-29.6847,130.7789,285.03,21480.2
7655980,-33.2642,121.0283,284.77,22756.2
6288076,-32.1206,123.3858,282.16,24242.0
3447857,-32.9208,123.0956,280.17,29207.8
4489760,-30.4247,132.0364,279.47,26945.4
9168133,-30.2883,131.8308,279.22,21462.4
6782535,-32.6097,123.1344,279.05,23662.1
5807508,-29.8247,132.3794,278.19,24859.6
11521183,-33.0522,122.1258,277.89,19903.7
8880333,-33.1181,121.1558,276.43,21683.9
3588718,-33.3603,122.6794,274.48,28854.5
7528250,-32.8139,122.9833,273.51,22881.9
4410622,-31.4139,123.7219,272.3,27094.0
1309407,-33.3733,123.4481,272.02,38525.6
1983807,-33.9894,122.1233,270.71,34344.6
1989032,-33.4575,122.1436,270.34,34318.7
731578,-33.7108,123.2475,266.75,44863.9
9256234,-29.0747,132.6625,264.95,21397.0
7924306,-31.3347,123.5136,264.65,22502.9
1644199,-33.4028,123.5917,262.37,36199.7
3607291,-30.5994,132.9453,261.94,28810.3
8917768,-33.0178,122.9372,260.32,21657.4
579501,-33.9681,122.1658,260.22,47582.0
8971056,-31.285,123.6272,259.73,21613.2
11246447,-31.2175,123.6772,258.31,20063.1
7060926,-32.9772,123.0369,258.22,23358.6
813579,-33.9867,122.1547,257.98,43669.3
1084410,-33.5697,123.5322,256.96,40516.5
11492807,-31.2408,123.7644,255.63,19916.5
9788033,-33.3033,122.8022,254.99,21009.4
1077228,-33.6856,123.4206,254.56,40585.7
5949604,-30.16,131.8481,252.78,24674.4
9274757,-30.01,131.9358,252.28,21382.1
3912132,-30.6906,132.8881,251.98,28107.3
1216194,-33.6336,123.4956,251.7,39298.4
11313060,-29.1736,129.9306,248.46,20021.8
10195744,-31.2914,123.5644,246.8,20728.5
9343252,-30.575,133.0572,245.69,21328.4
9034490,-30.5419,132.7703,245.46,21566.0
1494390,-33.5978,123.4914,244.56,37168.8
4822585,-33.6983,123.4203,242.62,26352.5
11039167,-30.425,132.7606,242.49,20189.7
6263455,-30.4747,132.8878,241.27,24273.5
11241425,-29.1444,130.33,240.6,20066.3
4714291,-30.0222,133.8542,240.09,26538.0
2889606,-33.0194,123.3425,239.73,30788.0
11231249,-30.6347,133.3639,237.69,20072.6
4716870,-29.3692,133.3978,237.24,26533.2
683440,-33.9103,123.2922,235.74,45646.7
3175922,-30.6981,132.3497,234.93,29938.1
5150260,-32.9664,123.3956,233.81,25815.1
10209047,-31.4972,123.6897,233.34,20719.3
7321293,-30.6247,132.2444,232.77,23087.0
2135821,-33.5489,123.3617,232.09,33624.7
795258,-33.8775,123.3242,231.8,43923.9
5970409,-29.8344,133.2761,230.12,24646.0
11801361,-30.4036,132.6283,230.1,19743.0
7351014,-30.3053,133.5164,229.5,23059.4
10863488,-30.2306,133.95,229.21,20293.6
7996234,-30.3567,133.2989,228.09,22437.6
5279134,-30.5678,132.5161,227.57,25616.9
4333326,-33.2253,123.1233,227.0,27239.4
5724101,-30.8794,133.01,225.49,24974.7
4978947,-30.9256,133.1747,223.97,26090.1
3032890,-33.4603,123.3981,223.79,30350.3
11413860,-30.2494,133.2853,223.74,19964.4
1247176,-33.7242,122.7511,223.24,39033.3
5936233,-30.7758,132.6261,222.71,24692.5
1155422,-33.7442,123.2803,222.6,39837.8
2380694,-31.2078,133.5781,221.83,32591.4
4174435,-33.3514,122.9964,221.37,27555.6
8136904,-33.0703,123.2719,221.32,22309.5
10777125,-32.8025,123.2022,221.11,20350.0
10801219,-29.6922,130.6117,216.91,20334.4
10443822,-29.8822,133.59,216.79,20564.9
5362295,-33.5839,122.6011,216.61,25489.8
11553278,-31.1575,124.4939,216.38,19884.5
11307740,-33.0386,123.325,215.55,20025.0
8212085,-30.9008,132.2967,215.12,22243.7
394464,-34.1478,122.2428,214.56,52287.5
8659068,-30.8603,133.1497,213.77,21862.4
399679,-34.065,121.9872,213.21,52122.8
4787177,-30.7628,133.1167,212.71,26412.9
8332843,-33.5769,123.5269,212.68,22137.5
10165306,-31.2508,124.3728,210.51,20750.0
5671564,-30.7344,133.8283,210.21,25046.0
4817238,-33.3444,123.5408,210.16,26362.2
11392876,-30.805,132.3656,209.73,19977.2
10016442,-30.9228,132.3706,209.36,20851.1
2424754,-31.4667,133.1003,207.63,32418.9
8494443,-30.6464,132.4375,204.33,22001.8
10405865,-30.8483,132.6297,203.78,20586.6
11707677,-30.8731,133.3064,203.37,19797.8
10879768,-30.8372,132.9144,202.8,20287.3
3300543,-33.6397,123.31,202.79,29593.5
2630332,-33.6469,123.2678,199.71,31655.2
6813354,-33.5858,122.445,199.63,23629.8
7021938,-30.8331,132.5239,199.52,23402.2
1895896,-33.7181,123.3061,199.06,34788.8
4308063,-33.9019,123.2983,199.06,27290.8
8359697,-29.7481,130.5558,198.56,22117.3
8166169,-33.3131,123.5097,198.25,22286.6
11333549,-33.5489,121.9719,197.0,20009.1
5685451,-33.5158,123.2875,195.7,25025.7
10602064,-29.7022,130.5344,195.42,20462.4
11591545,-30.9414,133.0778,194.96,19862.1
6752411,-30.8958,132.8864,194.92,23697.1
11477107,-33.3044,123.0122,194.91,19926.1
9085149,-30.9114,132.5003,194.76,21524.6
1235084,-31.5778,131.8911,194.4,39136.0
3754777,-31.0392,132.4947,194.39,28461.0
9639884,-33.5642,122.2717,194.02,21115.2
10434733,-33.9894,123.1956,192.4,20571.1
6136521,-31.1653,132.7408,191.95,24433.1
8385267,-30.7578,133.0531,191.87,22094.3
5310420,-33.5711,123.3914,191.44,25567.2
5591483,-31.045,133.3286,189.79,25160.2
9884319,-31.0647,133.4525,189.31,20942.5
9380202,-33.2236,123.1886,188.12,21304.5
6110149,-33.5856,122.8481,187.11,24464.4
7553323,-31.0053,133.5892,186.6,22856.8
1312690,-33.8142,122.1106,186.52,38500.8
3860350,-31.1419,133.3858,185.84,28220.4
9142147,-33.9681,123.2372,185.63,21483.2
11133634,-31.1453,133.8178,184.26,20129.7
11542470,-31.0136,133.8725,184.0,19890.9
5556690,-31.3108,133.1364,183.96,25208.3
8652356,-30.8064,133.0731,183.84,21868.2
3964850,-31.5836,133.7128,182.77,27993.8
5067953,-31.2758,133.435,182.37,25945.6
6797252,-31.2339,133.5169,181.59,23648.7
5634159,-31.4169,133.6597,181.39,25096.8
5363932,-33.6661,123.3867,180.3,25487.3
4040549,-31.4019,133.3544,179.86,27831.7
11398146,-30.8767,132.7314,179.5,19974.0
6585495,-31.6675,132.0258,178.94,23889.9
575538,-33.9878,122.8433,178.3,47665.0
10957550,-33.5606,122.9025,178.24,20237.0
3594897,-31.8806,133.6567,177.94,28839.0
586764,-34.0058,122.8083,176.57,47433.2
9407122,-31.2225,132.9722,176.42,21283.5
11618691,-30.8975,132.7075,176.34,19846.0
8964039,-31.1528,133.5403,176.25,21619.1
736055,-33.9942,122.2547,175.86,44794.3
8410803,-31.1086,132.9283,175.79,22071.2
4340712,-33.6647,123.3058,175.34,27227.7
4281527,-33.6581,123.2156,175.26,27342.1
9256172,-30.9411,133.4919,175.1,21397.0
9659963,-31.5094,131.7997,174.83,21100.1
7798219,-31.1933,133.4889,174.52,22621.5
8996316,-33.6383,123.3528,174.16,21592.6
975434,-34.0036,122.1892,174.06,41665.5
3211752,-33.7217,123.2056,174.05,29835.8
11387746,-31.4253,133.0756,172.92,19980.4
5043286,-33.6,123.1311,172.09,25987.3
5370330,-33.5606,123.15,171.92,25477.3
4799263,-33.9992,123.1964,171.62,26391.2
11450640,-33.4889,122.9036,171.19,19942.1
626404,-34.0947,123.1733,170.87,46661.3
4630817,-33.6797,123.0147,170.67,26686.5
4206585,-31.8878,133.4194,169.82,27490.8
6784836,-31.5525,132.9256,169.81,23659.4
6263445,-33.9781,122.1522,169.06,24273.5
8504200,-31.0736,132.7231,168.58,21993.1
9659962,-31.5678,133.8064,168.45,21100.1
11596965,-33.3983,123.1481,168.28,19858.9
9114148,-33.7403,123.2925,167.85,21500.9
10401309,-31.1503,133.1292,166.56,20589.7
905775,-33.9408,122.575,166.01,42475.7
1534567,-33.9111,122.1989,165.14,36898.7
8375515,-31.1717,133.327,164.87,22102.9
11148436,-33.6458,122.27,164.78,20120.2
4259315,-33.6725,122.0544,164.49,27384.0
8638815,-31.3847,132.8906,164.36,21879.9
6654484,-31.8789,133.7764,164.19,23809.8
9271007,-33.6028,123.015,163.36,21385.1
9849423,-31.5542,132.8558,163.26,20963.8
8735772,-31.0528,133.0031,162.95,21801.1
1565940,-33.9056,122.5006,162.81,36694.4
7313610,-33.6786,122.3303,162.77,23095.3
4368965,-33.7597,122.5494,162.3,27171.5
1157422,-33.9808,122.2167,162.14,39818.6
11537186,-31.2625,132.74,161.99,19894.1
1084568,-33.9197,123.5422,159.98,40515.0
10791586,-30.9811,132.6044,159.75,20340.7
11338729,-33.6456,122.2986,159.49,20005.9
10952785,-31.0078,133.6958,159.2,20240.2
10839370,-31.1136,133.3806,159.14,20309.3
7927259,-34.1292,122.2447,159.08,22500.0
2581985,-33.8475,122.4361,158.94,31827.9
9339420,-31.1481,133.4511,158.65,21331.4
7698648,-33.6742,123.2369,157.79,22717.0
3795204,-33.7347,123.0408,157.6,28366.8
8681463,-31.3711,133.4325,157.17,21847.8
6447059,-33.7133,122.7606,155.62,24052.0
1563859,-33.8186,121.5781,155.31,36708.3
9347043,-33.6892,122.555,153.49,21325.4
11246446,-31.2303,133.2422,153.32,20063.1
7558634,-33.65,123.1386,153.13,22851.2
8841411,-31.6111,132.7986,152.95,21716.2
2160673,-33.8703,122.1797,152.52,33512.8
2615999,-33.87,122.4597,152.01,31705.5
10392290,-31.7461,133.3394,150.9,20595.9
6618382,-33.7783,122.41,150.75,23849.9
5505102,-33.7661,122.5303,150.59,25281.5
9980639,-31.2653,133.1964,149.38,20872.4
11683347,-31.2378,133.1806,149.19,19807.5
7544647,-31.3881,131.5428,148.54,22865.2
7497482,-31.6158,133.2789,146.52,22909.7
11817824,-33.6792,122.2925,146.48,19733.3
4799264,-33.7925,123.2731,145.65,26391.2
3597436,-33.9594,123.2714,144.97,28832.4
10578951,-31.2569,133.2281,144.97,20478.0
3402789,-34.115,122.2397,143.83,29323.2
7041359,-33.98,122.1642,143.13,23380.4
6198504,-33.9897,122.2636,142.89,24354.7
10217776,-33.9997,122.1875,142.3,20713.1
925805,-33.8431,124.135,139.99,42235.0
2177538,-33.9094,122.2906,138.19,33440.4
11461218,-33.9936,122.1503,135.89,19935.7
4660690,-33.825,122.3647,134.59,26633.9
1875078,-33.9531,122.2217,132.02,34896.7
4326534,-33.8411,122.95,131.33,27253.4
1053394,-33.9636,122.0133,130.84,40831.4
1860989,-31.9256,132.9189,130.31,34971.5
3394698,-33.9039,122.2303,129.58,29344.9
1099739,-34.1167,121.9772,127.87,40365.3
6732078,-31.6994,131.9186,127.25,23721.3
11173610,-31.9003,133.9658,126.44,20104.4
8533864,-31.6281,131.8367,125.97,21967.0
1132338,-34.0003,122.6328,125.89,40051.6
3420628,-31.5586,132.3483,125.06,29277.5
7186969,-33.8183,122.2114,124.08,23227.3
1958260,-33.9339,122.4942,123.61,34470.5
1183845,-34.0311,122.1433,122.94,39579.5
9672233,-34.0075,122.1811,122.38,21091.1
1203486,-34.3558,123.5539,121.88,39408.5
7550031,-31.8897,132.7703,121.82,22859.6
5007975,-31.8753,132.6292,121.61,26043.7
1710128,-33.8619,124.1367,119.8,35805.1
3301329,-33.91,122.5564,118.42,29591.4
10982173,-31.3556,131.6539,116.71,20221.3
10081488,-31.4042,131.4075,116.4,20805.2
10213473,-31.4981,131.6489,116.26,20716.2
7720858,-31.455,131.5258,116.05,22694.6
7859157,-33.9944,122.1033,115.97,22562.2
11073803,-31.3733,131.7172,115.95,20167.6
11302637,-31.5789,131.785,114.17,20028.2
10230917,-33.8353,123.2775,113.96,20703.9
1423376,-34.0342,121.9931,111.33,37664.3
10452711,-31.4375,131.4792,111.1,20558.7
1444320,-34.0336,121.6044,110.45,37515.1
11158552,-33.8292,122.4914,109.11,20113.9
10700092,-31.3953,131.6536,109.0,20397.0
1492901,-33.9197,121.9936,108.48,37179.1
11471779,-31.3822,131.6408,108.18,19929.3
8722025,-31.5247,131.6383,107.83,21812.8
3284245,-34.3747,123.5367,105.76,29636.6
4673639,-33.8764,121.7617,105.33,26609.9
11205643,-31.4692,131.6136,104.67,20088.5
6263447,-33.8861,122.8508,102.64,24273.5
11497994,-31.1461,132.4144,102.51,19913.3
1658180,-33.9872,121.9972,102.36,36115.1
1708613,-33.9219,121.8764,100.66,35814.0
2460718,-33.8375,121.2519,100.03,32279.1
11779225,-31.1397,131.8728,99.76,19755.9
2481368,-33.8475,121.1475,99.32,32202.0
4689586,-33.8214,121.4833,97.2,26583.6
8501030,-33.8253,121.7392,97.19,21996.0
11801315,-34.0397,121.9911,96.95,19743.0
3904002,-33.8167,121.4017,96.69,28125.5
1847418,-34.4714,121.9919,96.36,35040.7
11108716,-31.3014,131.3217,95.98,20145.5
9227889,-31.5286,132.4331,95.9,21414.8
7751757,-31.6525,131.6744,95.54,22663.7
5313559,-33.8439,121.1086,93.26,25562.2
3073148,-34.0064,122.2114,93.1,30232.5
1988305,-34.0047,122.5894,92.45,34322.4
1999223,-34.0664,122.0081,92.16,34268.5
10829669,-33.8347,121.2158,91.88,20315.6
2022441,-34.0,121.6758,91.55,34154.9
9751491,-31.6019,131.5828,90.79,21036.6
2092074,-33.9217,121.9056,89.8,33826.9
4067203,-34.0044,123.1811,89.48,27776.7
4757126,-31.8836,132.3344,89.41,26463.5
3644629,-33.8775,121.8908,89.31,28719.5
2132200,-34.0492,121.9581,88.82,33641.8
11054111,-31.5519,132.1025,88.66,20180.3
6035605,-34.0081,123.1775,88.57,24560.5
6350903,-34.1242,122.2586,87.87,24165.7
2525129,-32.9633,124.3264,87.54,32035.4
2705969,-32.9683,124.3089,84.49,31392.5
2328004,-34.2042,122.3486,84.44,32801.8
2873756,-32.9603,124.3392,83.52,30839.7
2399169,-34.1453,122.0542,82.99,32519.0
6683674,-32.1036,133.2361,82.25,23774.9
2507034,-33.9244,121.7947,80.88,32102.9
2940890,-32.9519,124.3617,80.65,30630.3
2543847,-34.1175,121.9914,80.19,31965.7
7628469,-32.1386,133.7894,79.31,22784.2
2685437,-34.1958,122.4953,77.69,31463.4
2687726,-32.51,133.3047,77.65,31455.3
8163087,-34.115,121.9958,77.4,22289.5
11200587,-33.9475,123.3056,76.61,20091.7
11190503,-33.8131,121.6919,75.86,20098.0
4596041,-32.1989,126.3681,75.64,26748.5
5108219,-32.1703,126.3531,74.86,25881.7
2906806,-34.0889,122.8331,74.13,30734.1
4250365,-33.8914,122.9753,72.95,27402.6
3051468,-34.0136,122.3081,72.03,30295.7
6101953,-32.9625,124.3172,71.29,24474.8
3174518,-33.9569,122.5736,71.21,29942.4
4116277,-32.955,124.3531,70.64,27673.3
3233087,-33.9997,122.6514,69.58,29776.0
3337021,-34.1483,122.0178,68.28,29496.5
11246420,-33.8053,121.8572,68.25,20063.1
3340195,-34.1978,122.105,68.24,29487.9
11123699,-31.4203,132.6397,68.1,20136.0
3395531,-32.5664,133.2844,67.57,29342.7
3495917,-34.0903,122.5375,66.39,29085.4
3537522,-34.0092,122.2422,66.16,28980.1
10744036,-33.8978,122.85,65.79,20372.0
6752402,-32.9661,124.3208,65.36,23697.1
9092440,-32.1942,126.3733,65.04,21518.7
4621877,-33.9839,122.8572,64.95,26703.2
7763056,-32.2278,126.3119,64.77,22652.4
3644627,-34.0647,122.1067,64.73,28719.5
11118673,-34.0006,122.2133,64.7,20139.2
3712916,-34.0447,122.09,64.01,28559.3
3774676,-34.1353,121.9344,63.37,28416.2
4015144,-32.9506,124.3728,63.12,27884.3
5789560,-34.055,121.9561,62.44,24885.2
3932451,-33.9753,121.9878,61.81,28064.2
10312122,-34.1428,122.0439,61.37,20651.5
5021006,-32.9744,124.2958,60.64,26021.6
6808742,-34.0058,122.2453,60.42,23635.2
4941603,-32.9794,124.2878,60.22,26151.1
9518315,-32.0508,132.9683,60.17,21202.5
10967493,-33.9281,122.5817,59.88,20230.7
5580343,-34.0017,122.8231,59.49,25172.9
4185350,-32.5831,133.2828,59.49,27532.5
5261538,-32.9831,124.2817,59.45,25641.8
5240141,-34.0164,121.6092,59.33,25676.6
4337161,-33.9142,122.5967,58.21,27234.7
9605122,-33.9144,122.1131,58.18,21136.3
6171755,-32.1847,133.3847,57.48,24386.1
7701358,-33.9392,122.5917,57.24,22714.2
4533044,-32.3103,133.5172,56.64,26864.9
4570668,-33.8997,122.7539,56.35,26796.0
5879237,-33.8806,123.0036,56.04,24767.2
4621884,-32.4875,133.3339,55.96,26703.2
4646485,-34.0964,122.1189,55.78,26660.2
11068883,-33.7908,121.6517,55.65,20170.8
4740865,-34.2139,122.0825,55.08,26492.4
4785846,-34.0186,122.1436,54.76,26415.3
5918391,-32.9883,124.2683,54.74,24713.1
5117114,-34.1636,123.1383,52.51,25866.9
5185784,-34.0344,122.2353,52.08,25760.8
8464569,-31.9922,133.02,52.0,22027.9
5396763,-33.9489,122.5181,51.85,25439.8
5396761,-34.0214,122.3006,50.79,25439.8
6024345,-32.1961,133.1356,50.35,24576.1
6665752,-33.9753,123.1508,50.32,23796.4
8236852,-33.9903,123.2581,49.29,22220.8
11266919,-32.2308,126.2725,48.69,20050.4
5800343,-33.9167,122.8297,48.54,24869.9
5843326,-34.0125,122.2375,48.32,24813.5
6699273,-32.0281,132.4711,47.87,23756.2
6850294,-32.0858,133.0464,47.49,23586.6
11768029,-33.8189,121.3214,47.37,19762.4
7956610,-33.9261,122.3483,47.33,22471.7
8793087,-32.2547,126.3372,46.97,21757.2
9138582,-31.465,131.1769,46.52,21486.1
6240416,-33.915,121.8939,46.34,24299.7
6431468,-32.4011,133.373,45.46,24067.9
6479255,-34.0058,122.5389,45.25,24012.3
11701993,-32.005,132.3656,45.03,19801.0
8967601,-33.9486,122.5789,44.94,21616.2
6594248,-34.0803,123.1833,44.75,23879.2
10187017,-33.8925,121.6469,44.48,20734.6
6955812,-33.9172,122.7092,43.24,23472.9
6970064,-34.1633,123.3467,43.18,23456.6
7008374,-33.9211,122.8731,43.02,23413.1
7038976,-32.3025,133.5544,42.91,23383.2
8553818,-32.2442,133.6258,42.54,21949.6
10849078,-32.2525,126.3325,42.28,20303.0
10461806,-32.1817,133.215,41.98,20552.5
8582081,-32.5108,133.8558,41.93,21929.3
7350988,-34.08,122.1636,41.73,23059.4
7400852,-32.4578,133.6339,41.54,23006.8
7492136,-34.0094,123.5328,41.21,22915.3
7606441,-33.965,122.8589,40.82,22806.6
11312940,-34.0,122.2769,40.27,20021.8
7924294,-33.9608,122.8133,39.74,22502.9
7987163,-34.1025,122.3461,39.54,22446.2
8313751,-34.1497,122.0283,39.13,22154.8
8359612,-34.0281,122.2428,38.39,22117.3
8436778,-34.1039,123.8886,38.15,22048.1
8458090,-34.0686,123.2333,38.1,22033.6
8458105,-32.4525,133.6594,38.1,22033.6
8547175,-32.3783,133.4786,37.83,21955.4
8547171,-32.4733,133.3178,37.83,21955.4
8547153,-34.2092,122.3483,37.83,21955.4
10128571,-33.8367,121.9847,37.77,20771.5
9127537,-34.1231,121.9678,36.26,21495.0
9175535,-33.9858,123.1483,36.13,21456.4
9490637,-33.9931,122.0228,35.35,21223.6
9593292,-32.2711,133.23,35.09,21145.4
9747382,-33.9617,122.3033,34.74,21039.7
9880185,-33.9606,122.5239,34.43,20945.6
10347375,-34.0178,122.0861,33.39,20626.8
10466309,-33.9519,122.505,33.14,20549.4
10466310,-33.9508,122.3106,33.14,20549.4
10588170,-33.9653,122.845,32.89,20471.8
10634632,-33.965,122.8033,32.79,20440.6
10709452,-34.1419,121.8889,32.63,20390.7
10810560,-32.4853,133.3094,32.43,20328.1
10933140,-32.0269,132.9997,31.51,20252.8
11672574,-33.7675,124.0408,30.81,19813.9
