186,-77.0403,-126.0958,4268.02,178526.0
7263921,-77.0458,-126.055,4188.48,23147.6
753,-76.7992,-117.6592,3645.81,150360.5
10320602,-76.8172,-117.6733,3616.9,20645.3
455,-75.7975,-115.8133,3593.64,160368.4
21929,-76.7256,-117.7417,3549.98,94332.3
331,-76.2814,-112.1267,3517.34,166816.2
2842521,-77.0539,-126.2217,3496.03,30938.7
2684237,-76.7156,-117.8417,3490.85,31467.5
2456,-76.0558,-135.8242,3466.56,129821.4
7128,-76.5164,-125.7533,3392.33,112170.6
6446941,-76.5156,-125.7758,3389.72,24052.0
4330999,-76.5169,-125.81,3374.05,27244.1
7113593,-76.5133,-125.8317,3369.58,23304.0
17826,-77.1722,-126.9217,3359.14,97564.1
2086179,-75.8125,-115.8808,3347.42,33853.2
4459964,-76.5089,-125.8583,3334.59,26999.8
5054859,-76.0525,-135.8942,3306.08,25967.7
9888215,-76.0597,-135.8875,3291.09,20939.5
10819802,-77.1747,-126.8833,3262.88,20321.9
76,-73.4425,-126.7508,3195.14,199524.7
8581889,-76.0447,-135.9333,3116.99,21929.3
9403,-76.0272,-135.0567,3071.28,107711.9
302706,-75.8103,-116.1,3051.49,55677.1
313770,-76.4419,-126.0258,3051.0,55214.1
598535,-77.0786,-126.6725,3035.61,47200.2
1210456,-76.045,-136.0283,2979.21,39347.0
4804,-75.8211,-132.3067,2967.67,118629.5
1159955,-75.78,-132.2858,2962.76,39796.2
7470694,-77.105,-126.8067,2949.19,22937.5
5936103,-77.0897,-126.215,2940.48,24692.5
4967429,-76.4956,-125.955,2940.36,26109.6
746023,-76.0506,-134.7217,2929.66,44641.8
4899329,-77.1028,-126.6033,2924.58,26221.6
3594860,-77.1008,-126.19,2910.1,28839.0
83691,-76.8294,-126.0283,2906.02,73621.9
258289,-75.7136,-132.215,2898.45,57769.7
7441390,-75.8236,-132.37,2890.63,22968.0
6472786,-75.7794,-132.3408,2861.99,24020.2
26458,-75.8583,-128.6417,2847.52,91305.9
10329338,-77.0872,-125.9467,2846.16,20639.2
9836718,-77.1072,-126.155,2844.8,20972.9
248797,-76.6611,-118.1133,2832.08,58262.7
7644874,-76.8244,-125.95,2832.03,22767.4
24376,-76.0058,-132.5025,2783.51,92616.7
3633303,-76.0086,-132.6383,2775.13,28748.3
8618401,-77.1217,-126.0825,2764.36,21897.3
2563506,-76.8544,-126.0225,2742.17,31895.8
3293679,-75.8506,-128.6308,2740.01,29612.9
2070185,-76.6686,-118.0558,2710.61,33928.4
631968,-75.8856,-128.6492,2708.02,46558.8
256098,-76.6711,-125.8242,2702.56,57880.9
8345170,-77.0575,-126.4,2688.73,22126.0
11256389,-77.0089,-125.8008,2685.46,20056.8
24174,-75.7269,-129.0892,2683.76,92747.3
5985414,-76.6844,-125.8792,2680.96,24625.3
1463868,-76.0456,-134.2833,2674.18,37380.7
3057662,-76.6989,-118.0517,2658.47,30276.7
5224160,-76.695,-125.8325,2646.53,25698.9
623,-75.345,-110.7367,2635.71,154291.7
6777820,-75.8589,-128.6992,2613.68,23667.5
6685711,-76.6717,-118.0308,2608.37,23772.3
11756846,-76.8633,-117.64,2570.21,19768.8
229857,-75.9397,-125.8525,2501.44,59315.0
1534030,-76.0569,-124.1067,2500.26,36902.2
7207048,-76.1228,-124.2192,2495.73,23205.4
1415871,-76.0508,-124.3958,2494.27,37718.4
331741,-75.9131,-128.5425,2475.15,54485.8
5096317,-75.3264,-110.7633,2466.9,25901.4
337237,-75.3433,-110.8592,2464.98,54269.0
4621819,-76.0358,-134.0883,2461.48,26703.2
4738159,-75.7364,-129.1717,2457.62,26497.2
918130,-76.0003,-133.0458,2445.0,42325.4
2553849,-75.3317,-110.8242,2427.56,31929.8
6907312,-76.0603,-123.8025,2422.37,23524.4
37989,-76.9469,-116.8625,2366.98,85644.5
23593,-75.6092,-132.4158,2360.54,93115.5
7966368,-77.2031,-127.0425,2349.23,22466.0
11356289,-77.2094,-126.9533,2347.05,19999.5
2581957,-75.9036,-128.6792,2346.39,31827.9
5469219,-75.8267,-128.525,2312.83,25331.8
4430744,-75.7475,-129.1892,2306.25,27054.0
10767496,-75.8319,-128.5617,2301.73,20356.3
3698013,-76.9478,-116.9508,2294.3,28592.8
3383958,-75.9094,-128.73,2284.89,29371.0
56366,-75.8783,-115.2142,2254.14,79582.8
2341057,-75.3286,-110.9117,2241.27,32749.3
9167909,-75.7378,-129.2233,2223.52,21462.4
11281822,-76.5769,-133.0383,2214.21,20040.9
7706744,-75.82,-128.5475,2201.97,22708.6
6859551,-75.8767,-115.265,2201.28,23575.8
4455081,-75.8075,-128.5925,2172.98,27009.2
7150671,-75.805,-132.5475,2171.89,23263.0
81518,-75.4069,-110.4908,2163.02,74002.6
10178046,-77.1442,-126.0367,2160.37,20740.8
4348798,-75.7572,-128.1992,2072.62,27211.3
602533,-75.6686,-129.3142,1985.83,47121.9
10434487,-75.6622,-129.3108,1952.53,20571.1
9597035,-75.8325,-115.4692,1930.72,21142.4
3853602,-75.6467,-132.3817,1841.71,28236.2
5179508,-75.8789,-115.7408,1839.56,25770.7
7786707,-76.9375,-116.5533,1810.42,22632.7
10081227,-75.3594,-110.5883,1776.87,20805.2
3262414,-75.8458,-115.0433,1654.38,29694.6
6238321,-76.1772,-111.8233,1646.58,24302.4
11718241,-76.4172,-141.6933,1645.5,19791.4
1843726,-75.8272,-114.9258,1628.26,35060.6
4456296,-75.835,-114.9675,1621.4,27006.8
10932824,-75.5506,-127.7542,1614.74,20252.8
8601859,-76.0453,-136.5525,1567.12,21911.9
8718426,-76.3156,-112.7475,1548.05,21815.7
8598479,-75.8236,-114.8133,1473.17,21914.8
71128,-75.3025,-110.635,1472.95,76097.7
41714,-75.2814,-110.5342,1448.48,84213.9
919447,-75.3886,-111.0308,1374.29,42310.3
10908574,-77.5703,-109.2275,1371.16,20268.5
1878479,-76.8622,-143.4917,1303.55,34878.5
192372,-75.3106,-110.3067,1292.28,61738.2
889295,-75.2806,-110.9025,1287.69,42680.7
1163383,-76.8811,-143.5208,1281.06,39762.6
7947550,-76.8808,-109.5658,1272.95,22480.2
7428108,-76.8681,-143.2108,1270.76,22981.9
11729110,-75.7108,-116.9192,1265.33,19784.9
8770010,-76.6472,-110.4883,1261.63,21771.8
11053787,-76.7439,-110.1417,1253.13,20180.3
4837501,-77.2944,-141.7792,1237.57,26325.9
3149097,-77.3111,-141.7992,1227.19,30014.7
183288,-76.5361,-145.0375,1217.27,62401.3
224231,-75.2192,-134.4108,1209.32,59645.0
307834,-75.1867,-114.9442,1206.77,55461.6
901888,-76.4161,-143.4492,1203.82,42523.6
1017731,-76.4822,-145.145,1199.56,41201.1
311528,-76.2975,-144.0308,1196.02,55304.0
392171,-76.5383,-144.7092,1193.52,52359.4
175603,-76.9969,-143.8517,1193.0,62991.7
1348697,-76.5511,-144.6817,1175.97,38220.1
940798,-76.9419,-143.6242,1173.52,42058.1
1235778,-78.1461,-144.8167,1172.95,39129.4
2940202,-76.8078,-143.8025,1172.88,30632.4
1101083,-76.5419,-144.9125,1172.22,40351.1
4776518,-76.4294,-143.3533,1171.65,26432.2
1383215,-77.2483,-142.2175,1171.1,37959.2
11317739,-76.7978,-143.5825,1171.1,20018.6
4517866,-76.8147,-143.7167,1169.71,26891.0
1197103,-76.9364,-143.66,1169.03,39463.4
1782476,-75.1564,-114.56,1164.51,35393.4
7906546,-77.2764,-142.0792,1161.27,22519.8
837137,-76.2997,-144.6908,1160.21,43351.6
8674546,-73.3475,-126.4558,1157.06,21853.6
2422788,-76.5075,-145.0625,1156.27,32426.7
4479259,-76.2903,-143.4125,1156.12,26962.0
821416,-75.41,-137.9008,1155.32,43561.2
1493864,-76.3061,-143.9992,1154.35,37172.2
1522273,-77.3094,-142.1125,1153.89,36979.8
412881,-76.5128,-144.1608,1152.86,51714.1
1094337,-76.5156,-145.3475,1151.91,40417.3
9346848,-76.2883,-143.4108,1150.04,21325.4
95916,-74.9933,-135.4517,1148.48,71596.8
4016187,-76.9325,-143.7075,1145.55,27882.0
8830541,-76.4225,-143.37,1145.5,21725.0
11382232,-77.2606,-142.0983,1145.02,19983.6
482960,-77.5067,-143.5083,1142.1,49776.9
3717514,-76.4933,-144.925,1141.47,28548.2
156154,-76.9867,-144.4067,1139.77,64618.3
2620847,-78.0275,-143.8283,1139.26,31687.4
2375071,-76.2975,-144.6533,1138.61,32614.8
5548243,-76.5019,-145.1392,1138.11,25220.9
88810,-77.1953,-144.4133,1137.55,72730.4
1266182,-76.5122,-145.4033,1137.12,38874.6
1302229,-76.3142,-144.2233,1135.95,38581.8
890450,-76.8586,-144.095,1135.38,42667.2
684239,-77.4892,-143.22,1133.35,45632.7
10191097,-76.8244,-143.8558,1132.24,20731.6
573655,-76.1161,-145.0567,1130.44,47703.7
466692,-75.2617,-135.39,1130.34,50201.3
2247178,-76.9464,-143.54,1128.67,33138.1
5241589,-76.8714,-143.6542,1127.26,25674.1
1058657,-76.8072,-144.0117,1127.0,40776.7
1817029,-76.5233,-144.8,1126.21,35203.9
7318551,-76.2839,-143.4042,1123.91,23089.8
10285241,-76.9956,-144.4192,1121.94,20670.0
1373989,-76.9517,-143.6925,1119.94,38027.9
4207676,-76.2878,-143.4825,1119.25,27488.5
11492448,-76.5206,-145.0292,1112.66,19916.5
254060,-75.9822,-140.7358,1108.91,57987.6
99482,-75.2897,-109.9958,1108.71,71071.6
874545,-76.5461,-145.1958,1106.57,42865.4
8348368,-77.3022,-142.0908,1101.57,22123.1
1006763,-76.2019,-145.0583,1100.05,41320.0
5211905,-77.5153,-143.515,1099.66,25718.7
5475885,-76.3014,-144.3967,1095.85,25321.8
9771537,-77.6378,-142.8183,1095.42,21021.5
5834100,-76.2367,-144.9708,1094.87,24826.3
1356755,-76.4917,-144.7825,1092.2,38160.0
10137003,-76.5256,-144.8525,1091.04,20765.3
2730531,-76.2836,-144.0633,1090.82,31307.1
10115445,-75.0,-135.1083,1090.17,20780.7
472439,-77.2614,-143.3417,1089.76,50050.0
1772122,-77.2147,-143.0508,1089.46,35451.0
10748545,-76.9414,-143.5933,1088.03,20368.8
4988838,-76.4989,-145.24,1087.61,26073.0
3604671,-76.8353,-144.1475,1085.77,28816.9
646179,-76.5078,-144.5333,1085.44,46299.4
28382,-76.4981,-145.9475,1085.26,90188.9
2589317,-76.8758,-143.8842,1084.97,31799.8
10996611,-76.3144,-144.3342,1084.05,20211.8
5857897,-76.5186,-144.5042,1082.55,24792.9
3913077,-77.2164,-142.8367,1082.43,28105.1
2016899,-77.215,-144.3733,1081.67,34182.9
8553612,-76.5219,-145.1575,1081.56,21949.6
10050511,-76.1786,-110.4808,1081.1,20826.6
11839592,-76.205,-109.7967,1081.05,19720.4
10311874,-76.2325,-144.8375,1079.78,20651.5
5587112,-77.2786,-142.1617,1079.05,25162.8
4883729,-76.8833,-143.6842,1077.74,26248.3
4248086,-76.5172,-144.5925,1076.28,27407.3
985246,-75.8419,-142.72,1076.0,41553.7
6389486,-75.3086,-110.665,1074.05,24120.8
62807,-74.9914,-134.7525,1073.84,77951.4
1517706,-77.5019,-143.3958,1072.49,37010.8
760771,-77.01,-143.8025,1070.3,44423.0
1106403,-77.2589,-143.1592,1069.49,40300.5
3418923,-75.2617,-133.525,1067.67,29281.9
9472545,-77.2661,-142.2842,1067.5,21232.6
10709167,-76.3989,-107.1392,1067.38,20390.7
8253611,-76.1072,-145.1967,1066.67,22209.3
941987,-75.2317,-114.8767,1065.0,42043.0
5583657,-76.5056,-144.59,1064.29,25167.8
6076885,-75.9178,-142.7275,1063.38,24508.6
3286487,-76.5331,-144.5017,1063.19,29630.1
67140,-75.0511,-133.7567,1056.11,76942.0
638090,-75.2681,-110.94,1051.98,46447.8
2659215,-76.2261,-143.8383,1050.78,31552.4
2010696,-76.5064,-144.3717,1046.22,34212.7
1107352,-76.2461,-145.1742,1044.89,40292.6
1564388,-76.9544,-144.5183,1044.23,36704.8
11482017,-76.5083,-145.4342,1043.7,19922.9
5758884,-76.1683,-106.72,1042.86,24928.7
1056795,-76.4794,-145.3942,1042.66,40797.0
4540396,-75.3131,-133.6267,1041.82,26850.7
2601806,-75.1733,-133.4725,1038.86,31755.7
7055832,-76.5061,-144.3833,1038.27,23364.1
3210984,-76.5064,-144.2892,1037.32,29838.0
7536181,-75.2942,-110.5608,1035.92,22873.5
2731645,-77.2628,-143.1225,1032.44,31303.1
179138,-76.4881,-146.03,1029.25,62706.8
359174,-77.0919,-144.0275,1027.54,53464.7
5365402,-76.4586,-143.7167,1026.9,25484.8
2750340,-76.5225,-144.1567,1023.98,31239.9
5707734,-75.3064,-133.6417,1022.28,24997.6
6157918,-76.2481,-145.1367,1021.44,24404.4
49158,-75.1539,-113.9033,1019.56,81689.3
7043641,-76.9564,-143.7392,1018.98,23377.7
8159883,-76.3267,-144.1283,1018.24,22292.4
7511884,-76.5556,-144.8283,1017.47,22898.6
1368610,-76.9239,-144.4683,1016.92,38068.1
672057,-77.1808,-144.2858,1016.46,45841.7
267625,-77.1908,-144.0267,1015.76,57295.7
5785773,-75.3067,-109.9875,1014.78,24890.4
79559,-75.8742,-140.9617,1013.92,74371.9
7768487,-76.4983,-144.5542,1009.07,22646.8
10204324,-76.4769,-144.9167,1008.87,20722.3
4311434,-76.9478,-144.4733,1007.5,27283.8
5349095,-75.5206,-139.2942,1006.2,25509.8
1125127,-76.52,-145.9133,1005.48,40119.9
5632330,-77.2536,-143.2275,1005.1,25099.4
1569974,-75.3583,-138.2275,1004.29,36666.6
7438708,-76.8469,-144.1883,1004.29,22970.8
4120481,-76.9219,-144.4233,1004.24,27664.1
837355,-75.6589,-140.0225,1002.71,43348.7
5536519,-76.4522,-143.7617,1001.37,25238.6
7533441,-77.1728,-144.285,1000.22,22876.3
682056,-75.2547,-110.465,999.27,45670.4
3075874,-76.2242,-143.8742,998.84,30224.1
2918695,-76.9881,-143.7892,994.04,30698.9
1839220,-77.2872,-143.1258,992.27,35086.1
6838491,-76.5106,-144.2642,989.27,23600.1
7158216,-76.9447,-143.7108,987.88,23254.7
3615030,-76.9569,-143.765,987.35,28790.4
13252,-76.8789,-145.7158,987.07,102271.7
493865,-75.0669,-136.1375,986.0,49499.6
5920130,-76.9922,-144.4625,985.55,24710.5
3254872,-77.2231,-144.4325,978.93,29716.0
5548242,-76.505,-145.4967,976.03,25220.9
4178668,-76.9244,-144.5158,973.21,27546.4
378254,-77.1842,-144.5467,969.78,52810.1
8221274,-77.1311,-143.4067,968.95,22235.1
1529235,-75.3119,-110.2075,964.56,36933.2
7484005,-75.38,-138.2458,964.12,22923.6
333079,-77.6192,-146.2567,962.94,54435.5
2916772,-75.0106,-134.7875,962.92,30705.1
1697346,-77.2844,-143.3125,962.65,35879.7
3484821,-76.2994,-144.7833,961.59,29111.7
7502733,-77.9758,-147.3117,961.2,22904.2
11563519,-75.2619,-110.4817,960.51,19878.1
9728793,-76.3356,-144.5392,957.75,21048.7
1622838,-76.9683,-143.8983,952.41,36331.4
850399,-77.6003,-146.1475,950.78,43176.4
5142628,-76.9569,-144.5533,945.55,25827.5
6120771,-76.2497,-145.2117,941.0,24454.0
2867264,-77.2569,-143.3883,936.07,30858.2
1260500,-77.0906,-143.9825,932.31,38922.1
6457776,-77.9067,-147.6417,931.82,24038.8
4973100,-73.3906,-126.3033,930.7,26099.9
3692667,-77.1478,-143.4208,930.54,28606.1
5960655,-76.875,-145.7458,930.06,24658.9
11696257,-77.0919,-143.9742,927.67,19804.2
2491643,-77.5731,-146.1192,924.87,32160.4
7903670,-76.8147,-144.175,922.1,22522.7
529592,-76.8353,-144.4767,922.06,48653.2
870959,-77.18,-144.1258,920.55,42909.9
9879951,-75.9736,-106.3383,918.99,20945.6
3857510,-76.9642,-143.8525,917.07,28227.2
8906948,-77.2561,-143.4108,915.79,21666.2
224645,-75.5742,-142.05,912.84,59620.4
313093,-75.8025,-141.0258,912.0,55240.6
11542126,-76.5222,-145.8925,910.71,19890.9
1150108,-75.1936,-113.9142,910.68,39885.8
4887958,-77.4925,-143.5742,909.98,26241.1
2180870,-75.8372,-140.98,906.78,33425.2
10324989,-75.3881,-111.1175,901.45,20642.2
2771060,-77.5289,-143.5633,899.95,31170.5
6348784,-76.8736,-145.7558,899.22,24168.3
5494956,-77.4781,-143.5842,898.22,25296.6
8093554,-75.1994,-113.955,897.08,22349.4
3152003,-75.3258,-138.3042,896.96,30006.2
7214606,-76.5675,-144.8542,892.94,23197.1
6921451,-77.1819,-144.0708,890.03,23508.2
7457349,-75.2592,-110.9058,888.69,22951.4
2803114,-76.9133,-144.2525,884.64,31066.1
2581958,-75.795,-141.1,879.65,31827.9
1307172,-77.6967,-145.9008,879.27,38543.8
5841382,-77.2261,-143.3508,872.47,24816.0
11063646,-77.2867,-143.2808,869.79,20174.0
2785527,-75.2786,-110.8242,868.29,31123.4
3937418,-77.1319,-143.97,867.9,28052.9
680047,-77.8956,-148.2942,865.75,45706.7
110630,-75.0864,-113.1058,865.22,69533.7
9160512,-75.6664,-112.5308,862.65,21468.3
9917393,-77.1508,-143.4492,861.39,20918.2
1967175,-75.0319,-113.1642,858.24,34424.3
347626,-75.8933,-140.9483,857.79,53883.8
6950881,-75.3106,-111.0342,856.03,23478.3
6120770,-77.0969,-144.045,854.89,24454.0
15189,-74.7528,-110.4117,853.69,100088.0
6845427,-75.0397,-133.765,853.45,23592.0
249235,-76.9242,-144.7058,849.88,58238.7
10182338,-77.1872,-144.155,849.56,20737.7
3148359,-75.1683,-133.6175,848.04,30016.8
9799907,-75.6408,-139.9292,847.44,21000.3
445894,-76.5189,-146.0467,846.34,50759.2
8813222,-75.0592,-113.1008,845.91,21739.6
7242551,-75.4628,-139.5992,843.93,23166.9
318388,-74.9944,-113.2725,841.87,55021.0
4767833,-74.9906,-113.3517,841.59,26444.2
7452137,-75.5319,-110.7183,838.68,22956.9
9604904,-75.1756,-113.8558,838.6,21136.3
10549133,-76.835,-144.4942,838.44,20493.6
439709,-75.0203,-134.8025,837.6,50929.6
1349125,-75.6333,-142.2408,827.84,38216.8
4443929,-77.1658,-144.2542,826.22,27028.1
8196364,-75.605,-112.4792,825.3,22258.0
5328293,-75.1331,-113.8708,825.09,25542.2
1362065,-76.8056,-144.475,822.96,38118.3
4630756,-76.885,-145.7292,820.76,26686.5
9771538,-75.2917,-138.4392,820.06,21021.5
6188512,-76.8433,-144.345,819.48,24367.8
1718946,-76.8925,-145.7417,817.63,35753.4
208398,-75.1506,-137.6158,812.21,60647.0
4079486,-77.1964,-144.1575,810.2,27749.2
1026117,-74.7881,-110.46,810.06,41112.8
11850693,-75.595,-112.775,808.0,19714.0
5680096,-77.1308,-143.9983,805.9,25033.3
1495864,-77.64,-146.0625,804.5,37158.5
5544907,-75.0328,-134.8217,803.37,25226.0
309357,-76.6453,-145.6192,803.15,55394.9
2967627,-75.0306,-133.7125,802.48,30547.0
4983160,-76.7797,-144.4117,802.12,26082.8
821619,-76.4497,-145.1592,801.61,43558.3
5285404,-76.9789,-143.7767,801.49,25607.0
3145967,-76.8067,-144.445,798.36,30021.0
723457,-76.6433,-145.5517,797.76,44991.6
63312,-77.1122,-145.5158,792.31,77842.6
1209566,-77.1175,-145.4975,790.93,39355.1
958882,-75.6553,-142.3992,790.58,41851.6
1382773,-75.1633,-134.4575,789.64,37960.8
4382113,-76.5081,-145.8317,788.41,27148.0
10160592,-75.8247,-106.7333,784.96,20753.1
1997076,-77.1342,-144.0817,775.89,34279.6
4252540,-77.1192,-145.465,774.14,27398.0
207421,-77.0158,-144.8417,769.86,60711.1
5909040,-77.1689,-144.1267,769.46,24726.0
4723400,-75.1603,-113.9808,768.02,26521.2
5063467,-75.4592,-139.6267,766.81,25953.0
666024,-75.0975,-133.7633,766.77,45945.8
559501,-75.2489,-110.5158,763.78,48000.6
993977,-76.6492,-145.495,763.1,41458.5
575270,-77.1844,-144.6292,761.57,47669.0
230621,-76.9942,-144.9808,759.32,59273.1
7631094,-77.1325,-144.0517,756.77,22781.4
85646,-77.0739,-145.6267,754.67,73281.0
147605,-76.5044,-145.6683,753.36,65420.8
1750505,-76.645,-145.5233,753.33,35574.8
10324987,-76.8925,-145.7017,753.08,20642.2
1132666,-76.9194,-144.645,749.45,40050.0
8684576,-75.1003,-133.7858,744.93,21844.9
176165,-74.6381,-110.4583,743.75,62948.2
7678160,-76.6517,-145.4675,741.65,22733.8
717080,-74.9994,-112.9292,741.35,45094.8
3794268,-75.0594,-134.8558,740.71,28369.1
247001,-77.2019,-145.0133,738.55,58356.7
3690839,-75.9997,-145.0725,736.63,28610.6
659097,-77.1583,-144.6083,736.11,46067.7
1255302,-74.8614,-136.0175,735.97,38966.3
76645,-76.3939,-147.4283,733.48,74958.1
2340144,-76.6447,-145.5875,733.14,32753.2
11563517,-76.4558,-145.135,730.12,19878.1
6609462,-77.0761,-145.6083,727.9,23860.5
1430499,-77.0736,-145.6967,727.7,37613.5
360038,-76.9767,-144.6858,725.96,53432.6
4568137,-77.1808,-144.6558,723.64,26800.8
4599676,-77.0967,-144.075,722.69,26741.3
608585,-76.2636,-145.3025,718.73,47001.4
8423577,-75.6897,-108.2275,717.95,22059.6
280278,-74.3519,-111.3508,717.34,56688.7
145641,-75.02,-134.2192,716.63,65607.5
663435,-74.5536,-110.6733,716.07,45990.1
7941632,-76.8928,-145.6792,715.23,22485.9
4173318,-75.0103,-112.9758,714.65,27557.9
8823670,-75.9122,-140.8592,714.37,21730.8
4654124,-75.6897,-140.3025,710.39,26645.8
11088408,-77.16,-144.3308,709.12,20158.2
1663548,-77.1042,-145.565,706.48,36081.6
413140,-77.2042,-144.95,703.58,51706.7
6962753,-75.2519,-110.9317,701.71,23464.7
4966013,-76.4661,-144.9083,700.92,26112.1
7661310,-75.2008,-135.8433,699.62,22750.6
7350836,-77.2533,-144.4183,697.64,23059.4
1194058,-77.2003,-145.0433,696.44,39489.3
7263920,-77.2017,-144.9925,695.76,23147.6
2082632,-75.4444,-111.3683,694.39,33870.2
555028,-76.8917,-144.8817,694.27,48097.4
9339173,-77.1697,-144.3483,693.91,21331.4
275634,-77.1567,-145.3758,691.82,56911.9
2074328,-77.2103,-144.9342,691.66,33907.8
9942399,-76.6411,-145.6433,690.46,20899.9
346161,-76.8489,-145.87,686.21,53936.9
2719647,-75.3572,-139.1875,685.51,31345.8
1318291,-74.8039,-114.35,685.43,38457.7
4960368,-77.1806,-144.7167,684.51,26121.8
191135,-74.9736,-134.1567,683.19,61824.8
4217648,-77.0708,-145.675,682.94,27467.6
521439,-76.8714,-144.9783,681.81,48842.7
614237,-76.8669,-145.0225,680.84,46891.5
674837,-76.5122,-146.1008,678.66,45794.4
2857475,-76.605,-145.3333,675.39,30891.3
2841294,-77.0011,-144.9042,675.17,30942.8
381087,-74.6083,-111.4075,673.37,52718.3
6549580,-77.5961,-146.4183,672.33,23929.9
2054159,-75.0161,-133.725,672.18,34005.3
1382772,-77.1408,-145.3775,670.96,37960.8
447110,-77.4892,-146.845,670.91,50726.5
3616765,-76.2353,-145.6583,670.63,28786.0
9252253,-77.1286,-144.115,669.19,21400.0
623533,-74.2767,-114.5033,668.71,46714.5
1265210,-74.7242,-110.99,667.57,38882.8
2007396,-76.3528,-147.3917,666.67,34229.4
2601807,-75.0028,-133.7417,665.37,31755.7
4971719,-76.5111,-145.6592,664.18,26102.3
7574844,-77.1606,-144.625,663.85,22834.5
5044675,-76.4783,-145.4392,663.59,25984.9
4177601,-76.5319,-145.8533,661.59,27548.7
8430176,-75.0789,-134.7392,661.51,22053.9
8057258,-74.7733,-114.2592,660.87,22383.6
1565662,-74.4703,-110.9608,660.83,36696.1
3090125,-77.6231,-147.2817,659.41,30184.0
2874988,-77.1775,-144.7633,658.37,30835.5
38679,-73.9889,-121.5925,657.99,85359.1
1919311,-77.4942,-146.7692,657.47,34667.8
11281820,-77.1556,-144.3492,656.51,20040.9
170177,-76.98,-145.2242,655.98,63415.0
906981,-77.1706,-144.8217,655.26,42460.7
580583,-75.2389,-110.9567,654.91,47559.3
401765,-75.3694,-111.2942,654.88,52056.7
1351187,-75.3897,-111.2383,651.82,38201.8
11328104,-75.4811,-112.6,650.72,20012.3
675949,-77.1647,-145.2842,649.84,45774.9
2836909,-75.0253,-134.2192,649.4,30957.2
35248,-76.8611,-146.7392,649.06,86836.8
7850427,-75.4992,-112.8142,647.15,22570.7
5834101,-75.4794,-111.4508,645.41,24826.3
9244768,-74.6133,-110.5983,644.13,21405.9
5778602,-75.0244,-114.8883,643.13,24900.6
624990,-76.8967,-146.8217,642.52,46685.9
2193768,-76.8964,-146.8042,642.19,33368.0
6919032,-77.7639,-145.5842,641.22,23510.9
177388,-76.4453,-146.4842,640.78,62847.9
2525101,-76.8944,-146.7458,640.72,32035.4
5399939,-76.6522,-145.1092,639.95,25434.7
9755256,-76.8694,-144.9908,639.6,21033.6
1320793,-77.0144,-144.7992,639.26,38437.9
365079,-76.9597,-144.9042,639.1,53258.2
1586927,-77.1972,-145.0858,637.08,36557.0
773191,-77.0003,-145.0075,635.93,44240.4
3636698,-76.5264,-145.8367,631.52,28739.4
4028297,-77.6525,-145.9792,629.08,27859.2
747202,-77.1631,-144.9417,628.44,44626.1
4864277,-76.6531,-145.4417,627.85,26282.3
5302514,-74.6381,-110.3667,624.02,25579.6
6063451,-77.1664,-144.9675,623.2,24526.8
1000199,-77.1611,-145.3283,622.91,41389.3
3266432,-74.0997,-114.71,619.64,29686.0
800463,-76.9844,-145.1733,619.08,43849.9
4385578,-77.2461,-144.545,618.42,27141.0
904379,-76.4672,-146.4683,615.14,42493.6
5925664,-74.8322,-135.3458,613.0,24702.8
6412410,-77.1144,-145.46,610.1,24091.7
8834079,-76.4636,-146.4858,608.8,21722.0
2173679,-75.5986,-141.855,608.17,33455.7
1577887,-76.4756,-146.4408,607.76,36614.4
6037450,-76.8642,-145.8175,606.47,24557.9
3088070,-76.9056,-144.8808,603.88,30190.3
2293630,-76.9689,-144.7092,603.83,32943.3
3859417,-76.8789,-144.9725,603.3,28222.7
2461183,-76.6431,-145.7017,603.07,32277.1
6736417,-76.2325,-145.7833,601.83,23715.9
990806,-76.2936,-145.285,594.98,41492.3
9934174,-76.8603,-145.8183,594.23,20906.0
3873289,-77.0164,-144.8158,589.0,28193.3
2139878,-76.8825,-144.9125,585.46,33607.7
1596572,-74.8389,-114.0617,584.47,36497.7
733692,-76.4878,-146.3267,582.03,44831.3
8701544,-77.7333,-145.7825,581.94,21830.3
10438940,-75.5025,-112.1375,580.14,20568.0
9755257,-76.4419,-146.4675,578.04,21033.6
2707636,-76.8622,-145.0633,575.55,31386.4
8681246,-75.5008,-111.9167,568.23,21847.8
7639385,-76.4564,-144.9175,567.46,22773.0
8517125,-75.5828,-107.5733,566.52,21981.5
314234,-76.4872,-145.5375,565.9,55193.3
8834080,-76.4589,-146.4917,565.63,21722.0
11006571,-77.1589,-144.6483,565.43,20205.5
9414689,-77.2611,-144.5083,564.04,21277.5
1820452,-77.5583,-146.0575,559.27,35187.6
198379,-74.0864,-124.6117,557.59,61313.6
4125296,-74.7969,-114.1375,554.63,27657.2
3547120,-77.1667,-144.8975,554.59,28958.1
602478,-77.605,-145.9158,552.93,47123.2
2918696,-75.0769,-136.495,552.2,30698.9
3071765,-77.1661,-144.8717,551.24,30236.7
1738436,-76.9942,-145.0317,550.64,35641.0
4961760,-76.865,-145.7092,545.22,26119.4
7043642,-75.0869,-136.23,540.43,23377.7
7609057,-77.1894,-145.13,539.17,22803.8
222150,-75.3294,-111.31,539.13,59773.0
758449,-77.4206,-145.4942,536.62,44457.4
1165015,-76.6597,-145.7892,533.8,39749.8
66603,-73.9969,-116.7567,532.51,77056.2
2113049,-76.6603,-145.8375,532.5,33730.7
67791,-74.4136,-132.7017,532.32,76797.8
5277560,-77.6536,-145.9467,531.26,25619.4
9816089,-76.4758,-146.0625,529.13,20988.1
5100834,-76.2881,-145.265,528.64,25894.0
1818785,-75.0111,-134.2175,526.77,35196.7
5807362,-76.285,-145.2667,525.42,24859.6
622284,-75.025,-113.6375,525.05,46737.7
5843233,-75.2578,-110.9908,524.84,24813.5
605809,-74.9867,-113.7225,523.2,47055.6
6188509,-79.5903,-138.6317,521.57,24367.8
10592485,-77.6803,-145.8808,518.37,20468.7
875033,-76.9886,-145.075,514.58,42860.9
687565,-76.8825,-145.2117,514.44,45578.2
1807390,-77.3403,-145.3158,511.32,35256.4
434576,-74.4222,-132.55,510.09,51073.2
7636604,-75.0389,-133.8,510.0,22775.8
338563,-76.4628,-145.4867,507.87,54217.3
4149144,-76.4717,-145.445,504.65,27606.5
481668,-77.2881,-145.5617,504.43,49810.2
2465381,-77.4706,-146.8733,503.33,32263.3
9950755,-74.9847,-113.6975,502.6,20893.8
8457901,-77.5547,-146.3233,501.53,22033.6
95431,-77.3136,-148.2592,500.99,71668.8
1859201,-76.9044,-145.8133,500.75,34978.8
83530,-74.4564,-131.8383,499.02,73647.0
465682,-77.0553,-145.7092,498.16,50227.9
1789707,-75.2303,-110.9783,497.98,35353.8
4251423,-74.8264,-114.0325,497.06,27400.3
8218242,-75.4017,-109.2008,494.81,22238.0
1990818,-77.4244,-145.4517,492.95,34309.4
215791,-77.2775,-145.8475,492.5,60168.2
10298612,-74.6778,-111.6892,491.11,20660.8
9095908,-79.6725,-138.7125,490.98,21515.7
7191851,-76.9681,-144.77,488.72,23221.8
9179055,-74.5853,-111.8725,487.56,21453.5
7990007,-76.97,-144.785,487.01,22443.3
9561202,-76.97,-144.7367,484.42,21169.5
6188511,-77.5356,-146.5392,482.13,24367.8
11602130,-75.4136,-109.0167,476.36,19855.6
9577013,-75.0594,-136.6308,474.66,21157.4
738528,-74.9639,-113.4767,474.14,44757.3
2251059,-76.985,-145.1033,473.5,33120.7
6455511,-76.8581,-145.0975,469.8,24041.4
11682996,-74.9728,-113.3875,469.12,19807.5
4309106,-74.9889,-134.19,468.35,27288.5
9437773,-75.4283,-112.1575,463.69,21259.6
1569973,-76.4725,-145.47,458.83,36666.6
1306950,-74.8633,-114.0158,457.53,38545.4
6813215,-74.6708,-111.7033,457.05,23629.8
3210985,-74.9967,-134.1942,456.36,29838.0
900311,-73.4006,-126.12,455.62,42543.1
2443752,-76.8881,-146.9775,449.07,32344.1
8096664,-74.9528,-136.4675,446.36,22346.6
8294466,-79.7864,-140.385,443.01,22172.0
11645125,-74.9547,-130.7333,440.72,19830.0
5591385,-75.0436,-134.2483,434.14,25160.2
11256390,-75.5244,-107.38,431.6,20056.8
115632,-73.9303,-119.235,431.47,68887.5
4992206,-76.9625,-144.9758,428.37,26070.6
2105027,-74.4739,-131.295,427.96,33766.6
10597078,-77.6025,-145.9567,426.88,20465.6
9399286,-74.3286,-110.5642,426.87,21289.5
1364834,-76.4569,-146.09,426.38,38098.2
1956054,-76.8897,-145.2567,425.83,34479.8
579233,-76.8286,-145.4317,424.65,47587.4
7644876,-74.5486,-111.865,424.39,22767.4
4732956,-76.4936,-145.5367,424.26,26506.8
1445290,-77.2878,-145.8342,423.82,37508.4
6399846,-73.7931,-122.4842,422.54,24107.6
7547150,-77.6644,-145.8092,420.49,22862.4
9600976,-76.8278,-145.4467,419.59,21139.4
6923850,-74.6622,-111.7192,413.74,23505.4
136312,-74.4517,-127.7267,411.75,66557.2
3149096,-77.3122,-145.4775,411.6,30014.7
10913478,-77.4606,-146.91,410.11,20265.3
612004,-76.6767,-145.83,408.99,46933.6
1973839,-76.4478,-146.0825,406.97,34392.8
10734351,-76.9883,-145.135,403.65,20378.2
1267385,-77.3858,-146.7683,402.52,38866.4
7803646,-77.3339,-146.9275,402.07,22615.8
5918302,-77.185,-145.1592,401.13,24713.1
3065577,-76.4406,-146.0583,400.65,30255.7
2896065,-77.555,-146.0267,399.75,30769.3
1435200,-76.8569,-145.9425,396.12,37581.3
9934175,-75.4878,-107.23,391.58,20906.0
6414412,-79.7314,-142.06,387.49,24089.1
11123386,-74.4233,-131.7225,381.21,20136.0
6708163,-76.8903,-145.2325,380.82,23745.5
3368980,-76.8989,-145.6058,380.65,29412.1
10539864,-75.3222,-112.305,380.18,20499.8
8796252,-77.0814,-145.5633,378.05,21754.3
4050804,-74.5478,-111.9033,376.86,27808.8
1819804,-76.8256,-145.3542,368.48,35191.2
5766055,-77.5967,-145.8858,367.22,24918.5
2856303,-76.9867,-145.3008,363.77,30895.4
11281824,-74.9856,-136.5925,362.53,20040.9
1961853,-76.4531,-145.3275,359.55,34452.1
11225733,-79.6928,-142.9608,349.8,20075.8
3116146,-76.8533,-145.7158,343.84,30107.9
8974351,-75.4053,-107.91,343.65,21610.3
7465273,-76.8789,-146.555,343.46,22943.1
11482016,-77.2803,-147.0975,337.47,19922.9
10676360,-77.1142,-145.5808,337.25,20412.6
9589169,-76.8567,-145.9117,334.65,21148.4
7148219,-75.4006,-107.6275,332.29,23265.7
7731887,-77.0692,-145.7225,330.5,22683.3
8474175,-76.9911,-145.1583,329.92,22019.2
2878166,-76.8667,-145.6392,321.75,30825.2
9248527,-76.5297,-146.4933,317.63,21402.9
2522503,-76.9919,-145.3475,312.0,32045.3
10549134,-76.6686,-145.5208,310.61,20493.6
2018743,-77.2928,-145.7775,308.68,34173.5
262187,-77.1967,-147.47,306.99,57565.3
6230399,-77.295,-145.7433,304.59,24312.9
284189,-75.5889,-145.7658,302.94,56508.6
3570265,-76.6008,-146.3567,297.75,28898.6
5931344,-74.3911,-132.5742,297.55,24695.1
5565247,-76.2989,-145.3525,294.18,25195.7
9967619,-73.3089,-126.2617,294.14,20881.6
3775569,-75.2064,-110.4608,290.31,28413.9
7620013,-73.3042,-126.4842,288.91,22792.6
3500062,-74.9717,-136.6367,287.27,29074.5
5076572,-77.0761,-145.7208,286.94,25930.9
6357140,-76.8247,-145.4775,285.25,24157.8
8827078,-75.2792,-112.1958,285.14,21727.9
431995,-76.1383,-147.1017,284.05,51148.0
9676101,-76.8775,-145.8775,283.69,21088.1
5063466,-76.9997,-145.16,274.58,25953.0
4495841,-76.4792,-145.7017,272.78,26933.6
6667864,-77.2956,-145.6975,269.02,23793.7
6567192,-74.8656,-130.8058,259.02,23908.6
5046152,-75.2744,-109.4217,251.13,25982.4
5472611,-76.9006,-145.8433,251.01,25326.8
303301,-74.7444,-140.315,243.07,55653.1
8227405,-75.4153,-106.31,220.43,22229.4
6904922,-77.0889,-145.7067,216.61,23527.1
1575291,-73.5392,-127.4358,214.66,36631.8
1781256,-77.0222,-146.0667,210.65,35400.6
891063,-76.5878,-147.1342,207.3,42659.7
6468496,-73.5081,-125.67,192.51,24025.5
3676958,-74.3817,-132.5542,187.89,28641.7
5208892,-74.7711,-136.7358,187.88,25723.7
4230129,-75.26,-108.8108,185.92,27444.4
1344385,-76.6192,-147.7617,179.9,38255.1
647927,-73.3714,-125.6533,168.0,46267.8
5360563,-75.1617,-112.1192,158.42,25492.3
8464345,-75.2697,-111.7992,155.69,22027.9
1496109,-75.3975,-143.0242,155.66,37156.8
5943923,-75.2872,-108.5558,153.54,24682.2
11767702,-74.8117,-124.1942,151.33,19762.4
2541784,-74.3381,-117.2792,150.17,31973.6
2529407,-74.7061,-113.18,148.81,32021.4
11413526,-74.6622,-119.6033,147.62,19964.4
8880103,-75.3547,-108.4825,142.28,21683.9
4551650,-74.6769,-120.1517,138.58,26829.3
10874702,-75.3167,-106.7858,138.24,20290.5
8401033,-77.3581,-145.8758,137.41,22079.9
7043643,-75.0183,-112.2517,137.17,23377.7
7031541,-74.6997,-120.4775,132.21,23391.3
9896650,-75.4206,-143.0733,130.89,20933.4
4159368,-74.7558,-136.8133,129.41,27588.0
3454127,-74.7589,-130.6258,129.15,29190.4
10452408,-74.7856,-123.3983,129.04,20558.7
5585366,-75.0278,-111.45,127.91,25165.3
7377139,-75.0128,-112.06,126.86,23031.8
8841205,-76.7736,-145.8592,124.22,21716.2
6247265,-77.3872,-145.9,122.88,24294.5
7897858,-74.8631,-112.3833,121.8,22528.3
10191099,-74.7022,-127.0692,120.05,20731.6
10791276,-74.7589,-126.0392,118.4,20340.7
8008001,-74.7194,-134.3133,116.65,22426.3
10767497,-74.215,-120.3342,116.36,20356.3
9123707,-75.2956,-107.0442,115.4,21498.0
11666968,-76.7933,-145.8775,115.35,19817.1
7303142,-74.6508,-125.1008,113.4,23106.3
3835232,-77.0575,-147.9083,113.28,28279.1
9252255,-74.6667,-124.8367,112.26,21400.0
5530355,-74.805,-111.87,112.2,25243.7
7859013,-75.3053,-107.0942,110.44,22562.2
6754531,-73.8736,-124.0875,109.76,23694.4
11271544,-74.5958,-132.2808,109.58,20047.2
9270823,-75.2803,-106.69,108.02,21385.1
3309460,-75.2758,-106.4967,106.13,29567.7
7087817,-76.915,-146.2575,105.81,23328.6
6163760,-74.9083,-113.0075,105.34,24396.6
8711640,-77.1997,-146.1092,103.55,21821.5
9573073,-75.6486,-144.7042,102.33,21160.4
10429965,-77.2333,-145.9067,101.35,20574.2
9771539,-75.2697,-106.715,100.07,21021.5
6352902,-75.2794,-106.5058,99.91,24163.0
8588517,-75.2775,-106.5342,98.64,21923.5
6777821,-75.2553,-106.7692,98.17,23667.5
6232243,-75.215,-106.4925,98.02,24310.2
6930925,-75.0475,-137.4742,97.87,23497.3
11655949,-74.9667,-111.0133,96.85,19823.5
6094170,-75.2408,-106.76,96.69,24485.2
7444163,-75.245,-106.475,94.97,22965.3
6635939,-75.2631,-106.4842,94.82,23828.5
11828583,-75.2594,-106.7358,94.09,19726.9
11795380,-74.1689,-120.1125,94.04,19746.2
6073045,-77.2269,-147.1658,93.48,24513.8
10191098,-74.9339,-112.7583,93.39,20731.6
3842894,-75.8144,-147.0783,92.61,28261.0
9263413,-75.2453,-106.5467,92.14,21391.0
11366597,-76.8144,-146.4575,91.01,19993.1
6444951,-75.2675,-106.4458,87.58,24054.7
9732839,-75.2414,-106.6875,86.51,21045.7
11773298,-74.4281,-132.9058,86.03,19759.1
10316177,-75.2403,-106.6242,85.46,20648.4
7486657,-73.7719,-120.81,85.34,22920.8
10324990,-75.2322,-106.5725,84.19,20642.2
5407978,-75.2447,-106.4608,82.29,25422.2
5493310,-75.2808,-106.4367,79.72,25299.1
6069122,-75.2106,-106.5875,78.43,24519.0
10115444,-77.0308,-148.045,74.06,20780.7
9875755,-75.44,-141.6017,73.94,20948.6
7743227,-75.2567,-106.4533,73.41,22672.1
4211018,-75.2597,-106.4217,72.99,27481.6
7232187,-75.4236,-141.5892,70.37,23177.9
4930368,-75.2581,-106.3808,69.79,26170.6
8823671,-75.4097,-141.5892,68.83,21730.8
10863177,-75.3964,-141.6208,67.45,20293.6
11356292,-74.8658,-130.4425,66.13,19999.5
7809551,-75.4075,-141.5542,63.91,22610.2
10173624,-75.3719,-141.6367,63.08,20743.8
10829381,-74.6839,-109.8317,62.61,20315.6
10977027,-75.3947,-141.5858,60.62,20224.4
5103807,-75.1378,-109.5158,60.61,25889.1
9186521,-74.8628,-129.7458,60.24,21447.5
9030686,-75.3964,-141.5467,59.57,21569.0
11639818,-75.4064,-141.48,58.76,19833.2
5115461,-74.8156,-109.1808,58.7,25869.4
6773231,-75.2656,-106.39,57.98,23672.9
6406080,-74.8383,-109.2683,57.85,24099.7
9037763,-75.3356,-141.655,56.99,21563.1
9892386,-75.385,-141.5542,55.16,20936.4
9009065,-74.8428,-109.1858,54.86,21586.7
10615513,-74.8383,-109.2258,54.66,20453.1
11138208,-75.3408,-141.5767,54.07,20126.5
9651768,-75.3364,-141.6883,53.92,21106.2
9626918,-74.8083,-109.5275,53.8,21124.3
6212439,-75.2433,-106.395,52.93,24336.4
8938808,-74.6497,-109.7292,52.52,21639.8
8078458,-74.8336,-109.3925,52.48,22363.7
11526241,-74.6631,-109.435,51.95,19900.5
11173277,-74.3186,-129.0608,50.47,20104.4
7470695,-75.3286,-141.935,50.14,22937.5
11672257,-75.3911,-141.4108,50.13,19813.9
6644736,-75.3131,-141.9475,49.52,23817.8
11734542,-74.7781,-109.6633,49.28,19781.7
6371809,-74.8003,-109.2775,49.08,24139.3
7072998,-74.8103,-109.2792,48.02,23345.0
10452407,-75.3497,-141.8175,47.86,20558.7
10932826,-74.7433,-109.6917,47.28,20252.8
11251268,-75.3458,-141.3875,46.87,20059.9
7153209,-74.8247,-109.3683,46.64,23260.2
10387437,-74.3306,-129.1375,46.63,20599.0
10438941,-74.8117,-109.3783,45.55,20568.0
10396487,-75.3161,-141.365,45.4,20592.8
10093880,-74.6586,-109.5758,45.38,20796.0
9879954,-74.9186,-110.8075,45.12,20945.6
11558176,-74.7969,-108.7042,45.04,19881.3
7549875,-74.8139,-109.3567,44.64,22859.6
11266596,-74.6792,-109.4692,44.24,20050.4
7972364,-75.0903,-110.3283,43.43,22460.4
11718242,-74.7564,-108.7358,43.23,19791.4
11450336,-74.6667,-109.5575,43.01,19942.1
10583336,-75.3253,-141.4383,41.62,20474.9
9145740,-75.3917,-142.6008,40.44,21480.2
10434488,-75.1331,-109.5733,38.96,20571.1
11038835,-74.9333,-110.8492,38.6,20189.7
9549392,-75.1258,-109.62,38.18,21178.5
