714,51.8831,-178.1442,1797.2,151328.9
834,52.0761,-176.1117,1735.92,148726.6
549870,51.8917,-178.1219,1575.35,48204.6
1352,51.7883,-178.7944,1543.05,140221.2
1354,52.3817,-174.1658,1542.4,140191.7
6599386,52.3869,-174.1692,1488.16,23871.2
3912442,51.7839,-178.8003,1484.76,28105.1
20746,52.3303,-174.14,1459.37,95146.7
3638810,52.0764,-176.1319,1437.82,28732.8
1030064,52.0789,-176.1428,1433.44,41071.0
25136,51.8697,-178.0094,1431.62,92119.4
1903267,51.8669,-178.0286,1411.51,34750.4
5147710,52.0828,-176.1475,1346.13,25817.6
501143,51.8725,-178.1708,1336.17,49324.3
2493364,51.8772,-178.0294,1307.58,32152.5
273654,51.875,-178.1928,1306.81,57004.7
2669,51.9242,-177.165,1291.8,128298.5
236401,52.2969,-174.1178,1214.55,58937.9
3384,51.9856,179.6008,1211.76,124260.2
3360958,52.3333,-174.1192,1208.13,29429.5
3513,52.1028,177.6025,1197.26,123514.5
5025853,52.3208,-174.1508,1189.27,26011.8
414541,52.3064,-174.1053,1180.66,51664.8
3742,51.9369,-176.7417,1179.09,122573.7
3835,51.9531,178.5367,1172.07,122208.3
887494,52.3164,-174.1008,1156.31,42703.0
1482377,52.3228,-174.0992,1149.63,37247.6
4241,52.0156,178.1367,1142.93,120679.5
207775,52.3586,-174.1378,1126.04,60689.0
5217004,52.3286,-174.0978,1076.94,25708.8
8929578,51.9292,-176.7342,1066.78,21645.6
4569795,52.3131,-174.1203,1053.7,26796.0
2917012,51.8725,-178.0669,1051.69,30703.0
62441,52.3108,-174.032,1034.0,78042.0
960743,51.9769,179.585,1002.91,41828.7
426037,51.9481,-176.7167,991.08,51320.9
4145179,52.0606,-176.1444,983.53,27613.4
7702,52.8933,172.9808,966.82,110993.3
279268,52.8939,172.9425,943.57,56738.1
3230336,52.8922,172.9342,939.55,29782.4
1559306,52.0381,-176.1283,939.16,36736.0
9136090,51.9208,-176.7583,935.33,21486.1
8009197,51.8631,-178.1428,920.2,22423.4
1024919,52.8864,172.9889,919.63,41125.2
4370451,51.8975,-178.0917,912.22,27166.8
5869504,52.8961,172.9475,908.78,24774.9
735367,51.8533,-178.0894,907.63,44804.2
295330,52.8714,173.0542,907.49,56001.2
5717514,52.0469,-176.1233,897.03,24982.3
43225,52.9194,172.6958,895.94,83676.5
1762474,52.8892,172.9114,895.11,35504.9
4719925,52.9189,172.7056,888.66,26526.0
563667,52.9083,172.7031,887.81,47911.6
4331380,52.1036,177.6255,886.12,27241.7
720786,52.8819,173.0147,881.46,45034.0
232505,52.9325,172.7406,879.62,59162.3
2154713,52.8769,173.0189,878.75,33539.4
7893054,52.8869,172.9158,877.85,22531.2
2653888,52.8761,173.0508,876.31,31570.6
6436488,52.9042,172.6997,874.96,24060.0
2129969,51.8828,-178.0803,873.72,33651.3
40972,52.8614,172.8539,872.88,84494.8
33385,52.9564,172.6825,870.45,87650.3
36051,51.8933,179.6367,869.08,86485.4
2740227,52.9253,172.7522,860.72,31274.6
2040766,52.8636,172.8692,858.81,34067.1
11008335,52.9125,172.71,857.1,20202.4
77600,52.8503,172.9097,855.05,74764.9
118721,52.9208,173.0122,852.05,68504.4
86572,52.9108,172.8656,850.08,73111.3
3004108,52.8783,173.0442,848.91,30436.2
2362607,52.9286,173.0192,848.22,32663.6
9653236,51.8872,-178.0444,847.77,21103.2
6425762,52.2906,-174.1058,846.92,24073.2
27606,51.9228,179.6842,846.11,90638.5
125408,52.9286,173.0608,844.57,67722.5
190998,52.95,173.1008,843.12,61834.1
2478401,52.8864,173.0092,842.98,32209.9
8240947,51.7781,-178.8328,842.82,22215.1
1056988,52.9475,172.7931,842.01,40793.9
342824,52.9617,173.0042,842.0,54059.6
69483,52.9261,172.9731,841.64,76440.2
1880638,52.9144,172.8567,840.22,34865.7
3813018,52.9417,172.7881,837.48,28326.4
7542712,52.9289,172.7472,837.37,22865.2
3282228,52.8894,172.9025,831.36,29640.9
1331234,52.9267,172.6947,830.29,38354.9
1854177,52.9306,172.7747,830.25,35004.3
5132853,52.8928,172.9692,827.72,25842.3
3249845,52.9606,173.0122,827.42,29728.9
1230249,52.9517,173.0005,826.19,39176.6
3140613,52.9314,172.7817,824.58,30035.9
452439,52.8417,172.9392,824.19,50581.9
2313349,52.8781,173.0317,822.12,32860.0
625870,52.3225,-174.0475,821.65,46670.8
2095682,52.9661,173.0233,821.5,33808.0
137032,52.9328,172.9158,820.6,66477.7
113246,51.9681,179.6742,820.43,69190.2
7228078,51.8586,-178.077,818.19,23180.6
5703015,52.85,172.915,814.21,25002.7
1458545,52.9353,173.0233,813.93,37416.5
1591840,52.0428,-176.1053,810.69,36525.6
11630946,52.8978,172.9325,808.6,19836.4
296713,52.8708,173.0956,808.29,55938.6
224657,52.3231,-174.2042,807.26,59619.3
74948,51.9306,179.6039,806.26,75301.5
912923,52.9581,172.7797,803.87,42387.1
4889882,52.0308,-176.1208,802.77,26236.2
104704,51.8975,-177.1686,802.54,70326.3
930547,51.9339,179.585,802.08,42177.6
2641520,52.9017,172.6872,801.53,31612.9
10070007,51.8886,-178.0753,800.49,20811.3
424777,52.9544,173.0681,796.78,51359.3
3274334,52.9011,172.9472,795.04,29662.4
378909,52.2647,-174.0953,790.06,52788.4
211892,52.9461,172.6339,788.05,60418.6
255033,52.86,173.1267,781.08,57933.8
452398,52.9506,172.7033,780.41,50583.1
2319918,52.9383,173.055,778.54,32834.8
1688739,52.9439,173.1,777.27,35929.4
124972,52.8994,173.0367,777.16,67774.2
761930,52.9214,172.8355,775.94,44405.7
7523626,52.9314,173.0547,775.84,22884.7
4905857,52.92,172.8606,775.72,26211.9
3039440,52.0428,-176.0911,774.56,30331.4
7316965,52.9028,172.6758,772.0,23089.8
2308348,52.97,172.6967,770.32,32881.4
944522,52.9281,172.8947,770.04,42012.6
1511910,52.8456,172.9217,768.14,37048.6
1746873,51.8519,-177.9661,767.96,35592.7
6067932,52.9572,172.713,767.9,24519.0
2796736,52.9436,173.0717,766.1,31086.6
8508510,51.9719,179.6631,765.78,21987.3
2431603,52.9581,173.1006,764.47,32389.4
2964666,52.9125,172.7225,764.2,30555.3
8646712,51.9378,179.5842,764.06,21871.1
4119836,52.8806,172.9758,763.85,27664.1
2780913,52.9172,172.7492,762.72,31137.8
4467445,52.9225,172.8956,760.58,26983.2
209506,52.8594,172.8097,759.54,60570.3
4998360,52.8792,172.93,758.04,26058.3
149113,52.9481,172.5731,757.43,65272.6
1659417,52.9117,172.7442,755.55,36106.3
17347,51.8539,-176.3625,753.74,98001.9
7083669,52.9,172.985,752.63,23331.3
8846479,52.9497,172.8014,752.62,21710.3
8444484,52.9156,172.8425,752.52,22039.4
1070392,52.9478,172.9117,750.69,40654.7
1232595,52.8803,173.0714,750.69,39157.1
7699445,52.9386,172.7525,750.16,22714.2
654568,52.9642,172.6542,747.44,46145.0
11278532,52.94,172.7381,747.26,20040.9
1432038,52.9086,172.9072,746.68,37601.7
6392269,52.9083,172.9025,746.46,24115.5
777716,52.9167,172.963,746.15,44172.7
832168,52.9872,172.6625,744.72,43416.2
10116999,52.9428,173.0642,744.03,20777.6
3156489,52.9594,173.0625,743.29,29991.3
492181,52.8972,172.6505,737.98,49540.8
19814,52.1211,-174.5083,737.92,95890.4
539515,52.2781,-174.1811,737.21,48431.4
8091662,52.9319,172.9233,737.13,22349.4
1504470,52.9161,172.7339,736.15,37098.4
3184103,52.9625,173.0667,733.61,29912.6
3592473,52.9214,173.0322,733.19,28843.4
45724,52.8969,173.1467,732.58,82811.7
9850700,52.0878,-176.0744,731.01,20960.8
4508580,52.8994,173.0442,731.01,26907.6
19052,51.9067,-177.4417,730.8,96499.1
5557250,52.9261,173.0789,730.7,25205.8
1844801,51.8478,-176.3694,730.54,35053.4
4277189,52.9256,173.0839,729.88,27349.1
1646545,52.9625,172.8247,729.79,36183.8
645113,52.8719,172.8142,729.62,46317.3
1835399,52.9411,172.9067,729.04,35104.2
3258145,52.9558,172.8139,728.8,29705.3
1199686,52.9706,172.7892,728.02,39439.2
5232948,52.8414,172.9281,726.85,25686.5
152994,52.8111,172.9367,726.69,64906.5
2858289,52.8917,172.8858,724.97,30887.1
760516,52.8119,172.9222,723.37,44425.8
8790704,52.9697,172.8297,721.5,21757.2
970491,52.9017,173.08,720.92,41718.9
11736628,52.9389,172.7289,720.62,19778.5
2662738,52.8369,172.95,719.02,31538.3
7931074,52.0592,-176.1603,718.82,22494.4
7755474,52.9853,172.6492,718.16,22658.0
8653358,51.9617,179.6767,716.86,21865.3
809706,52.9258,172.7881,716.77,43718.9
1114382,52.3019,-174.0661,715.45,40223.0
9111683,51.8575,-177.9536,714.41,21500.9
1955475,52.9439,172.6189,714.14,34481.6
5764969,52.915,172.9683,713.18,24918.5
674117,52.8064,172.91,713.05,45804.1
1412407,52.9414,172.605,712.76,37743.7
7836406,52.9769,172.8389,712.48,22582.0
1492503,52.9311,172.8481,711.97,37180.8
3561906,52.9408,173.0897,710.95,28918.4
1265287,52.9514,172.6475,710.81,38881.2
30884,51.8269,-177.8025,710.56,88808.6
890629,52.9419,172.9664,710.56,42664.2
10504141,52.9753,172.8314,709.07,20521.5
2041503,52.9411,172.6114,707.63,34063.4
623913,52.8022,172.9447,707.05,46706.3
4750617,52.9564,172.6517,703.6,26473.1
5134333,52.9381,172.9122,701.75,25839.8
816659,52.9161,172.6717,700.37,43624.1
5610625,52.9222,172.7914,699.89,25129.8
4996952,52.9114,172.8983,698.82,26060.8
367641,52.7878,172.9281,698.71,53170.8
231822,52.8239,172.815,696.64,59202.2
5039204,52.9456,173.0064,696.28,25992.2
4434764,52.9511,173.1225,695.76,27044.5
259211,51.8531,-176.3983,695.76,57722.2
1615681,52.9589,172.5764,694.45,36375.3
4167138,52.8997,173.0517,694.43,27569.5
1085469,51.8467,-176.3975,693.72,40504.0
2409945,52.8636,172.8181,688.63,32475.8
412747,52.8561,173.155,688.06,51717.8
68196,52.3128,-174.2853,687.25,76710.6
1205991,52.8383,172.965,685.31,39384.3
75314,52.3531,-174.2911,682.73,75230.4
7948701,51.9489,-176.7503,679.78,22477.4
4265910,52.9211,172.9792,677.45,27372.4
11504869,52.8658,173.0414,676.0,19906.9
3354443,52.9919,172.6792,675.11,29446.8
4482205,51.85,-178.1042,673.91,26954.9
374111,52.8864,172.7025,672.61,52947.4
6853349,52.9092,172.675,671.07,23581.2
374083,52.1053,-174.5061,670.4,52948.6
155437,52.8767,172.8675,669.66,64684.3
3797367,52.8992,173.1514,668.69,28360.1
8200605,52.2842,-174.1669,668.24,22252.3
48856,52.16,-174.3794,667.52,81785.9
10659478,52.8786,173.0608,667.26,20421.9
331481,52.8258,172.9122,665.86,54495.1
33946,51.7572,-176.7775,665.83,87386.1
314803,52.9239,172.5183,664.51,55170.2
25560,52.3483,175.9106,662.15,91854.8
5487199,52.9806,173.0414,661.93,25306.7
164720,51.7453,-176.7269,661.87,63865.5
364198,52.1169,-174.5308,661.66,53286.9
65311,51.8383,-176.4842,661.02,77352.4
638042,52.9325,172.5781,660.38,46447.8
1617837,52.8328,172.9797,659.99,36361.2
7240861,52.8739,172.8806,659.4,23166.9
3806316,51.8206,-177.8117,659.26,28342.1
7782056,52.8144,172.9525,658.52,22635.5
546843,52.9019,172.7772,658.21,48270.6
285755,51.7419,-176.7645,656.41,56435.2
2989286,52.8161,172.8108,656.06,30480.2
10210464,52.8294,172.8214,655.7,20716.2
11560129,52.9408,173.0125,655.67,19878.1
6096759,52.8608,173.0889,654.64,24480.0
1074304,52.8894,172.7147,653.54,40615.5
6552591,52.9469,173.0239,653.37,23924.5
4321094,52.9119,172.8839,652.42,27262.8
554617,52.9244,172.5517,652.2,48105.4
2775555,52.7906,172.9183,651.66,31156.2
2644750,52.855,172.7864,651.65,31600.8
5885412,52.1067,-174.4992,651.62,24756.9
2938484,52.9019,172.6475,651.42,30636.5
4577428,52.2742,-174.0992,651.02,26781.8
4576177,52.9714,172.9958,651.01,26784.2
3345946,52.8706,173.1192,650.19,29470.6
74490,51.8617,-176.3178,650.14,75396.2
8783643,52.8978,172.6708,649.24,21763.1
2273289,52.1125,-174.5467,647.54,33028.3
1714681,52.1086,-174.5478,647.44,35778.4
1892270,52.9383,172.8558,647.35,34807.1
6353650,51.7547,-176.7686,646.99,24160.4
7503712,52.8725,172.8042,646.2,22901.4
4092059,52.3061,-174.0492,644.45,27723.9
9726268,52.9747,172.8497,644.39,21048.7
6715892,52.9403,172.5789,643.75,23734.7
10750263,52.8969,172.6664,643.6,20365.7
3864984,51.8458,-177.9453,642.9,28211.4
658518,52.8889,172.6456,642.3,46077.3
3181921,51.7394,-176.7311,642.1,29919.0
9734347,52.9092,172.8922,642.03,21042.7
3191367,51.7425,-176.7219,641.38,29891.3
5647793,52.8811,173.0808,640.03,25079.1
2811595,52.8614,173.1408,638.95,31035.3
4461609,51.8578,-176.3086,638.43,26995.0
10788214,52.8553,173.118,636.24,20340.7
927188,51.8447,-176.495,636.17,42218.4
1288558,52.8881,172.7572,635.87,38690.6
3335466,52.9031,172.7206,634.92,29496.5
31646,51.9897,-176.5861,633.25,88442.0
2433043,52.8936,172.77,633.24,32383.5
29177,52.1381,-173.6303,632.28,89759.1
6809452,51.9042,-177.4383,631.17,23632.5
11494405,51.8297,-177.795,630.64,19913.3
844833,52.8719,172.8992,629.07,43248.6
307341,51.9056,-177.1086,629.05,55481.1
169317,51.8208,-176.4658,629.02,63487.3
29641,52.4586,173.5717,628.39,89482.6
4002170,51.8144,-177.8144,627.44,27911.7
113349,52.8231,172.8475,627.25,69177.3
591711,52.4478,173.5531,626.59,47333.7
465705,51.8042,-176.4717,626.31,50226.7
9139674,51.8614,-176.3128,625.77,21483.2
10344225,52.8111,172.9064,625.59,20626.8
11549530,52.9175,172.76,624.95,19884.5
622181,51.9706,178.5375,624.06,46739.0
11130277,51.8606,-178.0992,622.17,20129.7
30474,51.8728,-176.0375,622.06,89030.7
1131425,51.8744,-177.9417,621.78,40059.5
2194738,52.1575,-174.3867,621.32,33362.2
40578,52.9122,173.2658,619.18,84654.5
271743,52.3617,175.9367,618.96,57094.1
507389,51.8456,-176.3167,616.66,49175.5
384313,51.7664,-176.6761,616.49,52611.9
463097,52.3447,-174.0503,616.31,50297.7
6905800,52.1156,-174.5425,614.54,23524.4
1904293,52.9111,172.7805,613.46,34744.9
3515398,52.1211,-174.5425,612.48,29032.8
10223485,52.8606,173.04,610.6,20707.0
2536293,52.9389,172.6464,608.76,31993.6
9352135,52.9769,172.9972,607.91,21319.4
120329,51.7794,-176.5983,607.7,68306.1
1731373,52.3106,-174.2619,607.36,35682.1
11155148,52.1422,-173.6303,606.78,20113.9
470228,52.9083,173.1992,606.58,50106.0
1945179,52.9592,172.63,605.52,34533.3
7375465,52.3539,-174.3,603.78,23031.8
1553744,52.9114,173.2089,603.31,36770.7
2758784,51.8853,-177.9569,602.1,31211.3
1801709,51.8494,-176.3867,601.89,35287.1
5822008,51.8767,-177.9553,601.31,24841.7
4421661,51.7672,-176.6675,600.83,27070.4
630797,52.9267,173.2092,600.82,46580.7
1764253,51.9061,-176.7369,599.1,35494.1
7575816,52.8856,172.7514,599.03,22831.7
2519541,51.7614,-176.6844,598.99,32055.2
230518,51.9189,178.515,598.43,59279.6
107047,52.4769,173.635,596.58,70014.0
2845769,52.2725,-174.1319,596.07,30926.3
970492,52.1256,-174.5567,594.72,41718.9
1180956,51.9467,178.51,592.95,39605.3
1319813,51.8783,-176.0403,592.34,38444.5
126606,52.1392,-174.4386,592.23,67593.5
5687770,51.9103,-177.1053,592.2,25020.6
2042627,52.1678,-174.3708,592.16,34057.8
10508722,51.8981,-177.1395,591.46,20518.4
122083,52.0883,-174.4836,590.72,68104.3
212213,52.0742,-174.6003,590.3,60397.5
1413934,52.1508,-174.3917,590.22,37731.9
85566,52.0806,-173.7478,589.79,73292.3
123852,51.7247,-176.6042,589.5,67897.2
1131426,51.7528,-176.6969,589.38,40059.5
1957676,51.9881,-176.5775,588.89,34472.4
74288,52.8458,173.3292,588.68,75439.3
7086178,52.9067,173.2708,587.81,23328.6
10411771,52.8475,172.78,586.92,20580.4
8633173,51.9133,179.685,586.7,21882.8
72211,52.1542,-174.2594,585.04,75870.5
645398,52.9017,173.1764,584.11,46311.8
5116054,52.0325,-176.1508,583.84,25866.9
186011,51.7125,-176.7769,583.0,62202.9
5089444,51.7281,-176.6028,582.37,25911.2
1006823,51.7117,-176.7533,582.2,41318.4
477804,51.7678,-176.7703,581.26,49909.8
139375,51.8169,-176.7244,581.22,66237.6
393832,52.095,-174.5703,580.35,52307.0
11620378,52.2961,-174.0492,577.53,19842.8
1989884,51.7353,-176.6103,575.86,34313.1
85042,52.065,-174.7508,575.79,73381.8
1524400,52.0953,-174.5036,575.77,36966.0
192252,51.8028,-176.3719,575.01,61746.4
359990,52.3572,-174.0525,574.85,53433.7
1529822,52.8144,172.8439,574.6,36928.0
140036,52.0661,-174.6533,573.48,66169.3
204044,52.0869,-173.4383,572.84,60936.3
1449206,51.7433,-176.7878,572.77,37481.2
2377580,51.7969,-176.4633,571.88,32603.1
124588,51.8381,-176.5586,571.88,67814.6
552724,52.0544,-174.7461,571.16,48145.1
4730845,52.4742,173.6406,570.35,26509.2
161246,51.7828,-176.5344,570.22,64170.1
164703,52.8331,173.005,567.91,63867.5
197160,52.8458,173.2733,567.87,61394.6
2001108,51.7464,-176.7083,567.48,34257.3
3091082,52.0914,-174.4778,565.84,30179.8
39890,51.2706,-179.1311,565.67,84899.5
832699,52.0869,-174.5817,565.57,43408.9
529621,51.7017,-176.7878,565.29,48651.9
4608160,51.7158,-176.7794,565.27,26727.0
11115327,51.8331,-177.7861,564.74,20139.2
68115,52.8133,173.1342,564.64,76727.2
223001,52.125,-174.4125,564.41,59718.6
1720907,51.9389,-176.6903,563.56,35742.7
3707474,51.7439,-176.7967,562.93,28568.2
4230521,52.3644,-174.2528,562.29,27442.1
961401,52.0722,-174.6386,562.04,41821.1
68356,51.8303,-177.6933,560.8,76673.2
8814524,51.9419,178.5106,560.71,21736.7
1277472,52.045,-174.7383,560.3,38781.1
159752,52.0689,-173.6153,559.43,64304.0
1195475,52.845,172.8175,559.2,39474.7
258505,52.055,-174.8053,558.94,57758.6
1595542,52.1217,-174.4208,558.24,36501.2
2062217,52.4492,173.5667,557.65,33964.1
4705483,52.0778,-174.6044,557.56,26552.4
268754,52.0814,-173.5917,556.74,57242.3
1801409,51.8489,-176.31,556.74,35288.9
2848740,52.8056,173.1372,556.26,30916.0
4389440,51.9411,-176.6969,556.14,27131.6
552144,52.0925,-173.5758,555.83,48155.7
1054214,52.3867,-174.2633,555.37,40822.0
53080,51.9475,177.365,555.31,80522.0
1113426,51.8247,-176.7011,555.28,40232.5
214626,52.8631,173.2389,555.12,60242.3
6195213,51.8419,-176.4761,555.03,24357.4
3287514,52.1431,-174.39,554.74,29625.8
82369,51.8908,-176.0719,553.54,73847.5
6572184,52.1064,-174.5375,553.38,23900.6
1376880,51.8086,-176.3761,553.37,38006.1
1054984,51.8442,-176.3369,553.17,40815.8
43262,52.3072,-174.4186,552.8,83664.3
5771995,52.9314,172.6197,552.39,24908.3
3285238,52.1272,-174.5133,551.81,29632.3
5696669,51.2669,-179.1225,550.99,25007.8
1462991,51.8219,-177.9467,550.85,37385.9
1676197,52.8292,173.0158,549.41,36005.6
395739,52.0297,-174.735,549.22,52247.3
263563,51.7817,-176.4728,548.95,57496.6
1878932,51.8894,-176.06,547.82,34874.8
148706,52.115,-173.7717,547.69,65309.7
2728371,51.7258,-176.5911,547.54,31313.2
2031216,52.0678,-174.5994,547.48,34112.0
182390,52.1631,-174.4725,546.95,62465.5
3973153,51.9325,179.6914,546.9,27973.3
358918,52.8931,173.2381,546.52,53471.9
172110,52.0539,-174.952,546.32,63258.1
2380369,52.0947,-174.4686,546.07,32591.4
1262096,52.8408,173.3172,545.47,38909.0
243391,52.0767,-174.8078,545.15,58550.7
291396,52.115,-174.5717,545.07,56175.0
2284765,52.7817,172.9397,544.82,32978.1
7679234,52.9156,173.1917,544.66,22731.0
1508467,52.8708,173.2175,543.99,37072.7
5423111,52.1056,-174.5569,543.97,25397.1
4979402,52.4458,173.5683,543.54,26087.7
2458854,52.2897,-174.0486,543.47,32285.0
521644,51.7544,-176.6,542.06,48837.5
2981318,52.8669,173.2306,541.2,30505.2
119313,52.085,-173.2728,540.61,68430.0
8383032,52.0719,-174.6436,539.7,22094.3
2203657,51.8164,-176.6978,538.9,33324.0
657214,52.3569,175.9464,538.88,46099.5
353501,51.8081,-176.6661,538.61,53668.1
7618245,51.9506,177.3683,538.38,22792.6
1531405,52.8614,172.91,538.09,36919.4
3252843,51.9483,179.6925,537.54,29720.3
2497991,52.9344,172.5456,537.33,32136.6
769311,51.9472,179.5589,537.31,44295.1
544494,52.1394,-174.2592,537.12,48320.8
257135,52.0756,-174.7392,536.53,57827.0
4131100,52.0706,-174.6592,535.62,27643.4
178597,52.4564,173.6008,535.12,62747.4
10900710,51.9172,179.7031,534.66,20271.6
559888,52.1183,-174.4592,533.36,47991.3
3501188,51.8353,-177.9308,533.28,29070.1
262949,52.9217,172.4758,533.22,57527.6
1161654,51.8717,-176.0169,533.1,39778.6
509943,52.1347,-173.6583,532.94,49114.6
690118,51.7556,-176.4594,532.79,45534.9
828104,51.7822,-176.6108,532.76,43470.5
46997,51.9578,-175.7278,532.75,82392.1
1947295,52.4461,173.5831,532.61,34524.1
1884084,51.7056,-176.7525,532.36,34849.2
173690,51.8617,-175.9858,531.28,63137.1
2555699,52.0711,-174.6294,530.65,31921.8
3388555,52.0603,-173.6136,530.64,29360.1
1918417,52.3119,-174.4361,530.42,34671.4
1838255,51.8906,-177.95,529.09,35087.9
1015907,52.0667,-173.6267,528.52,41221.2
7129189,52.0944,-174.4603,528.24,23284.9
5450000,52.8072,172.7992,528.13,25359.5
254630,52.0797,-173.8175,528.1,57954.6
1016965,51.8667,-176.2978,527.09,41208.8
2024744,51.9236,-177.0994,526.46,34141.8
110707,52.0347,-175.0008,526.02,69522.7
528842,51.825,-176.5325,525.89,48671.5
314830,52.1033,-173.5275,525.34,55169.0
4802391,52.0489,-174.74,524.78,26383.9
4655888,51.9811,-176.5833,524.19,26641.1
5867659,52.9267,172.5622,524.18,24777.5
2231843,52.8758,173.2025,523.73,33201.4
1798859,52.8025,172.8355,523.06,35303.3
6096770,51.7544,-176.7217,523.06,24480.0
82675,54.6333,167.8547,523.04,73799.1
888660,51.8336,-176.7453,522.63,42688.1
3512948,52.4706,173.6475,521.62,29039.4
150093,54.5611,167.9825,521.22,65174.9
2346546,52.1278,-174.3742,521.15,32727.9
218231,52.2897,-174.2417,520.25,60017.7
669239,52.8536,173.3014,520.19,45888.9
599801,52.0947,-173.4311,519.53,47174.6
50321,51.8294,-176.2242,519.12,81331.3
7673531,52.9322,172.505,519.04,22736.6
71035,51.7806,-176.297,518.94,76113.6
9943951,52.1156,-174.5792,518.61,20896.9
8067445,52.855,173.3058,518.31,22372.2
11473359,52.0525,-176.1933,518.09,19926.1
1664765,51.2764,-179.1133,517.95,36072.7
564027,52.1097,-173.6386,517.87,47905.0
76028,51.7644,-176.3683,517.35,75079.5
8696058,52.1178,-174.5828,516.46,21833.2
1127776,52.1389,-174.4783,514.41,40094.5
9793289,52.8089,172.8417,513.71,21003.3
3845254,52.9728,172.5847,513.26,28254.3
732758,52.0528,-174.63,513.19,44845.5
896051,51.83,-176.4733,512.91,42594.0
816007,52.8506,173.3483,512.05,43632.9
5932054,52.9697,172.5722,511.6,24692.5
4814946,51.2856,-179.1119,511.56,26364.6
262785,52.08,-173.2536,511.52,57536.5
2710069,52.8414,172.8233,511.33,31376.3
7766726,51.8269,-176.5575,511.07,22646.8
4244088,52.9483,172.5347,510.98,27414.2
854865,51.2503,-179.1125,510.83,43117.3
1332651,52.8353,172.7708,510.69,38343.3
528197,52.0719,-173.7769,510.51,48685.9
1912827,51.6989,-176.7469,510.28,34699.0
5131314,51.8406,-178.1261,509.94,25844.7
4710787,51.8442,-176.3236,509.72,26542.8
2397821,52.0747,-173.5892,508.95,32522.9
5451649,51.8208,-176.5333,508.77,25357.0
598628,52.0975,-173.4783,508.13,47197.5
191111,51.7544,-176.3525,507.53,61825.8
5438536,51.7944,-176.6078,507.21,25377.1
4441888,51.8581,-176.2992,506.59,27030.4
92656,51.8564,-176.1786,506.0,72095.1
11389322,52.0669,-173.6108,505.89,19977.2
9669379,52.0994,-174.5019,503.77,21091.1
1276309,52.0431,-174.6592,503.09,38790.9
1320029,52.0497,-174.9383,501.95,38442.8
6379643,52.0619,-174.6344,500.85,24131.4
11615005,52.9531,172.6255,500.74,19846.0
667428,52.1081,-173.5678,500.47,45922.2
3095926,52.0528,-174.7575,500.37,30165.0
7180137,51.9589,177.3733,500.2,23232.8
1700358,52.05,-174.6536,499.74,35860.2
3072011,51.8569,-176.3778,499.64,30234.6
477537,52.0539,-174.7875,499.43,49916.2
10082768,52.9453,172.5317,498.91,20802.1
4600117,52.7706,172.9247,498.46,26738.9
597668,52.88,173.1214,497.96,47216.4
3774005,52.1367,-174.4667,497.66,28416.2
1835400,52.8369,173.3347,497.54,35104.2
10375542,51.8175,-176.5361,497.2,20605.2
8982929,51.9556,177.3697,494.86,21601.5
2126763,51.7661,-176.3745,494.7,33666.4
10485857,51.28,-179.1083,494.6,20533.9
57266,51.9325,-175.8019,493.92,79332.7
2483012,52.0883,-173.5644,493.79,32194.1
1260574,51.7625,-176.4686,493.67,38920.5
7034794,52.3072,-174.4408,493.58,23385.9
964286,51.8608,-176.1717,492.89,41789.1
6303078,52.9006,172.7114,492.88,24221.0
1983153,52.8189,173.1233,492.84,34346.5
4956657,52.0919,-174.4533,492.37,26126.7
1008904,52.9628,172.6131,491.92,41295.3
6934137,52.7742,172.9292,490.53,23491.9
1939873,51.6878,-176.7525,490.24,34561.0
547918,51.9478,-175.8058,490.2,48246.9
555800,52.0864,-173.1594,489.7,48080.2
61191,52.0181,-175.1028,488.72,78350.0
5476512,52.0811,-173.7567,488.37,25319.3
1452779,51.8839,179.6322,488.11,37455.7
473089,52.0683,-173.5333,487.34,50030.9
882646,52.0914,-173.61,486.51,42764.2
375878,52.0167,-175.0519,486.18,52888.4
241904,52.0306,-175.1619,485.7,58633.4
371077,52.0731,-174.8692,485.1,53050.8
4174766,52.0836,-174.4942,484.6,27553.3
6406856,51.8114,-176.4683,484.48,24097.0
9158231,51.2786,-179.12,483.86,21468.3
418878,51.9689,177.4739,483.37,51534.0
584923,52.0242,-175.0653,483.18,47470.8
1864370,51.805,-176.3908,483.18,34951.4
1229502,52.0611,-174.8167,482.3,39183.1
3597706,52.12,-174.4042,481.59,28830.2
530436,52.0875,-173.6392,481.02,48633.6
227545,52.0461,-175.1778,480.82,59449.2
2704467,52.0822,-174.4833,480.71,31396.6
9834030,52.1361,-174.3792,480.62,20972.9
10759704,52.8722,172.843,479.41,20359.4
381331,52.4614,173.6167,479.3,52708.7
3040105,52.0956,-174.5553,478.74,30329.3
4677910,52.0831,-173.45,478.6,26600.4
4696463,52.0419,-174.7467,477.79,26569.2
755644,51.7122,-176.5919,477.36,44498.9
9948104,52.0508,-174.7444,476.73,20893.8
7288526,51.8569,-176.2919,476.49,23120.1
477359,51.8369,-177.657,474.76,49920.0
554934,51.7664,-176.3211,474.62,48098.8
3727081,51.8319,-176.3711,473.72,28523.6
11258236,52.0942,-174.5592,473.25,20053.6
391552,52.0839,-173.3975,473.21,52376.4
999302,52.0856,-174.4467,472.9,41398.5
709220,52.0786,-173.4917,472.76,45220.4
2091819,52.7592,172.915,472.62,33826.9
2233565,51.9044,-177.1469,472.5,33193.8
90904,52.1672,-174.5461,472.16,72387.9
1342803,52.82,173.1008,472.05,38265.1
1933661,52.1631,-174.5375,471.98,34592.3
487346,51.8319,-176.1778,471.72,49661.6
5119040,52.9075,172.8142,470.83,25862.0
1368703,52.0378,-174.9892,470.21,38066.4
4499922,51.8158,-176.6567,470.21,26924.1
9287181,52.845,173.2822,470.2,21370.2
360871,52.0881,-173.1269,470.05,53403.9
6278462,52.9306,172.8139,469.98,24252.5
1831844,52.1253,-173.6317,469.93,35124.2
216849,52.0889,-173.7186,469.58,60100.4
903477,51.7783,-176.3108,469.47,42502.6
7964505,52.8411,172.7747,469.03,22466.0
501671,52.0978,-173.3803,467.61,49311.4
7116932,52.0453,-174.655,467.14,23298.5
6335271,52.1283,-174.46,467.06,24184.1
1178761,51.7619,-176.3125,466.79,39622.9
2805720,51.8303,-176.2144,466.75,31055.8
342793,51.7128,-176.5733,466.63,54060.8
5389116,51.7528,-176.3445,466.6,25449.8
7046878,51.7619,-176.3792,465.8,23372.2
2307038,52.8256,173.123,464.83,32887.2
9764923,52.0942,-173.4778,464.67,21024.5
9253555,52.3072,-174.4078,463.91,21397.0
1165076,51.7417,-176.3453,463.71,39748.2
9249880,52.8797,173.1283,463.7,21400.0
683787,51.8728,-175.9786,463.65,45639.7
2158318,51.9667,177.3697,463.62,33522.3
1042878,52.0769,-174.5442,462.41,40940.5
5728202,51.9103,-177.1203,462.36,24967.0
2667956,52.0739,-173.8217,462.28,31522.1
7872892,52.0731,-174.7333,461.32,22550.9
1000372,52.025,-175.1042,461.11,41386.2
3837449,51.8328,-177.6842,461.0,28272.3
10797825,52.0275,-175.1044,460.74,20334.4
790843,52.0689,-174.8183,459.64,43986.2
623914,52.0581,-175.0192,459.55,46706.3
4915492,51.8214,-177.9203,459.46,26194.9
2677487,52.8492,173.2925,459.12,31487.7
2437107,52.0789,-173.6528,458.8,32369.7
2328145,52.0569,-174.825,458.78,32799.9
593004,52.0236,-175.1783,458.22,47306.8
8225442,51.8358,-176.3708,458.2,22229.4
471114,52.1017,-173.1208,457.8,50083.1
351055,52.0592,-173.3433,457.77,53757.1
560511,52.1411,-173.5458,457.71,47979.4
235642,52.485,173.6781,456.66,58981.1
716767,52.0625,-174.8786,456.59,45099.1
2562624,52.1278,-173.6558,456.34,31897.8
450834,52.0572,-174.8567,454.57,50624.7
2566323,52.0836,-173.4758,454.33,31883.9
350352,52.0086,179.6408,453.49,53782.0
543488,52.0442,-175.0683,453.34,48344.5
638710,52.0811,-173.2936,453.22,46435.4
10210465,52.8089,172.8939,452.75,20716.2
296201,54.6156,167.898,452.68,55961.4
2721498,52.2833,-174.2661,452.29,31337.7
976475,52.09,-173.2161,451.33,41651.7
6877544,52.0817,-173.2867,451.21,23556.9
5287551,52.025,-174.7244,451.14,25602.0
4796938,51.2575,-179.1125,451.09,26393.6
3608449,52.0519,-174.6228,449.13,28805.9
7484965,52.1328,-174.3625,448.92,22920.8
1201465,54.5728,167.9881,448.87,39423.1
615391,52.0864,-174.6519,448.74,46869.7
2172603,51.2494,-179.125,448.61,33459.5
3343631,51.2575,-179.1236,448.25,29477.1
381024,52.1664,-174.3225,448.17,52719.5
6205220,51.7147,-176.57,448.1,24344.3
328036,52.2992,-174.3558,446.99,54629.4
2696381,52.8517,173.2642,446.98,31422.9
5498856,52.1247,-174.53,446.91,25289.0
9100812,52.0178,-176.1458,446.67,21509.8
1822162,52.0825,-174.8708,446.62,35176.8
4642750,51.7175,-176.7378,445.96,26662.6
1819591,52.0814,-173.2417,445.85,35191.2
269059,52.1592,-174.1817,445.82,57227.8
3279160,51.9378,-175.8019,445.57,29649.5
3907246,51.8342,-176.1933,445.43,28116.4
11609633,52.0592,-174.6558,445.37,19849.2
2956151,51.885,-176.0844,445.37,30582.4
1460109,52.0667,-173.8292,445.2,37404.6
691825,52.0897,-174.8053,445.14,45505.5
1515588,52.0581,-174.9303,445.12,37024.5
9685645,52.9703,172.6281,445.02,21079.0
8538310,52.0406,-174.7553,445.02,21961.2
7011510,51.8536,-176.1828,444.65,23407.7
1730479,52.3025,-174.3717,444.48,35687.4
7735768,51.8181,-177.7861,444.36,22677.7
4205838,52.0839,-173.2178,444.17,27490.8
5440172,52.0581,-174.7828,443.82,25374.6
7056721,52.8964,173.0925,443.81,23361.3
11577037,51.2456,-179.125,443.75,19868.5
1524401,51.7931,-176.5128,442.93,36966.0
1248116,52.0525,-175.0033,442.7,39023.5
2072172,52.0958,-173.125,442.59,33917.2
3482656,52.9036,173.2505,442.1,29116.1
413828,54.6497,167.8164,441.81,51687.0
780659,54.6375,167.9147,441.69,44130.8
4339862,52.0422,-175.0083,441.36,27227.7
980054,52.7942,172.9589,441.22,41611.9
397539,51.9289,179.5031,440.98,52188.7
916115,52.0736,-173.7958,440.93,42349.5
9566605,52.0756,-174.8653,440.83,21163.4
2233567,51.7808,-176.5742,440.71,33193.8
505737,51.9481,-175.7367,440.5,49214.4
1295025,52.0842,-173.1969,440.43,38637.9
2825805,52.0861,-173.2025,440.37,30990.1
2743598,52.0911,-173.5283,440.11,31262.3
1398723,52.4769,173.6031,439.12,37843.2
6178359,52.0917,-173.5367,439.06,24375.7
2787037,51.9294,179.5514,439.05,31117.3
1374934,52.0236,-174.7053,438.96,38019.5
687427,54.6158,167.9208,438.46,45579.6
77692,51.9753,-175.9094,438.44,74744.4
11023128,51.8711,-176.0058,438.14,20192.9
458505,52.1,-173.6808,437.96,50417.9
3150080,51.2664,-179.1092,437.54,30010.4
7375428,54.5692,167.9917,437.4,23031.8
4049104,52.3597,175.9281,437.23,27811.1
3901376,51.9439,179.5425,436.55,28130.0
7016855,51.9736,-175.9028,435.88,23402.2
1559785,52.0614,-173.54,435.51,36732.6
2764818,52.165,-174.2769,435.31,31190.9
2209523,52.1158,-173.6403,435.19,33297.2
1814277,51.9089,179.5772,434.71,35218.4
1071271,54.6453,167.8392,433.81,40645.3
244156,51.9222,177.315,433.57,58509.4
3576834,52.0275,-175.0958,433.46,28883.2
1362373,52.0183,-175.0353,433.26,38114.9
4680524,52.0817,-174.5936,431.37,26595.6
5940708,51.7756,-176.3153,430.87,24684.7
4342259,51.7461,-176.3367,430.71,27223.0
2588450,52.12,-173.6395,430.65,31801.8
282034,52.0853,-173.8803,430.17,56607.7
2090652,52.0711,-173.6658,430.15,33832.5
2363075,51.9269,178.5506,429.47,32661.7
1971693,52.1072,-173.6911,429.21,34402.1
1724790,52.0919,-173.1742,429.13,35719.5
1829660,52.0161,179.6442,428.58,35136.9
8961491,52.1589,-174.1761,428.39,21619.1
1873527,52.0978,-173.5386,428.38,34904.0
3624500,52.0142,-175.0267,428.18,28766.0
208271,51.7231,-176.6311,428.17,60654.4
2968502,51.8958,-176.0378,428.04,30542.8
538938,52.0469,-175.1325,427.94,48443.2
1982430,52.4711,173.6072,427.54,34350.2
6053307,52.0867,-173.6019,427.37,24534.6
7520915,52.0794,-173.4636,426.6,22887.5
10826380,51.2703,-179.1003,426.58,20315.6
5811691,54.6311,167.9131,426.03,24851.9
640857,52.0661,-173.3211,424.84,46395.6
924571,52.0686,-173.3469,424.21,42248.6
237287,52.0603,-174.42,423.79,58888.2
3471134,51.2417,-179.1117,423.18,29146.7
1416619,52.0161,-175.13,422.82,37711.6
1755999,51.9097,179.6467,422.71,35540.7
3642334,51.8083,-176.6908,422.38,28723.9
947669,52.0758,-173.9128,421.4,41977.8
298158,52.4989,173.7139,421.36,55873.6
7490269,52.1014,-173.4236,421.17,22915.3
4949590,52.1039,-173.6453,419.47,26138.9
1803654,51.9656,-175.7192,418.78,35276.2
941811,52.055,-174.9028,418.23,42044.5
2746482,51.2342,-179.1117,417.8,31252.1
8330666,52.0878,-174.797,417.61,22137.5
2136736,52.4922,173.6667,417.56,33619.1
4333668,52.1567,-174.3094,417.55,27237.0
11625497,54.6539,167.8164,417.26,19839.6
3360154,52.0142,-176.0628,417.11,29431.6
1715569,52.065,-175.0119,416.88,35773.0
734833,52.0769,-173.3425,416.82,44811.4
1468856,52.0983,-174.6603,416.74,37341.5
1977596,51.83,-178.1069,416.35,34372.4
9206404,52.0867,-173.19,414.38,21429.7
11658007,52.0231,-175.115,414.3,19820.3
799894,52.04,-175.1425,414.22,43857.1
8231719,52.1294,-174.3967,413.88,22223.7
2782128,51.9403,177.5289,413.64,31133.7
770347,52.0286,-175.1978,413.46,44280.7
591010,52.0603,-173.6753,412.47,47347.1
6303081,52.8572,173.2522,412.2,24221.0
180539,51.985,-175.9503,412.07,62602.1
6612508,52.0869,-173.5494,412.05,23855.2
105682,54.5125,168.0781,411.9,70194.8
3144103,52.1586,-174.4658,411.26,30025.3
299749,51.9878,-175.9194,410.84,55805.2
824934,51.2761,-179.0853,410.27,43513.0
3219372,52.0808,-173.41,408.73,29814.5
1497642,52.0786,-173.5217,408.59,37144.8
7248636,52.0239,-175.0728,408.33,23158.7
3208393,52.9233,173.2614,408.21,29844.4
8405233,54.64,167.9217,408.2,22074.1
1041538,52.1767,-174.2117,407.85,40954.5
1132900,51.9025,177.285,407.75,40046.8
1631777,51.9589,177.3958,406.78,36275.3
5025859,51.94,177.35,406.75,26011.8
395783,52.1344,-174.1969,406.6,52246.1
96430,51.9833,-175.8494,406.3,71521.1
8593074,52.1267,-174.4536,405.71,21917.7
5252765,51.93,179.4906,405.64,25654.2
10393616,51.9775,-175.9161,405.13,20592.8
1849247,52.0644,-174.4269,404.65,35031.6
247596,52.1058,-174.9103,404.44,58326.1
3757863,51.9839,-175.8586,404.19,28452.0
2451545,51.955,-175.8033,404.05,32314.6
8511778,52.0239,-174.7158,403.93,21984.4
1177913,54.6747,167.8242,403.42,39631.0
3321579,52.1472,-174.2933,403.27,29535.4
11050562,52.9581,172.935,402.9,20180.3
1449432,51.965,177.4192,402.86,37479.5
7592312,51.9631,-175.725,402.73,22815.0
9046298,52.1364,-173.5442,402.73,21554.2
10398116,52.0831,-173.2258,402.26,20589.7
2805135,52.1186,-174.2433,401.94,31057.9
10710878,54.6506,167.8272,401.47,20387.6
4312957,52.0767,-173.7986,400.5,27279.1
10210482,52.0792,-173.4033,400.5,20716.2
677502,54.5764,167.9447,400.47,45748.5
2591577,51.8064,-176.5358,400.45,31789.8
6150872,54.5761,167.9525,400.29,24412.2
1865707,52.0736,-173.2542,400.2,34944.2
814844,51.8644,-176.2011,399.93,43650.4
11447067,52.0592,-174.9253,399.52,19942.1
361314,52.09,-173.0494,399.41,53389.6
6539487,51.8242,-176.3708,399.23,23940.5
116223,51.8122,-176.1225,398.98,68812.5
2202227,52.1264,-173.5594,398.89,33327.9
7210484,51.8142,-176.1211,398.82,23199.9
10490376,52.1567,-174.5311,398.4,20530.8
3065831,52.1186,-173.5658,398.37,30253.6
7139110,51.9033,177.2933,398.3,23273.9
4798382,51.9014,-176.0217,397.8,26391.2
2527896,52.08,-173.9036,397.63,32023.4
11227661,52.0244,-175.2,397.6,20072.6
1337999,51.8228,-176.3261,397.24,38303.4
8276795,51.9864,-175.925,397.15,22186.4
3121200,52.0464,-175.0069,396.75,30091.0
195192,52.8428,173.4142,395.73,61537.6
964431,52.0858,-173.1111,395.66,41787.6
8468818,52.0889,-173.1867,395.53,22022.1
2900146,52.0222,-175.0792,395.47,30754.8
8894158,51.8519,-176.1936,394.92,21675.1
4792814,52.0214,-175.1258,394.71,26400.8
3225265,52.0758,-173.785,393.32,29797.4
5078707,51.9686,177.4417,392.79,25926.0
9722190,52.1214,-173.6483,392.73,21051.8
5246748,52.1625,-174.2103,392.44,25664.2
3966157,52.0686,-174.8283,392.37,27989.2
793548,51.9897,-175.8253,391.99,43947.1
2067248,52.0172,-174.7292,391.74,33941.6
171048,52.0281,177.5564,391.26,63342.7
1942655,51.8181,-176.1258,391.22,34546.2
8712894,51.8192,-176.3403,391.02,21818.6
514697,51.9678,178.4875,390.66,48999.0
2171325,51.9906,-175.9111,390.54,33465.2
9877258,52.1683,-174.215,390.23,20945.6
7662351,51.9525,-175.8094,389.59,22747.8
738006,52.3294,-174.2569,389.57,44764.4
1955828,52.0667,-173.3011,389.39,34479.8
157010,51.8333,-176.085,389.33,64546.3
6565777,51.2311,-179.1167,388.01,23908.6
6497045,51.9533,177.5056,385.92,23988.4
2209073,51.9044,-176.0067,384.93,33299.2
1483797,52.0319,-175.0625,384.81,37237.3
9838265,52.1036,-173.385,384.41,20969.9
10379955,51.9558,177.4731,383.58,20602.1
2960004,51.7189,-176.7161,382.99,30569.9
11582247,54.5556,167.9955,382.82,19865.3
7755494,52.0781,-173.5036,382.8,22658.0
8070428,51.8606,-175.9725,382.41,22369.4
8131699,51.7908,-176.6308,382.19,22312.4
1180771,52.0575,-173.3017,382.05,39606.9
6783218,52.3078,-174.3958,381.74,23659.4
4871854,52.0956,-173.0567,381.64,26267.8
2627639,52.0722,-173.3033,381.3,31661.3
113725,51.7814,-176.1619,381.2,69131.2
1589514,52.8933,173.2867,380.65,36541.3
2680352,54.6692,167.8075,379.95,31477.6
11258235,52.1278,-174.195,379.84,20053.6
256599,52.8361,173.0967,379.26,57855.6
7779232,51.9064,177.3067,379.2,22638.4
9400746,51.7539,-176.5861,378.7,21286.5
3616216,52.0847,-173.7108,378.25,28786.0
2103192,51.9903,-175.8775,377.21,33774.1
10086855,52.0728,-173.9119,377.2,20799.1
742492,51.9772,179.5108,376.97,44696.0
7830699,51.8153,-176.3903,376.88,22587.6
8045054,54.5531,167.9967,376.48,22389.3
4454287,52.0686,-173.7967,375.73,27009.2
10831233,52.0914,-173.6875,375.23,20312.4
3456052,52.1453,-174.4783,375.12,29183.8
3965172,52.0594,-174.8475,374.41,27991.5
6081427,54.6644,167.8055,374.03,24500.8
881200,54.5881,167.9464,373.87,42782.0
5107237,52.0453,-174.9033,373.35,25881.7
7570398,52.1511,-174.4358,373.32,22837.3
6523644,52.1286,-174.25,373.12,23959.1
211589,52.205,-174.4375,373.07,60437.6
6028766,52.0306,-175.2061,372.78,24568.3
3392573,51.8189,-177.6833,372.66,29349.3
8884842,51.9372,179.5083,372.01,21678.0
8975625,51.8294,-177.8961,371.95,21607.4
11115329,51.8256,-177.9067,371.7,20139.2
2634477,52.0744,-173.4636,371.63,31639.1
3114338,51.9158,177.3139,371.54,30112.1
4953875,52.07,-174.7461,371.47,26131.6
4183474,52.1297,-174.2711,371.16,27534.8
652438,52.0897,-173.3267,370.39,46183.7
2873312,51.82,-176.2083,369.53,30839.7
9744506,54.6219,167.9005,369.48,21039.7
3604980,52.0811,-173.3758,369.08,28814.7
260407,52.0792,-174.95,368.44,57658.2
2514475,52.1031,-173.7519,367.67,32075.1
1822163,52.0744,-173.3278,367.34,35176.8
4228341,52.0678,-173.3625,367.28,27446.8
3486762,52.0214,-175.1886,365.39,29105.1
10499684,52.1136,-174.4303,364.47,20524.6
3433779,52.0633,-173.4644,364.15,29240.5
1353765,52.0931,-173.0892,363.49,38180.1
659132,51.8456,-176.0878,362.78,46066.3
919371,51.9647,179.5133,362.69,42310.3
8119418,52.1031,-173.7645,361.43,22323.8
8314697,51.7236,-176.7203,361.35,22151.9
11023124,52.0208,177.5475,361.32,20192.9
2615053,51.97,-175.7261,360.76,31707.5
1887468,52.1553,-174.5169,360.45,34830.9
6357915,52.3219,-174.4303,360.44,24155.1
1201301,52.0889,-173.0342,359.06,39424.7
4965115,52.0644,-173.7708,358.19,26112.1
2054699,52.0861,-173.0908,358.04,34001.6
1020484,52.0042,179.6875,357.56,41171.7
1195477,52.0242,-174.9792,357.4,39474.7
127619,51.6058,178.8142,357.35,67479.3
1930557,51.8208,-176.6128,357.15,34608.9
9893978,52.1089,-173.5219,356.86,20933.4
4127818,52.0711,-173.4367,356.2,27650.3
5028674,52.0531,-175.1294,355.6,26006.9
5659841,52.1133,-174.2425,354.17,25061.3
5162778,51.6044,178.8083,353.98,25792.9
643001,52.0594,-173.2844,353.78,46355.8
1575907,51.7831,-176.5536,353.78,36626.6
4378950,52.0556,-173.6794,353.63,27152.7
10964043,52.0828,-174.4353,351.17,20230.7
9867014,54.6247,167.9058,350.95,20948.6
1023458,51.6078,178.8742,350.59,41140.7
9990401,51.7919,-176.6369,350.47,20863.3
10934699,52.1619,-174.172,350.42,20249.6
2082382,51.8006,-177.8819,350.07,33870.2
7523641,52.0589,-173.8275,350.0,22884.7
458504,52.2125,-174.2358,349.22,50417.9
390227,52.0525,-173.415,348.9,52419.0
2615054,51.825,-176.6583,348.06,31707.5
1008335,52.0972,-173.2686,347.87,41301.5
5418262,51.2278,-179.1219,347.3,25404.7
8918845,51.7847,-176.165,347.04,21654.5
8492264,52.0364,-175.1478,346.28,22001.8
4676665,52.0753,-173.1994,345.52,26602.8
7215530,54.6264,167.8933,345.32,23194.4
6684347,51.8317,-176.0775,344.8,23772.3
2044987,52.1158,-173.7442,344.58,34046.5
534035,52.0489,-174.5608,342.36,48552.3
1390383,51.6008,178.8342,342.25,37905.4
149230,52.0219,-175.3244,342.02,65258.0
7881623,52.1264,-174.2753,341.96,22542.5
2014445,51.94,-175.7228,341.19,34192.2
143345,51.9831,-175.4517,340.15,65835.3
1034262,52.0819,-173.8633,340.1,41029.1
6679878,52.0642,-174.5783,340.09,23777.6
143559,51.7906,178.3272,339.93,65814.0
6684348,51.8317,-176.0686,339.55,23772.3
6452049,52.0447,-174.8011,339.47,24044.1
6452051,51.9783,-176.5653,339.42,24044.1
7109634,51.7906,-176.6553,338.6,23306.7
11160002,54.6853,167.8308,338.39,20110.7
3380341,52.0756,-173.8611,337.74,29379.6
7037313,51.7597,-176.71,336.16,23383.2
6645556,52.1442,-174.4919,335.67,23815.1
10585036,52.0706,-173.8595,335.17,20471.8
3283003,52.1267,-173.7508,335.17,29638.7
11345765,51.7953,-176.6486,332.9,19999.5
1927459,51.5942,178.8733,331.71,34625.5
896975,51.7992,-176.0992,331.64,42583.5
8729892,52.0506,-174.5644,331.24,21804.0
505475,52.085,-174.9061,331.05,49220.8
8811081,54.6453,167.9297,330.91,21739.6
1510906,51.5967,178.8972,330.48,37055.5
8222399,52.0794,-173.7083,330.22,22232.3
1563706,52.0744,-174.7108,329.95,36708.3
7246048,51.9656,179.4906,329.38,23161.4
1979022,52.0308,-174.9808,329.35,34365.0
1038137,51.9861,-176.0453,328.83,40988.7
1900042,52.8439,173.4033,328.64,34765.0
3767123,52.3678,175.915,328.23,28429.6
800931,52.0542,-176.0308,328.19,43844.1
11165127,51.8075,-176.1258,327.49,20107.5
1866730,51.7222,-176.5678,327.09,34938.7
878399,52.1244,-173.6958,326.14,42816.3
10750291,51.9861,-175.8686,325.81,20365.7
6475699,52.3486,-174.2236,325.75,24014.9
4836655,52.095,-173.0819,325.52,26325.9
4259678,51.7678,-176.6144,325.45,27381.7
972581,51.9039,-177.0569,325.41,41696.0
11483984,52.0769,-173.8417,324.75,19919.7
5295446,52.1036,-173.5978,324.65,25589.6
215532,51.9181,-175.7744,323.99,60186.2
9232720,51.9311,179.6283,322.75,21408.9
1557225,54.6011,167.9314,322.7,36749.9
8343142,52.045,-175.1908,322.19,22126.0
1412169,52.1058,-173.1811,321.73,37745.4
350663,51.9739,-176.6225,321.2,53771.3
7171574,52.0653,-173.2444,320.3,23238.3
165039,51.9528,178.3258,319.83,63838.6
7545410,52.1033,-173.2678,319.48,22862.4
1504994,52.495,173.6914,319.23,37095.0
9249897,52.1633,-174.1658,318.43,21400.0
4790216,54.5206,168.0605,318.42,26405.6
4380187,51.6125,178.8175,318.37,27150.4
6406814,54.5164,168.063,318.03,24097.0
167706,51.9358,-176.0425,317.64,63619.7
10232263,51.8217,-176.6867,317.62,20700.8
4816289,51.8008,178.3,317.02,26362.2
11609642,51.7719,-176.6992,316.19,19849.2
2455912,52.0228,-175.1558,315.9,32296.8
221717,52.0169,-175.2625,314.28,59799.6
5046685,51.6003,178.8647,314.24,25980.0
6737273,51.7933,178.3108,313.34,23713.2
3687535,51.5892,178.9005,313.09,28617.3
6316880,51.7031,-176.8025,312.95,24207.8
7243424,52.1033,-174.6083,312.84,23164.2
1180593,52.0433,-173.5117,312.81,39608.5
3722516,52.0589,-176.0167,311.84,28534.8
2594295,51.7908,-176.172,311.41,31779.8
679065,52.2089,-174.3769,309.98,45720.6
2075329,51.9694,-175.7078,309.46,33904.0
609787,51.8222,-177.74,309.32,46977.0
5141674,52.0622,-173.6408,307.84,25827.5
768387,52.8414,173.3839,307.47,44309.5
11222515,51.8117,-176.6095,307.47,20075.8
5204862,52.0381,-175.1675,307.04,25728.6
4225775,52.0308,177.5847,306.52,27449.1
471581,51.9875,177.5092,306.43,50070.4
5165833,51.7667,-176.7058,306.26,25788.0
7267506,52.2147,-174.4567,306.22,23142.1
5670321,51.7672,-176.6411,305.89,25046.0
183316,52.1692,-175.5119,305.57,62399.2
8943677,51.7675,-176.7153,305.21,21633.9
7471651,51.8214,-176.6669,304.83,22934.7
3425633,52.0353,-173.5153,304.8,29262.3
7548141,52.1156,-174.2758,304.79,22859.6
6011719,51.9111,177.2733,303.68,24591.6
4025553,52.0056,-176.1686,303.49,27863.7
3717879,51.8361,-176.0969,302.4,28545.9
1692190,52.0014,-176.0742,302.18,35908.1
441117,52.1019,-173.295,302.18,50889.5
6750832,52.1492,-174.4594,301.37,23697.1
3244609,52.0636,-174.9044,300.59,29743.9
11340502,51.8006,178.2964,300.29,20002.7
11499652,52.0353,-176.0442,299.31,19910.1
1358109,52.0931,-174.8761,297.73,38148.4
4180170,52.0217,-175.14,297.57,27541.8
538939,51.5681,178.9317,296.86,48443.2
2167924,52.0922,-172.9969,295.88,33480.4
523205,51.7969,-176.2811,295.03,48802.3
9546834,51.7069,-176.7975,294.5,21178.5
1274380,52.065,-173.7345,294.46,38807.4
3942746,51.7358,-176.6958,294.11,28039.2
8079510,54.6781,167.8067,292.75,22360.8
8182343,51.2647,-179.0833,292.58,22269.5
9039092,52.8814,172.8239,291.09,21560.1
10617319,52.0356,-174.8025,289.32,20450.0
674119,51.6253,178.8006,289.27,45804.1
871370,52.1125,-176.1483,289.11,42905.5
4691275,52.0503,-173.3692,288.98,26578.8
2313808,51.8019,-176.3028,288.96,32858.1
6415177,51.8722,-176.1733,288.53,24086.4
884840,52.4392,173.4642,287.15,42735.8
2314943,51.9992,177.4964,286.57,32856.2
4618541,52.0769,-173.9269,286.43,26707.9
3076148,52.1461,-174.2275,282.81,30222.0
2028534,52.1781,-175.52,282.79,34125.0
2160011,52.9744,172.7564,282.69,33514.7
9298586,52.3458,-174.2508,282.54,21361.2
7679255,52.1178,-174.3494,282.24,22731.0
219689,51.9333,-176.1036,281.83,59926.3
9365892,51.7736,-176.7083,280.86,21313.4
2937223,52.4992,173.7383,280.57,30640.7
6499188,51.8039,178.2922,278.81,23985.7
5766706,51.5786,178.86,278.78,24915.9
2282087,51.6231,178.7175,277.91,32989.7
3525827,51.7811,-176.6444,275.17,29008.6
287366,52.1164,-173.9325,274.88,56359.5
7721685,51.9197,-175.7686,274.43,22691.8
6610285,52.1953,-174.2469,273.78,23857.9
7212973,51.8247,-176.6733,273.27,23197.1
4736014,52.0761,-174.6892,273.08,26499.6
5184706,52.1775,-175.5028,271.77,25760.8
3034435,51.7539,-176.2992,271.43,30344.0
3039425,54.5469,168.0117,270.67,30331.4
10812037,51.7472,-176.6808,270.44,20325.0
7364938,51.9397,177.3892,270.32,23042.8
606099,52.2836,-174.3636,269.77,47050.2
4786270,52.2003,-174.3969,269.18,26412.9
10546209,52.5028,173.7283,268.43,20493.6
494836,51.9675,-175.672,267.19,49475.2
2116023,54.5006,168.0956,266.45,33715.6
2550905,51.8208,-177.7517,266.37,31939.8
4154882,51.9461,177.3408,266.13,27592.6
6989910,51.8339,-176.0492,265.67,23432.1
3052362,51.7997,-176.3428,264.66,30291.5
3548266,52.9811,172.7492,264.34,28953.7
11227670,51.8289,-176.0519,264.07,20072.6
2065290,52.0797,-174.4092,261.18,33951.0
2144527,52.0522,-174.9742,260.98,33584.9
2922666,52.4181,173.3906,260.79,30684.3
8276802,51.7647,-176.7361,260.03,22186.4
3603190,52.0706,-173.1694,259.88,28819.1
11652439,52.0778,-174.4094,258.37,19823.5
7011470,54.5972,167.9275,258.33,23407.7
1945876,52.0322,-175.2667,257.52,34529.6
272638,51.95,-176.1619,255.44,57051.7
5262011,51.925,177.3322,255.18,25639.3
11115333,51.7942,-176.6767,254.91,20139.2
5008409,51.6969,-176.7342,252.06,26041.2
6083375,51.9592,178.3347,251.81,24498.2
1331825,51.6744,-176.7803,251.73,38349.9
4955267,52.435,173.4481,249.6,26129.1
1090196,51.6494,178.6758,248.94,40456.7
7332445,52.0567,-175.1403,248.67,23073.2
5346411,54.5261,168.0467,247.95,25512.3
11090291,52.0686,-173.5075,247.32,20155.0
293998,51.8517,-175.8919,246.63,56059.2
9734366,52.2133,-174.3917,246.29,21042.7
295080,51.9786,178.273,246.22,56012.6
440273,51.8336,-176.4353,245.61,50913.3
9217269,52.9369,173.1283,244.68,21420.8
4135354,52.0819,-174.6703,244.21,27634.1
638187,51.95,-175.8525,244.11,46445.0
3548272,52.1414,-174.1761,243.95,28953.7
5234455,51.9242,-175.7653,243.36,25684.0
8203620,52.825,172.8739,243.19,22249.5
10978794,52.1006,-173.1769,242.74,20221.3
498220,51.6978,-176.6353,241.73,49392.7
6941360,51.8956,177.2264,241.63,23483.7
11055658,52.0911,-174.907,240.37,20177.1
311975,52.2236,-175.1317,239.87,55285.6
10692154,52.0522,-173.5119,239.22,20400.1
10645344,54.6475,167.805,238.22,20431.3
2477391,52.0975,-176.1786,236.95,32213.9
4129066,51.9464,177.4881,236.38,27648.0
8633159,52.4206,173.4442,235.11,21882.8
5397277,51.9247,179.6447,235.04,25437.2
5490474,52.1811,-175.5128,234.66,25301.6
6043736,51.2542,-179.077,233.74,24547.6
9028393,52.8425,173.1505,233.38,21569.0
785549,51.9467,-176.035,232.94,44062.9
7399046,52.4208,173.475,231.99,23006.8
4288735,51.6672,-176.7917,231.82,27325.8
3596837,51.9689,178.3458,230.57,28832.4
7042120,51.2503,-179.0833,230.5,23377.7
2193117,52.0847,177.6617,230.47,33369.9
1962323,52.1114,-173.3794,230.32,34448.4
5522516,51.6717,-176.8111,228.36,25253.7
4482202,52.1331,-174.1603,225.86,26954.9
5459929,52.0653,-173.8778,225.41,25344.4
11769781,51.8097,-176.5119,224.89,19759.1
5192413,52.1875,-174.2911,223.98,25748.4
11436536,52.0467,-174.9786,223.94,19948.5
10326587,51.6731,-176.7933,223.59,20639.2
4791527,51.6653,-176.7653,223.52,26403.2
2040362,51.8161,-176.2878,222.78,34069.0
10745587,51.7917,-177.9469,222.65,20368.8
3533574,52.0728,177.6475,222.03,28988.9
7291090,51.8361,-176.4411,220.88,23117.3
5014265,51.7978,178.3275,220.34,26031.4
11441844,51.7203,-176.7967,220.2,19945.3
1833529,52.8111,172.8697,219.77,35115.1
676798,52.11,-174.0083,218.82,45759.6
11803068,52.3617,175.8797,217.92,19739.8
7942659,52.2214,-175.1336,217.23,22483.0
9298594,52.0133,-175.0794,217.23,21361.2
10227952,51.9764,-176.0492,217.0,20703.9
2541960,51.7772,-176.7475,215.6,31971.7
11155158,51.78,178.3339,215.5,20113.9
6884627,52.1303,-174.1633,214.91,23548.8
11698241,52.1753,-174.4661,214.71,19801.0
7495592,52.0778,177.6555,214.4,22909.7
7804776,51.8069,-176.5933,213.54,22613.0
8094694,51.6631,-176.7794,213.21,22346.6
8502014,51.8172,-176.4975,212.92,21993.1
9570536,52.4158,173.4583,212.84,21160.4
10197116,51.7556,-176.4478,212.61,20725.4
637459,51.8047,-176.0075,211.1,46458.8
6855722,52.0742,177.6567,210.99,23578.5
11468077,52.0642,-173.7908,210.41,19929.3
11298954,52.9819,172.8883,210.22,20028.2
798984,51.2508,-179.0633,209.33,43870.2
416787,51.9775,-175.4908,208.92,51595.7
6343377,52.0756,-175.0061,208.45,24173.6
1796528,52.0942,-172.9608,208.42,35314.1
7939736,51.5772,178.9725,208.0,22485.9
9257295,52.4128,173.5064,207.92,21394.0
1130729,52.0992,-174.8569,206.35,40065.9
7862947,51.9758,-176.0736,205.95,22556.6
2515019,51.8206,-176.5192,205.92,32073.1
3630109,51.9544,179.6347,205.53,28755.0
1042879,51.9425,177.5697,204.31,40940.5
9935703,52.4208,173.5206,204.21,20902.9
8593075,52.0794,-173.7236,203.81,21917.7
3660226,51.8322,-176.13,203.79,28681.7
11803077,52.1833,-174.28,203.52,19739.8
1725982,52.1511,-174.1275,202.68,35712.4
1123413,51.9572,-175.6986,202.55,40135.8
8846500,52.13,-173.7358,201.19,21710.3
450717,51.9567,-176.0036,201.16,50628.4
605293,51.6647,-176.9167,200.61,47065.1
9128711,51.7736,-176.7383,199.89,21492.0
6771791,51.7778,-177.8325,199.01,23672.9
6804851,51.6347,178.6642,198.86,23637.9
6750836,52.0881,-173.34,198.69,23697.1
7004311,51.6325,178.7492,198.37,23415.8
7589501,52.095,-173.0167,197.63,22817.8
5790131,51.8022,-176.5717,197.53,24882.7
807384,52.125,-174.1108,197.28,43752.4
10589615,51.8033,-176.5783,196.93,20468.7
9176642,54.5292,168.0406,196.81,21453.5
10560057,52.0689,-173.8128,196.53,20484.2
6430040,52.1481,-174.1633,196.21,24067.9
474291,52.7653,173.8856,196.2,50000.4
10454067,52.0911,-173.6725,195.52,20555.6
3455240,51.8772,-176.1858,195.23,29186.0
5490478,51.9514,-176.0053,194.86,25301.6
7673547,52.1597,-174.42,194.29,22736.6
2382798,51.9417,177.4983,194.29,32581.6
11587776,52.4133,173.5208,193.24,19862.1
11358188,51.6686,-176.7617,193.21,19996.3
8036094,52.1386,-174.2153,191.33,22397.9
895082,51.8322,-176.5875,191.25,42607.4
11674311,51.9803,178.4706,191.24,19810.7
9199022,52.1353,-174.2117,191.1,21435.6
6825350,51.6861,-176.7786,190.86,23613.6
2852858,51.8336,-176.5125,190.78,30905.7
6100622,51.6906,-176.7828,190.77,24474.8
3810008,51.8553,-176.1542,190.6,28333.1
1229292,51.8547,-176.7144,190.13,39184.8
4714674,52.0956,-174.6325,189.83,26535.6
7484951,52.8872,172.8558,189.39,22920.8
10726704,51.6842,-176.8783,189.38,20381.3
4847686,53.0019,172.7692,188.99,26306.5
3102257,51.9183,-175.7917,188.74,30146.0
7936814,52.4006,173.4097,188.61,22488.7
2407158,51.8442,-176.6783,187.62,32487.6
2908892,52.1033,-174.63,186.78,30725.8
5218540,52.0886,-172.9678,186.33,25706.3
2102035,51.8086,-176.0192,186.08,33779.8
3246142,52.0742,-175.0294,185.8,29739.6
3343621,51.8189,-176.0186,185.4,29477.1
534228,52.0425,-175.9036,184.97,48548.3
861913,51.9244,-176.6119,184.97,43025.6
1396128,52.7722,173.8656,184.61,37860.0
6825341,52.0964,-173.3242,184.21,23613.6
5575767,52.8731,173.1781,183.13,25177.9
2033486,51.8719,-176.7058,183.01,34100.8
3644924,52.8392,173.0333,182.37,28717.3
8131690,52.1919,-174.2858,181.0,22312.4
2020345,51.7447,-177.2686,180.63,34164.2
1253219,51.8483,-176.6083,180.63,38981.0
2692546,52.1808,-174.4728,180.2,31437.1
9817631,52.4272,173.4983,179.53,20985.1
7515583,52.2022,-174.3067,178.49,22893.0
574600,51.9567,-176.1019,178.43,47682.4
4506104,51.8481,-176.7661,178.03,26912.3
3441439,52.1161,-173.9869,178.02,29223.1
2211272,52.1186,-173.6008,177.49,33289.6
7667877,51.8356,-176.5053,177.18,22742.2
679993,52.0356,-175.9803,176.51,45706.7
9927337,51.7997,-177.8392,175.68,20909.0
3530217,51.7069,-176.8567,174.96,28997.7
5338474,51.6958,-176.8817,174.82,25524.8
6684353,51.5483,178.9142,174.56,23772.3
11747735,52.1439,-174.1592,174.55,19772.0
9392970,51.6858,-176.7708,174.4,21292.5
5101400,51.8425,-176.6128,174.06,25891.5
6164505,51.8547,-176.1428,173.4,24394.0
10197125,51.6389,178.6508,172.64,20725.4
9313967,51.8483,-175.8867,172.59,21349.3
7637642,51.8364,-176.6036,172.55,22773.0
8067459,52.1144,-173.4283,172.19,22372.2
10513214,51.7194,-176.8536,171.1,20515.3
812117,51.7733,-176.8767,170.42,43686.8
5045220,51.9489,178.4567,170.33,25982.4
5483900,54.6925,167.8292,169.31,25311.7
2960000,51.9519,-176.1242,168.99,30569.9
1166016,52.8511,173.1805,168.77,39738.5
10617335,51.7136,-176.8628,167.9,20450.0
8418203,52.0961,-174.2444,166.65,22062.5
1671016,52.9192,173.1342,164.81,36035.6
6320979,52.1186,-174.1853,164.32,24202.5
679903,51.3453,-178.9742,163.96,45708.1
5223176,52.1439,-174.1508,163.68,25698.9
8733325,52.4728,173.5814,162.94,21801.1
11709404,51.7769,-176.8578,162.8,19794.6
6172381,51.6297,-176.9342,162.52,24383.5
11604180,52.1881,-174.3142,162.47,19852.4
7343988,52.1103,-173.9169,161.93,23064.9
2803924,52.12,-174.295,161.92,31062.0
6739624,51.8267,-176.4961,161.46,23710.5
706591,52.1753,-174.6333,160.78,45262.6
1467046,51.3808,-178.9392,158.77,37355.2
6641121,52.0964,-173.8278,158.56,23820.5
11544147,51.7206,-177.2825,158.47,19887.7
9986198,52.1219,-174.17,156.65,20866.3
6750835,52.1022,-173.1683,156.38,23697.1
3833574,52.1014,-173.9319,156.31,28281.3
5382789,51.6972,-176.7069,155.95,25459.8
11625596,52.0942,-173.8228,155.77,19839.6
8481854,52.0569,-173.8492,155.5,22010.5
11207203,52.1914,-174.2086,155.27,20085.3
2869272,52.7689,173.8708,154.9,30850.0
10905544,52.4064,173.4425,154.7,20268.5
11742257,51.5839,178.7675,154.29,19775.3
11335246,51.9383,179.6608,153.14,20005.9
9089902,52.8183,172.9917,152.84,21518.7
1013110,52.1142,-174.72,152.68,41249.0
10925077,51.7283,-176.6561,152.2,20255.9
10659498,52.2344,-174.2458,151.82,20421.9
802723,51.9653,-175.6392,150.68,43817.9
2976030,51.6372,-176.8036,149.83,30521.9
2017057,52.1997,-174.3253,149.58,34181.0
9846485,52.0528,-174.6419,149.57,20963.8
3286030,52.1475,-173.615,148.47,29630.1
3510457,52.9231,173.1539,148.03,29045.9
7029995,52.9856,172.7747,147.74,23391.3
3432164,51.9333,177.4856,147.63,29244.9
8247223,51.6722,-176.8267,146.36,22209.3
5488857,52.1336,-173.6011,145.99,25304.2
2669645,51.84,-176.0367,145.48,31516.1
7458322,52.3936,173.6364,144.55,22948.6
4050117,51.7844,-176.8883,143.94,27808.8
5889128,52.0197,-175.2853,143.75,24751.8
2558323,52.9072,173.1222,143.71,31911.8
6764594,52.1819,-174.3586,143.4,23681.0
9272167,52.0558,-173.8867,143.04,21382.1
10925045,52.9556,173.1622,141.68,20255.9
10034983,52.1144,-173.4703,141.5,20835.8
4456748,52.0886,-174.8533,141.04,27004.5
7857102,52.8364,173.0425,140.63,22562.2
6300937,51.7283,-176.8058,140.58,24223.6
6853358,52.1011,-174.6792,140.3,23581.2
9624441,51.7297,-176.7975,140.23,21124.3
2636645,52.2075,-174.2928,140.11,31631.1
5124988,51.7058,-177.8911,139.91,25852.1
4725170,51.8119,-176.7617,139.42,26516.4
1783831,52.0942,-174.7069,138.94,35384.4
7713305,51.7189,-177.9108,137.94,22700.2
5636402,52.8283,173.0792,137.33,25091.8
10915280,51.7858,-176.8936,137.18,20262.2
10564695,52.0653,-173.6528,135.66,20481.1
5944628,51.7633,-176.835,135.47,24679.6
11075366,52.0778,-173.69,134.89,20164.5
6106799,51.7764,-176.8325,134.87,24467.0
1817466,52.1292,-173.7069,134.34,35200.3
6331203,51.7042,-177.8761,134.21,24189.4
6621332,51.7133,-176.6186,133.58,23844.5
8767810,51.7619,-176.5411,133.28,21771.8
10138675,51.9503,177.5572,133.28,20762.3
8237820,51.805,-176.7294,133.11,22217.9
8163996,51.6936,-176.7036,132.92,22286.6
10701564,51.7153,-177.8867,132.78,20393.8
2519026,52.06,-174.5178,132.73,32057.2
9503615,52.4503,173.6614,131.9,21211.6
5266701,51.7078,-177.91,131.61,25631.9
9914786,52.1625,-174.4995,131.04,20918.2
5661587,52.0464,177.6342,130.9,25058.7
11604186,52.0439,-173.8378,130.01,19852.4
5678956,51.8072,-176.1694,129.91,25033.3
2669066,51.7994,-176.8961,129.86,31518.1
1069193,51.9481,177.6575,129.79,40667.2
5896438,52.365,173.6547,129.76,24741.5
6691044,52.1628,-174.5058,129.34,23764.2
7724532,51.8769,-176.7195,129.27,22689.0
10706250,51.8103,178.2733,129.21,20390.7
1081965,51.9639,178.3117,128.97,40538.5
7562195,51.7319,-177.8794,128.15,22845.7
5454978,51.955,177.6308,126.64,25351.9
8392634,51.76,-176.4358,125.91,22085.6
5095372,52.0686,-173.57,125.86,25901.4
1426450,51.6953,-176.6658,125.67,37642.3
9115257,52.3922,173.525,125.38,21498.0
1688149,52.1289,-174.0369,125.03,35932.9
2237058,51.8467,-176.6478,124.76,33178.4
6807164,52.1353,-174.1003,124.59,23635.2
9313950,52.435,173.6742,124.33,21349.3
6732764,52.9714,172.96,123.99,23718.6
4094183,51.6375,-176.7311,123.93,27719.3
2283874,52.0472,-173.4861,123.91,32982.0
8286136,51.8083,-176.755,123.68,22177.7
1995745,51.6794,-177.9411,123.56,34285.2
2574174,52.0311,-176.0,122.99,31853.9
9632440,51.9253,177.3883,122.88,21118.2
7086196,51.7661,-176.5061,122.56,23328.6
8033137,51.7869,-176.8483,122.5,22400.7
9132372,52.0719,-174.4033,121.03,21489.1
9906533,52.0772,-174.8353,121.02,20924.3
9574476,52.0672,-173.7044,120.58,21157.4
9821668,51.7897,-176.8633,120.48,20982.0
3918343,51.8025,-176.8567,119.74,28091.5
7466293,51.6414,-176.73,118.88,22940.3
8783660,52.1097,-174.2219,118.55,21763.1
10876468,52.3908,173.5322,118.46,20287.3
2324030,52.0075,177.5875,116.64,32817.4
10440625,52.4461,173.6783,116.51,20564.9
5021465,52.3917,173.4122,116.43,26019.2
8646710,52.0333,-174.8278,116.31,21871.1
11786493,52.42,173.6792,116.25,19749.5
4507343,52.9992,172.7358,115.24,26909.9
5141679,51.6564,-176.7369,115.02,25827.5
3290853,51.82,178.2358,114.55,29619.4
1508967,51.9242,-177.4478,113.96,37069.2
8107095,51.7806,-176.3775,113.89,22335.2
6737271,51.8103,-176.1853,112.93,23713.2
2839003,51.8042,-176.1375,112.38,30949.0
10402683,52.4253,173.6889,112.17,20586.6
7822026,52.0808,-174.8325,111.4,22596.1
1423887,51.6711,-176.6375,111.3,37659.2
5777424,52.0119,-175.2319,111.25,24900.6
9657224,51.8547,-176.6767,111.11,21100.1
7875709,52.195,-174.3203,110.3,22548.1
3106019,51.6894,-177.8633,109.92,30137.5
9053401,51.6539,-176.8211,109.8,21548.3
2277654,51.6994,-177.9175,109.27,33009.0
10850613,52.1217,-173.5908,109.11,20299.9
2378952,52.1189,-173.8375,109.08,32597.2
10348741,51.6911,-176.6433,109.03,20623.7
7218072,51.745,-177.9392,108.19,23191.6
7141596,52.1242,-173.9028,107.77,23271.2
6657537,51.8244,-176.775,107.33,23804.4
1547925,52.1742,-174.44,106.34,36810.5
9764925,51.9536,177.6675,106.0,21024.5
7335088,52.1,-173.8861,105.35,23070.4
11389320,52.1203,-174.0903,104.8,19977.2
2567863,51.3783,179.3017,104.16,31877.9
11222511,52.0622,-173.3794,103.8,20075.8
10295801,52.1306,-173.9083,103.67,20660.8
11268420,52.0753,-174.7767,103.36,20047.2
3397369,51.9761,177.5733,102.84,29336.2
2948078,52.0286,-173.4953,102.83,30605.3
7378078,51.6972,-177.8958,102.82,23029.0
3238440,51.6767,-177.6442,102.8,29758.9
11658004,52.0986,-174.2253,102.77,19820.3
7884481,52.0933,-173.9094,102.53,22539.6
11720306,51.8125,178.255,102.41,19788.1
10389164,52.0536,-173.9017,101.5,20595.9
3720611,51.7467,-177.4578,101.49,28539.2
10988606,52.4117,173.7017,100.49,20215.0
8733327,52.4392,173.6875,100.13,21801.1
1725983,52.0167,-174.4878,100.09,35712.4
5512397,52.0061,177.5725,99.86,25268.9
3840295,51.6961,-176.6525,99.19,28265.6
7621024,52.0511,-174.5078,99.11,22789.8
10750287,52.1106,-174.6308,98.7,20365.7
4287621,51.8428,-176.7833,97.96,27328.1
1798551,51.8131,-176.7875,97.82,35305.1
1801710,51.7947,-176.1419,97.72,35287.1
4310682,51.6531,-176.73,97.58,27283.8
8298812,51.9286,177.5739,97.45,22166.3
5677318,52.2483,-174.2203,97.13,25035.8
6802510,51.6947,-177.8475,96.98,23640.6
7479634,52.1244,-173.9667,96.94,22926.4
10407231,52.1003,-173.8767,96.93,20583.5
4783651,52.3944,173.5972,96.57,26417.7
7316979,51.6947,-176.6925,96.27,23089.8
4231617,52.045,-174.5919,95.73,27439.8
1945180,51.9222,177.4556,94.82,34533.3
10692158,51.9683,177.6397,94.55,20400.1
5090932,52.0967,-174.3783,94.01,25908.8
3572536,51.9489,177.69,93.97,28894.2
7758336,51.7111,-177.6694,92.47,22655.2
10313469,52.1422,-174.5869,92.43,20648.4
6089138,51.7447,-177.8661,92.42,24490.4
1996521,51.5536,-178.8144,92.23,34281.5
4557134,52.0881,-174.835,91.9,26817.4
3749524,52.0242,-174.4928,91.44,28472.2
10130003,51.6994,-177.8578,91.21,20768.4
11135117,51.7892,-176.285,90.65,20126.5
5856743,51.6739,-176.6253,90.43,24792.9
2080042,51.7992,-176.7803,90.09,33881.5
5243741,51.9622,178.3606,89.94,25669.1
9602457,51.7044,-176.6586,89.58,21136.3
2109554,51.7106,-176.5358,89.36,33743.9
11080333,51.79,-176.8311,89.07,20161.3
5265170,51.9125,177.47,88.2,25634.4
8757516,51.7061,-177.9869,87.65,21780.6
8835384,52.0975,-174.3983,87.5,21719.1
8314698,51.7,-176.8911,87.37,22151.9
10184024,52.0414,-173.5358,87.26,20734.6
3621752,52.2297,-174.1236,87.06,28772.7
9689736,52.1303,-173.9169,86.51,21076.0
9021181,52.055,-173.5778,85.65,21574.9
2313351,52.7336,174.1042,84.74,32860.0
3152997,51.7208,-176.525,84.7,30001.9
9877271,51.8172,-176.7694,84.61,20945.6
2354975,51.8061,-176.8361,83.88,32692.9
2414804,52.1094,-174.2017,82.67,32456.2
10304806,51.9183,177.4767,82.34,20654.6
2432578,52.1461,-173.8803,82.31,32385.5
10855405,51.7303,-176.8517,82.26,20296.8
2444922,51.6583,-176.6544,82.07,32338.2
2478407,51.8361,-176.7961,81.42,32209.9
4598917,52.9208,172.4475,81.2,26741.3
9960692,51.9147,-176.6428,80.29,20884.7
8182322,52.1008,-174.265,80.25,22269.5
5773813,52.1014,-173.8558,79.68,24905.7
10949402,52.1778,-174.1703,79.44,20240.2
9539033,51.7033,-177.8392,79.4,21184.5
10673356,52.1175,-174.6092,79.29,20412.6
9302434,51.7086,-176.55,79.03,21358.2
8515049,51.6875,-177.9136,79.0,21981.5
4732116,52.1397,-173.5917,78.95,26506.8
2683864,51.6936,-176.6003,77.71,31467.5
8675753,52.0472,-173.4703,77.68,21850.7
2695838,51.6869,-176.5986,77.5,31425.0
3915436,51.7111,-176.6558,77.46,28098.3
5332023,52.2181,-174.295,77.45,25534.7
8860418,51.6853,-176.7142,76.89,21698.6
2736605,51.2686,-179.1475,76.81,31284.7
11278561,52.1297,-173.5886,76.67,20040.9
2953578,51.9186,-176.5525,75.89,30590.7
6413175,52.0828,-173.9569,74.52,24089.1
5747686,52.1936,-174.3333,74.5,24939.0
10626782,51.7919,-176.9136,74.23,20443.8
9097204,52.1681,-174.1403,74.02,21512.8
5379573,52.1075,-173.8958,72.94,25464.8
2992657,52.0333,-174.4194,72.86,30469.7
11035765,52.0817,-174.3836,71.83,20189.7
6605901,51.7578,-176.425,71.76,23863.2
8465538,51.7314,-176.8378,71.22,22025.0
9685676,52.0283,-173.5092,71.17,21079.0
9969174,52.1272,-174.0119,70.99,20878.5
3150076,51.5786,-179.0519,70.68,30010.4
11478760,52.0286,-173.5036,70.67,19922.9
6882295,51.6764,-177.9253,70.64,23551.5
4734751,52.1006,-174.6883,70.63,26502.0
11399717,51.3731,179.405,70.55,19970.8
11090290,52.0925,-174.405,70.53,20155.0
11720314,51.72,-176.5317,70.49,19788.1
9956499,51.695,-176.9253,70.46,20887.7
5461547,51.7111,-176.53,70.4,25341.9
10555387,51.9219,-176.5603,70.3,20487.3
9242446,51.7044,-176.5308,70.04,21405.9
9031975,51.7147,-177.9292,69.87,21566.0
5668569,51.8083,-176.7875,69.77,25048.6
8696043,52.8319,173.05,69.61,21833.2
4798383,51.8564,-176.5892,69.09,26391.2
9143374,51.8131,-176.7944,68.84,21480.2
3303060,51.8181,177.3256,68.69,29584.9
7939733,51.6983,-176.6478,68.58,22485.9
10541611,52.0569,177.5781,67.91,20496.7
11410176,51.7014,-178.1008,67.67,19964.4
11560165,52.0531,-174.5992,67.56,19878.1
10759731,52.0569,-173.5736,67.1,20359.4
4225777,51.8186,-176.865,66.76,27449.1
3529250,51.6592,-176.6344,66.0,28999.8
3809119,51.8797,-176.6317,65.87,28335.3
11565476,52.9856,172.6072,65.78,19874.9
7071442,51.7989,-176.8125,65.61,23345.0
6381739,51.7089,-177.8336,65.47,24128.7
3591646,51.9792,178.3397,65.3,28845.7
9718120,52.0817,-174.7678,65.22,21054.8
6488461,51.6586,-176.6469,65.21,23999.0
4173733,51.7008,-176.9311,64.97,27555.6
11473372,51.7164,-177.9433,64.4,19926.1
9450774,51.7508,-176.4367,63.29,21247.6
5615884,51.7664,-177.7842,63.17,25122.2
3847234,51.9617,-175.6158,62.63,28249.8
6335272,52.1058,-174.6967,62.53,24184.1
7022687,51.7411,-176.3225,62.48,23399.5
3931809,52.1972,-174.1811,61.81,28064.2
10034991,51.8017,-176.8253,61.26,20835.8
9057102,52.0661,-173.7178,61.22,21545.3
4007299,51.8211,-176.8011,61.09,27900.3
7174054,52.195,-174.1728,60.75,23235.6
4047026,51.5675,178.7864,60.72,27815.7
4098371,51.7364,-176.5203,60.26,27710.1
5926395,51.9086,-176.5583,60.21,24700.2
10467665,52.225,-174.0675,59.28,20546.3
10082803,51.6864,-176.6825,58.55,20802.1
5691333,52.1508,-173.5992,58.47,25015.5
6007857,51.7103,-177.8219,58.25,24596.8
5405394,51.8697,-176.63,58.15,25424.7
8531611,52.1106,-173.8325,57.49,21967.0
9661165,52.1047,-174.7345,57.43,21097.1
11070438,51.4058,179.2306,57.12,20167.6
9039103,52.3989,-174.27,56.5,21560.1
6527914,51.7519,-176.4892,56.08,23953.8
10865033,51.7903,-176.8111,56.07,20290.5
10668666,51.9519,177.6033,56.04,20415.7
10522376,52.2278,-174.202,55.63,20509.1
4792825,51.4789,-178.2778,54.7,26400.8
6931851,51.7439,-176.8786,52.68,23494.6
11045643,52.1011,-174.7342,51.86,20183.4
8780283,51.7447,-176.8633,51.63,21766.0
5271344,52.0383,-174.6753,51.53,25624.4
7251211,52.1967,-174.3442,50.8,23155.9
6276482,52.0378,-173.3967,50.61,24255.1
8894157,51.8592,-176.7375,50.17,21675.1
9906537,51.9278,-176.55,49.55,20924.3
8835395,51.7422,-176.3858,49.26,21719.1
5698433,52.1406,-173.8361,49.07,25005.3
5726418,52.7375,173.9722,48.93,24969.6
7562194,51.7433,-176.4336,48.31,22845.7
5926399,51.7928,-176.157,47.88,24700.2
11609643,51.7436,-176.8411,47.73,19849.2
11410169,51.8553,-176.73,47.24,19964.4
11819489,51.7364,-176.3925,47.01,19730.1
7890188,52.1028,-173.2044,46.83,22534.0
6146974,51.7019,-176.5428,46.79,24417.4
6603753,52.0336,-174.44,46.35,23865.9
6394310,51.8292,-176.9025,45.63,24112.9
6908131,51.9578,-175.5903,43.42,23521.7
10021872,52.1214,-174.3211,43.36,20845.0
7116937,51.7175,-176.5117,42.6,23298.5
7705057,51.6928,-177.3244,42.26,22708.6
7264885,51.8078,177.338,42.04,23144.9
7782067,52.3847,175.845,40.21,22635.5
7872898,51.8108,-176.7736,39.91,22550.9
9689738,52.0539,177.5572,39.91,21076.0
7942672,51.7408,-176.4894,39.67,22483.0
8176340,51.575,-178.8492,39.24,22275.2
10517869,51.9611,-175.5828,38.79,20512.2
8462308,51.8144,-176.8917,38.08,22027.9
8636601,51.6814,-176.6036,37.57,21879.9
8986626,51.805,-176.7875,36.61,21598.5
9028423,51.8122,-176.8328,36.51,21569.0
9042653,52.1853,-174.1636,36.47,21557.2
9718124,51.8131,-176.8086,34.79,21054.8
9777087,51.6381,178.7375,34.66,21015.4
10175268,51.8117,-176.1458,33.76,20740.8
10706254,51.6639,-176.6353,32.63,20390.7
10855390,52.1869,-174.1758,32.33,20296.8
11140057,51.3153,-178.9717,32.15,20123.4
11090316,51.245,-179.1428,31.88,20155.0
