104268,72.6994,123.2142,534.83,70383.4
49613,72.1097,140.865,533.22,81551.9
165989,71.6831,126.0308,512.92,63757.7
3087537,71.7078,125.8592,506.73,30190.3
755999,71.6117,126.2625,505.56,44493.2
136885,71.7447,128.2708,499.07,66494.0
1443409,71.6128,127.4367,499.04,37520.2
1400420,71.6011,126.1458,495.33,37829.7
372247,71.8328,125.6917,494.92,53010.0
406659,71.9967,128.0408,494.9,51903.5
270835,72.0972,125.2317,494.75,57138.7
1830514,71.7572,125.9233,492.79,35131.4
342971,71.9697,126.0417,491.24,54053.7
3375441,71.6039,127.4508,490.67,29392.6
6919618,71.6628,126.1092,489.88,23508.2
1023570,72.6872,123.2975,489.87,41139.2
1231521,71.9258,128.0483,488.73,39166.9
1055115,72.1533,140.8558,485.21,40814.2
1393479,71.9589,128.0683,483.57,37880.2
370506,71.6022,127.3392,480.45,53068.8
7642792,71.64,125.8875,478.34,22767.4
145364,72.1778,127.8308,478.29,65632.8
589200,71.6356,127.3933,476.63,47383.5
3321465,71.7594,128.2825,470.25,29535.4
6910144,71.7744,125.965,464.97,23519.0
149221,72.0433,127.2325,461.8,65258.9
1094973,72.1433,125.125,460.86,40409.5
469943,71.8428,125.4458,456.79,50113.7
8698996,71.6086,125.83,454.11,21830.3
410421,72.0794,128.0517,452.71,51786.8
10550328,71.9856,128.0058,449.38,20490.4
5580656,71.6061,126.0242,449.15,25170.4
6136859,71.6786,126.2867,445.75,24430.5
1517756,72.0911,127.9567,445.29,37009.0
5347804,72.0603,127.2083,444.57,25509.8
6127049,71.9722,128.09,444.11,24443.5
5318609,71.7647,128.2483,441.39,25552.2
11478076,72.0967,125.2975,440.75,19922.9
326482,72.0514,128.2133,440.53,54692.3
987873,71.8881,125.615,437.8,41524.5
4979205,71.7189,126.3058,436.64,26087.7
883873,72.0958,127.9092,436.61,42747.8
250303,72.1889,127.6542,436.23,58182.9
10890371,72.6711,123.3567,435.07,20277.9
124816,72.1353,128.13,434.24,67791.1
667103,71.9067,125.2758,434.09,45926.4
2872576,72.1533,140.8033,433.24,30841.7
792159,72.7519,122.8792,431.38,43967.4
83093,72.8408,140.865,431.3,73721.4
2359806,71.6139,127.3283,431.16,32675.3
1783156,71.7717,128.1075,431.02,35388.0
368766,72.1267,127.7917,430.79,53132.4
4141737,71.7644,128.0217,430.77,27620.3
361804,71.6603,127.4733,430.25,53371.7
4123328,71.7569,125.5492,429.71,27659.5
503654,72.4872,123.675,429.44,49264.8
676864,72.0975,124.7792,428.97,45758.2
2569278,72.0564,127.145,428.08,31871.9
2805640,71.9272,125.46,427.93,31055.8
7039444,71.7944,125.6067,427.56,23380.4
3595064,71.8958,128.0858,426.77,28836.8
1293039,71.7042,128.1242,425.83,38654.4
1855788,72.0919,124.9658,425.79,34995.2
1056547,71.79,128.2958,425.49,40798.6
546648,72.6472,123.5608,424.21,48273.3
1620745,71.7528,125.6892,423.81,36342.0
505562,72.1825,124.6033,423.11,49218.3
85289,76.6544,148.59,422.12,73340.1
490461,71.6256,125.4742,421.18,49582.0
2443871,72.1278,127.7475,421.02,32342.2
2501539,72.0744,124.8742,420.84,32122.7
3378593,71.6253,127.33,420.15,29384.0
1895273,72.79,122.625,418.95,34790.7
6936231,71.9989,125.9683,418.16,23489.2
11532843,71.8894,128.1142,417.74,19894.1
2534652,71.7731,128.23,417.63,31999.5
4884080,72.7486,122.7575,417.41,26245.9
781019,72.1828,125.82,416.72,44125.1
3046157,71.9439,125.4208,415.45,30310.4
8511373,71.7714,128.065,415.38,21984.4
1941555,72.0183,127.1692,414.79,34551.8
4967762,72.6525,123.505,413.57,26107.2
10485255,71.7689,128.1608,411.28,20533.9
1359150,72.0314,127.3008,410.88,38140.0
663067,71.6275,127.525,410.06,45995.7
1874130,71.6578,125.2933,410.0,34900.4
8279437,72.7639,122.7725,409.69,22183.5
3041359,72.7247,123.0275,407.96,30325.1
5888892,71.6158,127.3417,407.51,24751.8
1069722,72.0525,124.6933,406.84,40660.9
810021,71.6114,127.5383,406.83,43714.5
10480705,71.7347,128.3058,406.43,20537.0
1868065,72.7419,122.9533,406.14,34931.4
2573026,71.6525,125.3825,405.57,31857.9
7662000,72.7333,122.8675,405.35,22747.8
9111185,71.6372,127.4258,405.15,21500.9
3394028,72.1628,140.9475,405.12,29344.9
10240481,72.0942,127.9825,404.69,20694.6
1356797,72.1653,125.5017,404.39,38158.4
1602507,71.68,126.3492,403.01,36457.5
1675036,72.6339,123.6567,402.9,36012.6
1597689,72.0183,127.34,402.57,36488.9
2042204,72.04,125.0933,402.37,34059.6
11651741,72.0439,128.24,400.44,19823.5
6069587,72.1044,140.8233,400.42,24516.4
596769,72.3217,124.2158,398.5,47234.0
702994,72.5947,123.8842,398.28,45321.7
11035101,72.0772,125.3983,398.05,20189.7
1192664,71.6442,127.4892,397.92,39500.6
8566223,71.7383,128.1567,397.78,21940.9
4367999,72.0625,125.535,396.95,27171.5
2905121,72.0814,127.9333,396.49,30738.3
4315103,72.7117,122.8008,395.84,27274.4
9981417,72.7586,122.8125,395.56,20869.4
11785756,71.8742,128.0617,394.74,19749.5
9542478,71.6247,127.3183,394.38,21181.5
3467628,71.6453,125.5292,394.28,29155.4
7688152,72.7103,123.135,394.24,22725.4
2248131,72.1389,125.6192,394.1,33132.3
3154932,71.9933,125.105,392.8,29995.6
1002463,72.6158,123.7683,392.32,41364.7
412203,76.6828,148.8883,391.98,51732.6
1994576,71.8325,128.1217,391.75,34290.8
650870,71.8792,126.53,391.47,46214.0
4325633,71.8197,128.0642,391.43,27253.4
952046,72.0881,127.3017,391.31,41927.6
4403365,72.7939,122.5058,390.73,27103.4
4663466,72.0928,127.2975,390.5,26626.7
2644664,72.1728,124.655,390.23,31600.8
774509,72.8628,140.7783,390.13,44220.3
10374942,71.6283,126.475,389.65,20605.2
2058783,72.0303,127.9467,389.14,33981.0
1320836,72.1994,124.8883,388.85,38436.2
7769167,72.0264,125.0442,388.42,22644.0
1871128,72.1044,127.9183,387.82,34916.8
8900676,72.1614,125.8217,387.48,21669.2
6069588,72.0467,124.8767,387.4,24516.4
4629807,72.7781,122.675,387.39,26686.5
3977956,72.0383,127.8533,386.27,27961.9
2842053,72.0069,125.1742,385.65,30938.7
3194277,71.9494,128.2408,385.52,29884.9
1561355,71.9483,125.17,385.16,36722.2
1524857,71.8517,126.5275,385.03,36962.5
9495288,71.72,128.2775,384.96,21217.6
11084684,71.8986,125.4367,384.39,20158.2
3828249,72.1303,128.1633,382.86,28290.3
951532,71.6922,127.4483,382.23,41933.7
2689537,72.1528,124.285,382.21,31447.2
10415819,72.0628,125.6125,382.0,20577.3
122250,71.7475,140.6217,381.65,68084.6
1834999,72.1686,127.9017,381.63,35106.0
8842027,71.7333,128.0842,381.51,21713.2
6836634,71.9558,128.2217,381.5,23600.1
10526444,71.6261,127.5058,380.81,20506.0
748063,72.2078,127.065,380.67,44610.4
3782312,71.9653,128.1775,380.64,28396.0
8646268,72.0764,124.7392,380.28,21871.1
1331201,72.0222,127.0783,379.77,38354.9
4371440,72.3136,124.2675,378.73,27164.4
9400231,71.9264,128.1017,378.1,21286.5
815707,72.0078,126.2375,377.98,43637.2
1897254,72.3161,123.6092,377.43,34779.7
2949256,71.9261,125.5225,377.35,30601.2
6022779,71.7342,125.5067,376.82,24576.1
3081358,71.7342,127.9258,376.61,30209.3
11045013,72.7756,122.5883,374.83,20183.4
3715935,72.1608,124.5142,374.38,28550.4
9487386,71.6933,125.3858,373.66,21223.6
9989858,72.7011,122.8933,372.66,20863.3
2520531,72.3011,123.8383,372.52,32051.3
1715249,71.6119,127.5633,372.51,35774.8
8907762,72.7675,122.7367,372.14,21663.3
616206,72.5706,124.025,371.21,46853.4
5219847,71.9842,126.1033,371.12,25703.8
8622633,72.1675,140.7892,370.96,21891.5
6884304,72.0269,127.1833,370.77,23548.8
4643811,72.0886,127.8925,370.65,26660.2
4509664,71.7081,127.4392,370.58,26905.2
3025531,72.065,125.0525,370.38,30371.3
11134479,72.0353,127.9075,370.22,20126.5
356562,72.7653,141.1242,370.07,53554.0
1746222,71.9319,125.0658,369.77,35596.3
1291689,71.7611,127.8758,368.81,38665.9
549155,71.8989,126.2958,368.79,48220.5
4393940,71.7292,127.8992,367.75,27122.2
10021358,71.7069,125.58,367.64,20845.0
1739509,72.1097,127.7408,366.94,35635.6
354530,71.7578,125.2158,366.57,53628.9
1336222,71.9775,127.2933,365.65,38315.0
3891969,71.8919,126.3275,365.47,28148.1
1300462,71.9606,127.2833,365.4,38595.0
5261790,71.8422,127.9675,365.37,25639.3
814417,72.5422,124.1717,365.29,43656.2
2272344,72.3367,123.9708,365.26,33032.1
3433660,72.3336,124.1267,365.23,29240.5
4366889,72.0408,128.2108,365.22,27173.8
1268990,71.9294,126.2017,364.59,38851.7
8143544,71.8133,128.0208,364.52,22300.9
5011181,71.8514,128.1783,364.32,26036.3
1398451,71.7322,127.4375,362.96,37844.9
10138098,71.9225,127.9633,362.25,20762.3
3210409,72.1142,127.7875,361.31,29838.0
9085764,71.9469,126.025,360.95,21521.7
124576,74.8731,138.76,360.92,67815.5
1664712,72.2522,124.7617,360.9,36072.7
380547,72.065,140.8875,360.61,52734.0
6543509,71.6694,127.3075,360.25,23935.2
9664756,71.68,128.1367,360.05,21094.1
2339309,72.595,123.6117,359.51,32755.2
597098,71.6789,125.2325,359.13,47227.2
2379367,72.035,127.0308,358.66,32595.3
6247748,72.61,123.4975,358.05,24291.9
2532158,72.1892,127.7617,357.8,32009.5
2871292,71.9947,128.1425,357.7,30845.9
3239064,72.1328,124.6225,357.11,29756.7
2425772,72.1128,124.9233,356.11,32413.0
2110664,72.8333,122.3925,355.46,33738.2
10840222,72.1592,140.9833,355.16,20306.2
8786771,71.6483,127.3192,353.95,21760.1
2015556,72.2353,125.4183,352.77,34188.5
3768864,71.7522,127.8625,350.83,28425.1
8474963,72.0847,125.72,350.37,22016.3
5243546,72.1111,127.2592,350.32,25669.1
2226529,72.8522,140.8183,350.15,33222.5
2406152,72.2497,125.3992,349.81,32491.5
1468821,72.1039,127.8525,349.67,37341.5
1519799,72.3806,124.6158,348.97,36995.3
4760152,72.7464,122.5133,348.66,26456.3
11179489,71.9003,127.8617,348.39,20098.0
4432253,71.9617,126.1758,348.17,27049.3
8112764,71.9689,127.885,348.12,22329.5
1304982,72.3825,123.0375,347.85,38560.3
2958622,72.1289,124.96,347.22,30574.1
5304491,72.0339,128.2625,346.69,25574.6
6194946,71.9844,127.3025,346.0,24357.4
10859512,72.1806,124.2367,345.32,20293.6
5193693,71.7278,127.875,344.14,25746.0
139667,76.7906,158.0992,344.01,66207.8
2193843,71.7056,125.2483,343.88,33366.1
4484513,72.2233,124.5692,343.5,26950.2
4598763,71.9356,128.2592,343.49,26741.3
11472696,72.0286,127.995,343.29,19926.1
10885514,71.9075,128.1242,343.24,20281.1
1043854,72.78,122.285,343.19,40929.6
8491825,72.0517,125.7217,342.8,22001.8
5709943,71.8708,127.915,342.64,24992.5
5629274,72.4108,123.1492,342.58,25101.9
3097271,72.1281,124.8617,342.57,30160.8
6436225,72.2064,124.4858,342.29,24060.0
7612443,72.185,124.3275,342.06,22798.2
11435876,72.0756,127.9775,341.57,19948.5
1347251,72.1961,127.1383,341.48,38230.1
1121251,71.8444,127.8117,340.48,40154.8
3392454,71.7433,125.31,340.2,29349.3
11668289,72.3186,123.7308,340.18,19813.9
10589036,72.05,124.5883,340.08,20468.7
176169,72.335,141.0358,339.73,62947.1
4413164,71.6392,126.6975,339.55,27086.9
6750543,72.6678,123.0925,339.52,23697.1
3089577,71.8669,126.4492,339.45,30184.0
8314301,72.6867,122.99,339.12,22151.9
10060093,72.8006,122.4008,337.54,20817.4
11069775,72.2967,123.8942,336.99,20167.6
5053772,72.1981,127.0583,336.07,25967.7
9275436,72.1511,125.4275,335.87,21379.1
6001922,71.9925,125.3067,335.8,24604.6
3389213,72.7539,122.3608,334.93,29357.9
1458977,71.9831,124.9942,334.22,37413.1
7450126,72.3794,124.1825,333.31,22956.9
1176349,71.7567,127.4292,332.92,39645.5
5011180,72.1078,127.7133,332.13,26036.3
4551924,72.2053,127.1475,331.42,26826.9
7769169,71.7058,127.9125,331.17,22644.0
7199956,71.7672,128.335,330.72,23210.9
7884126,71.6258,127.3658,330.13,22539.6
11064843,72.3619,124.0625,329.69,20170.8
6396146,71.8008,128.14,329.62,24110.2
11576320,71.7986,128.1658,329.29,19868.5
1679518,72.0392,127.7342,329.16,35984.3
9566051,72.1447,125.7258,328.99,21163.4
6627563,72.3089,124.3292,328.88,23836.5
1553173,72.3378,123.7967,328.09,36774.2
4984883,71.7656,127.8467,327.86,26077.9
11554203,72.5828,123.6308,326.97,19881.3
9052981,72.7333,122.5683,326.57,21548.3
857512,72.1883,127.9625,326.11,43083.3
2968410,72.4744,123.5117,325.86,30542.8
505513,71.635,128.7533,325.86,49219.6
7981791,72.1744,124.7683,325.53,22449.0
10919615,72.0844,125.8383,325.47,20259.1
1954716,71.8444,126.3783,325.46,34485.3
9446489,72.0275,128.2508,325.35,21250.6
6174176,72.1208,124.0725,324.96,24380.9
3760486,71.9533,127.3525,324.62,28445.3
8243632,71.9897,127.2758,324.58,22212.2
1543217,72.4247,123.3592,324.22,36839.9
4904218,72.7528,122.41,324.13,26214.3
513331,72.2303,127.7767,323.79,49031.5
3640453,72.0211,124.9025,323.71,28728.4
4530814,71.6519,127.3408,323.02,26867.3
10598168,72.0256,126.04,322.82,20462.4
9889200,72.2103,124.535,322.77,20936.4
4248334,72.1964,125.3183,322.67,27404.9
2599758,72.0283,128.2792,322.25,31761.7
7269742,72.3289,124.3517,322.11,23139.4
6178105,72.2658,124.22,321.93,24375.7
11298355,72.1267,125.3367,321.65,20028.2
8870553,71.7622,127.4283,321.56,21689.8
10973279,72.1142,124.7342,321.55,20224.4
3190558,72.1664,127.1308,319.56,29893.4
6269995,72.1161,127.6908,319.35,24263.0
2826306,72.3883,124.405,317.94,30988.0
7807369,71.9069,125.1583,317.09,22610.2
9347795,72.6097,123.6658,317.08,21322.4
1096763,71.925,128.4183,316.84,40392.1
1154245,71.6908,127.0833,316.14,39847.4
3887164,72.1817,140.76,316.05,28159.4
7046585,71.6475,127.3025,315.08,23372.2
609565,71.7608,140.435,314.02,46981.1
4810296,71.6694,127.3342,312.32,26369.4
4243943,72.0911,124.2442,311.96,27414.2
10379380,72.3931,124.6292,311.66,20602.1
9187459,71.7678,125.1767,311.64,21444.6
705503,72.0028,128.3742,311.3,45280.9
1600896,72.2194,126.9967,311.29,36468.0
9922521,72.2194,125.1208,311.24,20912.1
4913916,72.0508,127.0983,311.08,26197.3
1398902,72.0672,126.9933,310.08,37841.5
2752232,71.7803,128.4342,309.57,31231.8
6170208,71.8981,125.1158,309.38,24386.1
3864847,72.5419,123.805,309.22,28211.4
5093720,72.0761,124.4308,308.94,25903.8
6900813,71.7242,126.6258,308.89,23529.8
2510189,71.9783,127.37,308.43,32089.0
180471,77.0836,156.5917,307.62,62608.2
8184919,72.1806,127.0992,307.42,22266.6
764750,71.7753,140.6808,307.3,44362.7
3209034,71.6639,127.5075,306.26,29842.2
3373829,72.5089,122.54,305.31,29397.0
10973282,71.705,128.0542,304.82,20224.4
3217127,71.6283,127.5542,304.63,29820.9
10397542,72.8219,122.43,304.54,20589.7
6556711,71.9789,128.2492,304.29,23919.2
7862550,72.0583,128.125,304.08,22556.6
4317482,71.9347,127.3592,303.55,27269.8
11446425,72.4658,123.7858,303.29,19942.1
7651006,71.7528,140.4575,302.68,22759.0
4171387,72.7994,122.6392,302.67,27560.3
11216767,72.1992,127.1908,301.63,20079.0
1544992,71.8558,126.7208,301.53,36827.8
11114681,71.9125,125.7392,300.75,20139.2
1261353,71.9733,127.2508,299.43,38915.6
9664750,72.3914,124.4567,299.21,21094.1
5466276,72.1511,127.2542,299.0,25334.3
6379378,71.945,126.2967,298.15,24131.4
5338253,72.3753,124.6908,298.04,25524.8
5354315,72.7739,122.7792,297.96,25499.8
3200818,71.6497,127.525,297.78,29865.7
4455360,72.5192,122.7383,297.71,27006.8
6292624,72.3156,124.9,297.66,24234.1
7793010,72.6286,123.2867,297.17,22624.3
3737985,71.9986,127.26,297.1,28496.8
2364426,71.9119,126.6225,297.0,32655.8
6554501,72.5856,123.3033,296.7,23921.9
6081210,72.7744,122.2,296.45,24500.8
5706359,72.0214,128.1092,296.41,24997.6
2532655,72.5092,124.1492,296.35,32007.5
196454,73.2425,143.3125,296.29,61444.4
3026174,72.5433,122.3958,295.63,30369.2
3866707,72.3108,141.0467,294.28,28206.9
4006100,71.6036,127.5758,294.06,27902.6
4086112,71.775,126.585,293.92,27733.1
9191282,72.0339,128.3083,293.65,21441.6
5014029,71.7369,140.4633,293.06,26031.4
3591526,71.8539,124.9183,292.66,28845.7
4579675,72.0194,124.4775,292.4,26777.0
8461876,71.8092,128.2083,291.91,22027.9
8100507,72.7553,122.9117,291.61,22340.9
11324141,72.6472,122.9225,291.59,20012.3
6668393,72.7664,122.8292,291.36,23791.0
5637920,71.7817,128.4675,291.25,25089.2
1426875,72.0917,126.9908,291.24,37638.9
10801971,72.3339,124.5075,290.93,20331.3
8729437,72.5189,124.1317,290.65,21804.0
11313892,72.5039,123.9033,290.28,20018.6
7022353,72.4467,122.9317,290.03,23399.5
2679199,72.0794,127.6375,289.71,31481.7
9809070,72.27,124.3158,289.49,20991.2
3697322,71.6167,127.0133,288.89,28592.8
9627884,72.6214,123.595,288.85,21121.3
9104011,71.7569,128.4142,288.68,21506.9
3008538,72.0175,127.2417,287.96,30421.6
4089807,72.3631,141.045,287.51,27728.5
1613253,71.9086,128.4467,287.1,36391.0
11425281,71.7581,128.3758,287.09,19954.9
2826307,71.8033,126.9742,286.8,30988.0
5395410,71.6944,127.8633,286.29,25439.8
2581059,72.415,124.5067,286.27,31829.9
11483368,72.0486,125.8533,286.22,19919.7
3298359,71.9986,128.3408,286.21,29597.8
6154546,72.0297,127.6808,286.08,24407.0
11378262,72.3131,124.7758,286.0,19983.6
3209033,72.785,122.7108,285.94,29842.2
8619260,72.0592,124.8833,285.81,21894.4
10850002,71.6239,127.1083,285.49,20299.9
7439364,72.4558,123.2533,285.12,22968.0
553897,72.1497,128.035,284.92,48118.6
1417223,72.2444,127.7283,283.72,37706.6
953718,71.8778,126.7325,283.45,41907.9
9784697,72.6186,123.36,283.43,21009.4
5123282,73.2456,143.2233,283.36,25854.6
4388116,71.8192,127.9267,283.33,27133.9
819579,72.1433,127.4817,282.7,43584.6
10029992,72.52,124.0358,282.7,20838.8
5266474,72.1378,127.2083,282.55,25631.9
4758770,72.6608,123.525,282.46,26458.7
11559466,71.9411,125.6625,282.46,19878.1
3278132,71.6925,128.4067,282.43,29651.6
10029997,71.9975,128.195,281.76,20838.8
9388604,72.7425,123.0,281.68,21295.5
5435009,72.3419,122.9858,281.39,25382.1
6251655,71.9392,128.3233,280.78,24286.6
1800121,72.1136,127.1008,280.67,35296.1
11807823,72.2069,127.015,280.34,19736.6
5968857,72.7747,122.0642,279.9,24646.0
5372241,72.1931,126.9925,279.24,25472.3
3643927,72.0758,128.0217,278.94,28719.5
9172514,72.3356,124.8383,278.88,21456.4
4779502,72.2833,124.4792,278.56,26424.9
4574708,71.78,126.7625,278.03,26786.5
6498896,72.0483,124.2617,277.94,23985.7
5883348,72.5067,122.4717,277.94,24759.5
7295956,72.595,122.5867,277.54,23111.8
7471327,71.8197,127.8308,277.28,22934.7
995897,72.8572,122.2992,277.02,41435.4
2758692,71.9764,126.5142,276.46,31211.3
2130696,71.7392,127.4625,276.41,33647.5
2706663,71.6958,127.3283,276.13,31388.4
4855632,71.6731,127.9808,275.3,26292.0
4706663,71.9956,127.7267,275.29,26550.0
3600370,71.7244,127.1075,274.22,28825.8
10797228,74.8681,138.8967,274.15,20334.4
4257208,72.1886,123.7342,274.01,27386.3
4457766,72.1008,126.24,273.42,27002.1
2496888,72.0167,124.9725,273.32,32140.6
10374937,72.6219,122.6283,272.84,20605.2
8073064,71.8422,126.2683,272.54,22366.5
8190958,71.9336,128.3392,272.53,22260.9
8712428,71.9064,126.4017,272.18,21818.6
507925,72.7439,123.2125,271.76,49161.3
8656305,72.3547,122.9067,270.23,21862.4
968015,71.9772,128.4333,270.05,41747.9
11154442,72.1986,125.8575,270.04,20113.9
318960,73.3797,116.2825,270.02,54997.9
7460661,72.2489,123.4717,269.68,22945.8
9837721,72.0936,126.2542,269.49,20969.9
6556712,71.6944,127.9983,268.88,23919.2
3398083,71.9311,128.3942,267.98,29334.1
2608932,72.2372,127.7533,267.73,31727.6
1246158,71.8844,128.4717,267.56,39039.8
4559369,72.2778,125.1492,267.41,26812.7
1582977,71.9442,128.4708,267.05,36581.4
8228169,72.82,122.5392,266.55,22226.5
1169437,71.9578,128.4392,266.54,39708.1
1790408,72.0425,126.3542,266.44,35348.4
2998110,72.0558,126.3975,266.26,30455.1
368506,72.2986,127.5108,266.08,53139.6
2575597,71.8864,128.3225,265.64,31847.9
4076625,72.2258,127.8042,265.18,27753.8
5134142,72.0453,126.44,264.0,25839.8
4578494,71.9881,125.5867,263.88,26779.4
10174683,71.6481,127.515,263.56,20740.8
5117382,73.3894,116.2292,263.2,25864.5
5240420,71.8269,126.8133,263.17,25674.1
4069458,73.3956,116.1992,263.02,27769.8
3568692,71.8247,128.2392,262.99,28900.8
3902213,72.8292,122.5658,262.25,28127.7
2129112,71.7025,127.4917,261.92,33655.0
8656309,71.8031,126.6567,260.93,21862.4
9619933,72.4747,124.0717,260.74,21127.3
5216819,72.0114,125.7125,260.37,25708.8
6168270,72.5981,123.9317,260.34,24388.7
10304232,71.8092,126.8525,259.77,20654.6
3551616,72.1617,125.9533,259.51,28944.9
2539350,71.6181,128.7042,259.16,31981.6
7143718,72.0572,126.9842,258.23,23268.4
4879869,74.8319,138.8375,257.97,26253.2
10754370,72.0958,125.935,257.09,20362.6
3699153,71.9711,124.5408,257.02,28588.3
5540241,72.23,124.315,256.9,25231.0
4568429,71.9794,124.4683,256.87,26798.4
471968,72.7575,123.1458,256.77,50060.2
10900074,71.7744,128.4892,256.53,20271.6
2118660,71.9944,128.3817,255.99,33702.3
2822676,71.6086,123.3,255.68,31000.4
2608934,71.8364,128.3725,255.0,31727.6
9812990,71.6944,127.9667,254.84,20988.1
8715911,72.1961,125.52,254.78,21815.7
5972578,72.0944,127.5033,254.45,24640.8
3851975,71.9442,128.4525,253.32,28238.5
8656306,72.2306,123.5717,253.08,21862.4
1627813,72.8239,140.9367,253.03,36298.1
8356999,71.8789,125.1942,252.34,22117.3
9780715,72.095,125.6883,252.21,21012.4
5287343,72.0178,126.51,251.96,25602.0
2435091,72.2919,127.4258,251.74,32377.6
10042911,74.8686,138.6917,251.55,20829.7
11420002,72.0242,128.2658,251.36,19958.1
8172921,71.97,127.2392,251.35,22278.1
2503064,71.8058,128.4225,250.72,32116.8
10060097,71.7069,126.9342,250.69,20817.4
8273218,71.9408,128.415,250.43,22189.2
9431078,72.8114,122.5592,249.94,21262.6
1421797,72.8675,122.2492,249.86,37674.4
3715039,72.1092,127.875,249.66,28552.6
7274876,72.2786,125.2233,249.44,23133.9
2998111,71.6119,123.9742,249.32,30455.1
553103,71.8286,140.6008,248.68,48135.8
4432254,71.7514,127.09,248.4,27049.3
7240540,71.7706,125.1467,248.27,23166.9
6063891,71.97,125.07,247.66,24524.2
9442647,71.9411,128.3833,247.4,21253.6
5896194,72.4103,124.2792,247.4,24741.5
8797037,72.0711,128.04,247.28,21751.4
2878315,72.4303,122.7783,246.49,30823.1
11456906,72.0492,126.16,245.73,19935.7
2275914,71.9331,126.7175,245.56,33016.7
2441416,72.1406,127.5917,244.86,32352.0
10222960,72.1136,127.1325,243.62,20707.0
3987063,71.6919,127.4867,242.61,27941.4
7001630,71.8369,128.2567,242.01,23418.5
8082278,72.6458,123.645,241.17,22358.0
8088281,72.8047,122.5908,240.99,22352.3
2109480,71.7658,126.89,240.96,33743.9
5974470,72.4647,123.3492,240.72,24638.2
6458287,72.2403,125.1967,240.62,24036.1
10682300,72.8267,122.5058,240.45,20406.3
3287423,73.3536,116.5433,238.42,29625.8
6140803,72.1556,127.7733,238.29,24425.3
8304842,72.3742,141.0183,238.21,22160.5
2342138,71.6519,127.1583,238.02,32743.5
9780711,72.5514,123.925,237.89,21012.4
3552518,71.9319,128.4917,237.63,28942.7
10825722,71.9969,126.5808,237.61,20315.6
7895576,72.3542,122.8142,237.41,22528.3
10840223,72.0858,128.0867,236.6,20306.2
3809877,72.0983,127.7925,236.56,28333.1
3833445,72.0717,128.165,236.42,28281.3
3628235,73.3611,116.44,236.34,28759.4
4081816,73.3589,116.4767,235.65,27742.3
6912508,71.9647,124.9192,235.58,23516.3
3136993,72.1628,128.0208,235.25,30046.5
7049040,72.4347,123.9508,234.85,23369.5
2785025,71.7867,127.44,234.78,31123.4
3731565,72.2314,127.7308,234.75,28512.4
5318608,72.0319,126.3783,234.62,25552.2
10885515,71.8719,125.1733,234.39,20281.1
6684079,72.1289,127.5608,234.34,23772.3
1910085,71.915,128.5117,234.25,34713.7
2921346,71.9706,128.4442,234.19,30688.5
6594652,71.9717,128.4058,232.86,23876.6
4384681,72.0694,128.1258,232.86,27141.0
902752,72.8183,122.6725,232.79,42511.6
2196742,71.9597,128.4658,232.25,33352.7
11624950,71.8342,128.4133,231.65,19839.6
782022,73.3247,116.8042,231.04,44110.6
8579344,72.1253,127.1708,230.86,21929.3
5001109,71.6206,128.6792,230.83,26053.4
5280989,72.4483,124.4683,230.67,25612.0
4681628,72.0567,125.9375,230.62,26593.2
1288524,72.2517,127.5833,230.5,38690.6
1715818,73.4181,116.09,230.27,35771.2
686089,72.3953,122.1,230.09,45600.6
2179252,71.9919,127.1883,229.83,33430.9
5740334,72.3728,122.8475,229.48,24949.2
5734991,71.6253,128.0358,229.17,24956.8
6527628,72.3994,122.25,228.68,23953.8
4044857,72.3836,124.7575,228.59,27820.3
2925142,72.1842,127.2992,228.37,30676.0
10607315,76.6444,148.7392,228.02,20456.2
1773434,72.8775,122.1658,227.96,35442.0
6686259,71.975,126.6608,227.9,23769.6
845441,72.0781,128.2958,227.74,43239.8
4676475,71.7814,126.9783,227.53,26602.8
9627885,71.8097,127.7875,227.39,21121.3
5109884,71.8586,125.2508,227.28,25876.8
619492,72.355,127.4217,227.07,46792.2
2756366,71.6447,128.6975,226.87,31219.5
1853788,72.1831,127.4042,226.69,35006.1
4264570,71.7289,127.4725,226.56,27374.7
400974,73.8019,141.5067,226.12,52080.0
1107859,72.3681,121.4525,225.97,40286.3
7807364,73.3289,116.7667,225.79,22610.2
2346950,72.7111,121.9875,225.74,32726.0
355347,73.9694,136.1108,225.45,53598.0
4929321,71.6881,127.3367,224.31,26170.6
1037537,72.5597,124.565,224.29,40994.9
551401,73.3797,142.125,224.08,48171.6
5916869,72.6653,122.2692,224.01,24713.1
3921255,72.0064,128.2942,223.84,28084.7
11504200,72.8328,122.2367,223.76,19906.9
4457768,71.6297,127.1508,223.44,27002.1
10621375,72.2986,125.0433,222.9,20446.9
623553,72.7194,123.3717,222.52,46713.1
9566050,72.1603,126.9867,222.3,21163.4
1448221,72.3144,141.2483,222.21,37488.0
4025402,72.4508,124.6767,222.18,27863.7
6150649,71.7186,127.4817,221.99,24412.2
3699155,71.6622,123.5375,221.71,28588.3
6701993,72.0028,127.1517,220.52,23750.8
11425266,76.7231,148.8392,220.26,19954.9
9780714,72.1531,126.9808,219.4,21012.4
5603687,72.7589,141.0358,218.61,25140.0
4979204,71.9586,126.6775,218.32,26087.7
1747416,74.8369,138.3867,217.81,35589.1
8228173,72.1686,140.7242,216.88,22226.5
2753933,71.965,128.3492,216.62,31225.6
2496886,76.7928,158.05,216.59,32140.6
4915322,72.0836,126.315,216.23,26194.9
1885426,74.8736,138.4933,215.22,34841.9
4796740,72.0856,128.2467,215.0,26393.6
8395447,71.9164,126.725,214.24,22082.7
4186665,72.2575,127.5733,213.95,27527.9
3348135,72.0778,125.9767,213.48,29464.1
1569244,73.9772,136.015,213.39,36670.1
4068427,71.9808,128.3958,213.38,27772.1
5562179,72.0681,128.2233,213.17,25198.2
2304246,72.1581,127.605,213.14,32898.8
6160343,72.4519,124.5725,212.64,24399.2
11164490,72.0131,124.2392,211.91,20107.5
1591786,73.4342,116.1342,211.5,36525.6
7545087,72.5703,124.47,211.35,22862.4
2019902,71.9236,128.515,211.21,34166.1
2905733,72.3494,127.22,210.74,30736.2
5066731,72.3644,122.755,210.19,25945.6
9454193,74.8347,139.0542,210.13,21244.6
7798684,72.3461,124.8883,210.07,22618.6
3589759,72.3236,141.175,209.76,28850.1
3656548,72.4181,124.7825,209.73,28690.6
2276729,71.8058,125.2533,209.7,33012.8
1211921,72.3133,122.5392,209.16,39332.5
11119587,72.8439,122.4433,209.01,20136.0
3381026,72.3958,121.9683,208.78,29377.5
11040075,72.005,127.1592,208.77,20186.6
1035059,71.8089,128.6542,208.66,41019.7
1348948,72.2747,120.9117,208.43,38216.8
2278054,72.3117,127.5775,208.36,33007.1
11598053,71.9769,128.3783,208.33,19855.6
7375119,71.6094,128.715,208.07,23031.8
3674496,72.4961,124.4242,207.16,28646.2
7957155,71.8939,126.7858,207.11,22468.9
3185414,71.9239,127.3367,206.93,29908.3
1710767,72.4272,125.0292,206.57,35799.7
1622384,73.4369,115.9108,206.52,36333.2
7388086,72.7928,122.06,206.21,23017.9
3084789,72.4858,124.2833,205.8,30198.8
3194984,71.9989,128.2767,205.51,29882.8
2515455,73.3125,116.8892,205.09,32071.1
7210155,72.7086,123.05,204.91,23199.9
3849061,72.2769,127.56,204.88,28245.3
963439,73.7981,141.5992,204.53,41798.3
5637918,72.0844,128.23,204.41,25089.2
10630817,72.6267,122.5092,204.17,20440.6
670219,71.6228,128.8675,203.73,45872.2
5911375,74.8472,139.1542,203.64,24720.8
565338,72.7106,124.0217,203.53,47875.7
11064841,72.7864,122.1158,203.48,20170.8
4691101,72.3764,122.7283,203.29,26578.8
2802645,74.9864,138.415,202.86,31066.1
6471106,71.8131,128.3475,202.56,24020.2
5215200,72.3619,124.9267,202.27,25711.3
1978593,76.7253,149.1892,201.81,34366.9
7693650,72.6986,122.2192,201.51,22719.8
2444835,72.3669,122.4975,201.25,32338.2
3998998,72.7961,121.8267,200.23,27918.6
10299718,72.4442,123.9983,199.99,20657.7
1756253,71.6158,128.8217,199.88,35538.9
7547796,72.7506,123.2142,199.32,22859.6
10099225,71.8306,127.715,198.25,20789.9
10550323,72.7758,121.8833,198.18,20490.4
3535992,72.4722,125.0383,197.55,28982.3
11154445,71.6344,128.6967,197.44,20113.9
4588673,72.1606,127.4992,197.37,26760.4
4057841,72.1864,126.0283,196.99,27795.1
5171700,72.2994,121.8133,196.74,25778.1
2848053,72.3481,127.0867,196.72,30918.1
7798682,72.8089,140.9008,196.35,22618.6
7436626,72.3319,122.3733,195.86,22970.8
3179638,72.3097,122.6783,195.51,29925.4
3451958,72.0314,122.6283,193.93,29194.7
9876738,72.7256,123.3358,193.65,20945.6
6980101,71.6075,128.725,193.6,23443.0
7542356,71.7775,140.4117,193.17,22865.2
4224527,76.6411,148.6383,192.65,27451.4
4493701,72.4414,124.82,192.53,26936.0
6245699,73.3606,116.1508,192.44,24294.5
9006371,72.3111,122.4558,192.42,21586.7
2665534,71.7625,128.5525,192.29,31530.2
918509,72.9472,120.1383,191.22,42319.4
11571038,72.2217,126.9467,191.11,19871.7
1990555,73.2461,117.1158,191.1,34309.4
4104575,71.6347,124.8217,191.01,27696.3
6585895,73.3494,116.6,190.92,23887.2
6000001,72.8644,122.14,190.71,24607.2
4256039,73.3347,116.7117,190.24,27388.7
10467120,72.8233,122.665,190.16,20546.3
1969494,72.3217,125.2542,189.93,34413.2
2384155,73.2328,117.255,189.6,32575.7
6022776,72.4342,123.5692,189.37,24576.1
3742885,71.8931,128.5342,188.6,28487.8
816645,72.8233,120.6225,188.15,43624.1
7078466,72.7983,140.9967,187.89,23336.8
4428680,72.8717,122.1158,187.07,27056.3
11619695,71.6272,128.5517,186.98,19842.8
1061124,72.8656,120.0675,186.84,40750.2
2827579,71.9397,126.8708,186.59,30983.9
5809655,72.465,124.8792,186.47,24854.5
6627561,73.3617,116.03,186.44,23836.5
10042918,72.1064,127.1725,186.29,20829.7
3143997,73.2569,116.695,186.15,30025.3
2634988,72.2367,127.6525,185.84,31637.1
5787970,72.1633,127.3375,185.73,24885.2
8870548,73.3753,142.2742,185.27,21689.8
5084857,73.4381,115.8508,184.97,25918.6
4016414,72.3981,121.8042,184.62,27879.7
9935187,72.7114,121.9275,184.54,20902.9
1366793,72.9861,119.8633,184.37,38081.5
11084683,72.0839,127.4308,184.08,20158.2
6523368,72.0189,126.4183,183.97,23959.1
1497359,72.0936,123.6783,183.41,37146.5
3474342,73.2597,116.9625,183.26,29137.9
1677561,72.0769,125.93,182.97,35996.7
3633488,72.8122,120.7858,182.34,28746.1
4249483,75.2111,138.5958,182.16,27402.6
5966902,72.0531,122.8225,181.91,24648.6
7417150,71.9025,126.72,181.7,22987.4
5224513,72.9792,119.96,181.65,25696.4
2777298,73.0942,117.0425,181.23,31150.0
1777151,72.28,126.965,180.98,35420.4
3635272,72.4989,121.3858,180.93,28741.7
5683954,72.6317,122.3667,180.37,25025.7
4905668,73.0783,117.535,180.34,26211.9
9071138,72.0211,125.7867,179.61,21533.5
3532614,72.8856,122.1208,179.57,28991.1
10374938,72.5911,122.295,179.52,20605.2
10073652,73.0758,117.3075,179.45,20808.2
2254287,71.7917,128.6667,179.3,33105.4
5364217,72.8594,121.6025,179.24,25484.8
4964930,73.2525,117.0675,179.17,26112.1
4243941,72.3306,127.0458,178.87,27414.2
4168084,72.9556,120.1017,178.51,27567.2
4342080,72.3306,127.1908,178.39,27223.0
9640567,73.4258,115.9625,178.03,21112.2
5745735,73.2989,116.845,177.98,24941.5
9035138,73.2828,116.6633,177.87,21563.1
1310718,72.8356,120.495,177.79,38515.7
6860111,73.2686,116.9092,177.56,23573.1
2586808,74.025,135.875,176.92,31807.8
8524583,71.7247,124.4125,176.74,21972.8
3498559,73.3031,116.9458,174.84,29076.6
2644090,73.4422,116.2158,174.25,31602.9
7419765,72.1594,123.0492,174.03,22984.7
1961196,72.6408,120.8667,173.39,34453.9
3200122,72.6619,124.1842,173.26,29867.8
1254150,72.8217,119.3475,172.81,38972.8
4765491,72.0106,128.3467,172.78,26446.6
10334843,73.3381,116.6925,172.47,20633.0
8722612,72.0583,128.0783,172.41,21809.9
6654888,73.1403,116.7042,172.36,23807.1
6473266,73.2386,116.83,172.36,24017.6
10449037,72.155,122.5983,172.31,20558.7
7411878,72.3053,141.31,172.12,22993.0
3798179,72.7339,121.8125,171.89,28357.8
663386,73.4125,139.8817,171.81,45990.1
9697295,72.3442,125.0058,171.6,21069.9
7807368,71.9336,124.7142,171.19,22610.2
1478776,72.4072,126.8617,171.15,37273.2
9605837,72.1411,126.9783,171.15,21133.3
3046158,71.8453,124.4758,170.91,30310.4
2055742,72.8978,122.0733,170.73,33996.0
9124611,72.1111,122.2942,170.46,21495.0
1829001,72.3961,127.2367,170.33,35140.5
7029696,73.0172,117.9625,170.25,23391.3
6596832,73.2831,116.76,169.49,23873.9
8719240,73.035,117.7975,169.32,21812.8
6486026,72.1564,122.8258,168.61,24001.6
1688106,72.7933,121.2883,168.56,35932.9
4545783,72.8539,120.1842,168.19,26838.8
3735221,71.8161,140.55,168.15,28503.5
11288145,72.0469,122.3575,168.0,20034.5
8986169,72.8461,121.5742,167.92,21598.5
6083113,72.2058,140.7833,167.49,24498.2
6188988,72.8303,122.2983,167.28,24365.2
8474959,75.0975,138.41,166.72,22016.3
3575852,75.4792,137.8175,166.65,28885.4
2942814,72.2561,126.9767,166.57,30622.0
2161564,72.6328,124.3783,166.47,33507.1
8495031,72.5189,121.2908,166.18,21998.9
3663698,74.8181,138.4892,166.02,28672.9
3751168,72.1656,141.3,165.54,28467.7
5955472,72.1083,126.9883,165.19,24664.1
6132866,72.8928,122.0292,165.16,24435.7
5541931,72.4997,121.7533,164.53,25228.5
8874069,72.4319,122.3375,164.25,21686.8
8884416,71.8586,128.35,164.2,21678.0
4354828,71.7775,128.645,164.09,27197.2
1778826,73.3806,140.0767,163.87,35413.2
5553605,73.2947,117.0133,163.72,25210.8
5938526,72.8111,141.0108,163.52,24687.3
4194838,73.4158,116.41,163.38,27514.0
4300264,73.3231,116.5175,163.38,27304.8
9792820,72.4369,121.6208,163.18,21003.3
11007704,71.6733,124.2975,162.68,20202.4
8746721,72.7661,123.0633,162.6,21789.4
2504567,71.6908,128.8208,162.6,32110.8
11049965,73.1069,116.83,162.42,20180.3
10489809,73.3094,116.7075,162.4,20530.8
7648320,73.8458,141.5417,162.34,22761.8
9981424,71.7667,128.595,162.22,20869.4
7484647,72.0275,122.1383,162.11,22920.8
9776574,72.1556,127.6992,161.81,21015.4
2700298,72.3925,126.7825,161.71,31408.7
8763865,71.9978,124.3225,161.46,21774.8
5615645,72.0161,121.7192,161.3,25122.2
3813899,72.3919,122.6467,160.79,28324.1
3508707,72.2839,127.1658,160.69,29050.3
2740138,71.8097,119.295,160.6,31274.6
11303579,72.5872,122.1817,160.54,20025.0
3900309,73.2183,117.4417,160.2,28132.3
5541933,72.3522,125.14,160.14,25228.5
2266793,73.4283,115.5958,160.11,33053.4
1868066,72.3025,127.095,159.83,34931.4
9351644,72.4939,121.8008,159.75,21319.4
2224420,72.9281,119.5175,158.95,33232.1
4020771,73.3328,116.01,158.82,27870.6
7398674,72.7281,122.1333,158.78,23006.8
2912938,72.6408,120.2383,158.29,30715.5
3247565,71.93,120.4975,157.43,29735.3
1399342,72.7408,119.6733,157.42,37838.1
10494476,72.0506,128.3075,157.18,20527.7
2265922,73.8967,136.1633,156.94,33057.2
10801973,72.0706,126.315,156.79,20331.3
3624354,72.6286,121.1167,156.78,28766.0
3088213,71.6689,128.8283,156.48,30188.2
10644867,72.0306,121.8192,155.66,20431.3
4182264,71.6128,128.765,155.24,27537.1
4922342,72.6856,120.09,154.98,26182.7
3737983,73.2958,116.3025,153.83,28496.8
3102129,71.8997,121.3875,153.67,30146.0
11216755,75.4431,137.7258,153.38,20079.0
8119011,72.1144,121.795,153.16,22323.8
6106547,72.1469,123.5167,152.52,24467.0
5312246,71.7553,118.6592,152.39,25562.2
10406694,71.8408,124.2267,152.02,20583.5
1815810,72.7972,120.9833,151.96,35209.3
9373033,72.0475,121.9933,151.94,21307.5
11319019,72.4558,122.1408,151.61,20015.4
5929915,72.7664,120.9792,151.33,24695.1
9038650,72.8661,119.0375,151.32,21560.1
3580250,73.2594,117.1575,151.2,28874.4
6067675,72.6464,120.3833,151.14,24519.0
8395443,72.5514,121.1875,151.11,22082.7
1759409,72.9269,121.9125,150.84,35522.8
3707339,72.8453,120.3408,150.77,28568.2
4188879,71.7622,128.6558,150.37,27523.2
7182360,72.6781,124.1283,150.26,23230.1
9191280,72.7758,120.7,150.13,21441.6
4324496,72.1025,128.1075,150.09,27255.7
9031576,71.9181,120.8342,149.85,21566.0
11752612,72.6422,122.47,149.63,19768.8
6398287,72.8014,120.2475,149.51,24107.6
6640839,72.2589,123.3108,149.46,23820.5
6855425,72.3128,126.905,149.14,23578.5
2484868,76.6903,149.2242,149.04,32186.2
7881247,72.5733,120.12,149.03,22542.5
5916867,73.2806,117.1058,148.72,24713.1
10073654,71.9583,122.82,148.59,20808.2
8897234,71.9919,123.0433,148.53,21672.1
10744934,73.3389,115.9092,148.35,20368.8
7648323,72.1228,127.9708,147.68,22761.8
5213713,73.1511,116.66,147.66,25713.8
11446420,72.6919,120.9275,147.64,19942.1
4927910,72.3342,126.8675,147.46,26173.0
2363003,75.7292,138.1158,147.4,32661.7
3210408,73.2917,116.505,147.28,29838.0
9760364,72.3353,121.5,147.27,21027.5
9465787,72.3219,126.9733,147.13,21235.6
6218912,72.9336,121.8717,147.07,24326.0
4582308,71.7367,120.2867,146.99,26772.3
9503115,72.7056,120.1075,146.98,21211.6
4858927,74.0825,135.8617,146.77,26289.6
1708351,73.0044,119.275,146.6,35814.0
3917190,73.4006,116.4867,146.48,28093.7
6505323,71.805,119.0358,145.89,23977.7
5078475,71.8419,128.585,145.79,25926.0
10787631,71.9586,120.8917,145.76,20340.7
5117384,72.8506,120.2892,145.75,25864.5
10801969,72.5431,121.0108,145.65,20331.3
9388609,71.8633,123.1675,145.38,21295.5
7382978,72.9933,118.2683,145.37,23023.5
11362712,71.9078,120.1558,145.19,19993.1
9910151,71.7958,140.4267,145.05,20921.2
3507875,74.8086,138.3283,144.79,29052.5
10948754,77.1003,156.52,144.57,20240.2
11824403,72.1208,125.725,144.5,19726.9
11532842,71.8917,124.545,144.17,19894.1
7732596,75.845,137.9925,144.17,22680.5
10218589,72.6711,120.1083,143.76,20710.0
3295418,73.4119,139.97,143.67,29606.5
7578208,75.6553,138.5792,143.61,22828.9
9183679,72.9006,118.9258,143.49,21447.5
5724422,72.225,123.1658,143.45,24972.1
3737058,73.1511,116.605,142.89,28499.0
8566212,75.2875,138.8642,142.42,21940.9
5074034,72.9972,119.9,142.4,25933.3
7442055,71.8192,121.03,142.13,22965.3
5066730,72.4258,123.5733,141.99,25945.6
9328704,71.8714,119.9158,141.76,21337.3
9006363,75.1003,139.1325,141.56,21586.7
1161160,76.6461,149.1617,141.2,39783.4
1047899,72.6508,141.3833,141.2,40887.5
7261984,71.8914,123.8817,140.93,23147.6
9558250,71.8481,128.5692,140.86,21169.5
4223457,73.3778,115.5108,140.77,27453.7
6862358,71.9481,120.975,140.71,23570.4
2845064,72.9481,119.385,140.52,30928.4
10640072,75.885,137.7025,140.46,20434.4
3832474,72.8622,121.3458,139.97,28283.6
9499191,72.2419,127.0733,139.75,21214.6
3823359,72.4789,124.71,139.55,28301.6
1069032,76.7547,149.4342,139.54,40668.8
4520585,73.1789,117.7533,139.42,26883.9
6590208,71.9703,123.3725,139.35,23881.9
11196538,71.9022,119.9933,138.99,20091.7
7570042,72.2217,125.6925,138.86,22837.3
11467410,73.1772,116.7708,138.79,19929.3
8468399,73.3067,116.1708,138.43,22022.1
2260314,73.7903,142.0225,137.86,33082.3
4989161,71.8067,123.4933,137.83,26070.6
3552513,75.755,139.3625,137.56,28942.7
4209033,73.4678,115.6483,137.39,27483.9
8685402,72.7022,124.1125,136.61,21842.0
970317,76.1458,152.6942,136.6,41720.5
7417148,72.4053,121.06,136.27,22987.4
9347799,71.9536,128.4775,136.24,21322.4
9538530,71.7044,120.5333,136.1,21184.5
11293194,72.0783,124.1758,135.77,20031.3
7862548,72.1558,123.4442,135.52,22556.6
2138768,73.345,139.9683,135.38,33611.5
6829659,71.9153,121.9333,135.35,23608.2
9972818,71.9022,122.6433,135.32,20875.5
10383929,73.4614,115.63,135.27,20599.0
5719072,72.3789,127.3008,135.19,24979.8
3885145,71.9742,126.7133,135.16,28163.9
2881537,75.2725,139.4942,134.96,30812.8
10640085,71.9153,121.1892,134.85,20434.4
7324328,71.8439,119.51,133.97,23081.5
6750538,77.1031,156.625,133.82,23697.1
2461836,72.9133,119.6075,133.81,32273.1
9419450,71.8439,117.0983,133.8,21271.5
4709286,72.8092,121.5017,133.7,26545.2
4820171,72.5178,120.2217,133.43,26354.9
5395407,72.3169,127.3317,133.13,25439.8
3262582,72.9036,118.4167,132.68,29692.4
2514405,72.9697,119.4533,132.52,32075.1
8450636,75.2306,139.2858,132.4,22033.6
9850168,72.3839,125.24,132.28,20960.8
11857602,72.8247,122.115,132.13,19707.5
6938660,72.7892,120.3858,131.98,23486.5
1328942,72.2825,127.7658,131.48,38371.5
4399817,74.1378,135.7083,131.47,27110.4
6160344,72.2764,127.8108,131.38,24399.2
10948769,72.4656,122.4633,131.23,20240.2
1502787,72.6931,141.6542,130.87,37110.5
9994229,73.2444,117.3075,130.5,20860.2
8079158,72.4497,122.52,129.98,22360.8
7182363,71.9053,124.4975,129.58,23230.1
6690744,75.9172,137.98,129.48,23764.2
11714031,71.9225,120.5617,129.1,19791.4
9981416,73.1381,117.4758,129.09,20869.4
8295219,73.3553,115.725,128.95,22169.1
7029699,72.37,125.3508,128.9,23391.3
3454342,72.2464,125.7233,128.44,29188.2
9530646,75.4878,138.7225,127.75,21190.5
7372468,73.8067,142.2042,127.35,23034.5
9396297,72.04,120.1908,127.18,21289.5
4109975,72.2258,127.4967,126.59,27684.8
7382983,71.7831,128.6933,126.5,23023.5
9981423,71.93,117.4167,126.31,20869.4
11216762,73.1528,116.5483,126.26,20079.0
9487379,73.4456,115.7792,125.76,21223.6
10411214,71.6881,118.8767,125.07,20580.4
9744063,72.1172,121.4258,124.21,21039.7
6951436,72.6189,120.7317,124.13,23475.6
2226086,75.4964,139.1775,123.58,33224.5
8612587,72.8703,119.7483,123.45,21900.2
2794887,71.6517,128.835,121.99,31092.7
1201273,75.5414,135.725,121.98,39424.7
4980612,75.8436,139.6508,121.25,26085.2
8109759,75.7658,139.6392,120.94,22332.3
11074704,73.4125,115.6833,120.58,20164.5
6431873,72.6478,123.735,120.48,24065.3
4570902,72.9569,120.4033,120.45,26793.7
4625967,75.5714,138.9292,120.4,26693.6
3670919,72.8964,120.7817,120.25,28655.1
5675337,72.6731,121.6267,120.16,25038.4
2343026,74.2389,135.4508,120.06,32739.6
10012955,71.8553,128.5483,119.92,20851.1
8986171,71.9908,121.4633,119.8,21598.5
8595879,72.9339,121.6817,119.28,21914.8
10521819,73.4003,115.73,119.08,20509.1
11796770,76.1319,152.7117,118.98,19743.0
8838535,73.0375,119.0717,118.93,21716.2
7187422,72.5236,121.8825,118.25,23224.6
9922523,71.9703,118.0417,118.05,20912.1
5339801,71.7964,128.6133,117.72,25522.3
11774635,75.8733,139.705,117.71,19755.9
11747022,75.5078,135.7367,117.46,19772.0
11769043,72.9433,120.3058,116.83,19759.1
7659218,71.97,115.6742,116.81,22750.6
3844132,72.32,125.5275,116.52,28256.5
7542354,73.4553,116.1342,116.17,22865.2
7492616,72.7258,121.5925,115.84,22912.5
8501584,75.7514,138.5142,114.69,21993.1
4673882,72.54,121.845,114.49,26607.6
10055847,72.3389,125.5375,113.88,20820.5
9290469,72.8958,119.8442,113.75,21367.2
8398609,71.6886,122.5225,113.31,22079.9
11227014,75.5861,138.1092,112.5,20072.6
6545728,72.0217,118.7483,112.45,23932.5
10148498,73.4839,115.6917,112.14,20759.2
8709085,72.4728,124.3742,112.12,21821.5
9503119,71.7686,116.3717,111.96,21211.6
9365381,72.0572,123.1358,111.43,21313.4
9664752,72.0367,121.515,111.28,21094.1
7878215,71.8614,122.0675,111.15,22545.3
8932661,72.1878,123.3658,110.92,21642.7
5108470,72.81,120.8967,110.38,25879.2
1598753,72.2275,140.1217,110.19,36481.9
10069449,72.0247,116.4267,110.01,20811.3
6773724,72.1806,115.9142,109.35,23670.2
3824283,73.1597,116.2492,109.24,28299.3
3534310,73.1258,116.3058,108.81,28986.7
6396143,72.9728,120.18,108.69,24110.2
10953636,72.0564,123.31,108.6,20237.0
11149432,72.0472,119.5383,108.39,20117.0
4586188,71.7197,128.7075,108.04,26765.1
4870259,76.1672,152.7525,107.95,26270.2
9615918,72.3894,124.9892,107.91,21130.3
1509675,75.7158,152.4633,107.81,37064.1
8314292,76.1639,152.695,107.47,22151.9
4689813,76.0797,138.6267,107.38,26581.2
10584463,72.2133,140.6558,107.25,20471.8
6975275,72.6781,123.9567,107.2,23448.5
7951330,71.6081,121.9008,106.65,22474.5
6170204,73.8242,141.7467,106.59,24386.1
9380913,72.9031,120.6833,105.82,21301.5
7570035,75.9461,138.2225,105.73,22837.3
4381242,75.9906,138.3042,105.53,27148.0
9526730,72.0683,115.6342,105.28,21193.5
3311158,76.1153,152.7183,104.97,29561.2
4410815,72.2386,118.2683,104.33,27091.6
5953582,72.8733,121.1358,103.78,24666.7
7712941,72.7125,123.8517,103.75,22700.2
10086330,72.1767,123.3883,103.74,20799.1
11388691,72.2014,116.3933,103.12,19977.2
8834957,72.8956,119.1683,103.01,21719.1
11548896,72.0553,116.3633,102.83,19884.5
11159467,72.9531,117.7458,102.34,20110.7
11017572,76.1483,152.7533,102.18,20196.1
9477484,73.4439,141.9342,101.74,21226.6
6334995,72.8411,122.6058,101.14,24184.1
11592537,71.6825,122.36,99.25,19858.9
5012557,72.6844,119.88,98.99,26033.9
8254393,72.0797,116.2017,98.67,22206.5
8904225,75.6789,135.7275,98.34,21666.2
10218591,72.0039,118.6558,98.11,20710.0
7131289,75.2811,137.2258,97.89,23282.1
9376897,73.4547,141.6967,97.71,21304.5
9063947,72.7625,120.8375,97.37,21539.4
10740178,72.0289,116.0575,97.18,20372.0
9082025,72.2631,115.5475,96.73,21524.6
4722369,71.8594,128.6008,95.22,26521.2
6385705,75.6589,139.7192,95.13,24123.4
8547767,75.0881,139.4,94.38,21952.5
9404058,72.8019,120.885,93.11,21283.5
9279142,72.4622,124.2558,92.86,21376.1
6425477,72.2419,140.2442,92.43,24073.2
9461873,71.8781,124.8,91.36,21238.6
3619798,72.3044,119.7008,90.51,28777.1
9636679,72.8322,119.65,89.54,21115.2
10082268,72.9078,121.2558,89.34,20802.1
5182991,72.3839,127.0358,89.26,25763.3
5901727,75.475,140.0175,88.77,24733.7
7693651,72.3008,119.3183,87.49,22719.8
5619044,72.4397,125.2525,87.44,25117.1
8579343,72.2839,119.0767,86.7,21929.3
3488364,72.3819,125.4433,85.59,29100.7
3864845,73.1386,115.7333,85.46,28211.4
10607326,72.4139,125.1867,84.61,20456.2
7673198,71.6364,128.8267,83.08,22736.6
10222957,73.3842,139.8375,83.0,20707.0
7141284,72.8558,120.94,80.7,23271.2
5677089,72.8372,141.255,80.6,25035.8
7101837,72.3058,119.6467,80.3,23314.9
6574046,71.6483,128.8058,80.12,23897.9
9131946,76.1025,139.0042,79.32,21489.1
7987693,72.2106,120.23,78.94,22443.3
9216829,72.2853,117.2692,77.47,21420.8
9165076,71.6581,141.1192,76.49,21462.4
2771156,75.0144,147.1067,76.24,31168.5
9282866,72.9447,120.7992,76.09,21373.1
9935191,71.8236,122.7183,75.8,20902.9
6550125,72.2856,125.75,75.17,23927.2
5451437,72.8436,122.5892,74.62,25357.0
10397543,72.76,121.3625,73.64,20589.7
7798683,72.4367,116.9208,73.27,22618.6
9866554,72.4653,117.1167,73.09,20948.6
10471575,72.0247,141.6358,73.08,20543.2
4527153,74.1469,135.48,72.36,26874.4
7076057,71.8528,127.0783,71.77,23339.5
9725755,72.195,120.215,71.07,21048.7
10458094,71.6411,141.2942,70.94,20552.5
4963528,72.3186,125.6717,70.76,26114.5
11272831,71.7253,140.9917,70.56,20044.1
6761973,72.9914,119.685,68.89,23683.7
3465188,72.4767,126.2792,68.57,29162.0
7732603,72.3669,119.7275,67.7,22680.5
11774644,71.9689,141.8,67.45,19755.9
3572414,72.7778,124.7617,66.63,28894.2
10820919,71.7519,140.2667,66.57,20318.7
10348198,73.3425,117.4267,66.11,20623.7
11774642,72.2481,117.6717,65.94,19755.9
10939009,72.2636,141.8317,65.53,20246.5
3870566,75.8839,142.3275,65.1,28197.9
11813288,72.5917,119.4008,64.62,19733.3
8160623,72.5508,116.5358,64.27,22289.5
8047755,72.2867,125.8158,64.02,22386.5
9294286,72.0272,123.7925,63.89,21364.2
9089442,71.97,141.9758,63.01,21518.7
7648319,75.8431,142.44,61.95,22761.8
10244962,72.2736,142.0683,61.78,20691.6
6960921,72.5953,124.83,61.28,23464.7
10262418,71.8069,140.9883,61.1,20679.2
5562174,73.6853,141.54,60.86,25198.2
9161445,72.2622,125.8208,60.25,21465.4
9321060,72.2206,141.975,58.96,21343.3
7990736,72.5503,124.8717,58.93,22440.5
5600267,71.7478,146.9108,58.54,25145.0
10602813,71.7356,146.9933,58.29,20459.3
10777959,71.7739,141.2608,57.35,20346.9
5315425,74.9775,148.1025,57.25,25557.2
5196752,75.2542,143.9933,56.69,25741.0
11747033,71.6058,132.8533,56.57,19772.0
10008712,71.6706,146.2717,56.48,20854.1
9317338,71.6553,132.6542,56.38,21346.3
10361527,71.6106,146.8058,55.74,20614.4
11587102,71.6944,147.1767,55.54,19862.1
8005790,72.2331,142.1917,55.45,22426.3
5978259,75.4811,140.9758,55.43,24633.1
10663400,72.2983,142.265,55.34,20418.8
9465791,71.6217,132.8592,55.21,21235.6
8629454,71.9078,147.8767,54.91,21885.7
11211541,72.2597,142.2092,54.52,20082.2
11651737,72.3514,141.8317,54.49,19823.5
11774641,72.9219,124.1117,54.33,19755.9
5867416,72.3822,139.9967,54.17,24777.5
11554206,72.2189,142.3717,54.17,19881.3
10012952,72.3647,140.8792,53.78,20851.1
9198581,71.9394,147.105,53.74,21435.6
7913152,71.8289,148.295,53.24,22511.4
10598169,71.8719,147.4867,53.22,20462.4
9858448,71.8378,147.195,53.02,20954.7
9792824,71.7506,142.0442,53.02,21003.3
8501596,71.6167,148.0775,52.63,21993.1
11303581,72.2092,142.9608,52.02,20025.0
10339200,75.4264,142.8942,51.87,20629.9
9035143,71.6067,147.9392,51.82,21563.1
6152643,72.2658,139.925,51.53,24409.6
5347801,72.9269,123.0467,51.43,25509.8
9507115,72.0303,148.4942,51.3,21208.6
5317011,71.9683,127.0758,51.25,25554.7
11608897,71.9164,147.2967,50.99,19849.2
6699677,72.4517,126.3125,50.89,23753.5
11818833,71.6453,132.755,50.77,19730.1
11059988,71.6036,147.0558,50.32,20174.0
10029994,72.3317,142.2542,50.28,20838.8
10797238,71.9572,148.2908,50.1,20334.4
8622630,72.5192,142.965,50.0,21891.5
10992847,71.6647,147.34,49.92,20211.8
11373075,72.0117,148.1758,49.67,19986.8
10696262,71.625,147.9492,49.5,20397.0
10782746,72.3214,139.3058,49.5,20343.8
9074679,72.6786,141.9425,49.45,21530.5
7369883,75.4397,147.6142,49.34,23037.3
6363912,75.5567,146.5417,49.33,24147.2
11824404,71.9653,148.3508,49.11,19726.9
10598160,73.4839,141.1367,49.1,20462.4
11435878,71.6228,148.2183,49.05,19948.5
9631909,72.3344,142.3342,49.02,21118.2
9045836,71.7894,132.6542,48.77,21554.2
10864381,72.6611,142.4158,48.35,20290.5
10934051,72.0294,148.6033,48.25,20249.6
10471577,71.8303,148.1725,48.24,20543.2
11388692,72.1494,143.2367,48.19,19977.2
10895248,71.6031,147.71,48.04,20274.8
10900070,72.1928,142.56,47.86,20271.6
10696261,71.6797,133.0192,47.76,20397.0
11221839,71.7392,147.3375,47.58,20075.8
8437410,73.4367,140.4467,46.95,22045.2
9590078,72.1614,139.3467,46.94,21145.4
11114679,72.2111,147.5492,46.79,20139.2
8190956,72.4044,126.3183,46.61,22260.9
10262420,71.725,147.9942,46.45,20679.2
11420005,71.8,147.87,46.32,19958.1
11383473,73.4519,140.545,45.87,19980.4
11017576,75.1931,150.1333,45.67,20196.1
7497950,75.3344,148.2792,45.56,22906.9
8531233,73.4619,118.4275,45.5,21967.0
10240478,72.2192,148.01,45.44,20694.6
10816163,72.4078,125.34,45.42,20321.9
9862430,72.2503,139.3817,45.36,20951.7
9880996,73.4364,140.7125,45.23,20942.5
11059986,71.7197,148.055,45.13,20174.0
11257618,71.6836,147.7717,44.54,20053.6
8921967,71.9994,145.2842,44.33,21651.5
11493719,72.7111,141.82,44.27,19913.3
10958481,72.1189,143.4258,44.19,20233.9
6725584,72.5719,127.2375,44.18,23726.7
7217711,72.6092,125.4583,44.11,23191.6
11791304,71.7314,147.7075,43.99,19746.2
11846507,71.7419,148.1325,43.87,19714.0
10240480,72.1258,144.8458,43.83,20694.6
11373073,72.4264,143.1942,43.8,19986.8
10388586,71.6508,142.6783,43.64,20595.9
9507106,75.1381,150.9092,43.57,21208.6
8194031,72.8339,123.4967,43.57,22258.0
9597996,76.0969,152.8317,43.51,21139.4
10334850,71.8386,148.5608,43.07,20633.0
9866555,71.8883,148.6575,43.0,20948.6
11467415,72.0869,148.6108,42.52,19929.3
11059987,71.6147,149.1833,42.45,20174.0
8582680,71.9678,140.6492,42.4,21926.4
7996802,71.7192,129.0592,42.29,22434.8
10644863,72.4283,144.0142,41.75,20431.3
11763537,72.0578,145.0133,41.68,19762.4
9893440,72.2464,148.5483,41.53,20933.4
10820918,71.7792,129.41,41.18,20318.7
7545085,73.0917,120.2117,41.02,22862.4
10116470,71.7725,127.2617,40.65,20777.6
10754371,71.775,145.0675,40.64,20362.6
7656474,71.6714,138.4642,40.63,22753.4
8793654,71.7889,129.3192,40.61,21754.3
11094749,73.4822,140.9675,40.2,20151.8
10682307,71.9114,145.3692,39.9,20406.3
7916064,71.8581,138.4058,39.76,22508.5
11324144,71.8444,145.0525,39.42,20012.3
9446483,73.5581,140.7975,39.38,21250.6
10593599,71.7578,144.7525,39.08,20465.6
9964401,71.7106,144.7192,39.01,20881.6
10266898,71.8769,129.3167,38.83,20676.2
8225074,72.4644,128.2458,38.78,22229.4
9998365,71.8914,148.7708,38.6,20857.2
11035099,72.435,142.1008,38.09,20189.7
11191475,71.9514,140.6408,37.94,20094.9
11559468,71.9094,145.7383,37.73,19878.1
8736337,72.4775,127.325,37.29,21798.2
11592526,73.53,118.6017,36.33,19858.9
11109656,73.54,141.0142,36.3,20142.4
10485256,71.6803,138.3517,34.77,20533.9
10444560,75.5458,137.1083,34.32,20561.8
10299706,74.1775,140.7267,33.49,20657.7
11774636,75.4272,147.4225,32.82,19755.9
11802337,71.7842,148.8758,32.66,19739.8
11543424,73.3486,124.285,32.24,19887.7
11201571,72.6578,128.5508,31.67,20088.5
11791299,72.6869,128.415,30.6,19746.2
