166729,67.9564,87.1889,388.73,63696.7
2590509,67.94,87.2728,383.69,31793.8
1257057,67.9122,87.3978,374.25,38949.9
5641500,67.9422,87.255,370.64,25084.1
7589227,67.9564,87.2083,364.83,22817.8
1633323,67.3172,67.3456,337.93,36264.7
2066404,68.2019,67.3317,328.49,33945.3
4718413,67.9258,87.34,327.24,26528.4
1334313,67.9764,87.13,326.12,38330.0
4668720,68.1036,67.4411,312.11,26617.1
3735241,67.7333,67.3122,308.4,28503.5
2805661,67.7389,67.3456,307.26,31055.8
339034,67.7094,67.7972,289.2,54199.7
1083661,67.9317,67.3539,284.81,40522.8
862320,63.3139,82.3133,281.45,43019.7
5978307,67.9947,87.45,277.39,24633.1
3542777,68.0281,67.3156,275.62,28964.7
2377979,67.9531,87.0572,273.06,32601.1
10308647,68.2958,67.4483,272.88,20651.5
9705465,67.715,67.8283,267.68,21063.9
608820,67.7847,67.7794,262.74,46996.0
1265073,63.1278,84.9483,260.67,38882.8
2528380,61.6972,87.2872,257.62,32021.4
10286430,67.2664,67.57,256.46,20666.9
5807870,67.7183,67.325,255.82,24857.1
1379823,62.9317,85.2272,255.78,37982.7
5704653,62.5197,87.24,255.4,25000.2
7553927,63.1686,85.1128,253.94,22854.0
2975302,67.9264,87.5061,252.2,30524.0
11472937,62.4217,87.0978,250.98,19926.1
3649241,61.6031,87.2917,250.83,28706.2
4831037,62.7947,85.3206,247.39,26335.6
10249570,62.4264,87.5144,245.89,20688.5
2610114,62.6164,85.5995,244.78,31723.6
6870539,56.8203,85.5114,243.18,23565.0
3452779,67.8981,67.3222,242.61,29192.5
3428820,63.0061,84.7839,240.56,29253.6
11753173,56.8567,85.5033,238.31,19768.8
4535851,67.6994,67.9267,236.16,26857.8
9369509,56.9125,85.675,235.4,21310.5
1569494,67.7328,67.4289,235.36,36668.3
1786896,63.2656,81.0783,234.49,35366.4
3458474,61.1875,87.4906,233.92,29177.3
6024719,67.7981,67.7339,233.64,24573.5
7559294,62.2039,87.3417,232.24,22848.5
9632097,63.0492,84.75,231.15,21118.2
4519461,63.2181,82.2011,230.51,26886.2
5569083,61.8781,86.8122,230.44,25188.1
1977220,61.9039,85.5278,230.43,34374.3
6985059,62.0928,86.9239,229.96,23437.6
6655035,61.8964,87.5422,229.95,23807.1
3755970,61.5425,85.9467,229.6,28456.5
2486826,62.9614,83.145,228.56,32178.2
1434809,67.735,67.6111,227.36,37583.0
11488800,62.1192,87.4183,226.34,19916.5
7779039,61.4681,87.4305,226.33,22638.4
8360414,62.075,87.1156,226.02,22114.5
4989269,61.3147,86.76,225.65,26070.6
9951933,61.8525,87.685,225.62,20890.8
9606044,62.0569,87.2505,225.57,21133.3
8137602,63.0411,84.6528,225.56,22306.6
3303738,63.0036,83.9894,225.49,29582.8
11824639,63.2919,85.0089,225.31,19726.9
6870450,61.8897,87.3133,225.31,23565.0
9206016,67.7019,67.8745,225.22,21429.7
10379561,63.1975,82.2339,224.96,20602.1
8978976,62.5194,85.4033,224.61,21604.4
7910375,61.6731,87.5661,224.41,22514.2
3772155,62.8581,81.285,224.05,28420.7
4107913,63.3517,81.2483,223.44,27689.4
7784688,61.7792,87.0395,222.6,22632.7
8692404,61.8006,86.9533,222.54,21836.1
3658391,63.065,81.6861,221.75,28686.2
10125343,61.1633,87.3705,221.52,20771.5
7455596,56.9267,85.7783,221.23,22951.4
6592500,68.2947,67.6367,221.07,23879.2
9340446,56.9319,85.6767,220.58,21328.4
9187660,62.0264,87.5305,220.4,21444.6
10008947,61.9342,87.1422,220.32,20854.1
4558209,67.6878,67.8628,219.74,26815.1
11533360,56.9258,85.725,219.68,19894.1
5066811,62.1522,85.6928,219.6,25945.6
7471456,62.8542,83.3589,219.39,22934.7
3929702,67.7314,67.6917,219.26,28068.8
11099940,62.0653,87.4417,218.97,20148.7
7329559,67.3233,67.6222,218.79,23076.0
10929716,56.9708,85.8617,218.65,20252.8
3195753,62.9483,82.7922,218.61,29880.6
11625202,62.2133,87.5711,218.52,19839.6
5304552,62.7697,83.8367,218.33,25574.6
8447478,63.0569,81.8183,218.31,22036.5
4783562,63.0308,82.2961,218.31,26417.7
4316358,62.6133,84.9344,217.92,27272.1
7116740,63.1122,84.7572,217.3,23298.5
4722384,67.7194,67.725,216.95,26521.2
8521462,62.1303,87.59,216.71,21975.7
8514800,61.7344,87.2711,216.5,21981.5
9093296,62.8333,83.7289,215.77,21515.7
10603020,63.305,82.1945,215.54,20459.3
9846135,62.6258,83.8817,215.38,20963.8
8498701,56.9078,85.0597,215.29,21996.0
4756136,62.7761,84.3694,214.79,26463.5
5229712,67.7272,67.3806,214.47,25691.5
8870745,61.3522,87.0717,214.31,21689.8
6015228,62.4414,85.5995,214.2,24586.5
8817733,62.0517,85.47,214.16,21733.8
3900353,63.3431,82.1678,213.8,28132.3
5830949,61.9039,85.325,213.64,24828.9
1206877,68.1928,87.0789,213.13,39376.2
9351876,61.8231,86.6567,213.05,21319.4
9365610,61.4186,86.0683,212.87,21313.4
10467336,62.8064,83.2833,212.15,20546.3
9431311,61.5264,86.8533,212.15,21262.6
6704363,63.1342,83.9533,211.83,23748.1
7741250,63.1567,80.9289,211.61,22672.1
10575330,61.4731,87.2856,211.54,20478.0
7528851,63.2828,80.5956,211.39,22879.1
6574155,62.6589,84.4233,211.0,23897.9
9024508,61.6142,85.9578,210.78,21571.9
1181965,64.5633,82.4428,210.74,39595.6
8695790,63.0972,80.5667,210.7,21833.2
10295429,61.7028,85.8828,210.63,20660.8
6207043,62.6519,84.8861,210.23,24341.7
3891016,60.0731,86.8911,210.2,28150.4
10954108,56.8156,85.2689,209.66,20237.0
10218790,62.7875,83.625,209.54,20710.0
11303916,60.0467,86.6639,209.45,20025.0
6610109,63.025,84.4706,209.45,23857.9
11383726,62.8781,83.9239,209.38,19980.4
8716051,63.3378,80.61,209.26,21815.7
10845387,61.3233,87.2722,209.07,20303.0
5614019,61.6839,85.4283,209.07,25124.8
9606195,57.6547,86.7997,208.84,21133.3
9606023,63.0894,82.2455,208.18,21133.3
5901842,62.7639,82.5794,207.93,24733.7
10710641,61.0497,87.5783,207.88,20387.6
9328894,63.0536,84.51,207.87,21337.3
4989300,58.3922,87.485,207.87,26070.6
8342882,62.9722,81.6889,207.73,22126.0
8160791,62.6114,84.1822,207.06,22289.5
6886721,61.855,85.6389,206.87,23546.1
11554452,63.3078,84.8145,206.84,19881.3
11094986,62.6669,84.4989,206.49,20151.8
9534724,62.6658,84.8456,206.44,21187.5
10121040,61.3242,87.5628,206.27,20774.5
6451876,62.9878,82.3956,205.8,24044.1
7452889,63.1883,80.3722,205.72,22954.2
2618278,63.3189,83.6539,205.41,31695.5
6347255,67.73,67.4533,205.33,24168.3
6585934,67.9544,87.585,205.31,23887.2
9431279,62.6242,84.2839,205.02,21262.6
5495423,62.8172,82.1761,205.01,25294.1
10522039,62.8686,83.4972,204.44,20509.1
6919759,61.8003,85.0311,203.61,23508.2
6905605,62.7356,84.4061,203.6,23524.4
11404554,61.4853,87.0572,202.95,19967.6
3249787,62.4331,84.9867,202.64,29728.9
10017398,62.5942,84.0645,202.42,20848.0
9031692,63.4153,81.0461,202.27,21566.0
1551401,64.6839,85.4978,202.12,36786.3
2016630,67.7314,68.1956,202.0,34182.9
5440095,58.0975,86.6439,201.46,25374.6
1895281,68.265,87.12,201.43,34790.7
9550502,62.77,84.4445,201.12,21175.5
9837922,63.2947,81.3728,201.07,20969.9
9336489,61.3708,85.745,200.74,21331.4
5388985,63.2314,81.7505,200.61,25449.8
10949059,61.2994,87.3317,200.59,20240.2
3917245,63.0508,82.8567,200.58,28093.7
5162652,62.2733,84.6178,200.25,25792.9
4413283,57.3033,84.7981,200.07,27086.9
8566375,63.0503,81.2872,199.98,21940.9
5711792,63.4756,81.4383,199.04,24990.0
7839084,62.7703,83.0783,199.04,22579.2
10348417,61.8664,85.2783,198.7,20623.7
11462472,61.1408,87.2944,198.42,19932.5
5418145,62.9733,81.9411,198.23,25404.7
9228720,62.8728,82.9939,198.17,21411.9
10944159,63.3975,80.8767,197.97,20243.3
9046050,61.9331,85.2378,197.6,21554.2
6550230,63.1289,81.8705,197.57,23927.2
8295394,62.5536,85.2394,197.44,22169.1
1069447,66.7742,85.1283,197.29,40664.1
4715806,63.3989,81.5356,197.22,26533.2
8240706,62.8753,81.5905,197.07,22215.1
8616098,61.2078,87.6295,197.0,21897.3
4509730,63.1736,84.5472,196.76,26905.2
1422468,68.2158,85.5761,196.76,37669.4
7442227,61.5275,87.6211,196.6,22965.3
11619955,62.9267,81.475,196.56,19842.8
2740704,67.8756,67.405,196.54,31272.5
11154565,66.7506,85.1639,196.34,20113.9
9328948,61.2297,87.6783,196.24,21337.3
8551244,62.3914,85.0761,195.95,21949.6
2451478,67.9914,67.3595,195.85,32314.6
1098367,67.0319,85.5345,195.64,40377.9
4032557,62.6947,84.0222,195.59,27847.7
7604310,62.2242,84.9817,195.43,22806.6
9858618,62.9558,84.4978,195.14,20954.7
11050194,63.0444,81.9772,194.66,20180.3
8032837,67.7228,67.7556,194.66,22400.7
2092903,68.0533,86.9533,194.51,33821.2
4300284,68.1222,85.5194,194.42,27304.8
3889965,67.7136,67.7289,193.73,28152.6
11079948,62.9572,84.205,193.67,20161.3
10453742,62.58,85.7511,193.39,20555.6
4240380,67.7553,68.0139,193.24,27421.2
8427901,59.1842,87.0664,193.22,22053.9
4120772,63.2969,84.02,193.15,27661.8
3026205,65.05,85.6617,192.88,30369.2
7153951,63.4039,81.2483,192.86,23257.5
10406879,63.2025,81.8894,192.82,20583.5
6110542,67.6858,67.9372,192.54,24461.8
9400414,63.1739,83.98,192.41,21286.5
1574358,66.8822,85.1361,192.36,36637.0
9161628,63.195,80.1678,192.09,21465.4
10905201,62.4758,83.1439,192.07,20268.5
6912646,62.0275,85.085,191.95,23516.3
2429614,68.2317,87.1,191.87,32397.3
10183662,62.6247,82.9867,190.97,20734.6
10343874,63.2389,80.7895,190.78,20626.8
6679642,67.875,67.445,190.69,23777.6
6361913,63.0911,84.1917,190.57,24149.8
9586236,63.0769,83.855,190.52,21148.4
4944654,65.0222,85.4678,189.9,26143.8
9302087,62.8964,83.7906,189.66,21358.2
6811568,62.6869,84.21,189.54,23629.8
10188003,63.0108,80.1561,189.02,20731.6
8521561,59.2481,87.6608,188.73,21975.7
10187996,63.1347,81.7967,188.66,20731.6
7715817,62.5811,84.7139,188.66,22697.4
10267172,61.6456,85.06,188.64,20676.2
11149822,59.8683,86.6992,188.57,20117.0
11227275,62.1522,86.7155,188.55,20072.6
9412070,59.2475,87.5942,188.54,21277.5
11080109,59.2314,87.3189,188.11,20161.3
8733086,62.4422,84.3428,188.07,21801.1
9256896,67.7256,68.3344,188.06,21394.0
9854576,61.9786,85.0811,187.98,20957.7
6829707,67.7169,68.3044,187.46,23608.2
10397828,60.4219,85.525,187.43,20589.7
9602158,61.9264,84.8717,187.38,21136.3
11094984,62.7256,85.6939,187.14,20151.8
11334842,61.4511,85.5578,187.06,20005.9
8688972,63.0378,81.3378,187.06,21839.0
5502001,68.1911,85.7239,186.99,25284.0
11499211,63.0994,81.8883,186.91,19910.1
11472934,62.5225,82.7922,186.83,19926.1
10205780,59.2408,87.6567,186.79,20719.3
9245898,60.7656,84.8133,186.69,21402.9
10920052,58.1264,84.7758,186.35,20259.1
9538900,57.0119,84.9047,186.16,21184.5
8011952,60.0142,84.0967,186.0,22420.6
3982115,62.9119,83.7439,185.75,27952.8
10366410,59.2322,87.5517,185.61,20611.4
11420254,62.9681,84.7067,185.47,19958.1
11614633,61.9606,84.8244,185.45,19846.0
7642965,62.0003,84.8522,185.42,22767.4
4209095,63.3214,81.4556,185.19,27483.9
11159714,62.3039,84.3017,185.06,20110.7
8733063,63.3836,82.1628,185.03,21801.1
11080046,60.0078,83.9017,184.31,20161.3
11852508,59.2561,87.6589,184.06,19710.7
2764132,64.4522,83.5328,183.91,31193.0
4867407,67.7197,67.4367,183.76,26275.0
9689403,63.245,83.5555,183.63,21076.0
5454860,62.3233,85.4483,183.39,25351.9
11451914,62.8514,80.835,183.23,19938.9
9038863,61.6311,87.4233,183.17,21560.1
5224591,62.8039,85.87,183.13,25696.4
7471483,61.5894,87.5728,182.97,22934.7
11159561,68.0875,85.3367,182.67,20110.7
2174209,66.5356,85.2839,182.47,33451.9
9640795,62.0531,84.9305,182.47,21112.2
5077031,62.8817,84.1111,182.44,25928.4
2431074,63.2789,84.3633,182.12,32391.4
9931213,61.7278,85.3033,181.81,20906.0
3920250,66.5894,85.1983,181.5,28086.9
2720901,68.1178,86.9739,181.5,31339.7
5719104,67.6925,68.3761,181.48,24979.8
8026913,64.8386,85.71,181.22,22406.4
9365568,63.145,84.265,181.12,21313.4
3006689,62.9114,67.5111,180.96,30427.9
3532626,67.9653,84.4989,180.79,28991.1
2625438,62.8633,85.7483,180.68,31669.3
10635724,63.1133,81.9739,180.6,20437.5
9935381,62.5661,85.0222,180.48,20902.9
2216422,67.4956,84.7195,180.31,33268.5
10958772,61.9528,85.0278,180.1,20233.9
7976033,63.0544,83.4567,180.04,22454.7
7403978,64.6064,82.9355,179.88,23001.3
5720911,67.6639,68.4967,179.71,24977.2
5384232,62.1633,86.0389,179.54,25457.3
4365744,67.4489,84.7928,179.54,27176.2
2121086,64.2722,85.9445,179.28,33691.0
10677789,62.6447,85.15,179.24,20409.4
4189971,62.9728,86.2361,178.73,27520.9
10121047,60.9833,83.5861,178.69,20774.5
5059642,64.1136,85.7322,178.27,25957.9
7439409,68.0217,84.6106,178.14,22968.0
8753660,68.0353,86.8705,177.86,21783.5
11134692,63.1664,84.1767,177.7,20126.5
7884233,64.2903,83.6656,177.7,22539.6
11293581,59.6444,85.7583,177.68,20031.3
5728048,62.8972,68.1245,177.51,24967.0
2818467,63.6706,81.6233,177.42,31014.8
11404490,63.0547,82.4995,177.22,19967.6
11109910,62.7472,84.3428,177.03,20142.4
6174295,63.1531,68.6683,176.97,24380.9
9876906,64.3478,83.7039,176.93,20945.6
11201783,63.1022,84.2811,176.73,20088.5
2242278,64.6358,68.2717,176.67,33155.4
11835755,60.0103,83.4055,176.58,19720.4
7296095,62.5019,84.6328,176.54,23111.8
8243776,63.3083,85.2072,176.47,22212.2
2136707,61.7058,68.3544,175.43,33619.1
4397505,63.0939,69.3883,175.31,27115.1
2273241,65.5556,85.4317,175.03,33028.3
10840518,60.6736,86.2622,174.32,20306.2
1987207,67.6372,85.645,174.12,34326.1
10831022,57.4736,80.0914,173.67,20312.4
5355941,63.4647,81.7261,173.59,25497.3
9709471,64.8561,85.8189,173.5,21060.8
11719736,67.7797,67.8967,173.41,19788.1
7701896,67.9256,67.4944,173.28,22711.4
4263464,63.3781,70.1678,172.69,27377.0
5558816,63.2819,69.655,172.51,25203.2
11780415,63.2583,83.7556,172.34,19752.7
7645682,62.9525,79.8183,172.33,22764.6
9143077,61.7375,68.2572,172.31,21480.2
11504444,63.2603,68.6017,172.21,19906.9
8431136,63.2303,83.8405,172.06,22051.0
3385806,63.9811,85.1939,171.92,29364.4
11742014,59.3506,84.75,171.66,19775.3
11462264,68.0581,84.6017,171.58,19932.5
9416000,57.4169,74.0683,171.56,21274.5
11324325,64.345,85.9533,171.5,20012.3
10064453,67.6783,68.2839,171.43,20814.4
9017233,63.4089,83.6094,171.3,21577.8
9465972,63.0561,80.2239,171.27,21235.6
10249618,60.6761,84.0967,170.83,20688.5
11841461,57.5333,80.015,170.76,19717.2
3822469,63.3875,84.6367,170.66,28303.8
7787503,63.0906,83.3183,170.58,22629.9
10787807,64.5908,82.84,170.45,20340.7
5102755,64.715,85.8633,170.32,25889.1
10262804,57.5364,78.7267,170.14,20679.2
10715134,63.3017,82.5067,170.09,20384.5
11357803,61.7211,68.2939,169.98,19996.3
5795500,58.1964,84.1172,169.93,24875.0
10710592,62.4089,84.7755,169.86,20387.6
9697499,63.0042,81.5011,169.65,21069.9
8440857,64.1772,85.7778,169.55,22042.3
3926806,64.7044,84.5661,169.49,28075.6
7192507,67.775,67.7467,169.45,23219.1
11065059,63.3606,81.5078,169.25,20170.8
7575614,63.5242,84.2661,169.07,22831.7
2244586,68.2983,82.6689,169.0,33147.7
10958759,62.4369,85.17,168.93,20233.9
9964616,62.3336,67.375,168.9,20881.6
5338338,63.45,81.9005,168.73,25524.8
4493725,68.06,84.275,168.48,26936.0
5938564,68.2669,82.5578,168.3,24687.3
11283323,63.0503,67.665,168.21,20037.7
10616991,60.9128,86.4894,167.95,20450.0
10129782,59.2339,85.7342,167.82,20768.4
9228674,64.6214,68.215,167.49,21411.9
7314189,64.3025,85.7622,167.13,23092.5
3903212,67.1947,85.8322,167.07,28125.5
6585996,63.2303,69.2733,166.89,23887.2
6872786,63.2497,71.0206,166.51,23562.3
11174929,59.3292,84.3322,166.45,20101.2
7409274,63.2383,68.7161,166.42,22995.8
4384742,63.1447,85.6422,166.31,27141.0
6647557,63.2333,85.3467,166.28,23812.4
5187669,62.9008,77.3611,165.95,25755.8
10304424,63.2267,68.4511,165.95,20654.6
6884424,63.4403,81.6267,165.9,23548.8
7447576,62.4464,81.8306,165.61,22959.7
11242426,63.1828,71.5822,165.57,20063.1
3636136,62.9994,86.3422,165.56,28739.4
6970607,64.1933,85.7644,165.44,23453.9
11775105,59.2969,86.1497,165.21,19755.9
11473119,59.3117,84.7364,165.16,19926.1
8215917,68.2861,85.8722,164.77,22238.0
8733042,64.0125,67.7967,164.76,21801.1
10034577,64.2336,85.7539,164.37,20835.8
7116743,62.9194,82.2078,164.21,23298.5
8379576,63.3342,68.6889,164.0,22097.2
10677948,59.1594,83.7947,163.84,20409.4
10192332,63.3056,70.1289,163.47,20728.5
11797063,62.4847,84.5789,163.39,19743.0
9673150,62.9603,68.8089,163.23,21088.1
3955545,67.6958,85.6589,162.79,28009.7
9232391,63.5286,81.7094,162.63,21408.9
1985746,66.9428,83.7606,162.56,34333.5
3841142,67.8186,84.6233,162.54,28263.3
7845327,67.0747,85.6583,162.52,22573.5
10880910,61.9736,84.99,162.49,20284.2
8002815,67.0628,85.6222,162.23,22429.1
3562713,66.9797,87.3239,162.05,28916.2
5277993,61.6853,68.5094,161.71,25616.9
6884431,63.2775,69.5533,161.35,23548.8
8675630,57.9061,81.0822,161.34,21850.7
11324292,65.1161,85.7422,161.13,20012.3
9968887,60.8094,86.5983,161.1,20878.5
9013487,66.9836,83.7722,160.78,21580.8
11278162,62.4414,84.7817,160.76,20040.9
4461491,65.2619,85.5706,160.75,26995.0
10043166,62.2511,67.4467,160.64,20829.7
4966430,63.2125,69.0433,159.71,26109.6
9624136,62.3081,67.5533,159.59,21124.3
8282743,63.2119,85.4617,159.57,22180.6
10467195,67.7083,68.3067,159.47,20546.3
3564447,64.275,70.0139,159.36,28911.8
8685564,63.2189,85.7672,159.27,21842.0
11222020,64.3283,85.8561,159.27,20075.8
8160788,62.8842,69.2094,159.12,22289.5
5382633,64.6803,85.9745,158.93,25459.8
10612248,63.0583,68.7061,158.92,20453.1
4025423,67.7094,67.7495,158.56,27863.7
11064999,64.6456,68.3511,158.51,20170.8
11758465,63.2964,69.9244,158.32,19765.6
4186755,61.9053,68.0494,158.07,27527.9
10522101,60.5653,87.4244,158.06,20509.1
9228702,63.5072,81.1406,158.05,21411.9
8279490,68.0739,85.7972,157.91,22183.5
11719847,63.4103,72.9639,157.66,19788.1
6910254,63.3567,69.0294,157.65,23519.0
9813171,63.2633,74.2472,157.56,20988.1
4864679,62.0108,67.8156,157.29,26279.9
11232595,57.9664,79.1442,157.29,20069.5
10691744,62.9433,68.9689,157.05,20400.1
11242420,63.3161,70.8256,157.0,20063.1
6505362,67.9447,86.8767,156.95,23977.7
4475935,63.8747,73.9617,156.69,26966.7
6879799,61.8736,68.0767,156.66,23554.2
9446613,64.7542,85.8739,156.65,21250.6
11035530,59.6447,82.6417,156.55,20189.7
10929516,61.6597,68.4822,156.37,20252.8
9511133,67.0033,87.1783,156.33,21205.6
3101452,67.7311,85.4433,156.11,30148.1
1987984,66.1189,85.21,156.07,34322.4
10939245,63.3711,83.9206,155.99,20246.5
7667751,59.3647,85.2842,155.72,22742.2
10821001,68.2225,85.8639,155.56,20318.7
2363016,67.6925,67.7711,155.53,32661.7
7653880,63.3047,68.6122,155.5,22756.2
10402531,57.9958,81.3925,155.48,20586.6
10183639,63.4111,70.3856,155.42,20734.6
5310860,57.7136,84.4542,155.33,25564.7
8554580,63.8408,74.4094,155.12,21946.7
8246869,64.8719,85.0867,154.87,22209.3
8308217,63.2239,67.9411,154.82,22157.6
10201365,59.2344,86.5364,154.8,20722.3
10435696,66.9831,87.2239,154.65,20568.0
8029908,64.8306,84.4683,154.41,22403.5
7659352,63.3731,68.405,154.41,22750.6
5736841,63.2703,67.6572,154.21,24954.3
6583796,63.2317,84.1656,154.15,23889.9
10895634,59.1925,84.4964,154.04,20274.8
11319504,57.0608,86.9983,154.01,20015.4
6896133,64.5978,82.59,153.91,23535.2
5522347,66.9631,85.4778,153.83,25253.7
9209699,63.0008,68.7244,153.41,21426.7
11319266,63.1067,69.8094,153.28,20015.4
11493957,63.3067,68.5128,153.25,19913.3
9381030,65.5158,85.4167,153.22,21301.5
7417189,68.2069,85.0328,153.19,22987.4
9499333,64.5403,82.6194,153.19,21214.6
10559861,59.0367,84.7081,153.08,20484.2
10890478,67.1186,85.6972,153.07,20277.9
3089595,67.6989,84.4167,153.03,30184.0
8122228,67.8828,86.8294,153.03,22320.9
6020884,67.0072,87.6928,152.89,24578.7
9411950,62.7528,78.4683,152.83,21277.5
10787863,62.8519,86.0189,152.74,20340.7
11104772,64.4186,70.1517,152.69,20145.5
10635583,68.1142,85.825,152.55,20437.5
8491991,63.02,79.5789,152.53,22001.8
8140577,68.1672,85.0756,152.35,22303.8
8140665,63.4108,70.2783,152.33,22303.8
10116699,62.4003,81.6645,151.83,20777.6
4675185,67.9947,67.5189,151.82,26605.2
9829564,63.2939,67.3933,151.69,20976.0
10375198,62.1983,67.4711,151.63,20605.2
7283135,67.7875,84.5539,151.24,23125.6
4719800,63.2644,83.2144,151.0,26526.0
6797753,63.9114,85.6439,150.75,23646.0
9242178,61.3331,87.6433,150.68,21405.9
8308123,68.1764,84.3911,150.65,22157.6
5184562,64.3303,82.775,150.53,25760.8
6071649,67.1131,86.0178,150.51,24513.8
7277978,63.5125,81.7972,150.4,23131.1
9146796,61.7131,68.37,150.33,21477.2
7332278,61.2733,82.2989,150.19,23073.2
11797327,57.3772,83.1042,150.03,19743.0
7434063,63.9503,85.4961,149.98,22973.6
9253422,58.3953,79.8997,149.89,21397.0
2896234,64.9531,83.6711,149.88,30767.3
8122302,63.5247,81.3222,149.66,22320.9
4994026,65.4053,84.4061,149.63,26065.7
6585992,63.3603,80.0406,149.5,23887.2
7542479,63.3453,85.9244,149.04,22865.2
11383568,68.0758,84.515,149.0,19980.4
7119238,63.1586,67.785,148.87,23295.8
4606774,63.4058,85.6311,148.83,26729.4
8401928,63.1536,82.6106,148.66,22077.0
10153185,60.2261,82.115,148.66,20756.1
8733095,61.8003,68.1883,148.55,21801.1
10654409,63.4925,84.6011,148.55,20425.0
1510189,60.98,69.0305,148.55,37060.6
10626368,63.2928,74.5878,148.49,20443.8
8750468,58.1683,80.683,148.33,21786.5
9734031,63.2661,68.4567,148.14,21042.7
8763948,67.7044,67.7228,147.97,21774.8
8288897,67.63,84.3372,147.95,22174.9
11780518,60.5203,82.2228,147.9,19752.7
10476478,61.8783,68.1628,147.53,20540.1
6750589,68.1703,87.6328,147.44,23697.1
3372292,68.1706,87.3739,147.34,29401.3
8317730,57.7281,71.6217,147.33,22149.0
4438224,61.9697,68.9206,147.27,27037.5
8619400,63.9581,85.07,147.24,21894.4
10621792,58.3225,76.4706,147.2,20446.9
7816008,66.1175,85.1222,146.88,22601.7
1723549,66.5825,68.6522,146.53,35726.7
11154655,64.4389,85.9194,146.23,20113.9
9268228,61.9544,84.9172,146.11,21385.1
11504413,64.4114,85.8933,145.89,19906.9
11099921,62.4142,67.5572,145.84,20148.7
6345332,61.8581,68.1533,145.84,24170.9
11467869,58.5728,79.655,145.81,19929.3
10170590,63.1369,86.1494,145.79,20743.8
8465219,64.5494,67.3983,145.75,22025.0
11119812,63.0694,84.2956,145.67,20136.0
7993862,64.3531,83.1044,145.57,22437.6
7452825,66.9111,85.4617,145.55,22954.2
9491493,64.5703,82.3628,145.52,21220.6
2034214,61.3364,68.8639,145.48,34097.0
7784641,63.9242,84.7978,145.48,22632.7
11139499,67.4064,85.45,145.41,20123.4
10107961,62.6372,68.5178,145.18,20783.7
4765518,67.1814,87.6578,145.04,26446.6
6228966,65.2375,84.5672,144.79,24312.9
6366079,67.7117,84.9833,144.59,24144.6
8790443,63.3044,67.75,144.57,21757.2
5223032,63.4308,84.1128,144.46,25698.9
7752338,68.2019,67.705,144.25,22660.9
7324452,63.3769,69.5106,144.13,23081.5
4846204,59.2283,72.9833,144.1,26309.0
3715059,68.0703,82.3822,144.07,28552.6
10471783,63.4961,75.7883,143.94,20543.2
6614564,59.1983,72.2883,143.93,23852.5
10915086,57.7792,71.0314,143.9,20262.2
8076295,61.8478,68.1489,143.9,22363.7
8462168,58.8225,76.6833,143.89,22027.9
6697482,67.3311,84.8717,143.85,23756.2
11267906,67.1842,85.4156,143.8,20047.2
7612629,61.4178,68.8433,143.8,22798.2
10607422,66.9525,87.37,143.74,20456.2
9660801,64.1358,67.5,143.7,21097.1
9419574,64.6058,85.8978,143.64,21271.5
11522238,67.9878,84.25,143.43,19900.5
7523360,67.3167,85.1778,142.9,22884.7
6675316,60.8942,80.8217,142.8,23783.0
7634505,67.5672,68.2672,142.66,22775.8
11303847,61.7253,68.3656,142.66,20025.0
7601473,62.9092,86.4655,142.5,22809.4
9135686,67.4314,85.7639,142.45,21486.1
9078386,68.0033,86.8139,142.43,21527.6
8462027,63.5436,81.4594,142.42,22027.9
6421351,63.4531,85.8956,142.3,24078.5
9217003,62.9289,84.0978,142.3,21420.8
2858854,66.1878,85.4917,142.24,30885.1
4939102,67.6186,84.9917,142.15,26153.5
8838744,61.8514,82.2744,142.0,21716.2
4854381,61.5975,77.5995,141.9,26294.4
4698887,68.1622,87.5661,141.72,26564.4
10440112,67.1633,85.44,141.46,20564.9
11587611,57.6939,73.1831,141.42,19862.1
9427353,65.1658,85.7717,141.33,21265.6
3841197,60.2203,67.4789,141.16,28263.3
11003325,57.5044,86.7656,141.07,20205.5
8188188,58.5831,81.3114,140.88,22263.8
6989666,68.2303,67.8567,140.7,23432.1
9228691,63.8942,85.0222,140.66,21411.9
9450376,68.1289,84.7433,140.63,21247.6
8729775,56.9567,86.9125,140.62,21804.0
11603703,63.3831,85.1128,140.24,19852.4
9431278,62.6556,68.0389,140.18,21262.6
3327699,61.5039,68.7517,140.17,29518.1
11273244,59.2547,73.2342,140.05,20044.1
6640889,67.6144,68.6578,139.99,23820.5
9817236,65.0539,85.9089,139.88,20985.1
8478291,63.3711,68.77,139.85,22013.4
10686950,68.1608,84.7822,139.81,20403.2
5972744,59.6728,76.7114,139.44,24640.8
5419749,62.0119,78.54,139.41,25402.2
3674515,67.6525,86.7006,139.25,28646.2
10792626,63.1447,67.4106,139.0,20337.5
6785367,61.9342,67.5644,138.9,23656.7
7964271,63.3244,81.5822,138.65,22466.0
8692277,67.8503,68.1061,138.56,21836.1
11488974,58.335,80.7714,138.52,19916.5
5367391,67.6367,86.7722,138.48,25479.8
7869743,62.3803,67.715,138.44,22553.8
10978622,57.6108,86.3367,138.18,20221.3
11797022,63.4217,85.8611,138.1,19743.0
5728070,61.4164,76.6595,138.02,24967.0
9035290,63.6506,85.7217,137.93,21563.1
11457460,56.7486,86.9833,137.92,19935.7
8184994,66.7469,85.3378,137.92,22266.6
9046148,59.7622,77.1825,137.89,21554.2
11258002,59.3972,83.0233,137.79,20053.6
9017141,67.9572,85.7433,137.76,21577.8
5039029,67.7372,87.0978,137.54,25992.2
11741711,67.4869,85.5605,137.52,19775.3
3451974,67.44,83.6895,137.39,29194.7
8295405,62.0242,79.1783,137.36,22169.1
11813539,62.7256,68.1983,137.33,19733.3
7232942,61.8944,67.5983,137.31,23175.2
9306141,59.6217,77.5114,137.3,21355.2
11383977,56.7919,86.9256,137.03,19980.4
6574178,61.7678,67.7328,136.96,23897.9
6312088,68.1719,81.9995,136.78,24213.1
11415036,63.8625,85.6961,136.77,19961.2
11074958,62.2489,67.3072,136.72,20164.5
11813580,61.6814,68.565,136.64,19733.3
11085146,56.8919,86.6697,136.56,20158.2
3399737,65.6178,75.3494,136.47,29329.7
10954104,56.9069,86.7114,136.44,20237.0
9446834,58.6344,77.8992,136.43,21250.6
1780390,65.9383,85.3894,136.33,35404.2
7215391,61.5236,68.4239,136.27,23194.4
10993333,57.2314,73.9867,136.26,20211.8
7372600,61.9861,69.8944,135.88,23034.5
8616068,62.0969,78.65,135.84,21897.3
8705891,61.8919,78.135,135.79,21824.5
8392308,64.4867,68.7994,135.73,22085.6
11472935,62.4994,67.9517,135.58,19926.1
8434198,67.4303,85.1022,135.57,22048.1
3703688,68.2164,87.2483,135.45,28577.1
11554431,63.7122,86.0767,135.43,19881.3
10295465,60.6381,81.445,135.29,20660.8
7793229,58.6172,71.07,135.25,22624.3
2711709,66.4981,67.3328,135.19,31370.2
8398753,63.5603,81.8578,135.14,22079.9
7913335,60.2419,67.3939,135.13,22511.4
10064733,58.8086,87.2831,135.07,20814.4
11441395,62.9172,67.6511,134.94,19945.3
2640946,61.0992,68.8,134.94,31615.0
5666746,61.2358,68.9094,134.93,25051.1
8753798,61.5514,77.3105,134.93,21783.5
9776674,66.8169,87.2161,134.89,21015.4
9586268,62.1256,80.8411,134.83,21148.4
2155900,64.1564,81.6056,134.72,33533.7
5879694,62.4944,86.605,134.64,24764.6
10330701,60.3372,81.04,134.61,20636.1
10963787,59.5606,77.8181,134.61,20230.7
3787010,64.2169,81.3055,134.55,28384.8
8434232,65.5564,84.4095,134.46,22048.1
9648755,67.0214,85.6978,134.44,21106.2
9862503,66.7539,85.3072,134.41,20951.7
8804089,57.3239,83.9375,134.32,21745.5
5092265,66.3628,85.5089,134.25,25906.3
9157939,61.3428,68.9233,134.23,21468.3
4786114,67.7269,81.2822,134.09,26412.9
8709219,64.0503,69.215,134.04,21821.5
11007980,62.0767,70.2067,134.03,20202.4
11646879,58.3831,81.6214,133.93,19826.7
9487613,61.5567,68.4894,133.93,21223.6
11154608,65.5383,85.5478,133.83,20113.9
11368331,58.7344,80.7825,133.77,19990.0
10954112,56.7533,86.9697,133.64,20237.0
10759342,62.405,67.7956,133.57,20359.4
9225118,60.5156,80.2311,133.52,21414.8
11007888,64.3758,83.9256,133.38,20202.4
9578123,65.5247,84.0922,133.29,21154.4
8122351,61.5253,77.1439,133.24,22320.9
9298278,64.0122,85.055,133.15,21361.2
11538399,63.5806,75.7561,133.14,19890.9
8957798,57.4792,73.0417,133.09,21622.1
5771823,67.6925,84.4722,132.71,24908.3
9673266,59.4844,81.5783,132.69,21088.1
10924737,61.825,67.6867,132.53,20255.9
8511419,68.1636,82.4689,132.47,21984.4
3304442,67.9272,67.6761,132.42,29580.6
10978373,64.1725,81.5567,132.22,20221.3
11378584,60.9528,82.2572,132.2,19983.6
11268056,61.945,78.4061,132.16,20047.2
11478564,57.6614,76.4055,132.13,19922.9
9744241,63.5819,85.9433,132.1,21039.7
6684131,67.0178,85.67,132.09,23772.3
10512846,61.84,68.1611,132.01,20515.3
6638712,64.1908,67.5478,131.89,23823.1
11368376,56.9464,86.8006,131.86,19990.0
11559756,61.9433,78.7822,131.77,19878.1
8160678,67.7064,84.5567,131.73,22289.5
11758474,63.1517,85.3833,131.51,19765.6
10575241,64.0344,69.4156,131.44,20478.0
7724288,63.875,84.345,131.37,22689.0
7567367,67.7361,68.5517,131.29,22840.1
9570386,58.1189,68.9667,131.13,21160.4
5349586,58.3694,76.3939,131.02,25507.3
10326243,62.7919,86.1689,130.96,20639.2
11217203,58.8589,87.5339,130.94,20079.0
6019014,66.1936,85.3439,130.89,24581.3
6737117,61.1672,68.3528,130.76,23713.2
10361751,62.4961,68.0867,130.69,20614.4
8602981,57.32,73.7383,130.69,21909.0
8511650,58.8128,73.3031,130.67,21984.4
10153090,63.5061,83.6889,130.61,20756.1
10291128,58.5469,68.9167,130.53,20663.8
7476681,67.6908,84.31,130.26,22929.2
10714979,68.2994,87.3745,130.25,20384.5
9176333,66.2903,85.5222,130.18,21453.5
11565074,63.6944,74.765,130.18,19874.9
11797146,60.695,80.0695,130.17,19743.0
11329794,57.8131,77.2939,130.16,20009.1
8097545,65.3711,85.4556,130.09,22343.7
8357057,67.9003,81.4728,130.06,22117.3
7301320,64.0369,83.17,129.95,23106.3
11420467,58.6892,86.8389,129.94,19958.1
10240601,66.285,85.4339,129.7,20694.6
7278019,61.4503,68.7317,129.68,23131.1
7220415,61.405,76.5395,129.64,23188.9
6265893,67.4036,83.6794,129.54,24268.3
7623445,67.6631,86.8083,129.49,22787.0
11457456,56.8894,86.5558,129.1,19935.7
9566237,63.7547,85.7256,129.03,21163.4
9776906,59.0931,70.7339,129.02,21015.4
11483580,63.7894,84.2739,128.94,19919.7
9038718,67.6533,86.7294,128.84,21560.1
8682358,57.6494,82.8108,128.65,21844.9
8524775,62.0961,79.0078,128.6,21972.8
11017777,63.3061,79.2333,128.52,20196.1
10271753,57.0403,68.1942,128.46,20673.1
6415096,59.1625,69.6781,128.45,24086.4
5894611,57.44,67.78,128.03,24744.0
9275519,66.7281,68.8822,128.03,21379.1
9606056,61.7119,78.3961,127.85,21133.3
7807473,63.9322,67.4417,127.85,22610.2
10816381,63.5381,69.8783,127.82,20321.9
10407034,58.5839,68.635,127.81,20583.5
10850090,67.3922,85.0933,127.8,20299.9
4877220,60.3231,67.6894,127.77,26258.1
9850390,61.9108,67.7844,127.66,20960.8
8304923,67.78,67.3194,127.65,22160.5
4435828,64.1708,82.3039,127.58,27042.2
3911161,65.6228,84.9111,127.56,28107.3
10677758,63.4333,69.1211,127.55,20409.4
9107648,67.6692,80.7256,127.41,21503.9
5290502,65.2922,68.0128,127.34,25597.0
8997170,63.3053,67.3011,127.18,21589.7
9515138,63.8675,67.5217,127.0,21202.5
3411719,65.8378,84.005,126.96,29297.1
2364856,66.1819,84.4156,126.85,32653.9
8709216,64.2206,68.89,126.83,21821.5
10030342,59.6381,81.3206,126.49,20838.8
11791777,58.7822,87.1906,126.36,19746.2
11335008,58.5775,70.8697,126.33,20005.9
11663242,59.6556,81.3708,126.03,19817.1
3515365,59.7842,70.5981,125.96,29032.8
8431176,61.2031,68.6189,125.92,22051.0
10125449,59.5978,72.8725,125.81,20771.5
9503357,61.2681,68.6922,125.77,21211.6
6818428,66.1608,85.2072,125.77,23621.7
11679148,64.4567,68.1972,125.73,19807.5
11603937,58.8064,68.9747,125.71,19852.4
6958680,67.7081,80.4106,125.69,23467.5
10691724,63.8014,69.8689,125.63,20400.1
10710456,66.7036,68.7844,125.35,20387.6
11013023,61.1311,68.8044,125.21,20199.2
9348090,59.9161,70.7614,125.21,21322.4
11144610,61.1956,68.6728,125.1,20120.2
7085947,65.8742,83.9617,125.09,23328.6
11527633,66.1619,85.5611,124.84,19897.3
11504673,58.6836,86.8497,124.8,19906.9
10550697,59.8531,70.7208,124.75,20490.4
9017144,67.8472,84.3367,124.66,21577.8
10339630,59.3814,70.6417,124.44,20629.9
6571925,68.2597,87.4972,124.44,23900.6
11373468,59.2386,68.98,124.1,19986.8
5989562,67.4208,82.8206,124.07,24617.5
7910315,64.2097,82.1889,124.04,22514.2
4620860,65.8142,84.9828,124.03,26703.2
8688862,67.5778,85.4995,123.92,21839.0
6406618,67.0486,84.0756,123.7,24097.0
10673167,58.3592,84.7414,123.43,20412.6
10069546,66.9981,85.65,123.31,20811.3
11657711,59.7692,70.5058,123.3,19820.3
9396397,66.1525,85.2628,123.24,21289.5
9681506,58.4872,79.4708,123.23,21082.0
5847260,66.9775,85.6367,122.98,24805.8
4584891,67.5475,67.91,122.89,26767.5
9752568,58.0956,77.0406,122.87,21033.6
8085447,61.9044,81.5861,122.82,22355.1
3856762,67.46,84.1028,122.72,28227.2
11457164,63.3453,68.1011,122.69,19935.7
10444743,63.5958,80.6383,122.58,20561.8
8112832,67.6608,81.6289,122.54,22329.5
8450875,60.2442,69.9294,122.51,22033.6
11494139,59.9069,70.7597,122.4,19913.3
10910042,60.005,75.5239,122.39,20265.3
11679429,57.6392,82.81,122.37,19807.5
5469683,67.2058,83.6144,122.36,25329.3
10330698,60.4958,79.7678,122.29,20636.1
5749352,63.495,68.8067,122.06,24936.4
9788945,65.355,74.2689,121.93,21006.3
5786197,67.6336,86.5972,121.89,24887.8
9473734,61.4792,75.875,121.63,21229.6
6443395,65.9842,84.01,121.61,24054.7
7277914,67.7678,84.0045,121.58,23131.1
5330298,66.4278,85.6939,121.4,25537.2
10366268,62.0717,70.2817,121.2,20611.4
7503494,63.4822,68.9533,121.06,22901.4
4508458,67.3183,83.8911,120.99,26907.6
5602036,63.7419,79.8139,120.97,25142.5
6456126,65.6106,83.6583,120.96,24038.8
8922087,64.7156,68.8494,120.96,21651.5
3125607,64.4194,80.0483,120.77,30080.4
9644764,67.2039,83.8433,120.5,21109.2
8997138,64.4353,84.4617,120.45,21589.7
8431107,64.3075,68.4533,120.42,22051.0
11378429,65.5517,85.2389,120.31,19983.6
11663302,57.5694,85.7589,120.22,19817.1
10920019,59.5183,79.0981,120.19,20259.1
11725329,60.1383,77.0728,120.17,19784.9
11119712,66.5472,85.7761,120.12,20136.0
7996912,65.2967,70.7067,119.97,22434.8
7841929,67.0172,83.4639,119.94,22576.4
8609341,66.0428,85.5322,119.93,21903.1
3299883,66.2703,86.3978,119.91,29593.5
6521279,65.7044,83.8145,119.64,23961.8
11383769,61.5092,68.4283,119.58,19980.4
7617934,65.7303,85.1706,119.54,22792.6
9943605,63.5256,79.8217,119.45,20896.9
11697869,61.4161,68.9494,119.37,19801.0
11786057,61.7925,79.1322,119.3,19749.5
8002823,66.1472,84.99,119.16,22429.1
11780601,59.5967,81.2,119.16,19752.7
3473616,57.9592,67.7183,119.01,29140.1
10564378,61.1842,68.6095,118.88,20481.1
8392413,60.3803,67.4161,118.87,22085.6
11646752,60.2208,70.0272,118.58,19826.7
9813326,59.2156,80.1683,118.45,20988.1
11298657,61.4117,76.1861,118.43,20028.2
10754743,58.4086,84.7867,118.43,20362.6
8722670,67.5306,83.2911,118.41,21809.9
7930787,65.8153,83.8739,118.29,22494.4
8682182,66.2997,68.2733,118.14,21844.9
10411517,60.385,70.5267,118.11,20580.4
11549233,60.4108,80.6189,118.08,19884.5
5929971,66.7833,85.7233,117.91,24695.1
7296018,67.5875,86.5522,117.88,23111.8
9910307,66.1161,85.0594,117.83,20921.2
10499287,64.1731,68.1606,117.67,20524.6
10317659,58.0125,69.8567,117.59,20645.3
7011287,65.0589,83.2989,117.53,23407.7
6381495,68.175,87.1761,117.44,24128.7
11813706,59.9883,80.6539,117.43,19733.3
8997070,67.2131,83.5189,117.32,21589.7
6657277,67.1467,83.4222,117.32,23804.4
10919717,67.4967,84.9561,117.22,20259.1
11441286,65.9086,84.2167,117.18,19945.3
4860357,66.8108,85.3156,117.12,26287.2
7146392,61.1378,68.8267,117.06,23265.7
5541978,66.6583,85.9211,117.03,25228.5
11802587,63.5006,86.2144,116.99,19739.8
9100653,59.2406,68.8808,116.89,21509.8
9897844,67.2442,67.9794,116.87,20930.4
11472940,62.3947,68.08,116.72,19926.1
11697765,64.3061,68.7339,116.56,19801.0
11674097,57.2842,68.1372,116.17,19810.7
3869675,61.4578,71.5356,116.03,28200.1
6514723,66.8047,85.5456,115.85,23969.8
6423472,60.8758,79.2978,115.67,24075.9
8408233,65.7983,83.9689,115.57,22071.2
11641596,57.4836,68.2367,115.54,19830.0
10826167,57.6539,85.5022,115.44,20315.6
7718650,61.7969,85.9322,115.43,22694.6
8225204,63.3797,77.7167,115.4,22229.4
10308981,57.6775,85.5539,115.35,20651.5
9768550,67.2281,68.0572,115.19,21021.5
11257984,59.9667,80.5214,115.11,20053.6
2927725,66.4717,83.6639,115.11,30667.7
11099880,63.6361,81.3472,115.08,20148.7
4487548,67.2844,83.9383,115.06,26947.8
11069903,66.5786,86.0278,115.01,20167.6
5715586,65.7733,84.3033,114.88,24984.9
5989698,58.0008,67.6481,114.87,24617.5
7406507,68.0564,82.64,114.79,22998.5
3410131,66.2322,83.8761,114.74,29301.5
10864599,63.5833,79.4167,114.7,20290.5
9713586,63.9447,67.5706,114.6,21057.8
11819119,61.2856,68.8211,114.6,19730.1
10919774,65.2914,74.1861,114.54,20259.1
9644765,67.1247,83.85,114.29,21109.2
3697347,66.0325,84.4139,114.25,28592.8
7334780,67.3831,84.3422,114.23,23070.4
10778382,57.7203,82.7058,114.18,20346.9
11409772,61.6208,78.83,114.17,19964.4
5361081,60.1728,71.9933,114.12,25489.8
10831031,57.2578,67.47,113.91,20312.4
11389014,60.2736,80.6933,113.82,19977.2
9546405,67.4186,83.9967,113.71,21178.5
6085208,57.0733,84.4567,113.59,24495.6
10668451,58.22,82.4467,113.54,20415.7
7824563,67.5022,87.455,113.52,22593.3
9128549,59.3728,79.755,113.5,21492.0
3774877,66.2686,87.1106,113.47,28413.9
7205368,59.7944,81.765,113.44,23205.4
11114785,67.1886,83.3206,113.14,20139.2
4741222,57.8931,68.8675,113.04,26490.0
7637340,66.9069,82.9695,113.0,22773.0
9709617,60.4056,70.5678,112.93,21060.8
9648789,65.5211,83.9117,112.6,21106.2
11252943,57.8475,82.5772,112.39,20056.8
11576660,60.3906,70.34,112.3,19868.5
8134663,59.2261,71.2492,112.28,22309.5
6956372,62.4297,68.0728,112.18,23470.2
10476319,67.7886,85.7967,112.0,20540.1
9458101,67.0817,86.9133,111.93,21241.6
11035588,57.8347,84.9083,111.82,20189.7
7851139,67.8442,85.9322,111.77,22567.9
7662049,67.6769,67.8211,111.75,22747.8
11334952,59.9611,80.4897,111.67,20005.9
9837891,64.2742,68.0744,111.59,20969.9
11441466,61.3461,68.9678,111.59,19945.3
7872583,67.2811,83.8994,111.52,22550.9
9268080,67.5678,86.53,111.36,21385.1
10580209,58.9011,72.5083,111.33,20474.9
6870368,67.14,84.0528,111.24,23565.0
3226617,65.2933,86.8822,111.19,29793.1
10326318,60.3989,70.5278,111.19,20639.2
6427750,61.1811,68.8533,110.87,24070.6
4162823,66.3136,86.7367,110.83,27578.7
11494222,57.7411,85.3783,110.32,19913.3
5596898,65.7686,84.2144,110.32,25150.1
11399496,58.5989,85.89,110.3,19970.8
8831561,64.3336,67.855,110.26,21722.0
10317647,58.4594,81.855,110.21,20645.3
10782842,67.8419,85.9922,110.13,20343.8
9169072,59.1631,82.3739,110.13,21459.4
11179893,58.8939,72.4742,109.97,20098.0
11329465,67.0008,85.5806,109.84,20009.1
8986241,67.9206,67.5517,109.57,21598.5
11394257,58.5303,79.4492,109.48,19974.0
6695297,63.7619,83.1478,109.37,23758.9
10768944,60.0744,80.9617,109.33,20353.2
11786255,58.5344,81.5264,108.83,19749.5
11149815,59.9564,80.5356,108.8,20117.0
8392280,65.9317,85.235,108.69,22085.6
11257838,62.7767,86.705,108.56,20053.6
11614680,60.4906,70.8156,108.52,19846.0
10262546,65.8694,84.1622,108.5,20679.2
8465258,62.6569,86.7439,108.16,22025.0
7238249,57.1089,84.5056,108.13,23169.7
9602043,66.7403,69.1261,108.12,21136.3
10958589,67.2447,83.9355,108.08,20233.9
9981484,67.6922,86.6539,108.0,20869.4
5144645,59.1556,71.31,107.96,25822.6
5577326,64.565,79.8767,107.89,25175.4
11852539,58.5117,84.2547,107.84,19710.7
6073529,67.7778,67.4306,107.65,24511.2
5558887,58.0369,67.9072,107.62,25203.2
10993172,60.8856,81.5667,107.57,20211.8
9491688,59.9306,80.2808,107.46,21220.6
8622706,67.7308,86.1333,107.43,21891.5
10416218,57.5011,84.2442,107.36,20577.3
6684254,59.6317,69.3408,107.32,23772.3
7452899,62.6014,86.5233,107.3,22954.2
11293320,66.0144,85.2845,107.23,20031.3
5901785,66.4319,86.9372,107.21,24733.7
8922253,59.3828,69.9789,107.18,21651.5
8838823,59.8425,80.8422,107.17,21716.2
9542718,61.2678,68.2822,107.17,21181.5
7156373,65.7383,84.3956,107.14,23254.7
9271755,67.7764,79.9183,107.12,21382.1
10030109,66.4067,85.6194,107.04,20838.8
11242405,63.7608,83.2572,107.0,20063.1
9283206,58.9372,76.7667,106.94,21373.1
8514875,59.6806,69.4931,106.86,21981.5
11252944,57.7578,85.325,106.57,20056.8
9408090,60.1986,69.8406,106.47,21280.5
6067741,65.9981,85.2028,106.45,24519.0
11483457,68.23,87.4233,106.39,19919.7
5670138,67.2836,83.7044,106.37,25046.0
7034728,57.7136,69.845,106.35,23385.9
11099802,67.3511,87.4695,106.33,20148.7
9114884,66.7339,85.6622,106.24,21498.0
5110031,57.8431,67.4481,106.18,25876.8
2706708,61.1594,73.4811,106.04,31388.4
9542581,66.7831,85.9167,105.98,21181.5
10988392,59.4086,81.2225,105.95,20215.0
11070166,59.87,80.9667,105.68,20167.6
3007322,60.1586,69.6589,105.59,30425.8
7158992,60.7936,79.2805,105.42,23252.0
8231567,58.9978,78.1008,105.42,22223.7
9681256,66.3017,85.6261,105.2,21082.0
11522409,62.6758,86.8272,105.16,19900.5
6816204,61.6508,68.5894,105.11,23624.4
10649892,58.4542,84.5731,105.09,20428.2
8067262,60.7756,74.0039,105.01,22372.2
11720043,59.3367,73.9908,105.01,19788.1
9078556,60.8778,74.3261,104.9,21527.6
8119185,62.615,86.9661,104.85,22323.8
6429945,58.7522,68.755,104.84,24067.9
7168963,57.9325,68.9172,104.8,23241.0
5347938,61.4531,70.3256,104.65,25509.8
10411493,60.8803,74.3928,104.61,20580.4
6443378,67.2911,83.6117,104.58,24054.7
9487640,60.5436,70.2539,104.56,21223.6
9681276,65.5775,84.8033,104.48,21082.0
11340289,57.1317,84.3922,104.37,20002.7
11774907,63.1267,83.1444,104.32,19755.9
9729846,68.2056,87.3189,104.28,21045.7
11808298,58.3911,84.6875,104.26,19736.6
10939356,60.0258,80.8445,104.23,20246.5
10658990,67.2036,84.0411,104.22,20421.9
10357488,57.2697,84.0905,104.03,20617.5
8427728,64.6536,87.6861,103.9,22053.9
4778279,58.6533,69.7122,103.88,26427.4
9788955,64.9586,86.0861,103.88,21006.3
9789195,57.5203,84.1989,103.84,21006.3
11055487,57.8044,84.6139,103.7,20177.1
11070194,58.8011,81.1689,103.67,20167.6
5867451,67.4058,68.4444,103.62,24777.5
11559627,65.1789,74.0567,103.31,19878.1
11134623,65.8883,85.2128,103.26,20126.5
3227368,60.1125,69.5817,103.2,29790.9
7240716,60.1322,74.2478,102.9,23166.9
7827399,68.2917,86.7111,102.87,22590.5
10612173,65.1617,74.0389,102.86,20453.1
10129553,65.8883,84.4411,102.69,20768.4
11714556,57.1875,84.3758,102.52,19791.4
10687255,59.1714,74.3022,102.33,20403.2
9721780,67.6886,83.7039,102.32,21051.8
9321294,60.885,78.2505,102.27,21343.3
8091342,68.0631,83.0311,102.05,22349.4
4477204,61.0775,70.2683,102.03,26964.3
9701740,57.7781,84.1272,101.99,21066.9
11227326,60.5714,78.8778,101.95,20072.6
10214600,59.2803,69.39,101.93,20713.1
7458157,61.1386,68.6167,101.91,22948.6
11399157,67.2489,83.5467,101.82,19970.8
9169103,57.3533,83.9531,101.77,21459.4
11830402,59.8456,80.2458,101.73,19723.6
11543766,60.5058,70.4489,101.48,19887.7
6922257,57.9067,68.1683,101.42,23505.4
11708804,67.2714,83.5167,101.38,19794.6
11527804,60.5361,70.1472,101.36,19897.3
9427557,59.9531,70.0817,101.29,21265.6
4679127,61.12,70.0011,101.21,26598.0
9035442,59.6103,73.3631,101.14,21563.1
8091343,67.9194,82.7267,101.12,22349.4
11314223,60.6397,74.5822,101.02,20018.6
10116890,57.0178,84.4208,100.88,20777.6
7741293,60.8169,70.4567,100.78,22672.1
7699214,67.0967,82.2594,100.75,22714.2
10929669,58.4136,84.1383,100.68,20252.8
5293701,65.7139,83.11,100.64,25592.1
7945356,66.4469,86.2067,100.5,22480.2
10471913,60.1122,76.3244,100.39,20543.2
8803817,67.6361,86.4617,100.34,21745.5
8957801,57.2983,84.135,100.31,21622.1
10300088,59.8289,80.2214,100.23,20657.7
11609195,61.9725,67.9972,100.01,19849.2
10735911,59.1431,68.9867,99.96,20375.1
4761515,66.0975,84.1767,99.87,26453.9
8856610,63.6247,85.935,99.7,21701.5
11139505,67.2633,83.665,99.61,20123.4
9546564,61.1244,69.9845,99.47,21178.5
10621747,59.6614,69.8325,99.44,20446.9
6766609,66.7303,83.6289,99.16,23678.3
11013116,59.8858,80.2105,99.08,20199.2
9165322,60.2039,76.1555,99.02,21462.4
11283578,56.8728,84.4875,99.01,20037.7
11679419,57.7917,84.2155,98.9,19807.5
10939267,62.6897,86.6528,98.85,20246.5
11489014,56.8297,84.4425,98.63,19916.5
11201970,59.375,73.798,98.62,20088.5
11201846,61.3069,81.7594,98.49,20088.5
9150622,59.4544,70.505,98.15,21474.3
11252599,65.6,85.5783,98.12,20056.8
6385891,58.9142,69.2517,97.85,24123.4
10988059,68.1233,87.12,97.82,20215.0
10286420,67.7086,86.5772,97.69,20666.9
9833717,61.425,68.965,97.65,20972.9
11378424,65.72,84.3,97.64,19983.6
10517384,67.0819,83.5617,97.6,20512.2
4929350,67.8736,69.3717,97.54,26170.6
10249524,63.9744,77.22,97.48,20688.5
11802685,60.5442,73.77,97.46,19739.8
9060692,57.3125,84.0208,97.42,21542.4
4882661,66.7294,86.9655,97.33,26248.3
6270036,67.5558,83.6361,97.15,24263.0
4081936,59.7233,69.6017,97.04,27742.3
11753151,57.5931,71.0158,97.03,19768.8
11139701,61.1061,69.9633,96.83,20123.4
10290977,61.6447,76.3772,96.63,20663.8
9454439,60.6953,70.4417,96.56,21244.6
9511382,57.7247,83.8705,96.49,21205.6
10348281,67.2803,84.0555,96.42,20623.7
6383658,64.4025,81.0917,96.41,24126.1
9086037,60.2511,74.1944,96.28,21521.7
5961150,65.1992,79.0711,96.25,24656.3
10830714,66.6939,87.18,96.25,20312.4
6652683,66.6747,74.8728,96.09,23809.8
6616639,67.46,68.6311,96.09,23849.9
5627706,61.1028,70.3056,96.04,25104.5
10453791,60.8064,75.7433,95.94,20555.6
11824906,57.6469,70.3489,95.87,19726.9
5473003,66.5531,83.5489,95.59,25324.3
11824880,58.4342,82.0125,95.41,19726.9
6711008,65.9025,79.81,95.25,23740.1
9657022,59.8733,71.0947,95.04,21100.1
11045315,60.6528,74.3256,94.99,20183.4
10073945,60.0217,73.4622,94.89,20808.2
9776766,62.29,86.06,94.89,21015.4
10196852,60.7836,70.3539,94.63,20725.4
5738576,65.875,86.7561,94.62,24951.7
11587180,68.0931,85.9967,94.6,19862.1
10900364,60.7214,70.14,94.33,20271.6
11319349,60.7822,79.0905,94.27,20015.4
9866635,67.9664,69.6622,94.16,20948.6
10490221,57.5931,69.2467,94.11,20530.8
8360295,67.6503,67.7217,94.1,22114.5
11222158,60.7664,70.2828,94.0,20075.8
11457256,60.7567,70.1756,93.95,19935.7
11769230,64.8936,68.7244,93.78,19759.1
10056228,57.6333,68.1564,93.57,20820.5
11625258,60.7556,70.275,93.4,19839.6
11830301,60.7592,70.2783,93.35,19723.6
6879713,66.3003,87.0733,93.34,23554.2
5782724,61.1056,70.2928,92.84,24892.9
9901932,67.1583,87.0983,92.78,20927.3
10517669,59.0781,79.1964,92.68,20512.2
10864684,60.7692,70.4361,92.64,20290.5
6605771,60.9739,70.0256,92.64,23863.2
9990181,59.6589,80.6922,92.63,20863.3
6638754,61.6578,67.6472,92.5,23823.1
5406771,66.4761,83.7789,92.47,25422.2
7948325,68.1194,70.3878,92.46,22477.4
9546424,66.7892,86.8422,92.45,21178.5
7482100,60.9464,70.0539,92.39,22923.6
6992206,59.0122,68.6083,92.15,23429.4
9829631,60.8239,70.5783,92.14,20976.0
11747365,60.7736,70.22,92.12,19772.0
6799918,67.5183,83.6406,92.03,23643.3
8760557,67.8678,67.9061,91.9,21777.7
11598337,62.3053,86.025,91.81,19855.6
9168887,65.9533,85.2022,91.78,21459.4
11473169,57.6372,69.0008,91.75,19926.1
11652237,57.6094,68.1222,91.73,19823.5
10710757,58.7503,69.4922,91.67,20387.6
6822829,67.8908,86.1406,91.59,23616.3
9858794,57.7525,69.1972,91.53,20954.7
11227320,60.8592,77.9739,91.41,20072.6
7744004,66.3717,83.7917,91.4,22669.3
7556585,60.1233,71.505,91.11,22851.2
7766420,67.8167,86.3911,90.98,22646.8
11663167,60.7806,70.4717,90.98,19817.1
11368213,60.7186,69.8661,90.96,19990.0
9586327,60.2811,74.125,90.72,21148.4
5355902,67.9603,68.4378,90.69,25497.3
6022854,64.7867,82.7344,90.4,24576.1
11483827,57.8108,69.1383,90.21,19919.7
5538677,65.4819,86.4083,90.19,25233.6
7059033,61.1103,69.9972,90.07,23358.6
4937687,66.7067,86.7183,89.85,26155.9
11045156,65.6528,80.8972,89.84,20183.4
11813616,60.7728,70.4506,89.48,19733.3
10034690,60.6736,74.1644,89.41,20835.8
8157282,58.6678,68.1664,89.36,22292.4
9713762,59.5519,70.4583,89.3,21057.8
11404555,61.4672,71.2372,89.3,19967.6
9558327,67.6306,86.3844,89.2,21169.5
8672139,65.2983,82.7917,89.17,21853.6
8288900,67.4725,67.7828,89.01,22174.9
10811519,66.7164,86.9867,88.88,20325.0
8679000,58.1472,67.9956,88.82,21847.8
5522438,59.5844,69.1642,88.8,25253.7
11835493,67.4853,68.2872,88.75,19720.4
11730905,58.1167,83.1739,88.71,19781.7
11298812,57.9025,67.6358,88.3,20028.2
10745336,59.5006,70.72,88.27,20368.8
10677968,58.3483,82.7906,88.19,20409.4
11559957,57.9089,67.8905,88.15,19878.1
9294363,67.9358,83.1189,88.1,21364.2
11164791,60.93,70.0378,88.03,20107.5
7022398,67.8811,86.6967,87.92,23399.5
11070079,60.9331,79.7017,87.82,20167.6
8632797,67.615,68.9217,87.75,21882.8
11473116,59.41,69.32,87.58,19926.1
9321299,60.7369,75.67,87.48,21343.3
11298650,61.5406,71.1661,87.42,20028.2
10348316,65.9314,84.8495,87.13,20623.7
7916131,66.2258,87.1895,87.03,22508.5
7615409,61.0903,69.9783,86.96,22795.4
11499422,58.7422,69.5364,86.92,19910.1
9180251,58.7331,81.7467,86.91,21450.5
11441622,58.3369,82.7556,86.82,19945.3
11227317,60.9261,70.0778,86.79,20072.6
8385863,67.5917,69.2183,86.68,22091.4
6924451,66.9681,78.9995,86.67,23502.7
9446833,58.6739,81.8906,86.57,21250.6
9760724,58.7342,81.8372,86.51,21027.5
7984891,64.9414,82.7489,86.47,22446.2
8534698,61.0661,69.9878,86.41,21964.1
6092743,68.1753,72.0389,86.36,24485.2
9713788,58.5822,81.9275,86.29,21057.8
8978931,64.3653,81.9567,86.11,21604.4
11288318,64.4531,81.9494,85.98,20034.5
11329444,67.7892,86.3006,85.95,20009.1
9960407,60.7756,75.5022,85.8,20884.7
11697661,67.7522,79.0511,85.77,19801.0
5418097,66.5142,87.3428,85.7,25404.7
10103696,60.8556,75.3961,85.56,20786.8
11747511,58.32,82.6689,85.51,19772.0
10864493,67.3561,81.74,85.04,20290.5
8860059,65.7108,84.0733,84.98,21698.6
9415746,65.7931,83.5506,84.88,21274.5
9287055,58.7328,67.6858,84.87,21370.2
9035369,61.0622,70.05,84.65,21563.1
10416185,58.8431,81.6983,84.52,20577.3
9495619,58.865,68.495,84.43,21217.6
7431412,65.1244,87.1878,84.24,22976.4
11303876,60.9903,76.4972,84.19,20025.0
11646833,59.5164,70.69,84.14,19826.7
7738318,66.0775,86.0328,84.04,22674.9
10073794,65.5075,78.4061,83.9,20808.2
11314202,61.0756,70.0361,83.76,20018.6
9926884,65.9381,86.1383,83.7,20909.0
10673157,58.8056,81.6422,83.41,20412.6
10998138,59.0208,68.6283,83.4,20208.7
9653076,58.9247,81.4458,83.16,21103.2
11719935,60.8286,75.4439,83.0,19788.1
6766686,61.4061,71.6044,82.99,23678.3
8514661,68.2953,83.0828,82.99,21981.5
9640911,58.8981,67.8817,82.98,21112.2
11509996,58.1658,67.3308,82.98,19903.7
11227115,67.8925,86.0572,82.79,20072.6
11791779,58.7183,81.5864,82.78,19746.2
11813408,66.4361,69.4611,82.5,19733.3
10554875,67.9344,82.9678,82.44,20487.3
11603800,60.9514,77.3433,82.41,19852.4
11035424,60.8294,75.4817,82.38,20189.7
9616259,59.3261,68.56,82.33,21130.3
9407941,65.7944,85.2155,82.27,21280.5
11110066,59.5331,70.7906,82.19,20142.4
9060448,66.8239,83.5778,82.14,21542.4
10308698,66.3811,84.5806,81.89,20651.5
10095202,60.1347,78.1561,81.75,20792.9
9396399,66.0947,84.8217,81.63,21289.5
9523071,60.9686,79.0622,81.54,21196.5
9594250,60.4533,71.4922,81.26,21142.4
11399183,66.1119,87.6611,81.12,19970.8
11565171,61.0394,69.9917,80.57,19874.9
10612112,68.1547,83.4178,80.51,20453.1
11564991,66.2169,86.0722,80.39,19874.9
11797137,60.9247,70.0978,80.27,19743.0
11592728,64.8344,67.4328,80.18,19858.9
6335129,61.325,69.1,79.77,24184.1
11499086,66.7056,87.0533,79.63,19910.1
9013500,66.3267,84.7783,79.58,21580.8
8971930,60.9467,67.9967,79.52,21610.3
11462477,60.9844,78.2805,79.24,19932.5
11582016,60.36,67.7872,79.22,19865.3
8379535,64.7358,67.6928,78.9,22097.2
11436297,59.0583,81.3175,78.89,19948.5
10745088,65.3283,87.0733,78.63,20368.8
7872724,60.7983,68.6733,78.6,22550.9
11130063,58.7044,68.453,78.44,20129.7
9538643,65.5797,84.8733,78.33,21184.5
9620176,60.8681,68.3211,77.92,21127.3
9407903,67.7433,86.1983,77.77,21280.5
8544521,65.7456,85.3811,77.72,21955.4
10449344,60.3892,77.6072,77.64,20558.7
5811534,66.6131,86.5711,77.62,24851.9
9764493,66.93,78.3678,77.41,21024.5
10968803,59.3861,71.0472,77.19,20227.6
10205690,60.7819,76.1689,77.15,20719.3
11329787,57.9739,68.7505,77.0,20009.1
4761574,61.2322,69.0789,76.92,26453.9
9373116,67.3203,82.1211,76.81,21307.5
11309126,59.3531,68.48,76.8,20021.8
9530987,59.5389,70.5764,76.59,21190.5
11441588,59.3744,68.6533,76.57,19945.3
11646847,59.0917,69.0042,76.56,19826.7
11538248,68.2317,74.6378,76.53,19890.9
11509834,61.04,77.8739,76.49,19903.7
9850304,64.8475,87.4839,76.39,20960.8
7143868,61.3136,69.1839,76.3,23268.4
11050127,65.2444,87.6828,76.08,20180.3
11420456,59.0872,68.6764,75.69,19958.1
11813608,60.9308,67.6011,75.58,19733.3
11802657,61.3872,75.1189,75.49,19739.8
10393318,60.8111,75.6589,75.1,20592.8
11571137,68.0342,70.7867,75.1,19871.7
8947022,60.9389,75.7533,75.06,21630.9
9960388,61.4239,67.4222,75.03,20884.7
11278216,60.8222,67.64,75.01,20040.9
9128456,61.3094,69.1494,74.91,21492.0
10304501,60.8078,68.5728,74.78,20654.6
6469115,61.6014,67.4167,74.74,24022.9
10740250,68.0103,70.0417,74.61,20372.0
11055318,60.8117,68.53,74.33,20177.1
11808150,60.8089,68.2006,74.14,19736.6
10715037,66.4475,83.3928,73.93,20384.5
7667579,66.395,87.5672,73.86,22742.2
9305908,66.89,86.8267,73.85,21355.2
11319337,61.0681,77.2128,73.75,20015.4
11720042,59.3619,80.2642,73.67,19788.1
11362907,64.7606,82.5011,73.18,19993.1
8986239,68.1011,71.7972,73.13,21598.5
11040365,61.0083,67.7289,72.75,20186.6
8498643,59.5742,70.6042,72.47,21996.0
11625243,60.9706,68.0778,72.44,19839.6
9656960,60.795,68.7822,72.41,21100.1
7730028,58.9956,68.7131,72.38,22683.3
9198867,58.9894,68.5475,72.36,21435.6
9652817,66.5042,87.2744,72.26,21103.2
9176553,58.8742,68.7956,72.03,21453.5
10745226,61.1319,67.8433,71.97,20368.8
8237543,64.9264,81.795,71.19,22217.9
6154666,61.2592,69.0983,70.98,24407.0
9935319,64.7153,81.6639,70.98,20902.9
7691129,61.0028,68.0322,70.74,22722.6
10958823,60.6283,76.86,70.66,20233.9
11488938,59.5464,67.5672,70.43,19916.5
9115104,59.5786,68.1247,70.41,21498.0
9889447,61.0919,67.7511,70.41,20936.4
11144727,59.5586,68.4808,70.13,20120.2
9344231,59.5881,67.9772,70.08,21325.4
9317634,59.6089,68.0392,69.98,21346.3
9411987,61.1694,73.1111,69.83,21277.5
11283188,68.0378,70.0411,69.74,20037.7
9785062,58.9903,68.6042,69.59,21009.4
11603799,60.9978,67.8617,69.45,19852.4
11504397,64.8292,87.6756,68.91,19906.9
11813715,59.7561,69.4367,68.79,19733.3
8932872,61.0194,68.08,68.69,21642.7
8922033,67.2836,78.0061,68.14,21651.5
11425670,59.5236,67.3617,68.05,19954.9
11684422,68.2861,72.8839,67.11,19804.2
8702537,60.9861,68.0339,67.03,21827.4
10993261,59.5819,68.1772,66.66,20211.8
9780890,62.705,86.8839,66.65,21012.4
10406933,61.3506,67.4494,66.57,20583.5
11780617,58.98,68.5842,66.42,19752.7
10227470,68.2547,74.5806,65.81,20703.9
10726162,67.9581,68.2833,65.77,20381.3
7523463,61.2986,69.9644,65.68,22884.7
11522472,61.0944,75.17,65.64,19900.5
11415218,59.595,67.7239,65.53,19961.2
11813723,59.6367,68.3231,65.49,19733.3
9776804,61.2044,72.4528,65.36,21015.4
11668726,59.3611,68.6992,65.36,19813.9
10726460,59.3464,68.7367,65.01,20381.3
11780598,59.7131,68.4806,64.92,19752.7
10370767,61.1258,72.4311,64.61,20608.3
10726478,58.6378,68.5489,64.6,20381.3
10467371,61.4514,67.5139,64.38,20546.3
11441474,60.9539,68.3061,64.34,19945.3
10064639,61.0122,67.9055,64.29,20814.4
11109972,60.9403,68.5283,64.07,20142.4
11703302,63.8583,82.1533,64.04,19797.8
9977148,66.9136,80.3383,63.77,20872.4
11565277,59.3486,68.75,63.73,19874.9
11227441,58.5592,68.5533,63.62,20072.6
8842108,66.93,80.685,63.58,21713.2
11144600,61.5197,67.3161,63.44,20120.2
10214494,61.0119,67.8761,63.13,20713.1
10978462,61.2828,72.5783,62.49,20221.3
9198784,61.3161,67.5922,62.3,21435.6
11565168,61.2736,72.6261,62.21,19874.9
9107780,61.2919,67.4161,61.93,21503.9
10304292,68.2669,74.565,61.76,20654.6
11797112,61.2664,72.3478,61.63,19743.0
11819095,61.8914,67.4561,61.16,19730.1
9257021,61.2939,67.5633,61.15,21394.0
10759218,67.0064,78.2517,60.96,20359.4
9640809,61.3008,69.8783,60.76,21112.2
5338323,64.5925,87.5728,60.63,25524.8
10890518,65.935,71.7594,59.89,20277.9
8726249,64.2111,87.58,59.48,21806.9
11472977,61.5714,68.7794,59.26,19926.1
10069700,61.2961,69.2717,58.57,20811.3
11309004,61.2214,73.8083,58.46,20021.8
9730026,61.1022,69.5739,58.23,21045.7
10295379,63.2161,87.2372,57.77,20660.8
10564382,61.1342,70.7933,57.0,20481.1
10778245,61.3233,69.7894,56.79,20346.9
11263225,59.9258,69.92,56.6,20050.4
11206675,67.3703,86.4856,56.57,20085.3
10845173,67.7633,86.2278,56.33,20303.0
11378570,61.2433,69.2911,56.23,19983.6
11154779,61.0739,67.8772,54.48,20113.9
10830861,61.1731,69.9344,53.95,20312.4
8206415,65.7092,87.1089,53.24,22246.6
11527791,61.1389,70.0783,53.07,19897.3
10802096,66.71,86.3972,52.4,20331.3
8323894,65.6531,87.0628,52.13,22143.2
11252794,60.2267,69.8939,51.57,20056.8
11144456,65.8564,86.145,50.84,20120.2
10550463,65.685,87.0094,50.18,20490.4
6755123,68.1472,68.9744,49.98,23691.7
6870376,66.4669,69.7272,48.9,23565.0
10740432,61.7414,67.3161,48.57,20372.0
6028585,67.765,77.485,47.8,24568.3
9605899,68.1564,69.0311,46.89,21133.3
10055915,68.1608,72.9411,44.66,20820.5
11684425,68.1689,68.72,44.06,19804.2
10682376,67.9603,67.795,43.99,20406.3
9546406,67.3561,79.0028,43.71,21178.5
9705467,67.6794,74.7733,42.89,21063.9
9768559,66.7981,67.4872,42.86,21021.5
10672860,67.2525,86.6467,38.48,20412.6
