82,-21.0989,55.48,3045.5,196994.0
1925982,-21.0869,55.4672,2985.88,34634.7
6888657,-21.0911,55.4739,2944.16,23546.1
6088632,-21.0897,55.4597,2925.65,24493.0
9355,-21.1164,55.4217,2875.97,107805.9
6295,-21.2431,55.7083,2620.6,114193.7
322008,-21.2133,55.6542,2446.3,54873.8
590353,-21.2389,55.6664,2437.99,47361.9
2665460,-21.2219,55.673,2405.14,31532.2
2635956,-21.2519,55.6544,2403.7,31635.1
6562993,-21.2325,55.68,2392.63,23913.9
4580797,-21.2269,55.6711,2389.64,26777.0
5773330,-21.2497,55.6767,2366.0,24908.3
8481024,-21.2211,55.6431,2357.95,22013.4
5459509,-21.2192,55.7025,2346.08,25346.9
11049339,-21.2558,55.6767,2332.36,20183.4
833646,-21.1403,55.5072,2332.08,43398.6
17609,-21.0144,55.4606,2263.58,97757.8
3584402,-21.1869,55.6536,2238.01,28865.5
173718,-21.0656,55.4422,2222.14,63136.1
9085344,-21.0622,55.4406,2202.53,21524.6
5456174,-21.1936,55.6367,2194.62,25351.9
2458718,-21.1603,55.5008,2179.06,32286.9
5720679,-21.1875,55.6417,2178.75,24979.8
9209108,-21.0653,55.4386,2137.55,21429.7
2184129,-21.2056,55.62,2123.95,33410.0
35921,-21.0319,55.4536,2123.01,86541.4
3257234,-21.1869,55.6886,2093.28,29709.6
50299,-21.0731,55.5594,2091.42,81336.8
4503365,-21.1086,55.4389,2059.09,26919.4
4667175,-21.0019,55.4633,2020.56,26621.9
3154853,-21.1375,55.5356,1986.39,29997.7
11493089,-21.2106,55.6642,1953.19,19916.5
486135,-21.1622,55.5503,1920.56,49693.6
2507067,-21.1892,55.6019,1920.19,32102.9
9880447,-21.1847,55.6014,1908.62,20945.6
4127549,-21.1589,55.5519,1886.2,27652.6
7343310,-21.0578,55.4539,1843.44,23067.7
768541,-21.1733,55.5914,1827.15,44308.1
7104025,-21.1886,55.4806,1814.4,23314.9
3578366,-21.1492,55.55,1807.47,28881.0
10714311,-21.0836,55.4344,1795.24,20387.6
83823,-21.0031,55.4903,1794.5,73598.6
2105068,-21.2039,55.5878,1754.45,33766.6
11292521,-21.2589,55.6003,1753.01,20034.5
6263572,-21.2283,55.5886,1746.31,24273.5
5114111,-21.1583,55.6531,1721.68,25871.8
1942566,-21.1903,55.5733,1715.14,34548.1
2208951,-21.1594,55.5758,1694.04,33301.1
276480,-21.1256,55.5928,1679.85,56871.6
11762824,-21.3006,55.7369,1672.23,19765.6
4126439,-21.1769,55.7236,1668.45,27654.9
3328344,-21.1961,55.5744,1667.82,29518.1
5009479,-21.2133,55.5786,1652.26,26041.2
382940,-21.15,55.4914,1628.75,52656.6
790919,-21.1289,55.5783,1609.82,43986.2
10200407,-21.0842,55.5647,1604.29,20725.4
1482543,-21.0158,55.435,1602.92,37247.6
6420995,-21.1992,55.5661,1600.76,24081.1
10137528,-21.3075,55.7419,1596.8,20765.3
10796577,-21.1022,55.5458,1592.56,20337.5
310427,-20.9986,55.4725,1586.1,55348.9
2888297,-21.0797,55.5964,1584.47,30792.1
2065564,-21.1936,55.4647,1577.68,33951.0
7131021,-21.1633,55.5283,1559.79,23284.9
10620778,-21.3069,55.7453,1553.57,20450.0
5279210,-21.0564,55.4175,1534.78,25616.9
8109412,-21.1917,55.4683,1530.6,22335.2
9070665,-21.1722,55.6119,1519.66,21536.5
4282745,-21.0903,55.4186,1513.37,27339.8
1740666,-20.9731,55.4031,1507.91,35630.2
2950511,-21.0481,55.4444,1506.74,30599.1
9059865,-21.23,55.5633,1500.17,21545.3
1707150,-21.1906,55.4367,1477.13,35822.8
3224306,-21.1278,55.5617,1473.72,29801.6
3261716,-21.0039,55.5386,1462.8,29696.7
1501791,-21.1578,55.4842,1448.64,37119.1
10235496,-21.2267,55.6228,1446.4,20700.8
6683807,-21.1556,55.5978,1420.3,23774.9
10073124,-21.1731,55.7228,1412.48,20811.3
63123,-21.0186,55.4136,1407.79,77886.0
6104335,-21.0519,55.4217,1389.99,24472.2
2277552,-21.2167,55.5389,1372.26,33010.9
4319650,-21.2053,55.438,1338.28,27267.4
84161,-21.0439,55.4992,1331.12,73539.7
605815,-21.02,55.5886,1328.22,47055.6
2424307,-21.0361,55.548,1320.75,32420.9
11472041,-21.1736,55.5314,1308.76,19929.3
7138514,-21.1319,55.4481,1305.7,23276.6
1708622,-21.0575,55.4831,1299.95,35814.0
11034457,-21.0556,55.3939,1288.72,20192.9
8097009,-20.9906,55.3895,1276.06,22346.6
1042228,-21.0497,55.3939,1275.68,40948.2
11466791,-21.0128,55.4092,1272.03,19932.5
3518853,-21.1517,55.6086,1271.85,29028.4
9733316,-21.2725,55.66,1264.11,21045.7
2111043,-21.0658,55.4117,1253.15,33738.2
10977596,-21.2711,55.6211,1232.53,20224.4
3318343,-21.1647,55.4672,1179.23,29546.1
9959657,-21.1464,55.4725,1178.99,20887.7
9938739,-20.9475,55.4644,1120.67,20902.9
8960594,-21.2075,55.4722,1114.96,21622.1
10102896,-21.1433,55.4594,1113.87,20789.9
8230900,-21.2094,55.4661,1094.9,22226.5
9012980,-21.0539,55.4761,1092.85,21583.7
4814634,-21.0375,55.5067,1078.3,26367.0
10128854,-21.06,55.6197,1076.39,20771.5
6729856,-21.1003,55.5986,1059.23,23724.0
11575669,-21.1692,55.4603,1035.67,19871.7
11226377,-21.0994,55.6261,1022.31,20075.8
10791845,-21.0014,55.4125,1005.03,20340.7
6831713,-21.0403,55.4158,996.86,23608.2
9012975,-21.1808,55.4736,988.82,21583.7
298253,-21.0886,55.6436,986.23,55869.1
10120215,-20.9514,55.4739,980.75,20777.6
8181567,-21.2189,55.4622,963.0,22272.3
9857891,-21.3242,55.5928,961.11,20957.7
11054383,-20.9803,55.3745,959.78,20180.3
6592196,-21.1106,55.6481,949.64,23881.9
1507067,-21.0364,55.5164,934.8,37081.3
4378658,-21.3164,55.6317,884.48,27155.0
9469122,-20.9308,55.4228,884.1,21235.6
11118963,-21.0247,55.5203,861.98,20139.2
927410,-21.0308,55.4055,861.53,42216.9
6886306,-20.9361,55.3817,861.31,23548.8
8817068,-21.1828,55.7903,849.87,21736.7
552856,-21.0147,55.565,847.46,48142.4
6938354,-21.3247,55.6105,822.72,23489.2
13366,-20.4044,57.4094,818.54,102127.7
11021888,-21.3253,55.5725,798.9,20196.1
5620524,-21.0367,55.4111,795.94,25117.1
11388063,-21.0517,55.5186,780.71,19980.4
2457673,-21.2044,55.45,778.66,32290.9
11672912,-21.02,55.5272,777.36,19813.9
932598,-20.4397,57.4675,773.4,42155.0
125862,-20.1983,57.5289,767.58,67677.3
9096300,-21.2067,55.3314,761.23,21515.7
2976493,-20.4203,57.4461,744.74,30521.9
9392016,-21.0189,55.5358,738.6,21295.5
9395795,-20.9119,55.4217,737.84,21292.5
317977,-20.1925,57.5547,734.32,55038.4
3650799,-21.0369,55.53,730.16,28703.9
4469608,-21.1994,55.4525,727.69,26980.9
104992,-20.2597,57.452,700.55,70291.0
1705945,-20.455,57.4969,697.49,35830.0
1493158,-20.9978,55.5894,695.41,37177.4
1286388,-20.3531,57.5375,684.97,38710.4
9241473,-21.0339,55.53,682.0,21408.9
1189463,-20.1964,57.547,675.46,39529.6
353767,-20.2103,57.5136,665.38,53658.6
2958559,-21.0303,55.4136,663.31,30576.2
7577874,-20.2103,57.5089,661.6,22831.7
4505796,-21.0058,55.5756,659.54,26914.7
3822315,-20.2117,57.4983,639.45,28306.1
1417647,-21.3278,55.5389,634.05,37704.9
3556617,-20.3444,57.45,631.44,28933.9
3926637,-20.3872,57.5161,630.21,28077.8
303223,-20.3042,57.4269,627.48,55656.5
404326,-20.3347,57.6017,626.79,51977.1
7034200,-20.2106,57.4944,626.74,23388.6
3135489,-20.3789,57.4317,620.92,30052.8
5817864,-20.3197,57.5114,610.08,24849.4
725130,-20.18,57.5842,609.71,44966.1
2767071,-21.2381,55.4594,609.09,31184.8
10806164,-20.3675,57.49,603.14,20331.3
916720,-20.1975,57.5681,599.57,42343.5
10462057,-21.0947,55.6478,595.55,20552.5
1070649,-20.2067,57.5867,593.98,40653.1
468180,-20.3106,57.4497,592.53,50161.9
9282390,-20.3136,57.5322,592.41,21376.1
217656,-20.4525,57.3592,587.1,60052.7
153031,-20.3192,57.7497,586.23,64902.6
8989352,-20.4067,57.5181,586.12,21598.5
5304320,-20.1817,57.5883,583.79,25577.1
6106304,-20.3208,57.5533,578.41,24469.6
4705168,-20.1875,57.5294,576.12,26554.8
6402163,-20.3083,57.4456,572.06,24104.9
2452352,-21.3558,55.6933,571.48,32312.6
5280800,-20.46,57.3586,570.16,25614.5
2308230,-20.1925,57.5133,567.48,32883.3
8698564,-20.1917,57.5111,563.86,21833.2
5395229,-20.3044,57.4339,558.98,25442.3
3457539,-20.2772,57.5639,548.2,29181.6
67364,-20.3478,57.3761,543.54,76893.9
6677160,-20.4436,57.4375,535.39,23783.0
2121016,-20.2839,57.5886,535.19,33692.9
3003259,-20.325,57.4542,535.05,30440.4
3249668,-20.2339,57.5806,534.94,29731.0
1462261,-21.1092,55.7056,533.08,37392.7
60698,-20.4528,57.3233,532.79,78466.2
7140983,-20.3256,57.5678,528.62,23273.9
8742848,-20.1881,57.5975,522.84,21795.2
3923173,-20.2892,57.5906,519.27,28082.4
440077,-20.4303,57.3789,518.46,50919.6
341762,-20.2689,57.6697,517.8,54099.7
305786,-20.3269,57.6822,516.1,55548.8
1058950,-20.335,57.6236,515.12,40773.6
486368,-20.3306,57.7322,512.19,49687.2
3677978,-20.3467,57.605,503.31,28639.5
509009,-20.1608,57.5503,501.79,49137.9
3745559,-20.2703,57.5947,499.14,28483.4
11857045,-20.1892,57.5811,498.36,19710.7
1568210,-20.2697,57.6919,497.71,36678.8
1041494,-20.2789,57.7011,495.24,40956.0
2596959,-20.3353,57.6133,494.15,31773.8
823460,-20.1767,57.5536,488.32,43534.9
4740946,-21.3542,55.6117,485.78,26492.4
4841802,-20.1717,57.6039,485.5,26318.6
4598611,-21.1875,55.81,484.09,26743.7
1686722,-20.2758,57.4825,482.83,35943.6
6408355,-20.2683,57.6783,474.86,24097.0
5583884,-20.3294,57.6897,472.99,25167.8
10667516,-20.1753,57.595,467.24,20418.8
3245964,-20.3358,57.6372,464.16,29741.7
579503,-20.2669,57.4322,453.27,47582.0
2142772,-20.1567,57.6056,443.54,33594.4
355551,-20.3614,57.7258,438.09,53592.1
5021112,-20.1772,57.6314,435.57,26021.6
7250600,-20.3131,57.7561,432.73,23158.7
350511,-20.2433,57.6964,432.51,53777.2
4524119,-20.1544,57.5511,428.19,26879.1
3297577,-20.3533,57.6067,426.05,29602.2
11398412,-20.4461,57.4131,413.17,19974.0
6804264,-20.2686,57.438,406.77,23640.6
4817341,-20.4689,57.4042,406.3,26362.2
7318868,-20.3258,57.6639,405.65,23089.8
4446458,-20.3697,57.5983,404.19,27023.3
9993696,-20.2447,57.6911,402.98,20863.3
6119078,-20.2683,57.4419,395.12,24456.6
100772,-19.7067,63.4464,394.31,70883.1
4055619,-20.3322,57.7228,392.96,27801.9
5339639,-20.3164,57.67,390.81,25524.8
4231381,-19.7122,63.4344,387.86,27442.1
3567750,-21.3611,55.6564,387.04,28905.2
4436818,-20.4344,57.3681,386.64,27042.2
3504393,-20.2414,57.7061,386.43,29063.5
4829503,-20.4625,57.3519,385.33,26340.4
2610011,-20.3272,57.6506,385.11,31725.6
2630922,-20.1783,57.4947,382.71,31653.2
11602784,-21.0553,55.6628,382.59,19855.6
11508896,-20.4803,57.5078,369.59,19906.9
359207,-20.3839,57.6817,368.47,53463.5
5150358,-21.3564,55.5622,364.05,25815.1
4411844,-20.3594,57.6136,364.03,27091.6
1140217,-20.3456,57.7222,360.75,39978.3
3664504,-20.2775,57.7142,359.43,28672.9
4769356,-19.7069,63.4642,358.96,26441.8
1003935,-20.3419,57.6922,356.57,41349.3
9194501,-20.3667,57.6197,352.74,21441.6
5457835,-20.2719,57.7225,352.1,25349.4
4352379,-20.35,57.7247,351.67,27204.3
8715541,-19.7167,63.4417,351.02,21818.6
3638562,-20.2928,57.4244,350.31,28735.0
8550721,-20.1453,57.6033,347.62,21952.5
799659,-20.3033,57.7594,339.81,43861.5
9430678,-19.7194,63.4253,337.88,21265.6
2809689,-19.7167,63.4106,336.61,31043.5
5771610,-20.3328,57.7089,334.3,24910.8
8002453,-19.7142,63.4639,330.36,22432.0
5249342,-20.2414,57.7169,326.5,25661.7
4766657,-20.3875,57.6231,324.3,26446.6
9216399,-21.3617,55.5719,318.96,21423.8
7883853,-19.7181,63.4536,318.79,22542.5
11812588,-20.4592,57.4514,316.42,19736.6
2687193,-20.3453,57.6628,315.44,31457.4
8514224,-20.3417,57.7217,314.92,21984.4
2657080,-20.3031,57.6786,314.78,31560.5
4675010,-20.1494,57.6217,307.89,26607.6
6404247,-20.3428,57.4311,301.91,24102.3
3710011,-20.1636,57.525,298.81,28563.8
11619122,-19.7075,63.4742,297.06,19846.0
11713338,-20.4564,57.3972,296.65,19794.6
6402162,-20.3806,57.6753,292.66,24104.9
3969893,-20.3403,57.7444,287.62,27982.4
4024266,-20.3508,57.6272,287.59,27868.3
2147250,-21.3725,55.6558,284.93,33573.5
7187159,-19.7306,63.4014,282.13,23227.3
225446,-19.8492,57.7886,278.53,59574.4
616919,-20.3567,57.6911,275.67,46842.5
3146756,-20.1194,57.6275,274.26,30018.9
2991847,-20.1464,57.5817,271.96,30473.9
3918082,-20.2278,57.4478,271.21,28093.7
1481118,-20.3719,57.6431,271.08,37257.8
7189598,-20.1572,57.6386,250.3,23224.6
1844383,-20.3558,57.6353,247.23,35057.0
1696807,-20.3572,57.3933,244.92,35883.3
1732508,-20.2881,57.7703,229.86,35676.7
11205966,-20.3031,57.6858,228.48,20088.5
6132638,-20.2067,57.4636,223.52,24438.3
11362054,-20.3492,57.6678,220.31,19996.3
6324553,-20.345,57.7519,219.0,24199.9
3317608,-20.3644,57.6694,213.8,29548.3
10690984,-20.3447,57.6486,204.13,20403.2
6063668,-20.3558,57.6444,199.18,24526.8
7187162,-19.6881,63.4778,197.85,23227.3
9619472,-20.3731,57.6714,184.33,21130.3
11466817,-20.3444,57.4153,182.74,19932.5
3586154,-21.1794,55.8289,181.91,28861.1
7048754,-20.2856,57.7186,172.6,23372.2
9278772,-19.7108,63.4925,167.52,21379.1
2838849,-19.7239,63.3558,159.05,30951.0
3411598,-20.3803,57.3953,157.54,29299.3
807970,-19.8189,57.8058,150.18,43745.1
10430547,-20.1722,57.5161,149.79,20574.2
4646562,-21.38,55.6658,148.69,26660.2
888161,-19.9406,57.6156,143.06,42695.6
5341208,-20.0631,57.6064,141.6,25522.3
6363706,-19.7158,63.3775,141.11,24149.8
4730529,-19.7272,63.3492,137.75,26511.6
5469446,-19.7311,63.3439,127.42,25331.8
4358161,-21.1517,55.8242,126.37,27192.6
11114144,-19.7411,63.3644,119.02,20142.4
7204832,-20.4814,57.3755,113.2,23208.1
3323710,-21.3808,55.6214,112.01,29531.0
1542046,-19.8819,57.65,106.57,36850.3
11445697,-21.2636,55.345,100.71,19945.3
7678566,-19.6872,63.415,92.47,22733.8
7462978,-21.3722,55.5511,91.71,22945.8
5195030,-20.3367,57.7753,90.87,25746.0
8841638,-20.3531,57.7069,88.04,21716.2
8301264,-19.7403,63.3322,56.38,22166.3
4979044,-20.4717,57.3369,53.42,26090.1
6725360,-19.7706,63.3595,44.19,23729.3
10875356,-20.3661,57.6983,43.68,20290.5
9142474,-19.755,63.3428,36.22,21483.2
