33208,-54.7914,-66.7425,961.52,87730.3
69657,-54.7467,-66.7844,919.11,76406.0
753977,-54.7814,-66.7586,908.41,44524.7
548755,-54.7747,-66.7903,881.89,48231.0
5169902,-54.7786,-66.7844,876.03,25783.0
476877,-54.8011,-66.7269,855.62,49934.1
711991,-54.8311,-66.6967,852.79,45176.7
690659,-54.8547,-66.6453,847.9,45526.5
30346,-54.8756,-66.7769,846.56,89106.5
259003,-54.9019,-66.6028,842.44,57732.2
6743345,-54.8261,-66.7025,835.88,23707.9
5067880,-54.7658,-66.7808,835.0,25945.6
398639,-54.8844,-66.6658,834.6,52155.8
7838281,-54.8064,-66.7228,834.46,22582.0
1490810,-54.815,-66.7111,833.0,37191.1
1788459,-54.8397,-66.6783,821.95,35361.0
4132888,-54.8578,-66.6353,808.26,27641.1
58529,-54.7642,-66.6603,805.28,79013.2
1852455,-54.7906,-66.7708,800.74,35015.2
443516,-54.8867,-66.7169,790.81,50823.1
14994,-54.7908,-64.4767,789.3,100287.0
2349710,-54.9108,-66.5878,784.92,32716.2
5583694,-54.7847,-66.7928,783.39,25167.8
778156,-54.8919,-66.64,779.6,44166.9
1741890,-54.9172,-66.5708,779.22,35623.1
3041222,-54.9019,-66.6233,776.94,30327.2
29020,-54.9481,-66.2936,775.33,89825.8
1416312,-54.8844,-66.7017,773.07,37715.0
897842,-54.9442,-66.3219,773.04,42573.0
5694231,-54.8489,-66.6569,770.59,25012.9
5023934,-54.8375,-66.7061,770.16,26016.7
7631136,-54.8367,-66.6861,769.55,22781.4
5493343,-54.8683,-66.775,769.09,25299.1
248159,-54.7969,-64.4536,768.19,58295.5
3945380,-54.8958,-66.6483,767.77,28034.7
5417677,-54.85,-66.6767,761.47,25407.2
24744,-54.9131,-65.6094,757.49,92387.4
10046356,-54.8872,-66.725,757.01,20829.7
11178353,-54.885,-66.6553,754.87,20101.2
2864173,-54.8228,-66.7233,750.33,30868.6
8658928,-54.8842,-66.7133,748.94,21862.4
6558439,-54.9,-66.6536,747.7,23919.2
86642,-54.7169,-66.4908,745.32,73102.6
4163625,-54.8247,-66.7161,745.3,27578.7
902249,-54.7869,-64.4733,742.03,42519.1
1951129,-54.945,-66.3425,739.74,34505.6
442721,-54.9628,-66.23,736.37,50845.7
1918651,-54.8817,-66.7392,734.05,34671.4
10248367,-54.7156,-66.4961,731.53,20691.6
6938123,-54.8661,-66.7836,724.81,23489.2
5875550,-54.9436,-66.2919,719.29,24772.3
2140678,-54.7978,-64.48,718.87,33603.9
3105770,-54.9583,-66.2436,718.55,30139.6
1318921,-54.8025,-64.4353,716.52,38452.8
320152,-54.7789,-66.7111,716.43,54949.2
2745088,-54.9564,-66.2933,716.11,31258.3
600098,-54.7794,-64.4433,715.48,47170.5
220843,-54.8064,-64.4994,715.29,59857.1
64155,-54.7442,-66.2769,713.16,77629.5
138581,-54.9528,-66.5428,711.45,66317.4
1023981,-54.9389,-66.2817,711.0,41136.1
1789714,-54.8036,-64.4508,710.07,35353.8
5745386,-54.9547,-66.2453,708.46,24944.1
348172,-54.9356,-66.1519,706.63,53863.6
316914,-54.9406,-66.0858,704.01,55082.4
21441,-51.6917,-58.8344,703.18,94657.9
616980,-54.9394,-66.5733,702.49,46841.2
589826,-54.7072,-66.4794,700.66,47372.7
7564036,-54.8811,-66.7294,700.02,22845.7
11450441,-54.9461,-66.3125,699.14,19942.1
21932,-51.5761,-60.0758,698.27,94326.9
9285866,-54.8056,-64.5061,697.45,21373.1
160399,-51.6053,-59.9478,694.53,64244.5
4817187,-54.8169,-64.5108,692.24,26362.2
30125,-54.8017,-64.1986,690.02,89220.2
6770999,-54.8858,-66.6875,688.64,23675.6
6487716,-54.8911,-66.6967,688.38,24001.6
477869,-51.5856,-60.035,684.5,49908.5
2859316,-54.9183,-66.5967,683.91,30885.1
11613119,-54.8969,-66.6319,683.37,19849.2
63587,-54.7989,-64.1061,681.52,77777.1
2692348,-54.8033,-66.7717,674.01,31439.1
651582,-54.8681,-66.7142,673.05,46201.6
2677307,-54.9314,-66.5919,671.48,31489.8
96497,-54.6997,-66.7678,669.91,71512.2
346325,-54.8031,-66.6561,669.61,53932.2
8272540,-54.905,-66.58,668.98,22192.1
6267462,-54.8756,-66.7453,668.81,24268.3
11696365,-54.8842,-66.6311,668.64,19804.2
2961831,-54.745,-66.6586,668.12,30565.7
26875,-54.7697,-63.9017,667.57,91043.9
3064170,-54.9614,-66.2608,667.12,30259.9
8792933,-54.8106,-66.6761,661.83,21757.2
2932417,-54.7892,-64.4625,661.67,30657.3
5766077,-54.7819,-64.4536,660.25,24918.5
56589,-54.8947,-65.3644,658.15,79521.2
38220,-51.6067,-59.5933,656.42,85541.0
100972,-54.7583,-64.2967,655.67,70855.2
169293,-54.7728,-64.0917,653.93,63490.3
2039818,-54.7711,-66.7392,653.46,34072.7
8988980,-54.9611,-66.2708,647.52,21598.5
7024288,-51.56,-60.0678,646.22,23399.5
4534291,-54.9419,-66.5492,643.71,26862.5
6787094,-54.8964,-66.6817,643.7,23656.7
768898,-51.6247,-59.6636,642.54,44302.3
111878,-51.7328,-58.63,638.26,69372.2
5029627,-54.9394,-66.1103,638.0,26006.9
212278,-54.7853,-64.1233,634.88,60394.4
11602252,-54.9353,-66.5803,633.51,19855.6
2542815,-54.8158,-64.4861,631.92,31969.7
250479,-54.7753,-64.3425,630.7,58174.1
280381,-54.8003,-64.3419,629.06,56684.2
1925959,-51.6372,-59.6925,628.08,34634.7
529888,-54.8956,-66.5633,627.33,48646.7
691878,-54.9183,-65.6333,627.17,45505.5
1136376,-54.8078,-64.3375,626.14,40013.4
10507128,-51.5722,-60.0353,626.12,20521.5
6279810,-54.8097,-64.3403,625.27,24252.5
192806,-54.6944,-66.565,620.02,61706.2
1255507,-54.7964,-66.6783,619.85,38964.7
278759,-54.7875,-64.2092,619.13,56761.7
999391,-51.7331,-58.5333,618.67,41398.5
512799,-54.9139,-65.6586,615.15,49045.8
1307175,-54.9533,-66.2061,615.03,38543.8
301485,-51.5544,-60.105,613.38,55730.9
2684821,-54.89,-65.3575,611.94,31465.5
80021,-54.8597,-64.4608,611.76,74286.1
3364908,-54.9594,-66.4919,610.21,29423.0
8319917,-54.9625,-66.4853,610.07,22149.0
7408577,-54.9678,-66.2683,609.5,22998.5
103747,-54.9839,-66.5392,609.33,70456.7
1721093,-54.7761,-64.3303,607.65,35742.7
2140677,-54.8231,-64.5217,607.21,33603.9
656736,-51.6069,-59.9875,607.12,46109.1
81908,-54.7378,-66.1919,607.01,73937.1
1310684,-54.7553,-64.2778,606.17,38517.3
403881,-54.9264,-66.6192,605.3,51991.8
841623,-54.8267,-66.6369,604.99,43291.3
4164693,-51.64,-59.6519,604.05,27576.4
219479,-54.8147,-66.5625,603.64,59940.1
472281,-51.6922,-59.6786,602.9,50052.6
11707421,-54.8258,-66.6483,602.74,19797.8
7754500,-54.9639,-66.5103,602.74,22660.9
42000,-51.7689,-60.0667,602.68,84116.2
344349,-54.7586,-66.6917,602.49,54006.6
8474245,-51.6289,-59.635,601.45,22019.2
3378424,-54.7306,-66.7853,599.87,29386.1
356253,-54.7003,-66.7358,595.82,53565.9
52443,-51.6331,-58.5342,595.38,80702.2
351718,-54.7589,-64.0528,595.3,53733.4
4787107,-54.7197,-66.7728,593.37,26412.9
1292048,-54.7667,-64.095,593.17,38664.3
11190342,-54.7675,-64.0975,592.39,20098.0
381558,-54.7594,-64.3603,591.22,52701.4
1711907,-54.8842,-65.3467,589.41,35796.2
822630,-54.7617,-64.0669,588.63,43543.7
1035580,-54.7753,-64.1967,588.52,41015.1
400504,-54.9619,-66.1325,587.98,52097.1
842926,-54.7747,-64.1786,587.72,43273.6
2033355,-54.9125,-65.6395,587.46,34102.6
892657,-54.7208,-66.4475,586.69,42638.8
256056,-54.6306,-66.5392,586.04,57883.1
5308803,-54.7953,-64.1919,585.97,25569.7
569184,-54.7956,-64.1278,584.44,47797.1
141705,-54.6256,-66.6803,583.86,66005.4
11113544,-54.9389,-66.5569,582.23,20142.4
3351116,-54.9464,-66.1819,582.15,29457.6
3046019,-54.9328,-66.0628,581.34,30312.5
541022,-54.8028,-64.4036,580.93,48398.5
290045,-51.5397,-59.8808,580.47,56236.2
3352654,-54.8503,-64.4586,579.07,29453.3
2238675,-54.7639,-64.0767,578.37,33172.6
4038374,-54.7192,-66.4636,577.67,27836.3
80177,-54.8703,-66.1661,577.44,74255.3
430379,-54.8222,-64.385,576.5,51194.1
6369731,-54.6236,-66.6758,576.48,24141.9
4232321,-51.6569,-59.7303,575.98,27439.8
3329759,-54.8928,-65.3753,575.96,29513.8
562811,-54.6381,-66.5044,575.07,47931.6
5007909,-54.9572,-66.1778,572.81,26043.7
3008423,-54.9436,-66.1678,572.7,30423.7
6148242,-54.7742,-63.915,572.56,24417.4
330950,-54.7892,-66.5533,572.55,54516.2
8578618,-54.7636,-64.2942,572.15,21932.2
1670054,-51.7239,-59.7267,572.03,36042.7
197932,-54.8361,-65.3217,568.88,61341.7
7419177,-51.5431,-60.1211,566.88,22987.4
6527164,-54.7786,-64.2042,566.86,23956.5
735167,-54.715,-66.4375,566.01,44808.5
8262983,-54.7386,-66.6475,564.99,22200.7
2367102,-54.7611,-66.7153,564.83,32646.1
738439,-54.8122,-64.1436,564.31,44758.7
5296442,-51.5972,-59.9242,563.69,25589.6
1402586,-54.7836,-64.0928,563.01,37814.5
2223121,-54.8433,-65.3044,562.76,33239.8
57262,-54.7478,-64.1292,560.48,79334.3
4757072,-51.5739,-59.9983,559.6,26463.5
6037479,-54.7308,-66.5042,559.27,24557.9
4498332,-54.6883,-66.575,559.06,26928.9
560195,-54.6367,-66.6619,558.55,47987.4
172304,-54.7967,-66.1453,557.31,63245.0
2084300,-54.8581,-66.7603,555.79,33862.6
10796145,-54.9558,-66.1992,555.68,20337.5
207975,-51.7594,-59.7603,553.34,60677.5
1524812,-51.72,-58.7658,551.59,36964.3
7371907,-54.7742,-64.0783,550.45,23037.3
145314,-54.78,-65.3175,549.9,65638.6
823970,-54.9158,-65.3711,549.62,43527.6
115275,-54.6969,-66.2419,549.36,68932.8
6161861,-54.7269,-66.4569,549.14,24399.2
597643,-54.9294,-65.6611,549.01,47217.8
1978159,-54.8306,-66.7419,547.92,34370.6
642300,-54.8558,-64.4283,547.84,46370.9
1250113,-54.9356,-65.6783,547.03,39008.8
2790428,-51.6414,-59.7717,544.73,31107.1
1338369,-54.7875,-64.1875,544.14,38301.7
4430775,-54.8122,-66.7667,543.53,27054.0
3701629,-54.8672,-66.2125,543.15,28583.8
5664494,-54.6281,-66.5461,543.03,25056.2
7222289,-51.6317,-59.7492,541.86,23188.9
8410661,-54.825,-64.38,541.3,22071.2
955977,-54.8478,-64.4275,541.12,41883.5
1095772,-54.7256,-66.725,536.94,40403.2
4575729,-54.8011,-64.1344,536.4,26786.5
6967602,-51.5875,-60.0242,535.02,23459.3
2553860,-54.7856,-64.1092,534.06,31929.8
2502448,-54.925,-65.3833,534.0,32120.8
11053903,-54.7144,-66.7144,533.75,20180.3
2278394,-54.7717,-64.3553,533.59,33007.1
7771407,-54.7847,-64.0844,532.75,22644.0
4555365,-51.6783,-59.7244,532.68,26822.2
476524,-54.62,-66.5703,531.52,49941.7
2192550,-54.8317,-64.4053,531.37,33373.7
4731664,-54.8436,-65.3311,530.03,26509.2
2943339,-54.8081,-64.1411,529.61,30622.0
2214058,-54.9261,-65.5911,529.0,33278.1
3980799,-54.8197,-64.3919,528.57,27957.3
1053853,-54.8622,-65.3503,527.68,40826.7
430886,-51.6319,-58.61,527.02,51179.2
1178187,-54.7761,-64.2858,526.52,39629.4
81292,-54.7867,-64.0369,525.69,74049.1
7880586,-54.7936,-66.5625,525.48,22545.3
3042599,-54.8433,-65.3483,524.34,30323.0
9081200,-54.7853,-64.2025,523.72,21527.6
3466626,-54.775,-64.2786,521.11,29159.8
2083065,-51.7236,-58.6769,520.79,33868.3
268176,-54.815,-66.0678,520.27,57271.2
8035080,-54.7892,-64.0394,520.06,22400.7
63463,-51.4319,-60.5411,516.29,77809.8
9506227,-54.7847,-63.9275,516.22,21211.6
2059468,-51.6,-59.6378,515.38,33979.1
4906776,-54.8578,-64.42,514.92,26211.9
2914745,-54.9389,-65.6711,514.36,30711.3
11387524,-54.8067,-64.395,514.03,19980.4
8253668,-54.6975,-66.2325,512.81,22209.3
124951,-55.0131,-66.5267,510.49,67777.0
6104164,-54.8372,-64.4108,510.3,24472.2
274101,-54.8789,-64.5592,509.3,56984.6
6212478,-51.7178,-58.8186,508.86,24336.4
3935431,-54.9308,-66.0411,505.89,28057.4
732003,-54.7822,-64.2611,505.86,44856.8
8963874,-54.8431,-65.29,505.82,21619.1
11667075,-54.7844,-64.1017,504.74,19817.1
378656,-54.8292,-66.4967,501.93,52798.0
403571,-54.9136,-65.555,501.53,52000.4
1826879,-54.8039,-66.0775,501.3,35151.4
879543,-54.7492,-63.9117,500.83,42804.4
1087941,-54.8139,-66.0917,500.28,40481.9
1356328,-54.7639,-63.8786,500.24,38163.4
4656709,-51.4247,-60.5653,500.01,26641.1
1186649,-54.7986,-64.3819,498.82,39555.4
198499,-54.9725,-66.6019,498.65,61306.3
6204498,-54.7494,-63.9225,498.34,24346.9
2157787,-54.9517,-65.6583,498.31,33526.1
1590224,-54.7414,-63.9017,498.01,36537.8
1276440,-54.8236,-64.2169,497.65,38790.9
2301918,-54.9203,-66.1058,496.15,32910.4
8121464,-54.7211,-66.5178,495.6,22323.8
8981622,-54.9247,-66.5361,494.69,21604.4
7053394,-54.6372,-66.5258,490.68,23366.8
5791345,-54.8183,-64.3669,490.36,24882.7
6230436,-54.8278,-66.5703,489.59,24312.9
3561621,-51.7525,-59.7878,488.87,28920.7
10713905,-51.5747,-59.9386,488.1,20387.6
261744,-54.7411,-66.15,487.39,57588.5
6797148,-54.8214,-64.3544,486.29,23648.7
428518,-54.7539,-64.1986,485.67,51248.8
4259270,-54.7672,-64.2861,482.18,27384.0
8446631,-54.9422,-66.0028,481.32,22039.4
61410,-55.2294,-66.5325,481.09,78295.5
1361456,-51.7344,-58.7058,479.63,38123.3
536139,-51.6147,-58.6894,478.73,48506.3
163259,-51.7069,-58.1867,478.69,63996.1
3286499,-54.8039,-64.327,477.8,29630.1
121102,-51.8294,-60.1508,477.3,68216.5
3599315,-55.0194,-66.505,477.27,28830.2
3896216,-54.8153,-64.4203,477.02,28143.6
1376373,-51.5653,-59.9144,476.01,38011.2
4490931,-51.6842,-59.7069,475.61,26943.1
2246281,-54.6578,-66.6594,475.42,33141.9
1131719,-54.8297,-65.2544,475.25,40057.9
3106490,-54.775,-64.2645,475.12,30137.5
474215,-54.7542,-64.0094,474.35,50002.9
11856457,-54.8089,-64.4108,471.97,19710.7
4231265,-51.6244,-58.6244,471.87,27442.1
356285,-51.8575,-60.1294,471.83,53564.7
9836807,-51.5483,-59.9267,471.22,20972.9
650001,-54.7511,-66.1217,471.12,46229.2
8708334,-54.9353,-66.2953,469.47,21824.5
11629084,-54.7122,-66.7378,469.21,19839.6
4245945,-54.7858,-65.3053,469.08,27411.9
7536236,-54.9481,-65.6669,469.06,22873.5
2984497,-51.6564,-59.6736,468.48,30496.9
1252579,-54.9322,-66.235,468.27,38987.5
354039,-54.8714,-65.5378,466.92,53647.9
778709,-51.7,-58.1361,466.62,44158.3
8205665,-51.6514,-59.7919,466.54,22249.5
516853,-54.7892,-64.425,462.09,48950.9
9604968,-54.7083,-66.5211,461.93,21136.3
5282242,-54.7611,-63.8508,461.11,25612.0
291390,-54.9664,-66.6303,460.53,56176.1
8368901,-54.8544,-65.3528,459.56,22108.7
6984387,-51.775,-59.8019,458.19,23440.3
4037345,-54.9136,-65.6975,457.14,27838.6
10772297,-54.6425,-66.4933,457.02,20353.2
5794972,-54.7767,-64.125,456.64,24877.6
3299712,-54.7031,-66.5325,456.45,29595.7
2093992,-54.7567,-63.9086,455.52,33817.5
6451303,-54.7767,-64.2711,454.83,24046.7
4314828,-54.7669,-64.0145,454.43,27276.8
4365461,-54.7347,-66.455,453.79,27178.5
8547016,-54.785,-64.3486,453.4,21955.4
614166,-51.6736,-58.1103,452.98,46892.8
10923373,-51.7803,-59.8067,451.13,20259.1
3138943,-54.7856,-64.3783,451.0,30042.2
9913370,-54.7203,-66.4192,450.65,20921.2
5635804,-54.7356,-66.4403,449.96,25094.3
561437,-54.8186,-65.3833,448.7,47959.5
4967456,-51.5464,-60.0411,448.09,26109.6
3393859,-51.7097,-58.5244,446.87,29347.1
9380047,-54.735,-66.2836,446.3,21304.5
399902,-54.9631,-66.4483,446.04,52114.2
483302,-54.9894,-66.6058,444.88,49767.9
762659,-54.9536,-66.4617,444.72,44395.7
318175,-55.2444,-66.5667,444.19,55030.3
11377059,-54.9058,-65.3486,443.07,19986.8
8401085,-54.8308,-64.5175,442.86,22079.9
643420,-54.8328,-66.7803,442.08,46348.9
102286,-51.5117,-59.5392,439.88,70662.5
6622766,-54.7897,-64.2569,439.64,23844.5
6900307,-51.4058,-60.5394,439.62,23532.5
6902641,-54.6433,-66.5567,439.44,23529.8
274733,-54.9419,-66.4783,439.08,56953.3
8949560,-51.7075,-58.1661,438.85,21630.9
2323422,-54.6947,-66.2692,438.22,32821.2
256301,-54.845,-64.6011,438.12,57871.0
7611873,-51.7128,-58.14,437.74,22801.0
1502494,-51.6364,-58.6542,436.21,37113.9
743344,-54.8583,-64.5392,435.76,44683.2
4168966,-54.9308,-66.3028,434.13,27567.2
379615,-54.8133,-65.9619,433.16,52767.8
416059,-51.6989,-58.4175,432.14,51618.0
1354115,-51.6903,-58.2925,431.09,38178.4
81003,-51.2892,-60.2775,430.91,74099.8
3926553,-51.3983,-60.6058,425.83,28077.8
10725033,-54.9758,-66.5619,425.78,20384.5
3195536,-54.6711,-66.5775,425.71,29882.8
3319058,-51.7056,-58.265,423.98,29544.0
11108490,-54.6936,-66.545,422.71,20145.5
6533956,-54.6775,-66.5736,422.6,23948.5
108281,-51.4711,-59.3417,422.48,69847.3
10261423,-54.7736,-64.0183,422.22,20682.3
465970,-54.81,-64.5467,421.53,50220.3
4993671,-54.7886,-66.1244,421.12,26068.1
1143930,-54.6494,-66.4325,420.25,39943.2
90233,-51.3275,-60.1736,419.88,72493.5
425564,-51.3183,-60.1311,419.45,51338.2
1643075,-51.6106,-58.5925,418.98,36206.7
1058361,-54.8772,-66.0936,418.25,40779.9
10169449,-51.3994,-60.5844,418.18,20746.9
7392813,-54.7642,-64.3594,417.86,23015.1
4146989,-51.5192,-59.8586,417.81,27611.1
8227470,-54.8119,-66.105,417.44,22229.4
619480,-51.6822,-58.8961,417.35,46793.5
529830,-54.8072,-66.0167,417.21,48648.0
10762808,-51.7072,-58.5436,416.63,20359.4
1709486,-54.7847,-64.2961,416.44,35808.6
190198,-54.705,-66.1442,415.17,61891.7
275125,-51.5022,-59.5833,414.17,56935.4
4414083,-54.9167,-66.6486,413.0,27086.9
8688033,-51.7403,-59.7492,412.56,21842.0
3397095,-51.7022,-58.3344,412.39,29338.4
2235552,-54.7942,-63.9278,412.23,33186.1
11128458,-54.6942,-66.2853,412.07,20132.9
2475688,-54.8122,-66.1933,411.58,32221.8
8642142,-54.8767,-65.5567,411.41,21876.9
1055366,-51.4211,-60.6011,411.29,40812.7
481897,-54.7603,-63.9717,410.02,49803.8
3279653,-54.8142,-64.327,409.31,29649.5
198203,-51.6211,-58.8536,409.13,61324.0
766252,-54.6636,-66.2808,408.99,44341.1
5568649,-51.7406,-58.6869,408.6,25190.6
2671129,-54.7161,-66.5917,407.16,31512.0
735512,-54.7381,-66.3669,406.93,44802.8
5809270,-54.8161,-66.1736,405.06,24857.1
5329928,-51.6053,-58.8519,404.24,25539.7
8802971,-51.7478,-58.6869,403.82,21748.4
11629088,-51.4258,-60.585,403.69,19839.6
4510605,-54.745,-66.595,403.64,26905.2
1154050,-51.5139,-59.8325,403.63,39850.6
2281039,-54.8125,-65.3603,403.45,32995.5
1963306,-51.6844,-58.7125,403.45,34444.7
4710344,-51.7028,-58.2225,403.31,26545.2
1998858,-54.8147,-66.0061,403.22,34270.4
7358698,-54.9983,-66.5867,402.93,23051.1
1227164,-54.7325,-66.3211,402.89,39204.3
1480865,-51.7047,-58.5844,402.77,37259.5
531055,-51.3158,-60.2175,402.09,48620.5
464970,-54.8189,-66.2917,401.93,50247.0
10448042,-54.9586,-66.6228,401.86,20561.8
3262429,-54.6783,-66.5478,401.85,29694.6
10320693,-51.7061,-58.205,401.44,20645.3
5498283,-54.8758,-64.5458,399.96,25291.6
2899276,-51.6442,-58.5703,399.88,30759.0
3109293,-54.7494,-66.1436,399.71,30129.1
202006,-51.4767,-59.4011,399.67,61066.8
1299406,-55.2103,-66.5103,398.68,38604.9
9301053,-54.7831,-64.2836,398.17,21361.2
4711606,-54.8478,-66.1167,397.66,26542.8
6253242,-54.9233,-66.2878,397.28,24286.6
2629078,-54.8119,-65.3242,397.02,31657.2
7990061,-54.7361,-66.3294,396.64,22443.3
1569977,-54.8011,-66.2444,396.24,36666.6
9643759,-54.8094,-64.3786,396.14,21112.2
7470743,-55.0283,-66.4475,395.96,22937.5
11845179,-54.7383,-66.6211,395.08,19717.2
5678379,-54.7206,-66.6092,393.59,25035.8
4801933,-54.8169,-64.1458,392.44,26386.3
599430,-54.6811,-66.4336,392.4,47182.7
7005846,-54.8328,-66.1928,391.25,23415.8
438481,-51.6539,-58.7953,390.15,50963.3
5764334,-54.6603,-66.5644,389.86,24921.1
1223513,-55.0136,-66.4153,389.82,39235.1
294225,-54.7739,-64.4008,388.37,56051.2
10928157,-54.7075,-66.4525,388.32,20255.9
8756267,-51.7403,-59.7794,387.83,21783.5
6220398,-54.8967,-66.5336,387.74,24326.0
313039,-54.5833,-66.3833,387.64,55242.9
890928,-51.6533,-58.9269,386.69,42661.2
9971882,-51.6558,-58.6058,386.68,20878.5
745140,-54.8125,-66.0403,386.0,44656.1
1618284,-54.7672,-64.3925,385.12,36359.5
2291401,-54.8425,-66.08,384.7,32953.0
3240624,-54.8697,-66.1175,384.53,29756.7
944231,-51.4144,-60.495,384.24,42017.2
3300511,-54.9167,-65.5869,383.56,29593.5
108127,-51.0594,-61.0911,383.07,69865.5
6406116,-54.6711,-66.5578,382.46,24099.7
1704734,-54.6814,-66.5233,382.29,35837.1
3734109,-54.6508,-66.5342,382.15,28508.0
293947,-51.6244,-58.0969,380.74,56062.6
110118,-51.9233,-60.9525,380.15,69598.7
1117014,-54.9369,-66.6703,379.56,40197.6
10592563,-54.7056,-66.5861,378.57,20468.7
6775556,-51.6972,-58.6636,378.16,23670.2
572649,-54.8417,-65.5194,377.96,47725.1
10024674,-54.8175,-66.6017,377.46,20845.0
366880,-54.8675,-64.6383,376.39,53197.1
3774647,-54.8314,-65.3383,375.96,28416.2
2999261,-54.6572,-66.7167,375.92,30453.0
2951121,-54.6558,-66.5244,375.15,30597.0
6275758,-54.8486,-64.5236,374.49,24257.8
130775,-54.8403,-64.6717,374.42,67142.4
5938113,-54.6997,-66.5103,372.58,24689.9
5843257,-54.6633,-66.7436,372.04,24813.5
195175,-54.7056,-66.06,372.02,61539.7
124332,-52.0692,-60.3761,371.74,67845.6
1808460,-54.9156,-66.4961,371.04,35252.7
11569840,-54.8061,-66.1294,370.93,19874.9
8642144,-54.7372,-66.3786,370.65,21876.9
6799342,-54.6558,-66.5936,370.12,23646.0
2537140,-54.7711,-64.2328,369.87,31991.6
1468097,-54.5608,-66.7942,368.9,37348.3
7199436,-51.5956,-59.8953,368.84,23213.6
1481752,-54.7303,-66.3692,368.79,37252.7
6969970,-54.82,-65.9908,368.72,23456.6
6782449,-54.7436,-66.3719,368.27,23662.1
6359324,-51.5386,-59.9569,368.18,24155.1
1408905,-54.7047,-66.31,367.72,37769.0
6518562,-54.7286,-63.8953,367.57,23967.1
773291,-54.6056,-66.5978,367.36,44239.0
121501,-51.3897,-60.235,367.14,68173.5
524973,-54.8325,-65.6053,367.05,48761.8
1586695,-54.6131,-66.6983,366.51,36558.7
1147189,-55.2122,-66.4386,365.79,39911.3
6888422,-54.81,-66.2483,365.51,23546.1
121517,-51.3642,-60.7069,364.72,68171.6
409583,-51.76,-60.1453,363.72,51813.8
216835,-54.5939,-66.1325,363.08,60101.5
4458776,-54.6397,-66.7433,362.64,27002.1
1657871,-54.7594,-66.3061,361.78,36116.9
7234804,-51.6869,-58.2244,361.75,23175.2
2687130,-54.7403,-66.3478,361.32,31457.4
3460709,-54.5853,-66.3333,360.84,29172.9
9267199,-54.7092,-66.5992,360.6,21388.0
6799341,-54.7144,-66.6275,359.58,23646.0
4924822,-51.2864,-60.2969,359.11,26180.3
3212498,-54.7339,-66.1569,358.5,29833.7
438871,-52.1544,-60.5978,358.09,50953.3
4351127,-54.7306,-66.3361,358.02,27206.6
9252310,-54.6489,-66.5408,355.85,21400.0
7106269,-54.9783,-66.6078,355.76,23312.2
479544,-54.8264,-64.6144,355.06,49863.8
1870730,-54.8244,-65.4994,354.66,34920.4
337378,-51.5,-60.2819,354.35,54263.1
4569381,-51.4408,-60.5092,354.22,26798.4
8391437,-52.1456,-60.6067,353.42,22088.5
9088612,-54.5714,-66.7933,353.25,21521.7
2780685,-54.8181,-65.3433,353.22,31139.8
7024285,-54.6397,-66.7011,353.13,23399.5
1866611,-54.6792,-66.4742,353.1,34940.5
5190280,-54.8339,-64.6886,352.9,25753.4
289995,-51.4639,-60.3808,352.4,56238.5
2281489,-52.0444,-60.3383,351.83,32993.5
288919,-54.76,-66.0667,351.55,56288.3
8063367,-54.7403,-66.5145,351.24,22377.9
216033,-54.6997,-65.5525,350.49,60153.4
11173373,-54.9617,-66.6578,350.45,20104.4
8715142,-54.8017,-63.9419,349.81,21818.6
2244946,-54.6783,-66.4942,349.56,33147.7
2067106,-54.7672,-64.1119,349.49,33943.5
1702649,-54.8433,-65.4203,349.28,35849.5
7229732,-54.8467,-66.5986,349.18,23180.6
3327488,-51.6792,-58.7611,346.81,29520.3
3228548,-54.7897,-65.3703,345.99,29788.8
5905374,-54.5911,-66.3053,344.78,24731.2
4130724,-54.6567,-66.5128,344.34,27645.7
4688267,-54.8064,-66.0433,342.39,26586.0
5414503,-54.5825,-66.7953,342.19,25412.2
2219696,-54.8478,-66.1833,341.29,33255.1
4977456,-51.6869,-58.1328,341.29,26092.5
465315,-51.7233,-60.1192,341.07,50238.1
9103183,-54.5911,-66.3167,341.02,21509.8
9529783,-54.5803,-66.4133,341.0,21193.5
615859,-51.4986,-59.4844,340.34,46861.6
143274,-51.3314,-59.9644,340.23,65843.1
813259,-54.8314,-66.4375,340.2,43672.3
383857,-54.8661,-64.4425,339.99,52626.4
1221526,-54.8308,-64.4542,339.4,39253.0
7395489,-51.3747,-60.7033,339.28,23012.4
8112101,-54.9503,-66.6492,339.14,22332.3
607914,-52.0836,-60.5953,337.1,47013.6
7438754,-54.6322,-66.4594,336.72,22970.8
2233409,-54.7467,-65.2794,335.25,33195.7
1272365,-54.7817,-63.9944,335.22,38823.8
5538273,-52.1333,-60.6433,334.77,25236.1
8115182,-54.9542,-65.6886,334.75,22329.5
6302305,-54.8383,-64.2219,333.9,24223.6
3400348,-54.6822,-66.4219,333.87,29329.7
1003917,-51.4894,-59.4419,333.19,41349.3
4359220,-54.6592,-66.5033,332.73,27190.2
1337476,-51.5969,-58.4817,331.88,38308.4
615369,-54.8761,-66.0242,331.7,46871.1
8262985,-52.0508,-60.38,330.2,22200.7
3994619,-55.2047,-66.4311,330.06,27930.0
9186592,-54.8933,-65.335,329.57,21447.5
10011999,-54.925,-66.65,329.4,20854.1
10908654,-54.6292,-66.4661,328.78,20268.5
713036,-51.3797,-60.2086,328.48,45158.3
1824592,-54.7878,-65.2567,328.11,35164.1
11445186,-51.895,-60.9669,327.24,19945.3
6251230,-54.8189,-66.0419,326.05,24289.3
8792935,-54.65,-66.5475,326.04,21757.2
1567657,-51.5878,-58.6558,325.37,36682.2
8090635,-51.6636,-59.8108,324.21,22352.3
9073871,-54.8494,-65.6169,323.99,21533.5
1929080,-54.8519,-65.4619,323.68,34618.1
2670568,-54.7994,-66.2036,323.57,31514.0
1856411,-51.7992,-59.7953,323.51,34993.3
6972392,-54.7128,-66.4111,323.12,23453.9
3174492,-54.7761,-65.2728,322.77,29942.4
5279055,-54.8397,-64.5128,322.53,25616.9
216090,-51.5867,-59.4103,322.08,60150.2
7737621,-51.6989,-58.3567,321.24,22677.7
11173374,-54.7967,-65.3642,320.93,20104.4
4071260,-54.7678,-65.3008,320.28,27767.5
10396568,-54.8589,-65.5303,319.84,20592.8
2356735,-54.8558,-66.0303,319.2,32687.0
1006051,-54.8183,-65.6417,317.77,41327.7
1432168,-54.5322,-66.7819,317.22,37601.7
4125320,-54.7786,-64.1558,316.78,27657.2
373361,-54.7628,-64.53,316.59,52972.7
11001635,-54.76,-66.1542,315.96,20208.7
5470919,-55.2319,-66.5517,315.23,25329.3
4055518,-54.7328,-66.1453,314.88,27801.9
1263331,-54.7797,-65.2269,314.53,38899.2
6474930,-54.7342,-66.3475,313.8,24017.6
511408,-54.4128,-66.7386,313.65,49078.3
4280315,-51.6231,-58.7311,313.59,27344.4
1343396,-54.9753,-66.4361,313.43,38263.4
6342705,-51.7631,-58.6669,313.42,24176.2
3764962,-51.6844,-58.16,312.78,28436.3
6385276,-52.0903,-60.6186,312.51,24126.1
1525281,-51.735,-60.1069,312.33,36960.8
2454751,-54.8497,-64.2217,312.05,32302.7
916706,-52.1236,-60.5094,312.05,42343.5
1061690,-51.5231,-60.1553,312.0,40745.5
5899483,-52.0944,-60.5633,311.95,24738.9
363661,-51.5122,-59.7519,311.24,53308.4
4129761,-55.215,-66.4883,310.84,27648.0
836019,-54.7603,-66.0169,309.89,43364.8
3117561,-54.7578,-66.195,309.79,30103.7
2888885,-51.6092,-59.7161,309.77,30790.0
836018,-54.9853,-66.5103,309.46,43364.8
10991762,-54.7519,-65.3,308.56,20215.0
1927688,-51.4842,-59.4233,308.36,34625.5
4476840,-51.6742,-58.9167,307.97,26966.7
3707154,-51.6925,-58.4683,306.78,28570.5
784598,-51.5181,-59.6067,306.63,44076.0
9175422,-54.8097,-64.5336,305.98,21456.4
1241370,-51.7236,-58.4469,305.56,39082.2
1322431,-52.0994,-60.5283,304.66,38424.6
274542,-54.6706,-65.4528,304.66,56963.4
4499502,-54.81,-65.9853,304.61,26926.5
3612483,-54.7994,-65.3328,304.58,28797.0
2186144,-54.8086,-66.4417,303.98,33400.4
248738,-54.6789,-66.0186,303.94,58264.9
3510199,-51.6322,-58.1467,303.53,29048.1
6074961,-54.6811,-66.72,303.47,24511.2
3445383,-54.75,-66.2261,303.31,29214.4
2115095,-54.8172,-64.7286,303.09,33721.2
7909580,-54.6933,-66.5178,302.86,22517.0
2772834,-54.5967,-66.0978,302.42,31164.4
205955,-51.9839,-60.1253,302.36,60807.6
2908051,-54.8653,-64.5858,301.94,30730.0
3321315,-54.8264,-65.9811,301.65,29537.5
1406045,-54.4858,-66.7961,301.43,37791.0
6154125,-54.8839,-65.52,301.1,24409.6
3832257,-51.6397,-58.1275,300.95,28285.8
3815671,-54.7906,-64.3242,300.9,28321.9
6198440,-54.8394,-64.4025,300.79,24354.7
989526,-51.6047,-58.0875,300.41,41507.7
2112676,-54.8717,-66.0583,300.22,33732.6
7835388,-54.8144,-66.4983,299.83,22584.8
11434636,-54.5981,-66.3094,299.54,19951.7
1576851,-51.4953,-59.4583,298.92,36621.4
2019092,-51.5189,-60.17,298.66,34171.7
11466275,-54.7894,-64.4425,298.52,19932.5
8365829,-55.2183,-66.585,297.91,22111.6
575782,-51.4833,-60.3128,297.64,47659.6
799566,-51.4119,-60.6419,297.61,43863.0
238179,-51.5122,-60.4578,297.38,58839.4
587880,-51.6897,-58.0267,297.35,47413.0
2067876,-51.6206,-58.9044,297.17,33939.7
1578435,-54.8078,-65.8925,296.77,36611.0
1019727,-54.8103,-65.8658,296.35,41181.0
2989736,-52.0681,-60.3517,296.03,30480.2
9153236,-51.7314,-59.6858,295.66,21474.3
1038975,-54.9289,-65.5136,295.37,40980.9
3479914,-51.6797,-59.8078,294.89,29124.8
827208,-54.6061,-66.2867,294.83,43483.7
1385872,-55.0425,-66.4319,294.82,37939.0
7462722,-54.8517,-66.2292,293.78,22945.8
815489,-51.4978,-59.6961,293.48,43641.6
8256788,-51.4714,-59.3861,293.4,22206.5
6420782,-54.7369,-66.3067,292.85,24081.1
339097,-51.4525,-59.9811,291.22,54198.5
1616368,-54.8497,-65.5786,290.63,36371.8
1672637,-51.7308,-60.1428,290.3,36026.8
1402832,-55.0314,-66.5708,289.72,37812.9
8118316,-51.4692,-60.37,289.16,22326.6
5288536,-54.8053,-65.9033,289.0,25602.0
5122959,-51.7964,-59.8117,288.94,25857.1
485941,-54.8664,-65.79,288.93,49698.8
8841272,-51.6858,-58.0183,288.67,21716.2
464712,-52.1003,-60.4253,287.99,50254.6
10089560,-54.7614,-65.2925,287.9,20799.1
2155812,-51.6197,-59.4475,287.84,33535.6
1209926,-51.7711,-60.1258,287.69,39351.9
2228119,-54.7311,-63.8217,287.48,33216.8
11520967,-54.9228,-66.315,287.11,19903.7
5802038,-54.7611,-66.36,285.65,24867.3
790806,-51.4936,-59.6436,285.53,43987.7
11661628,-54.7753,-66.6361,285.01,19820.3
4968876,-54.6547,-66.4183,284.9,26107.2
2213213,-54.8358,-65.4669,282.88,33281.9
6050729,-54.9283,-65.53,282.58,24539.8
504099,-54.7411,-65.6503,282.53,49254.5
2261094,-54.8192,-65.9361,282.45,33080.3
9896737,-54.8417,-64.505,282.29,20933.4
3573941,-52.1203,-60.5236,282.23,28892.0
1109134,-52.0881,-60.4933,281.11,40275.2
3508533,-51.6314,-58.9861,280.85,29052.5
438949,-54.6686,-65.3936,280.84,50950.8
300829,-51.5058,-58.89,280.3,55757.2
4172254,-54.8269,-65.8778,280.16,27560.3
1555300,-51.7075,-58.0117,280.14,36763.8
263253,-51.4364,-58.215,280.0,57513.2
423061,-54.8544,-64.74,279.67,51411.4
4445132,-54.6025,-66.5308,279.08,27025.7
3541731,-54.8033,-66.5025,279.05,28969.1
868116,-51.4572,-60.4042,278.68,42948.5
2009184,-54.5056,-66.7519,278.36,34220.1
7894942,-51.6919,-59.6408,277.98,22531.2
3666167,-54.6217,-66.2617,277.33,28668.4
2382127,-51.74,-60.1561,277.15,32585.5
4162605,-54.6583,-66.6267,277.09,27581.1
9954998,-54.6161,-66.2808,276.84,20890.8
7792375,-54.6114,-66.4461,275.98,22627.1
8876738,-54.6128,-66.2583,275.76,21686.8
4256957,-54.5803,-66.2975,275.36,27388.7
5360600,-54.5697,-66.5736,275.13,25492.3
5467562,-54.8539,-66.3783,275.03,25334.3
1868321,-55.2036,-66.5317,274.96,34931.4
336489,-52.0886,-60.785,274.43,54297.2
4908149,-52.0436,-60.4508,273.84,26209.5
1493871,-54.6433,-66.3608,273.27,37172.2
1931840,-54.7119,-66.2542,272.92,34603.4
1795206,-54.8525,-65.8895,272.73,35323.2
1876762,-51.5808,-59.0975,272.65,34887.6
5496675,-54.7289,-66.1694,272.53,25294.1
653667,-51.4933,-59.7719,272.29,46163.0
8413897,-54.8586,-66.3717,272.28,22068.3
8109104,-54.5892,-66.125,272.15,22335.2
1568724,-54.7611,-64.5042,271.93,36675.3
2753241,-51.6022,-58.9886,271.92,31229.7
237914,-51.2881,-59.66,271.84,58854.6
238264,-51.0522,-61.1853,271.66,58835.1
2264522,-54.7319,-66.2269,270.97,33064.9
4078492,-51.7414,-60.1442,270.95,27751.5
8615160,-54.6783,-66.2603,270.62,21900.2
7614647,-52.1025,-60.4136,270.31,22798.2
908214,-47.9983,-66.6047,269.9,42447.1
9804047,-54.7289,-66.2258,269.8,20997.2
3329761,-51.2797,-60.3119,269.71,29513.8
1806433,-54.6722,-66.2119,268.19,35261.8
8550394,-54.7489,-66.1769,267.9,21952.5
1085415,-54.7272,-66.1203,267.67,40505.5
6575764,-51.3361,-59.985,264.87,23897.9
253047,-51.2058,-60.8869,264.35,58038.1
3960895,-54.7408,-66.2303,263.83,28002.9
602213,-54.5425,-66.3825,263.08,47128.6
717082,-52.0761,-60.7969,262.91,45094.8
2610495,-55.2714,-66.52,262.5,31723.6
1758735,-51.7086,-58.0533,262.48,35528.2
11734665,-51.5056,-59.7767,261.6,19781.7
3204518,-54.8433,-66.5017,261.32,29857.2
480039,-51.56,-60.3736,261.05,49852.3
8732185,-51.6178,-58.9586,260.58,21804.0
3951285,-51.7719,-60.0108,260.06,28021.1
9884132,-52.0842,-60.3436,259.95,20942.5
11328204,-54.8183,-64.6092,259.88,20012.3
1522545,-51.4336,-60.02,259.63,36978.0
6311602,-54.5492,-66.7858,259.4,24215.7
9457197,-54.7478,-66.1594,258.44,21244.6
10452508,-54.6422,-66.6283,258.38,20558.7
10222000,-51.6389,-58.9625,258.06,20710.0
2037442,-54.4931,-66.7233,257.95,34082.1
2441317,-54.7214,-65.2925,257.95,32354.0
509004,-51.6286,-57.8325,257.89,49137.9
11850808,-52.0725,-60.3292,257.88,19714.0
10748628,-54.7144,-66.3961,257.86,20368.8
11068699,-54.8936,-64.6225,257.2,20170.8
11168489,-51.7858,-60.0286,257.17,20107.5
1543173,-51.4908,-59.6758,257.12,36841.7
5311890,-51.6039,-58.1178,256.81,25564.7
5000784,-54.8481,-66.2661,256.36,26055.9
1336189,-51.7822,-58.4728,255.98,38316.7
8388234,-54.6717,-66.0175,255.81,22091.4
1411860,-55.2508,-66.5133,255.8,37748.8
9312656,-55.2775,-66.5619,255.69,21352.3
1594906,-51.5067,-60.2494,255.5,36506.4
4370063,-51.8411,-60.0883,255.34,27169.1
5664493,-54.7058,-66.0853,255.01,25056.2
6965253,-52.1094,-60.5858,254.29,23462.0
952933,-51.8422,-60.0433,253.67,41918.5
6831497,-54.7128,-65.5542,253.6,23608.2
1973098,-51.6186,-58.4008,253.01,34396.5
279259,-51.2744,-60.5728,252.65,56739.2
8910530,-54.7408,-66.2419,252.44,21663.3
3030800,-52.0961,-60.765,252.11,30356.6
4478097,-51.3114,-60.0058,251.87,26964.3
4619375,-52.0442,-60.5411,251.57,26707.9
818114,-51.625,-57.8733,251.11,43606.6
5216449,-54.7206,-66.3169,250.82,25711.3
10382908,-54.6139,-66.4933,250.52,20602.1
1730084,-52.1428,-60.585,250.14,35691.0
305089,-54.6675,-65.8736,250.1,55577.5
1717514,-54.8606,-65.7142,250.08,35762.3
10991761,-54.755,-66.2492,249.94,20215.0
433223,-51.6383,-60.1517,249.9,51111.9
4542917,-51.5742,-59.0044,249.74,26845.9
3756650,-51.7347,-58.3708,249.65,28456.5
4660641,-51.9394,-61.0308,249.03,26633.9
8278730,-54.8047,-64.0808,248.94,22186.4
3109295,-51.54,-59.03,248.48,30129.1
5974038,-54.6739,-66.2292,248.35,24640.8
6076922,-52.0733,-60.5078,247.86,24508.6
7889154,-51.7328,-58.4617,247.17,22536.8
7950662,-54.6692,-66.4669,246.71,22477.4
3727672,-52.0739,-60.5367,246.23,28523.6
3984826,-51.6417,-60.1283,246.13,27948.2
427147,-51.6936,-60.2242,246.04,51288.6
10360537,-54.4769,-66.7811,245.82,20617.5
1076299,-51.3964,-59.3092,245.14,40595.1
9820263,-51.3156,-60.0158,245.11,20985.1
1108162,-51.5158,-60.4242,244.02,40284.7
3030798,-54.5422,-66.6917,243.65,30356.6
699726,-51.3539,-60.0917,243.37,45376.5
653094,-51.4475,-60.4378,243.31,46174.0
2999931,-51.9992,-60.0983,242.06,30450.9
11287039,-51.5806,-58.8386,242.04,20037.7
9672095,-51.0722,-61.0783,241.72,21091.1
1401259,-54.9108,-64.6869,241.64,37824.7
10986895,-54.6608,-66.35,241.59,20218.1
4701169,-54.8189,-64.575,240.5,26562.0
5671485,-52.0622,-60.5283,240.49,25046.0
825596,-55.0444,-66.5211,240.29,43504.2
5505024,-54.7658,-66.0753,240.23,25281.5
10704613,-52.1006,-60.6142,240.08,20393.8
9012643,-51.7797,-58.5083,240.02,21583.7
7005850,-51.6197,-58.9333,239.97,23415.8
4697295,-54.8397,-65.8867,239.94,26569.2
1757398,-51.5631,-59.4358,239.65,35533.6
7085325,-54.7925,-65.4092,239.61,23331.3
4335955,-51.5042,-60.4792,239.44,27237.0
7433397,-54.8339,-66.2811,239.4,22976.4
831273,-51.6956,-57.9608,238.62,43429.4
8924827,-51.7394,-59.7017,238.4,21651.5
353557,-51.4228,-59.5361,238.15,53666.9
319382,-51.8372,-61.2803,237.23,54980.5
11740308,-51.2708,-60.57,237.06,19778.5
1422417,-54.4314,-66.7458,236.84,37671.1
4407809,-52.0608,-60.5,236.7,27096.3
11482114,-54.8481,-65.7203,235.86,19922.9
391754,-51.8336,-61.0158,235.19,52370.3
712232,-51.3458,-60.7203,235.03,45172.5
5296441,-52.0914,-60.5458,234.88,25589.6
2625291,-51.5031,-59.72,234.36,31671.3
3350350,-54.6914,-66.3794,234.29,29459.8
7712331,-51.5861,-58.9986,234.16,22703.0
348631,-51.0233,-61.2411,233.94,53845.9
4039460,-54.8925,-65.8117,233.82,27834.0
4958973,-51.7392,-58.4117,233.69,26124.3
9963424,-54.5689,-66.5478,233.66,20884.7
1869619,-54.855,-66.4333,233.45,34924.1
756994,-51.3564,-60.2183,233.41,44478.9
4377414,-54.5081,-66.7778,233.35,27157.4
406529,-51.8728,-61.0867,233.22,51908.4
8294533,-54.8428,-65.5928,233.17,22172.0
1124643,-54.5392,-66.6,232.87,40124.7
480812,-51.2647,-59.7928,232.59,49831.9
3496724,-51.8508,-61.0692,232.45,29083.2
6797152,-51.8928,-61.0042,232.26,23648.7
4007977,-52.1064,-60.4044,232.07,27900.3
1477562,-55.045,-66.4875,231.97,37283.5
3776511,-54.7678,-66.0161,231.81,28411.7
4949094,-52.0733,-60.7675,231.79,26141.3
4360433,-54.9133,-66.4458,231.62,27187.9
1360571,-51.6986,-60.1833,231.51,38130.0
1614298,-51.7139,-60.1592,231.15,36385.8
1955004,-51.4669,-58.1683,231.1,34485.3
1844348,-54.8225,-64.1069,230.98,35057.0
4532992,-51.4147,-59.3094,230.96,26864.9
1088493,-51.4592,-59.13,230.89,40475.6
985251,-51.8447,-61.3103,230.79,41553.7
4415315,-51.4769,-58.1217,230.7,27084.6
11712821,-51.6017,-58.5603,230.67,19794.6
11734664,-51.5081,-59.8069,230.14,19781.7
10033440,-52.0939,-60.3544,230.02,20838.8
5285434,-51.3108,-60.0311,229.97,25607.0
7826719,-51.6072,-59.0708,229.79,22593.3
3324430,-51.705,-57.9453,229.74,29528.9
764630,-54.7586,-65.9753,229.32,44365.5
7334149,-51.7431,-58.4794,228.09,23073.2
1402373,-54.7358,-66.1008,228.07,37816.2
3320550,-52.0764,-60.67,227.71,29539.7
370457,-51.3011,-59.9586,227.69,53071.2
10137102,-51.9969,-60.1119,227.56,20765.3
11811999,-54.5456,-66.7928,227.36,19736.6
4333294,-54.7872,-64.3961,227.35,27239.4
1371401,-47.8917,-66.4233,226.12,38048.0
11215570,-54.8203,-65.8869,226.09,20082.2
537493,-51.4411,-58.9017,226.0,48476.1
3659873,-52.0814,-60.7433,225.74,28684.0
3476663,-51.415,-60.6194,225.38,29133.6
4646432,-54.7164,-65.5311,225.3,26660.2
7179297,-51.485,-59.4678,225.13,23235.6
904499,-54.835,-64.4811,224.78,42492.1
1939755,-54.7575,-65.2319,224.6,34562.8
4211043,-54.5236,-66.5667,224.29,27481.6
1811024,-51.51,-60.2186,224.23,35238.3
9285871,-51.4522,-59.9494,224.05,21373.1
5648945,-47.2419,-66.7861,223.35,25079.1
10597157,-52.0553,-60.4869,223.34,20465.6
2325273,-54.8519,-64.7186,223.16,32813.5
5893983,-54.8847,-65.9592,222.64,24746.6
366603,-51.7519,-61.3017,222.17,53206.7
3272572,-54.6022,-66.0661,222.11,29668.8
8202586,-51.6164,-57.8778,221.8,22252.3
4399569,-54.6692,-66.0108,221.62,27112.8
402008,-52.115,-60.9283,221.41,52048.2
3351882,-54.8758,-65.4544,220.75,29455.4
613131,-51.0406,-61.11,220.65,46913.2
8050088,-54.7183,-65.5408,220.46,22386.5
428099,-52.1339,-60.8492,219.76,51262.5
6182583,-54.7697,-66.0811,219.6,24375.7
6688029,-51.0486,-61.1933,219.37,23769.6
3585211,-52.0761,-60.8175,219.31,28863.3
2877540,-51.4917,-58.9819,218.95,30827.3
4036331,-51.5081,-60.4958,218.87,27840.9
452678,-52.2422,-60.6608,218.34,50575.6
1125623,-54.6842,-66.1636,218.32,40115.1
4682636,-51.4697,-60.3525,217.43,26593.2
4487257,-54.8278,-64.5883,217.1,26950.2
3653448,-54.8528,-65.9669,216.62,28697.3
1610224,-52.1078,-60.8917,216.25,36410.3
4377415,-52.1142,-60.6878,216.13,27157.4
8368903,-54.5058,-66.5828,215.88,22108.7
2786838,-54.8158,-65.7636,215.8,31119.4
10843962,-51.5703,-59.4433,214.99,20306.2
3903959,-54.8789,-65.6883,214.94,28125.5
10776937,-51.6831,-59.6319,214.47,20350.0
2875665,-51.6831,-60.2069,214.46,30833.5
8585262,-54.8158,-65.4428,214.08,21926.4
5115484,-54.8783,-65.8758,213.66,25869.4
11078597,-54.7808,-64.4017,213.19,20164.5
4865717,-51.8806,-61.0978,213.11,26279.9
6831495,-54.7639,-66.0508,212.72,23608.2
5724041,-51.5669,-59.415,212.34,24974.7
778249,-54.7586,-65.8567,212.25,44165.5
3708096,-51.4344,-60.4811,211.6,28568.2
439139,-51.6964,-61.2969,211.09,50944.6
1766909,-51.8178,-60.9761,210.84,35479.7
473416,-51.8111,-61.2286,210.57,50022.0
6128532,-54.8983,-65.7975,210.37,24443.5
7603524,-51.4614,-58.0894,210.12,22809.4
10539947,-51.7647,-59.7369,210.11,20499.8
8883691,-51.6511,-59.5994,209.73,21680.9
7269185,-51.7775,-60.1136,209.53,23142.1
3422970,-54.7061,-65.3611,208.34,29271.0
9494420,-54.81,-64.4711,208.14,21220.6
3241390,-51.5125,-60.1986,207.3,29754.6
10805675,-51.5128,-59.785,206.88,20331.3
801788,-51.8642,-61.1242,206.27,43832.4
11397916,-54.5931,-66.6683,206.05,19974.0
2430497,-54.6986,-66.1919,205.92,32395.3
709721,-51.2822,-59.7592,204.49,45213.3
11656055,-54.5308,-66.7219,204.33,19823.5
2874349,-54.5008,-66.5094,204.22,30837.6
3191101,-54.8614,-66.3383,204.05,29893.4
9751329,-51.6969,-60.2125,203.65,21036.6
838202,-51.755,-59.66,203.58,43336.9
10106760,-54.8478,-65.7467,203.5,20786.8
6050735,-51.4583,-58.905,202.8,24539.8
5037260,-54.7317,-66.1133,202.57,25997.1
9160587,-54.8489,-66.485,202.44,21468.3
7201976,-51.4572,-59.3933,202.32,23210.9
932124,-54.6544,-65.3092,202.26,42161.0
6620538,-51.8678,-61.1042,201.96,23847.2
4664484,-51.7464,-61.3086,201.95,26626.7
702755,-54.7892,-64.6486,201.85,45327.3
3369000,-54.4644,-66.7533,201.79,29412.1
2462798,-51.9278,-60.9244,201.63,32271.2
8385126,-51.6814,-59.6436,201.0,22094.3
823972,-51.8461,-59.7908,200.72,43527.6
5632361,-51.3792,-60.2644,199.77,25099.4
1721679,-51.5919,-60.2292,199.33,35739.2
10329441,-54.5869,-66.6675,199.25,20639.2
3130413,-54.6997,-65.2692,199.23,30067.7
6715110,-51.5944,-58.4028,199.07,23737.4
462363,-51.9017,-61.1736,198.71,50319.2
3477484,-54.8125,-65.8133,197.88,29131.4
1893144,-51.8728,-60.0203,197.05,34803.5
6090401,-51.4797,-59.0244,196.69,24490.4
5901328,-51.6022,-58.3378,196.64,24736.3
3416562,-55.1911,-66.4625,196.16,29288.4
1213178,-51.9803,-59.9508,196.09,39322.7
5007910,-54.8442,-66.4783,195.99,26043.7
4349992,-51.9489,-59.8828,195.86,27209.0
876397,-51.5278,-58.7286,195.68,42843.1
1087132,-51.8011,-61.0144,195.62,40488.2
9597106,-54.6142,-66.7475,195.25,21142.4
7229739,-51.8667,-59.8178,195.25,23180.6
7470744,-51.7506,-59.7211,195.22,22937.5
3846890,-51.4925,-59.7308,194.96,28252.0
1042526,-52.0547,-60.7292,194.67,40945.1
1493625,-55.2478,-66.6267,194.41,37173.9
3845894,-54.7133,-66.2425,193.87,28254.3
9395407,-54.53,-66.6911,193.8,21292.5
1349133,-52.1978,-60.5825,193.73,38216.8
11133419,-54.7603,-65.3744,193.45,20129.7
6230439,-51.9947,-59.9783,193.44,24312.9
2208524,-51.7111,-61.3092,193.23,33303.0
1088492,-51.5197,-57.9536,193.1,40475.6
10430054,-52.0764,-60.6478,193.09,20574.2
3253373,-54.6989,-66.0811,192.87,29720.3
3736858,-54.8072,-64.67,192.31,28501.2
3731357,-54.9822,-66.6586,192.17,28514.7
2868462,-54.6911,-65.3961,191.46,30854.1
11173443,-47.5925,-66.6217,190.78,20104.4
1022234,-51.5386,-57.8669,190.72,41153.1
7918278,-54.7681,-66.0544,190.69,22508.5
7806671,-54.6517,-66.3125,190.13,22613.0
6605155,-51.5008,-59.6161,190.09,23865.9
9391651,-51.5278,-57.9519,189.82,21295.5
1962547,-52.0044,-60.4317,189.58,34448.4
6014731,-54.5844,-66.2092,189.25,24589.1
10863288,-51.8122,-61.0183,189.09,20293.6
4480504,-52.0367,-60.5803,188.93,26959.6
1401921,-54.3775,-66.6711,188.74,37819.6
5773181,-51.4286,-58.9436,188.59,24908.3
9285867,-54.8053,-65.8319,188.5,21373.1
3289774,-54.6008,-66.3317,188.06,29623.7
1276250,-54.6772,-65.3292,187.87,38792.6
1978160,-52.0019,-60.3825,187.8,34370.6
869349,-54.7408,-65.9594,187.79,42932.2
8394767,-47.9031,-66.5575,187.78,22085.6
588834,-51.9456,-60.25,187.21,47392.9
2908674,-51.535,-60.415,186.16,30727.9
4002815,-51.4764,-58.0367,186.01,27911.7
2940214,-54.975,-66.34,185.49,30632.4
8510601,-54.5872,-66.1803,185.4,21987.3
2216321,-51.3375,-60.7317,185.26,33270.5
10470590,-54.8319,-65.9319,184.92,20546.3
10303235,-54.9161,-66.2033,184.49,20657.7
1764753,-51.67,-57.9828,184.21,35492.3
4671003,-47.64,-66.3969,184.1,26614.7
6320285,-54.7528,-66.0878,184.04,24205.2
2139890,-52.0725,-60.4686,183.8,33607.7
4217672,-51.8953,-61.125,183.55,27467.6
5687132,-54.9783,-66.6678,183.32,25023.1
3466629,-51.9983,-60.0108,182.92,29159.8
8974428,-51.4764,-59.6686,182.87,21610.3
4204410,-51.3436,-60.1244,182.72,27495.5
547751,-51.6092,-60.4367,182.71,48250.8
11445178,-54.8728,-65.6294,182.68,19945.3
6824554,-51.5369,-57.8775,181.9,23616.3
2593573,-51.9911,-60.1661,181.54,31783.8
11128459,-54.5897,-66.5017,181.29,20132.9
6122743,-51.8169,-61.2183,181.16,24451.3
7160823,-51.4225,-58.2036,180.98,23252.0
3101305,-51.9297,-60.2344,180.96,30150.2
5690717,-51.4578,-59.915,180.94,25018.0
10810401,-54.8939,-65.9761,180.26,20328.1
2486205,-51.8708,-60.9711,180.0,32182.2
2628002,-54.6872,-66.1311,179.96,31661.3
2073534,-51.0339,-61.2236,179.84,33911.5
3315149,-54.8631,-65.4392,179.71,29554.8
6052686,-51.4767,-58.9667,179.62,24537.2
6512143,-47.5733,-66.4686,179.1,23975.1
572402,-51.1642,-60.8578,178.79,47730.4
9395410,-52.1381,-60.57,178.67,21292.5
3089419,-52.1081,-60.8053,178.19,30186.1
920340,-51.4281,-58.6994,178.13,42299.8
4303418,-51.6247,-57.8992,178.08,27300.1
3012307,-51.3864,-59.4128,177.48,30411.1
6845481,-52.1133,-60.705,177.27,23592.0
3119552,-52.1178,-60.7475,177.16,30097.3
3673434,-54.3428,-66.6903,176.89,28650.6
6824553,-54.5067,-66.4636,176.64,23616.3
587120,-54.8506,-64.3861,176.52,47426.5
5846839,-51.8047,-61.2328,175.9,24808.3
2023528,-52.175,-60.6642,175.82,34149.3
6498441,-54.8072,-64.6219,175.76,23988.4
10653243,-51.5069,-60.2303,175.48,20428.2
10137103,-51.4106,-59.4042,175.3,20765.3
2317960,-54.7594,-65.8092,174.82,32844.5
9383887,-51.4639,-59.1392,174.7,21301.5
4571915,-54.5814,-66.235,174.66,26793.7
2001340,-54.8972,-66.4336,174.59,34257.3
6712782,-47.8581,-66.7817,174.48,23740.1
1406048,-51.4583,-58.9794,174.2,37791.0
1063015,-54.6111,-65.9761,174.09,40731.4
8430229,-51.9672,-59.9292,173.99,22053.9
11073596,-54.7714,-66.0361,173.9,20167.6
8766577,-54.7461,-66.0767,173.29,21774.8
2599623,-54.6442,-65.2903,173.04,31763.7
2268508,-51.4894,-57.9328,172.94,33047.6
11650593,-51.9947,-60.1836,172.71,19826.7
4338308,-54.7319,-65.5983,172.7,27232.4
10996709,-51.4264,-58.6736,172.62,20211.8
2571275,-51.6533,-60.0217,171.51,31865.9
10325079,-51.9411,-59.8686,171.3,20642.2
7647688,-54.4194,-66.7625,171.2,22764.6
922722,-52.1594,-60.8,171.1,42269.7
1314994,-51.5644,-60.2044,170.89,38482.6
5488273,-54.8903,-65.8336,170.82,25306.7
9917475,-54.7589,-64.4058,170.38,20918.2
7987061,-54.7236,-66.2478,170.24,22446.2
937351,-54.55,-66.2553,170.19,42097.5
4961799,-47.7617,-66.5803,170.11,26119.4
8044065,-51.4567,-58.9678,169.92,22392.2
5084534,-51.5328,-60.4419,169.72,25921.1
5791372,-47.7217,-66.6464,169.51,24882.7
2670570,-52.0997,-60.3369,169.49,31514.0
1304133,-51.6994,-60.2833,169.38,38568.6
3507693,-52.0139,-60.4578,169.31,29054.7
5758928,-47.7089,-66.4706,169.06,24928.7
10507129,-51.4158,-58.6425,169.0,20521.5
1372858,-51.8931,-59.8894,168.81,38036.3
4316013,-54.6067,-66.0742,168.0,27274.4
5905381,-52.0061,-60.2203,167.35,24731.2
5360601,-52.1958,-60.6175,167.09,25492.3
2858706,-51.63,-58.0025,166.96,30887.1
10772303,-51.2606,-59.7869,166.74,20353.2
958465,-52.1617,-60.6961,166.47,41854.6
764724,-51.7058,-60.3378,166.47,44364.1
2896077,-54.7322,-65.2175,166.38,30769.3
1781261,-51.8242,-61.2125,165.94,35400.6
7620078,-51.5242,-60.3833,165.32,22792.6
11745796,-54.6603,-65.3261,165.27,19775.3
3232295,-54.9631,-65.635,165.19,29778.1
11795484,-52.105,-60.9075,164.95,19746.2
4851331,-51.9858,-60.4219,164.94,26301.7
6474935,-51.5331,-59.3528,164.41,24017.6
2676137,-51.2906,-60.5667,164.33,31493.8
9655797,-51.3467,-60.0736,164.26,21103.2
6549614,-54.9056,-65.8333,164.19,23929.9
6575759,-54.3681,-66.7108,164.03,23897.9
11078602,-51.7,-60.1625,164.01,20164.5
8537186,-47.1728,-66.4883,163.87,21964.1
8332716,-51.6989,-60.3536,163.69,22137.5
10392078,-51.4864,-60.2919,163.64,20595.9
7555853,-51.4647,-58.0494,163.28,22854.0
2527693,-51.4953,-59.3128,163.21,32025.4
8611851,-51.4911,-59.7494,162.76,21903.1
5958848,-54.5022,-66.4444,162.5,24661.5
2093993,-51.4472,-59.0078,162.49,33817.5
4081596,-52.1708,-60.6186,161.85,27744.6
11585901,-52.1119,-60.7344,161.5,19865.3
5078186,-51.6003,-58.0094,161.23,25928.4
7514693,-54.5794,-66.2494,160.64,22895.8
7564037,-54.8517,-65.86,160.52,22845.7
1399299,-55.0542,-66.4511,160.46,37839.8
710067,-55.5664,-66.7836,160.39,45207.7
10699890,-54.6711,-65.4828,159.67,20397.0
5232433,-54.7372,-66.0919,158.99,25689.0
1601913,-51.8231,-61.0486,158.32,36462.7
7938697,-51.5147,-59.3328,158.21,22488.7
8523863,-54.7522,-65.6342,158.21,21975.7
3197078,-51.5911,-60.2633,158.11,29878.5
1104318,-51.6797,-61.2644,157.34,40321.1
1363799,-51.5056,-58.5994,157.15,38106.6
904857,-51.3719,-60.6444,157.15,42487.7
1413204,-52.2128,-60.6636,156.98,37738.7
8591886,-51.2997,-60.5203,156.64,21920.6
3975789,-51.5644,-60.3328,156.53,27968.7
3462305,-51.4822,-59.3019,156.26,29168.5
5253749,-54.7242,-65.2292,155.85,25654.2
9832587,-54.3575,-66.7017,155.84,20976.0
1173514,-51.6853,-59.59,155.77,39671.2
1212612,-51.6961,-61.2433,155.62,39327.6
11751344,-51.3672,-60.6517,155.43,19772.0
10676508,-47.8039,-66.4889,155.4,20412.6
8953114,-54.5139,-66.4728,155.37,21628.0
10289823,-47.8161,-66.6697,155.09,20666.9
2302780,-54.7564,-65.9461,154.86,32906.5
4398380,-51.6025,-57.9817,154.71,27115.1
3387436,-54.8764,-65.7511,154.67,29364.4
7001084,-51.7133,-60.3058,153.38,23421.3
6646977,-51.4875,-60.0008,152.8,23815.1
1949013,-54.7325,-66.0636,152.77,34516.7
7092820,-51.4606,-59.6417,152.73,23323.1
3950337,-52.1783,-60.8011,152.37,28023.3
6065366,-51.6153,-57.9119,152.25,24524.2
6598633,-51.6094,-59.8244,150.72,23873.9
3043287,-54.7839,-64.6911,150.56,30320.9
1056949,-52.0819,-60.9542,150.09,40795.5
5754206,-51.9658,-59.8817,149.66,24931.3
1794872,-51.8825,-60.2836,148.85,35325.0
4883763,-54.7739,-65.9836,148.7,26248.3
8278735,-51.4108,-58.6083,148.61,22186.4
6498466,-47.6986,-65.9778,148.15,23988.4
8218296,-54.6089,-66.0608,148.07,22238.0
4363056,-54.5158,-66.4544,148.05,27183.2
8770068,-51.4419,-59.3608,147.99,21771.8
5925702,-54.7503,-65.8086,147.2,24702.8
3019974,-51.7219,-60.4311,147.19,30390.2
2639222,-54.7408,-66.0067,146.84,31623.0
4746181,-52.0364,-60.7425,146.81,26482.7
11108499,-51.5911,-59.7775,146.31,20145.5
9747222,-51.8564,-61.2683,146.3,21039.7
11088507,-54.3678,-66.6842,146.26,20158.2
8335871,-54.775,-65.8608,146.03,22134.6
11307523,-51.4669,-58.84,145.61,20025.0
984059,-51.8672,-61.2428,145.33,41567.5
9525839,-54.7297,-64.5383,145.28,21196.5
7530853,-47.7242,-66.4278,145.21,22879.1
9525838,-54.7525,-65.835,144.94,21196.5
8985317,-54.5833,-66.165,144.9,21601.5
10261426,-54.245,-66.7942,144.86,20682.3
3868479,-51.8322,-61.3444,144.58,28204.6
5501578,-54.2508,-66.7708,144.5,25286.5
4456337,-47.6919,-66.3008,143.67,27006.8
9763529,-54.8664,-65.755,143.66,21027.5
1151141,-51.3528,-58.5211,143.59,39876.2
8852206,-54.9781,-66.3319,143.36,21707.4
1383631,-51.7306,-61.3078,143.1,37955.8
3317534,-52.1442,-60.4467,143.06,29548.3
2601821,-51.4339,-59.5592,142.94,31755.7
7060836,-51.8308,-61.3069,142.8,23358.6
1858858,-51.8133,-61.2586,142.55,34980.6
1341054,-51.8114,-60.9558,142.46,38280.1
8175265,-52.0364,-60.73,142.25,22278.1
8725302,-54.2828,-66.7903,142.12,21809.9
9048623,-51.8725,-60.2783,141.71,21554.2
8323100,-54.3383,-66.7686,141.62,22146.1
906275,-51.8844,-61.1844,141.55,42469.7
2213216,-52.0078,-60.4925,141.54,33281.9
9795952,-54.8003,-64.5386,141.23,21003.3
8464466,-47.6858,-65.9547,141.21,22027.9
9461053,-51.9919,-60.4819,141.16,21241.6
9145808,-54.8253,-64.1775,141.0,21480.2
10574081,-54.8831,-65.7294,140.96,20481.1
7008302,-54.9289,-66.7861,140.89,23413.1
3904959,-54.6431,-65.3178,140.65,28123.2
1471609,-51.5272,-59.4103,140.53,37324.5
4311458,-54.6656,-65.3583,140.5,27283.8
4125321,-51.9094,-61.0894,140.38,27657.2
5767892,-51.4247,-59.3508,139.12,24915.9
2260217,-51.7478,-60.5433,138.24,33084.2
7664193,-54.5283,-66.4886,138.02,22747.8
11098571,-52.235,-60.6736,137.82,20151.8
8903440,-54.395,-66.7969,137.44,21669.2
3739623,-54.4333,-66.6053,137.42,28494.5
3847872,-54.7378,-66.0386,137.03,28249.8
10178158,-47.845,-66.4178,136.89,20740.8
10824623,-54.7667,-65.9803,136.58,20318.7
3354159,-52.1958,-60.6392,136.44,29448.9
9619045,-54.5256,-66.4661,136.15,21130.3
10725041,-52.1364,-60.4358,135.92,20384.5
8642145,-51.9686,-60.4053,135.84,21876.9
9988913,-52.0919,-60.4611,135.75,20866.3
4836139,-51.8925,-61.1936,135.72,26328.3
3423750,-51.7039,-57.8928,135.38,29268.8
9845021,-51.505,-60.3083,134.43,20966.9
9541607,-52.0386,-60.6061,134.36,21184.5
6146272,-47.6908,-66.4081,134.26,24420.1
1846368,-54.9103,-65.9111,134.24,35046.1
7395483,-54.5736,-66.4503,134.15,23012.4
11677793,-47.2256,-66.0692,134.11,19810.7
7170689,-54.8544,-65.9378,133.21,23241.0
5373479,-51.4469,-57.9978,133.05,25472.3
1292623,-51.8008,-60.2867,133.01,38659.3
10452507,-55.0331,-66.3944,132.84,20558.7
2583562,-51.4747,-59.2858,132.71,31821.8
7321183,-54.5183,-66.4358,132.56,23087.0
10387515,-54.8861,-65.755,132.51,20599.0
2625832,-54.6581,-65.1708,132.5,31669.3
9747215,-54.7517,-64.4025,132.15,21039.7
11434643,-51.8469,-61.2611,131.71,19951.7
6188548,-54.4778,-66.5767,131.49,24367.8
1983033,-55.2853,-66.6036,130.71,34348.3
3569406,-54.6039,-66.005,130.29,28900.8
7269212,-47.1114,-65.9639,130.07,23142.1
3396294,-51.9742,-59.8969,130.07,29340.6
6874501,-54.9936,-66.4244,130.0,23562.3
11205413,-54.935,-66.7725,129.89,20088.5
3332070,-55.2792,-66.5844,129.62,29507.3
3384761,-52.0294,-60.6253,129.52,29368.8
9179130,-54.5217,-66.4294,129.19,21453.5
11312753,-51.6303,-57.9783,129.14,20021.8
2133405,-51.9,-61.2044,128.93,33636.1
5718679,-51.8694,-61.2569,128.93,24982.3
8124577,-54.7169,-65.6008,128.88,22320.9
5185721,-55.0408,-66.3961,128.65,25760.8
2645705,-47.0608,-66.5711,128.5,31598.8
8288123,-51.4881,-57.9508,128.38,22177.7
3352656,-51.7094,-59.9133,128.3,29453.3
11281917,-54.5372,-66.5058,128.14,20040.9
1486268,-54.6736,-65.7975,127.58,37223.6
7963484,-51.7653,-58.4161,127.38,22468.9
2504464,-52.0597,-60.8575,127.0,32112.8
11745873,-48.0433,-66.4347,126.61,19775.3
9414814,-47.2131,-66.4697,126.25,21277.5
1816719,-54.6611,-65.8183,125.94,35205.7
9372167,-54.8639,-65.4261,125.82,21310.5
5470921,-52.1408,-60.4775,125.69,25329.3
5162254,-54.8731,-64.6733,125.68,25795.4
6485572,-47.7786,-66.6347,125.65,24004.3
11271675,-52.1544,-60.6758,125.49,20047.2
8032166,-48.2025,-66.7,125.38,22403.5
10475260,-47.6811,-66.3836,125.04,20543.2
9917486,-52.1092,-60.3092,125.0,20918.2
11466343,-48.1114,-66.5467,124.87,19932.5
1153717,-54.8039,-64.035,124.65,39853.8
4382136,-54.7411,-66.0194,124.52,27148.0
2146399,-54.6131,-65.9292,124.45,33577.3
3368999,-54.7642,-65.8986,124.41,29412.1
11220679,-51.9617,-60.2592,124.23,20079.0
7444246,-47.8003,-66.6172,123.88,22965.3
9502264,-47.7247,-66.6736,123.83,21214.6
10448049,-51.8186,-60.0286,123.71,20561.8
1973097,-54.2856,-66.6961,123.05,34396.5
2012508,-54.3006,-66.7433,123.02,34203.4
4630780,-54.4731,-66.5194,122.85,26686.5
2594664,-52.2156,-60.6842,122.79,31779.8
10615619,-51.6992,-61.3236,122.65,20453.1
1846701,-54.6342,-66.0411,122.37,35044.3
4597243,-52.2244,-60.635,122.15,26746.1
11845180,-54.5403,-66.4186,121.97,19717.2
1481753,-51.7189,-60.1842,121.93,37252.7
1481319,-47.8664,-66.5228,121.79,37256.1
1949728,-47.8689,-66.5336,121.49,34513.0
10054894,-47.8739,-66.5508,121.13,20823.5
6271603,-51.7094,-59.8794,121.12,24263.0
9631073,-47.7603,-66.6589,120.98,21121.3
11461030,-54.7514,-64.3928,120.83,19935.7
6667919,-51.9067,-60.2344,120.74,23793.7
1231483,-51.7397,-61.2567,120.4,39168.5
4762505,-51.9753,-60.3044,120.34,26453.9
11312752,-51.7553,-60.5994,120.09,20021.8
4731665,-54.5767,-66.1028,119.78,26509.2
9720839,-47.8472,-66.3942,119.47,21054.8
1469986,-52.0197,-60.2478,119.36,37336.4
1253917,-51.6364,-60.3517,119.22,38976.1
4967457,-51.4736,-59.8092,119.14,26109.6
7706792,-54.265,-66.7542,118.68,22708.6
10879586,-51.4683,-59.815,118.51,20287.3
6551856,-48.2775,-66.7172,118.29,23927.2
8443376,-54.7642,-65.5733,118.05,22042.3
5983633,-51.4639,-59.2575,117.7,24627.9
9346912,-52.0281,-60.5328,117.17,21325.4
3282744,-52.0011,-60.655,116.6,29640.9
1920991,-54.6772,-65.9886,116.52,34658.6
3354157,-54.3561,-66.6467,116.44,29448.9
5785799,-51.9089,-61.1828,116.43,24890.4
9244836,-55.0136,-66.6278,116.3,21405.9
4692131,-54.3681,-66.64,116.3,26578.8
4434364,-54.395,-66.6603,116.17,27046.9
5543279,-48.3119,-66.6494,116.13,25228.5
7921272,-51.4769,-59.8658,116.0,22505.7
10439024,-54.6114,-65.9683,115.98,20568.0
4013087,-51.9986,-60.5978,115.82,27888.9
3615920,-51.83,-59.8967,115.59,28788.2
8550395,-54.6792,-65.9867,115.46,21952.5
11038992,-47.8636,-66.5636,115.41,20189.7
10452515,-51.7664,-58.3692,115.41,20558.7
5705950,-54.7233,-65.6319,115.26,25000.2
4306890,-54.6294,-66.1467,115.19,27293.1
8917637,-51.8406,-59.8928,115.19,21657.4
5087454,-51.6781,-60.0153,115.07,25916.1
6806363,-51.8228,-61.0317,114.78,23637.9
4734314,-48.2722,-66.5917,114.75,26504.4
1898204,-52.1389,-60.365,114.66,34776.0
11569841,-54.5514,-66.5583,114.12,19874.9
10819957,-48.1633,-66.5103,114.1,20321.9
7300607,-54.4894,-66.5942,114.06,23109.1
1366533,-55.315,-66.7803,113.83,38084.8
6717435,-54.9778,-66.4158,113.7,23734.7
7486699,-51.9186,-60.0258,113.57,22920.8
2453278,-52.0742,-60.9136,113.09,32308.6
9804045,-55.2822,-66.5958,112.93,20997.2
9092293,-54.6067,-66.0286,112.75,21518.7
6642562,-51.3569,-60.6767,112.71,23820.5
9350786,-54.4725,-66.5736,112.62,21322.4
8372143,-51.5356,-57.9083,112.54,22105.8
9127435,-47.8625,-66.415,112.48,21495.0
1997790,-47.8675,-66.4861,112.44,34275.9
4174398,-52.0653,-60.9342,111.98,27555.6
9048618,-54.9772,-66.6911,111.91,21554.2
10962310,-54.9967,-66.4169,111.78,20233.9
3969809,-54.7603,-65.7875,111.66,27982.4
5857952,-47.7239,-66.1664,111.56,24792.9
8035079,-54.9961,-66.6533,111.48,22400.7
2768213,-51.9636,-61.0478,111.39,31180.7
1516718,-51.3211,-60.0769,111.35,37017.6
6705989,-52.0614,-60.7603,111.26,23748.1
10033441,-52.0503,-60.815,111.22,20838.8
4428454,-52.0256,-60.7086,111.2,27058.7
4251465,-47.8736,-66.1975,111.12,27400.3
4276820,-51.5356,-60.2936,110.88,27351.4
1436087,-54.7058,-64.3383,110.8,37574.5
6622770,-52.1511,-60.485,110.44,23844.5
9339251,-54.6283,-65.2625,110.39,21331.4
11143245,-51.3461,-58.4725,109.58,20123.4
4441483,-51.7942,-59.8833,109.01,27032.8
9114021,-51.4339,-59.9417,109.01,21500.9
11251373,-54.7575,-65.7653,108.8,20059.9
8426936,-54.7511,-65.7786,108.56,22056.8
7588592,-54.6603,-66.1278,108.4,22820.5
9267206,-51.7003,-61.2261,108.13,21388.0
8474241,-54.9522,-66.7367,108.12,22019.2
8674610,-54.9869,-66.6794,108.08,21853.6
9131115,-54.5781,-66.1753,107.97,21492.0
9145807,-54.95,-66.7292,107.51,21480.2
11450446,-52.0761,-60.9242,107.4,19942.1
3562513,-54.74,-65.9333,107.38,28918.4
11767860,-47.9767,-66.2128,107.26,19762.4
7364035,-51.6089,-60.4578,107.17,23045.6
9930055,-51.5422,-60.2667,106.89,20909.0
2750931,-51.7047,-61.2583,106.79,31237.9
3512667,-51.7089,-59.9978,106.63,29041.6
6048828,-47.9767,-66.2444,106.58,24542.4
5846835,-54.6939,-65.9717,106.56,24808.3
1843428,-51.9956,-60.7842,106.46,35062.5
10625111,-54.9667,-66.6986,106.39,20446.9
7538904,-54.6906,-65.4525,106.35,22870.7
6290083,-51.9697,-61.0236,105.95,24239.4
9963429,-51.4047,-59.2558,105.92,20884.7
2967639,-51.8169,-60.265,105.77,30547.0
4394835,-51.8789,-61.1761,105.73,27122.2
6547427,-54.6569,-65.3942,105.55,23932.5
4896546,-54.7206,-66.0128,105.41,26226.5
5922006,-47.8839,-66.3206,105.29,24708.0
9700454,-54.6453,-65.3367,105.26,21069.9
2712701,-51.8428,-61.2478,105.09,31368.1
9688342,-54.9575,-66.7244,104.8,21079.0
5830455,-51.6508,-60.1836,104.68,24831.4
3069704,-55.2864,-66.6375,104.56,30243.0
6813269,-51.8739,-61.1311,104.04,23629.8
10270418,-51.5303,-60.3167,103.58,20676.2
10360534,-54.9992,-66.6617,103.03,20617.5
3449299,-52.1631,-60.3994,102.91,29203.5
3126959,-54.6342,-66.0619,102.4,30078.3
4391405,-51.5503,-59.69,102.06,27129.2
11580495,-54.6744,-66.0986,102.06,19868.5
5160702,-54.4953,-66.3895,101.69,25797.9
2727063,-51.9236,-61.0992,101.65,31319.3
6031820,-54.8689,-65.4233,101.25,24565.7
1694449,-54.8517,-64.1583,101.13,35897.5
9472638,-51.5003,-60.3236,101.11,21232.6
8381940,-54.4819,-66.5033,100.99,22097.2
1700249,-51.5544,-60.4986,100.93,35862.0
8786012,-48.0481,-66.2269,100.51,21763.1
3638468,-54.6617,-65.95,100.23,28735.0
7771408,-54.6961,-65.9933,100.05,22644.0
4333297,-52.1269,-60.39,99.64,27239.4
1943593,-51.8119,-61.1011,99.52,34542.6
9799982,-51.6753,-59.9353,99.44,21000.3
9930048,-54.5903,-66.2383,99.28,20909.0
3682501,-54.9053,-65.7633,98.89,28628.4
6895486,-54.6578,-65.8811,98.23,23537.9
7449551,-54.7492,-65.8608,97.97,22959.7
7553216,-54.7564,-65.795,97.8,22856.8
11011602,-51.8494,-60.245,97.65,20202.4
6108040,-55.0119,-66.6392,97.29,24467.0
2004751,-52.0231,-61.0261,97.27,34242.5
5005072,-51.4325,-58.9892,97.11,26048.6
4234528,-51.98,-60.7342,96.99,27435.1
4250334,-51.7131,-60.0333,96.7,27402.6
10729710,-51.5586,-60.2719,96.55,20381.3
2215344,-54.7178,-64.3425,96.44,33272.4
2305538,-51.9989,-60.5608,96.44,32894.9
1849801,-52.1708,-60.9161,96.3,35029.7
5365431,-52.1478,-60.3361,96.2,25484.8
4783224,-52.1483,-60.8194,96.19,26420.1
3887888,-52.0847,-60.9728,96.11,28159.4
10967371,-47.6803,-65.9103,95.72,20230.7
6154129,-51.7831,-58.8919,95.71,24409.6
6900306,-51.5572,-59.5575,95.65,23532.5
1907540,-51.8114,-61.3236,95.49,34728.3
3793376,-48.0486,-66.1178,95.43,28371.3
4787104,-55.1958,-66.4367,95.18,26412.9
9925801,-54.6939,-65.5078,95.15,20912.1
9070368,-47.2128,-66.0183,95.07,21536.5
1910363,-54.8758,-64.1717,94.57,34713.7
7428191,-48.2197,-66.4025,94.14,22981.9
4867114,-51.8033,-61.3103,93.92,26277.5
6787121,-48.0783,-66.1347,93.02,23656.7
9696401,-48.2461,-66.6105,92.68,21072.9
11429417,-54.2931,-66.7867,92.5,19954.9
4659339,-51.9081,-60.4128,92.32,26636.3
11371914,-52.2147,-60.6925,92.22,19990.0
4428464,-48.0228,-65.9931,92.18,27058.7
2287846,-54.6594,-65.7278,92.11,32968.4
4791072,-47.6978,-66.7514,92.08,26405.6
8527180,-52.1694,-60.9194,91.89,21972.8
8977947,-51.7725,-60.5533,91.55,21607.4
9853445,-51.5642,-59.7292,91.43,20960.8
8093612,-51.9839,-60.3419,91.42,22349.4
10182439,-51.7556,-60.5136,91.4,20737.7
6455582,-47.4578,-65.8467,91.23,24041.4
2041388,-55.2761,-66.6867,91.07,34065.2
11256562,-47.8544,-66.3489,91.0,20056.8
9963428,-52.2553,-60.6275,90.92,20884.7
5046177,-54.6308,-66.0494,90.87,25982.4
9832592,-51.7053,-60.6319,90.78,20976.0
5184172,-52.0456,-60.2586,90.61,25763.3
6033719,-55.1767,-66.5333,90.59,24563.1
10333954,-48.3058,-66.7536,90.54,20636.1
11302455,-48.2969,-66.7719,90.37,20028.2
2441319,-51.9603,-59.43,90.19,32354.0
10535493,-48.1661,-66.4531,90.02,20502.9
11307584,-48.0867,-66.4861,89.99,20025.0
10466149,-51.9903,-60.8011,89.94,20549.4
7754521,-48.2078,-66.4364,89.3,22660.9
7013550,-48.2303,-66.5494,89.29,23407.7
2928206,-51.6267,-60.4275,89.25,30667.7
8474243,-54.6689,-65.8311,88.99,22019.2
3103664,-51.8319,-61.0875,88.72,30146.0
9950810,-54.9672,-66.7158,88.37,20893.8
2152122,-51.7994,-61.2008,88.35,33552.7
2165233,-51.3653,-60.39,88.04,33493.8
9525847,-51.8194,-61.25,88.02,21196.5
9399404,-48.2189,-66.6858,87.54,21289.5
11856459,-54.3206,-66.7817,87.34,19710.7
8608514,-51.5756,-59.8042,87.31,21906.0
2198764,-54.68,-64.2617,87.26,33345.1
9343079,-54.5736,-66.1475,87.23,21328.4
11163412,-47.08,-66.6433,87.1,20110.7
10037722,-52.0572,-59.475,86.99,20835.8
7403342,-48.3592,-66.6531,86.81,23004.1
5163757,-47.8617,-66.4389,86.78,25792.9
2981111,-54.6606,-65.5894,86.51,30507.3
9589228,-51.7417,-60.0111,86.19,21148.4
6656689,-47.8569,-66.4783,86.18,23807.1
11377068,-51.7894,-60.9911,86.18,19986.8
4266634,-54.7403,-65.7603,85.97,27372.4
2266249,-51.8006,-61.0858,85.76,33057.2
5442889,-54.4836,-66.4267,85.75,25372.0
9320259,-51.3578,-60.6008,85.36,21346.3
11251374,-54.4514,-66.5775,85.3,20059.9
2297186,-52.2292,-60.4825,85.09,32927.8
3861247,-54.3981,-66.5811,84.62,28218.2
5202752,-48.2431,-66.6406,84.5,25733.6
2362439,-51.4758,-60.7133,83.74,32665.6
2371235,-51.7833,-61.1044,83.55,32628.5
10098250,-54.9747,-66.7067,83.49,20792.9
2928849,-51.8303,-61.1244,83.49,30665.6
9967698,-52.0986,-60.32,83.48,20881.6
8632010,-51.9539,-60.3761,83.26,21885.7
7082848,-51.8775,-61.1675,83.05,23334.1
7364034,-52.2283,-60.4728,82.94,23045.6
11834159,-51.9331,-60.91,82.93,19723.6
7082849,-51.7133,-61.2486,82.79,23334.1
4398379,-52.1522,-60.7158,82.51,27115.1
9434039,-51.5653,-60.2992,82.37,21262.6
3402768,-51.3558,-58.8086,82.34,29323.2
9763534,-51.8158,-61.2992,82.31,21027.5
2444266,-52.2167,-60.4486,82.09,32342.2
4799235,-48.1906,-66.6183,81.98,26391.2
5549928,-51.7811,-60.9842,81.83,25218.4
2458151,-52.8992,-59.1833,81.82,32288.9
10208889,-48.1858,-66.5503,81.75,20719.3
4511825,-47.8725,-66.5092,81.54,26902.8
3537504,-51.7575,-58.1292,81.51,28980.1
5461006,-51.4361,-58.4328,81.46,25344.4
6831494,-55.2506,-66.6486,80.4,23608.2
9179127,-54.9708,-66.7233,80.14,21453.5
2551272,-51.7903,-61.1542,80.06,31939.8
8149003,-51.9967,-60.7186,79.66,22298.1
5094848,-55.2744,-66.6453,79.37,25903.8
11856464,-51.7661,-59.8894,79.36,19710.7
10685807,-51.8047,-58.63,79.26,20406.3
2823823,-47.8572,-66.4442,79.22,30998.3
8988985,-51.7331,-59.9569,78.6,21598.5
3419802,-51.9842,-60.6908,78.43,29279.7
6549615,-54.7467,-65.8895,78.28,23929.9
8931883,-54.7447,-65.9178,78.24,21645.6
2920572,-51.3447,-59.5478,78.2,30692.6
5016718,-48.3586,-66.7247,78.17,26029.0
3275647,-52.0706,-60.8936,78.14,29660.2
5110998,-54.6467,-65.8369,78.06,25876.8
2691167,-55.8214,-66.7917,77.59,31443.2
5003637,-52.08,-60.8461,77.07,26051.0
10261431,-52.1539,-60.5044,76.66,20682.3
10102539,-47.8908,-66.2892,76.37,20789.9
4319537,-47.8683,-66.5058,76.28,27267.4
2783706,-52.1992,-60.7517,76.05,31129.6
6782448,-54.9853,-66.3378,75.76,23662.1
2827450,-51.7803,-61.085,75.35,30986.0
11740380,-48.1956,-66.6597,74.35,19778.5
10230805,-48.1633,-66.6503,73.98,20703.9
2947852,-51.7894,-61.0636,73.87,30607.4
9077571,-48.0197,-66.2194,73.79,21530.5
11246222,-54.7306,-65.6936,73.67,20063.1
2953339,-51.6686,-61.2453,73.45,30592.8
4041537,-54.2606,-66.7367,73.04,27829.4
11153259,-54.7042,-65.4861,72.83,20117.0
3014290,-51.5792,-60.7642,72.55,30404.8
5585395,-54.6703,-65.9528,72.5,25165.3
9241086,-51.7233,-58.9419,72.48,21408.9
3305792,-47.8544,-66.3881,72.36,29578.5
10347267,-48.3281,-66.7172,72.29,20626.8
10360535,-54.6833,-65.8667,71.59,20617.5
8218323,-48.3394,-66.7364,71.33,22238.0
8756308,-47.8164,-66.1911,71.16,21783.5
9627004,-51.8847,-60.2008,71.12,21124.3
8896498,-47.8058,-66.1381,70.87,21675.1
3145223,-51.8653,-61.1633,70.74,30023.2
4663184,-51.7844,-61.1394,70.53,26629.1
10592618,-48.0317,-66.2142,70.48,20468.7
9865616,-51.5911,-59.1633,70.3,20951.7
11547680,-55.2692,-66.6111,70.2,19887.7
8130651,-48.0567,-66.1872,70.17,22315.2
5648928,-51.8367,-61.1375,69.65,25079.1
7219686,-54.8492,-64.1561,69.42,23191.6
4549182,-52.0697,-61.0436,69.01,26834.1
11338600,-47.8517,-66.3714,68.95,20005.9
9270883,-54.5553,-66.2333,68.83,21385.1
3302813,-52.0014,-60.8803,68.7,29587.1
3629795,-51.3997,-60.0236,68.17,28757.2
9160593,-51.6947,-61.2717,68.03,21468.3
11006676,-51.4853,-58.8361,67.67,20205.5
9052172,-51.6681,-61.2375,67.57,21551.3
3403518,-51.8564,-61.1861,67.47,29321.0
5912795,-48.2128,-66.5956,67.41,24720.8
6998723,-47.7772,-66.0775,67.37,23424.0
6808659,-51.4106,-60.4378,67.35,23635.2
6852591,-47.8253,-66.2142,67.04,23583.9
6585406,-51.9428,-59.0819,66.74,23889.9
6883831,-52.1233,-59.2475,66.69,23551.5
11492563,-54.3728,-66.6203,66.66,19916.5
6120807,-52.0722,-61.0183,66.49,24454.0
4509426,-51.3122,-60.5275,66.47,26907.6
8883692,-51.5933,-59.5019,66.09,21680.9
8510638,-48.2183,-66.5833,66.05,21987.3
8608511,-52.2322,-60.6117,65.85,21906.0
3552329,-51.6672,-60.6786,65.75,28944.9
3552328,-52.1461,-60.765,65.75,28944.9
11361527,-52.1064,-59.3117,65.48,19996.3
8002095,-51.9206,-61.0883,65.15,22432.0
4459981,-54.6603,-65.7,65.03,26999.8
3670734,-51.8067,-61.1953,64.98,28657.3
6808656,-54.6736,-65.7278,64.88,23635.2
3653450,-51.3208,-60.7678,64.63,28697.3
6996330,-52.0139,-60.6858,64.56,23426.7
11418868,-48.2169,-66.5333,64.1,19961.2
5845005,-51.8544,-61.2253,63.87,24810.9
11801103,-55.32,-66.7986,63.15,19743.0
9708469,-48.3719,-66.6542,62.98,21063.9
11418867,-48.3725,-66.6947,62.77,19961.2
10059138,-54.6486,-65.4478,62.74,20820.5
8608555,-47.1817,-65.9306,62.54,21906.0
10805674,-51.96,-60.1969,62.35,20331.3
7128362,-48.2025,-66.5867,62.31,23287.6
4941548,-51.4711,-60.725,62.2,26151.1
10796147,-54.5733,-66.1603,61.82,20337.5
8297716,-48.3506,-66.7606,61.59,22169.1
7428158,-51.435,-59.8475,61.17,22981.9
10204475,-48.1844,-66.5956,61.09,20722.3
11083615,-48.2344,-66.5828,60.93,20161.3
11356440,-48.2053,-66.5711,60.35,19999.5
11696364,-55.0033,-66.6792,60.32,19804.2
4102199,-54.6575,-64.1378,60.23,27703.2
11251384,-51.5061,-59.4086,59.83,20059.9
7826716,-54.9989,-66.6883,59.71,22593.3
4184216,-51.65,-61.2358,59.5,27534.8
7622755,-51.6903,-61.2169,59.38,22789.8
6050734,-51.7514,-58.0167,59.14,24539.8
5960697,-52.1856,-60.74,59.01,24658.9
6171677,-52.1722,-60.9269,58.61,24386.1
4303415,-54.8894,-64.6658,58.49,27300.1
10563125,-54.6764,-66.0761,58.23,20484.2
10588064,-48.3556,-66.7528,58.18,20471.8
4367748,-51.6472,-60.3044,57.95,27173.8
4385597,-54.7467,-64.0994,57.81,27141.0
5909080,-51.8158,-60.4292,57.71,24726.0
10285325,-54.3911,-66.6144,57.23,20670.0
11790105,-51.96,-60.0417,56.99,19749.5
4540425,-51.5992,-60.4669,56.58,26850.7
4620591,-54.8439,-64.3283,55.97,26705.5
9708428,-54.6478,-66.0375,55.73,21063.9
11063763,-54.7147,-65.9592,55.4,20174.0
5269329,-47.8531,-66.4058,55.35,25629.4
9084981,-52.1664,-60.9219,55.26,21524.6
10243977,-51.6683,-59.0,55.03,20694.6
8338952,-51.8739,-58.7744,54.83,22131.7
8621861,-54.7328,-63.8586,54.17,21894.4
10962376,-47.0903,-66.2339,54.14,20233.9
8005112,-55.0006,-66.6944,54.13,22429.1
7353486,-51.6069,-60.6983,53.69,23056.6
4947706,-51.7286,-61.2736,53.64,26143.8
5019492,-51.7761,-60.9661,53.15,26024.1
9346950,-48.2228,-66.6164,53.09,21325.4
11292020,-54.8914,-64.6683,52.99,20034.5
9747216,-54.5394,-66.2008,52.96,21039.7
6706009,-47.8636,-66.3058,52.66,23748.1
8880196,-52.1456,-60.8536,52.4,21683.9
9304976,-51.6356,-60.6853,51.76,21358.2
9647791,-51.8481,-61.1603,51.62,21109.2
9688347,-51.6278,-60.2203,51.5,21079.0
8530493,-54.6522,-65.755,51.4,21969.9
6485554,-51.7881,-60.8844,51.34,24004.3
9190430,-54.5364,-66.2492,50.48,21444.6
8087594,-51.4394,-60.09,49.99,22355.1
7751677,-47.855,-66.4389,49.49,22663.7
8375359,-54.5889,-66.0675,49.25,22102.9
11563612,-54.6594,-65.5178,49.01,19878.1
9946700,-51.6139,-58.2878,48.83,20896.9
5754205,-52.0203,-60.9936,48.78,24931.3
11078603,-51.3444,-60.64,48.42,20164.5
11205425,-51.6667,-57.9078,48.35,20088.5
11021415,-51.8786,-58.7278,48.33,20196.1
10704668,-47.8661,-66.5486,48.08,20393.8
6061472,-51.5367,-58.3575,47.22,24529.4
8342049,-54.6908,-65.6653,47.22,22128.9
6902640,-54.7397,-64.155,46.57,23529.8
7938696,-51.6817,-57.8658,46.25,22488.7
8190270,-51.7967,-60.5669,46.01,22263.8
6330492,-54.7403,-64.0936,45.93,24192.0
6334551,-52.2308,-59.7094,45.91,24186.7
7996110,-51.3417,-58.6036,45.35,22437.6
11661638,-51.9939,-60.9408,45.26,19820.3
7419174,-52.1608,-59.7825,45.18,22987.4
10094009,-47.8492,-66.5786,45.13,20796.0
6722797,-51.4783,-60.5642,44.2,23732.0
10072783,-47.8089,-66.1294,43.49,20811.3
8553687,-51.9064,-61.1575,42.94,21949.6
7135682,-54.6928,-64.2536,42.53,23279.4
7672621,-47.7828,-66.0775,41.6,22739.4
11471521,-54.8536,-64.1567,41.25,19929.3
11745806,-51.8378,-61.1586,41.1,19775.3
8326399,-47.7792,-66.0478,40.98,22143.2
7591321,-52.2269,-60.5058,40.86,22817.8
10173703,-51.4953,-57.8467,40.73,20743.8
10457131,-47.2022,-65.7383,40.71,20555.6
8841271,-51.8136,-58.2625,40.71,21716.2
11729217,-54.8433,-64.3225,40.37,19784.9
7987065,-51.3664,-59.6736,39.54,22446.2
8121467,-51.5675,-60.8394,39.11,22323.8
9643818,-47.86,-66.2631,37.98,21112.2
8504117,-47.9139,-65.7186,37.96,21993.1
8598542,-51.8733,-61.2094,37.69,21914.8
8635398,-52.4467,-59.1192,37.58,21882.8
8652215,-52.0206,-60.97,37.53,21868.2
11063770,-51.3972,-60.1578,37.29,20174.0
8873307,-52.0267,-58.4908,36.92,21689.8
9959310,-47.8192,-66.1747,36.86,20887.7
9816182,-51.8961,-58.6778,36.82,20988.1
8996172,-51.5897,-60.7278,36.59,21592.6
11696372,-51.4147,-59.4869,36.33,19804.2
10461590,-52.1119,-59.0936,35.05,20552.5
9880022,-52.1936,-60.7719,34.74,20945.6
10709286,-54.9722,-65.6542,34.32,20390.7
10217614,-51.8056,-61.1186,33.67,20713.1
10574089,-51.4222,-60.1203,32.92,20481.1
10588017,-51.9708,-59.6992,32.89,20471.8
10615620,-51.5864,-60.4808,32.83,20453.1
11048856,-55.0119,-66.3033,31.97,20183.4
