2471,-21.88,166.4225,1613.62,129734.0
11570336,-21.8842,166.4211,1591.19,19874.9
42115,-21.9531,166.532,1494.32,84068.5
10169818,-21.8728,166.4294,1486.51,20746.9
1411875,-21.9581,166.5258,1456.34,37748.8
1807420,-21.8797,166.4103,1443.08,35256.4
10730117,-21.8944,166.425,1442.37,20381.3
40577,-21.8592,166.2217,1438.6,84655.3
6039487,-21.9428,166.5264,1430.69,24555.4
282668,-21.4178,165.3642,1418.63,56578.4
7104009,-21.8992,166.4286,1408.22,23314.9
3165661,-21.4117,165.3745,1394.95,29965.8
7070821,-21.965,166.5317,1386.42,23347.7
3188993,-21.9017,166.4431,1379.83,29899.8
2240019,-21.4164,165.3806,1355.13,33166.9
120053,-21.7206,166.213,1354.8,68341.5
147273,-22.0133,166.4783,1353.05,65450.0
55489,-21.7428,166.1411,1351.68,79807.5
3242919,-21.4144,165.3514,1346.25,29750.3
10815495,-21.9603,166.5419,1332.02,20325.0
2646857,-22.0094,166.498,1326.8,31594.8
387923,-21.9928,166.4536,1313.4,52494.3
1145850,-21.7261,166.1928,1312.97,39924.1
4878274,-21.9697,166.5356,1302.33,26258.1
10695638,-21.9728,166.5361,1294.54,20400.1
6039484,-21.9878,166.4544,1285.99,24555.4
5722438,-21.8806,166.3972,1283.23,24977.2
3546360,-21.9583,166.5119,1282.02,28960.3
255905,-21.7744,166.2742,1254.95,57890.8
993991,-21.8678,166.2444,1252.85,41458.5
6024434,-21.9339,166.5172,1244.73,24576.1
140104,-22.0711,166.5456,1232.69,66161.6
121941,-21.67,166.2539,1231.92,68123.0
11069154,-21.8572,166.2086,1230.38,20170.8
145018,-21.8489,166.3292,1229.21,65669.6
11532122,-21.9131,166.4547,1224.82,19897.3
1499281,-22.0636,166.5542,1222.95,37134.5
687993,-21.7083,166.1769,1220.59,45571.2
392560,-21.7511,166.2542,1220.43,52347.2
1365042,-21.7078,166.2172,1220.28,38096.5
92354,-22.06,166.3492,1218.31,72143.7
8655853,-21.7678,166.275,1217.67,21865.3
4396127,-22.0072,166.4605,1217.65,27119.8
491643,-21.8011,166.2472,1216.75,49553.7
10266306,-21.8044,166.2458,1209.81,20679.2
5385496,-21.7028,166.222,1208.29,25457.3
7266805,-21.7097,166.213,1204.15,23144.9
539987,-21.8247,166.2667,1200.09,48422.2
1562316,-22.0711,166.5345,1200.05,36717.0
1400608,-21.6631,166.2614,1197.07,37829.7
645820,-21.8628,166.3825,1196.81,46304.9
135872,-21.99,166.3903,1191.5,66600.2
192473,-21.8319,166.407,1189.37,61730.9
87071,-21.7986,166.1444,1183.72,73030.2
3601136,-22.0608,166.3378,1183.57,28825.8
11128917,-22.0792,166.5508,1180.65,20132.9
6047064,-22.0667,166.5492,1180.03,24545.0
3065651,-21.6792,166.2572,1174.55,30255.7
134889,-21.9019,166.2867,1173.32,66701.6
11153713,-22.0869,166.5544,1171.98,20117.0
3186112,-21.9728,166.4375,1170.93,29908.3
8605570,-21.9786,166.4653,1166.73,21909.0
847813,-22.0558,166.5064,1166.03,43210.3
7168406,-22.0881,166.5589,1165.7,23243.8
9619426,-22.0544,166.5122,1163.27,21130.3
3823258,-21.915,166.4239,1161.09,28303.8
1876086,-22.0633,166.5645,1160.19,34891.2
1323008,-21.9464,166.4258,1159.56,38419.6
11713269,-21.935,166.5086,1159.5,19794.6
614447,-21.8161,166.1558,1149.85,46887.4
7815587,-22.0528,166.5494,1149.64,22604.6
7199647,-21.6614,166.2575,1147.57,23213.6
8301187,-22.0522,166.3486,1147.53,22166.3
1577425,-21.8483,166.2564,1147.52,36617.9
607021,-21.9744,166.3683,1143.86,47031.2
3821392,-21.7592,166.2489,1143.37,28308.4
3953410,-21.7375,166.2425,1142.84,28016.5
1772478,-21.9556,166.4358,1142.49,35449.2
265412,-21.9344,166.25,1140.42,57405.7
5951529,-21.8183,166.26,1140.42,24671.8
2283762,-21.8511,166.3675,1136.73,32983.9
10899442,-21.7325,166.2378,1135.53,20274.8
1391760,-22.0456,166.4825,1135.26,37895.3
8739368,-21.8206,166.1542,1134.9,21798.2
368982,-21.9872,166.5792,1133.65,53125.2
16968,-21.6239,166.055,1131.17,98338.1
2584671,-21.7903,166.2278,1128.03,31817.8
398559,-22.0475,166.5869,1125.7,52158.2
760387,-21.9783,166.558,1125.49,44428.7
5738287,-21.7772,166.2572,1124.09,24954.3
10593006,-21.7436,166.2433,1123.63,20468.7
552812,-21.91,166.3758,1121.68,48143.8
4252654,-21.6294,166.0464,1115.47,27398.0
10195943,-22.0522,166.5536,1115.33,20728.5
6214633,-21.9842,166.5728,1113.32,24333.8
11790602,-21.7767,166.2608,1112.64,19749.5
6531832,-21.6339,166.0397,1112.02,23951.2
3698122,-22.04,166.4675,1110.28,28592.8
706482,-21.8994,166.2058,1107.52,45265.4
3246735,-21.9117,166.1867,1105.71,29739.6
4115192,-22.0475,166.5003,1103.74,27675.6
650929,-21.8711,166.4797,1101.68,46214.0
5421064,-21.9036,166.1975,1099.59,25402.2
5380763,-21.9228,166.4278,1098.21,25464.8
28539,-21.5,165.6281,1097.01,90103.4
7351158,-21.6792,166.2667,1096.37,23059.4
2419107,-22.0411,166.5922,1096.02,32442.5
3436885,-21.8622,166.4044,1093.37,29234.0
5955222,-22.0144,166.5253,1092.59,24666.7
5671640,-21.8381,166.2619,1090.24,25046.0
6715314,-22.0986,166.5625,1089.53,23737.4
2280172,-21.8606,166.4781,1087.6,32999.3
50288,-21.4436,165.7014,1086.9,81341.5
3178091,-21.9344,166.4983,1082.12,29931.8
3511908,-21.8392,166.3128,1080.96,29043.8
8050390,-22.0417,166.4592,1080.48,22386.5
4159479,-21.9819,166.5661,1078.9,27588.0
30152,-22.1617,166.5133,1074.9,89208.0
4358156,-22.0456,166.4544,1074.68,27192.6
1740664,-22.055,166.585,1071.04,35630.2
6158153,-22.0894,166.5681,1068.21,24404.4
58608,-21.6092,165.8956,1068.14,78993.8
376560,-22.0761,166.4408,1067.9,52866.8
3168571,-22.0608,166.5733,1065.67,29957.3
9290009,-21.6769,166.2694,1065.22,21370.2
9627355,-21.7681,166.2528,1064.15,21124.3
11651035,-22.0636,166.5275,1063.63,19826.7
2866691,-21.9156,166.5075,1060.02,30860.3
1625039,-22.1686,166.5167,1056.93,36317.4
5195008,-21.935,166.4939,1056.88,25746.0
4396130,-21.92,166.25,1056.14,27119.8
6745880,-21.6081,165.8856,1055.57,23705.2
685495,-21.8386,166.3825,1055.34,45611.8
6490035,-21.9203,166.1897,1053.68,23999.0
66160,-21.5842,165.9353,1052.67,77158.6
389531,-22.0503,166.3892,1052.32,52440.8
1808808,-22.0075,166.4164,1050.85,35250.9
3838137,-21.7367,166.2747,1049.93,28272.3
5391920,-21.8644,166.1967,1049.6,25447.3
1760265,-21.6317,165.8861,1044.91,35519.2
3479998,-21.82,166.4239,1044.32,29124.8
4476962,-21.7767,166.2944,1042.48,26966.7
11532129,-21.8094,166.153,1042.0,19897.3
688219,-22.1017,166.6042,1041.17,45567.1
3354229,-21.8867,166.2175,1035.16,29448.9
271561,-21.925,166.5486,1034.75,57104.1
4415418,-21.8975,166.3908,1032.48,27084.6
5388666,-21.8408,166.3878,1031.51,25452.3
3432746,-21.9947,166.5769,1031.43,29244.9
9107140,-21.6606,166.2697,1030.67,21506.9
3109360,-21.9344,166.425,1030.18,30129.1
11779483,-21.9961,166.5733,1029.06,19755.9
973998,-21.6328,166.0689,1026.9,41680.7
7737886,-21.6119,165.9092,1024.06,22677.7
599369,-21.4344,165.4178,1023.69,47184.0
42995,-21.7531,165.9997,1023.51,83762.5
10347620,-21.8278,166.3036,1021.85,20626.8
8527504,-22.1122,166.6047,1021.03,21972.8
4468381,-21.9978,166.4095,1021.02,26983.2
10343043,-21.9947,166.405,1020.67,20629.9
8629009,-22.1047,166.5642,1020.62,21888.6
1880190,-22.0631,166.4058,1014.22,34869.3
7481598,-22.0111,166.4242,1006.02,22926.4
557232,-21.5197,165.6572,1004.11,48051.0
10369961,-21.7906,166.1544,1004.05,20611.4
1525785,-21.8939,166.2689,1001.26,36957.4
478105,-21.4344,165.75,1000.67,49902.2
2543877,-22.0911,166.5864,1000.58,31965.7
69350,-21.5531,165.7733,999.84,76468.5
8246348,-21.9033,166.3814,999.03,22212.2
2949833,-22.0669,166.4181,998.96,30601.2
4063997,-22.0175,166.4303,995.78,27783.6
9324365,-21.9028,166.3869,994.66,21343.3
206969,-22.0181,166.6503,992.17,60742.6
5047736,-22.0178,166.6628,991.5,25980.0
8900229,-21.8136,166.2361,991.11,21672.1
10606713,-21.8811,166.2183,989.56,20459.3
10059500,-22.1664,166.5253,983.55,20820.5
6249427,-22.0225,166.6708,982.0,24291.9
389198,-21.7694,166.3525,980.19,52451.8
1630309,-22.0669,166.4483,974.2,36285.8
8446924,-21.8972,166.265,972.7,22039.4
10521222,-21.4264,165.4133,971.73,20512.2
11195905,-21.9933,166.4953,971.56,20094.9
1830472,-21.9664,166.3456,971.13,35133.3
5634253,-22.0736,166.4272,969.36,25096.8
3663588,-21.7581,166.3467,968.14,28675.1
9672445,-21.9578,166.4697,967.37,21091.1
1874097,-21.9406,166.4506,966.16,34902.2
5199830,-21.9914,166.5642,963.86,25738.5
161562,-22.0203,166.3217,962.12,64142.3
1095453,-21.755,166.3228,961.17,40406.3
2283761,-22.0575,166.4464,959.21,32983.9
6222506,-21.7008,166.2328,959.15,24323.3
8436973,-21.6975,166.2161,958.74,22048.1
8517475,-21.8528,166.3828,955.96,21981.5
11834667,-21.4394,165.7505,953.03,19723.6
128128,-21.5897,165.843,952.87,67425.5
6033902,-21.9081,166.2558,945.88,24563.1
915690,-21.7714,166.1767,943.64,42355.5
6685954,-21.6567,166.2767,943.32,23772.3
560322,-22.0772,166.6517,941.73,47984.7
2758624,-21.7536,166.3306,940.4,31213.4
3131171,-21.7983,166.2144,939.1,30065.6
11779487,-21.7997,166.2125,938.55,19755.9
398751,-22.0075,166.2805,938.42,52152.1
4870090,-21.6811,166.28,938.11,26272.6
4783326,-21.8436,166.2036,937.99,26420.1
1697364,-21.9972,166.5481,936.6,35879.7
6831698,-21.6958,166.2364,936.25,23608.2
8575652,-21.8569,166.4903,935.93,21935.1
1877834,-21.9556,166.3275,934.06,34882.1
10763236,-21.5953,165.9425,933.18,20359.4
6259440,-21.8283,166.2906,930.6,24278.8
6344968,-21.4367,165.7169,930.12,24173.6
3188989,-22.0914,166.4431,929.81,29899.8
10676917,-21.4339,165.7117,926.81,20412.6
3433562,-21.6536,166.2281,925.4,29242.7
2548153,-22.0569,166.3714,922.39,31951.7
1319279,-21.7694,166.192,919.78,38449.5
10889752,-21.8208,166.3728,919.64,20281.1
7760391,-21.8261,166.2858,919.52,22655.2
3954410,-21.4236,165.4055,917.05,28014.2
8221604,-22.0131,166.3247,916.15,22235.1
1407337,-22.0403,166.627,912.95,37780.8
1651141,-21.7314,166.2889,908.5,36157.4
5741884,-22.0019,166.2739,908.26,24949.2
3107940,-22.025,166.6378,905.57,30133.3
6876954,-22.0311,166.5939,899.31,23559.6
3863726,-22.0683,166.6433,896.9,28215.9
209171,-21.4433,165.5708,894.52,60594.5
7308577,-21.6022,165.84,891.83,23100.8
6710640,-22.0728,166.6611,890.48,23742.8
8275950,-21.9975,166.5875,889.58,22189.2
8081850,-22.0247,166.6317,887.73,22360.8
821941,-21.6831,166.0156,886.27,43553.9
11570350,-21.4417,165.5658,886.26,19874.9
8592200,-22.0253,166.5161,882.28,21920.6
4057720,-21.4464,165.7336,882.19,27797.3
4714348,-22.1056,166.5522,879.22,26538.0
570875,-22.0961,166.4914,878.61,47762.5
10360911,-21.9617,166.338,877.38,20617.5
2105912,-22.0531,166.6208,877.06,33762.8
1234910,-21.4461,165.438,876.12,39137.6
10810803,-21.4453,165.7183,874.35,20328.1
2269007,-21.6383,166.0203,874.21,33045.6
1053558,-21.5597,165.9408,873.97,40829.8
942979,-21.6842,166.3092,873.06,42032.4
6982163,-21.6611,166.2878,872.92,23443.0
5439708,-22.1128,166.5594,870.22,25377.1
3202345,-22.0544,166.6064,869.08,29863.6
2276298,-21.7236,166.2925,867.25,33016.7
3891844,-22.1089,166.4883,865.95,28150.4
9183222,-21.6589,166.2853,865.93,21450.5
8978301,-21.6844,166.2883,862.95,21607.4
6277976,-21.7828,166.1647,858.42,24255.1
6084771,-22.0036,166.5517,857.99,24498.2
9070648,-21.9158,166.5533,857.54,21536.5
9324367,-21.8494,166.3011,857.0,21343.3
5541727,-22.0914,166.4894,856.77,25231.0
518693,-21.5333,165.7517,856.62,48907.9
2837564,-21.6597,166.2139,854.94,30955.1
10962763,-21.7294,166.2808,854.18,20233.9
888517,-21.8156,166.345,853.24,42691.1
2139925,-22.0097,166.6261,853.05,33607.7
2059116,-21.4544,165.4456,852.58,33981.0
3888886,-22.0244,166.3019,851.27,28157.2
6960618,-21.9144,166.3022,848.8,23467.5
6573781,-22.0286,166.6547,847.93,23900.6
5412984,-22.0183,166.29,843.35,25414.7
3787800,-21.5153,165.6097,842.23,28384.8
582834,-21.4719,165.5989,842.1,47513.7
4061849,-22.0614,166.6267,841.94,27788.2
2239155,-22.0242,166.338,840.14,33170.7
7715325,-21.6656,166.0106,839.18,22700.2
11667583,-21.6994,166.1675,838.19,19817.1
2370390,-21.4739,165.5811,838.08,32632.4
223151,-21.9725,166.2767,835.69,59710.1
4311552,-21.6314,166.0081,834.73,27283.8
4369025,-21.6606,166.2061,832.54,27171.5
3922139,-21.9314,166.1839,832.42,28084.7
3653531,-22.0875,166.6078,831.76,28697.3
3879241,-21.4375,165.5806,831.39,28179.8
5060871,-21.4703,165.5911,829.49,25957.9
1102403,-21.6925,166.2039,827.77,40340.0
5076744,-22.0197,166.627,826.99,25930.9
10338646,-21.5733,165.9161,825.67,20633.0
3236767,-21.8044,166.3253,825.23,29765.3
504890,-21.9769,166.6239,821.69,49235.1
7109009,-21.6122,165.9236,821.11,23309.5
298232,-22.1703,166.5658,819.94,55870.2
4366757,-21.9758,166.6328,819.74,27176.2
5393546,-22.0717,166.4975,817.84,25444.8
4538127,-21.4281,165.5731,815.11,26855.4
4731774,-22.0828,166.493,814.52,26509.2
6210636,-22.0297,166.3425,812.82,24339.0
1426110,-21.9847,166.6125,811.99,37645.7
47902,-21.4889,165.8725,811.9,82089.2
1204722,-22.0658,166.5905,811.15,39397.2
7921564,-21.5972,165.9569,807.6,22505.7
6414650,-22.0114,166.6756,807.03,24089.1
9020269,-21.4381,165.5747,806.44,21577.8
5252365,-21.6028,165.9678,804.11,25656.7
10875275,-22.11,166.5381,804.09,20290.5
10714298,-21.5975,165.9531,803.09,20387.6
4929118,-22.1358,166.6064,803.05,26173.0
9465295,-21.6061,165.8342,800.57,21238.6
3081241,-21.6281,165.9247,799.19,30211.4
9759846,-21.5683,165.9433,797.79,21030.6
9179451,-22.1311,166.6042,797.21,21453.5
10226814,-21.8244,166.3417,796.32,20707.0
521754,-22.1844,166.6406,796.31,48836.2
977087,-21.5992,166.0947,794.28,41645.6
10597576,-21.4606,165.4392,791.36,20465.6
980382,-21.7578,166.2167,790.95,41608.8
276101,-22.0714,166.7097,790.74,56889.5
6552026,-21.4669,165.5686,789.87,23927.2
3046079,-21.4933,165.8803,788.88,30312.5
571618,-21.5214,165.7167,786.76,47747.8
8863055,-21.68,166.3156,786.24,21698.6
3100652,-22.1425,166.5905,785.69,30152.3
5760941,-21.7428,166.3489,785.28,24926.2
4287347,-21.6644,166.2122,785.25,27330.4
9096293,-21.5397,165.7805,784.86,21515.7
887074,-22.1439,166.5792,783.97,42709.0
7620336,-21.7414,166.12,783.46,22792.6
11221179,-22.0817,166.4164,778.76,20079.0
9278652,-21.9811,166.5981,778.48,21379.1
7126086,-21.6025,166.09,778.28,23290.3
7034160,-22.1797,166.6464,777.39,23388.6
4692247,-21.4992,165.8597,776.44,26578.8
4221083,-21.6908,165.9922,775.03,27460.7
3268720,-22.1717,166.6439,770.31,29679.5
2008858,-22.1272,166.6325,769.35,34222.0
917422,-21.5719,165.8536,769.06,42334.4
24130,-22.2636,166.5883,766.61,92781.7
5856266,-21.4597,165.6786,763.97,24795.5
1867009,-21.4778,165.8428,763.79,34938.7
9522348,-21.6322,165.9297,762.21,21199.5
59987,-22.0808,166.8117,761.87,78637.4
3409191,-21.7219,166.3105,760.34,29305.8
5444634,-22.1811,166.5142,758.9,25369.5
10218021,-22.1633,166.5411,758.45,20713.1
5892368,-21.6208,165.9367,757.16,24749.2
3003928,-21.6689,166.282,756.29,30438.3
6581232,-21.4814,165.8369,755.8,23895.2
8423938,-21.8944,166.183,755.0,22059.6
1033204,-22.1597,166.6103,754.28,41041.5
10107136,-21.9533,166.3122,754.27,20786.8
1297958,-21.4103,165.5942,750.67,38616.5
11414100,-22.1083,166.5236,748.65,19964.4
898643,-22.0886,166.7936,748.53,42562.6
10275132,-21.9172,166.3639,746.79,20673.1
9784198,-21.5197,165.7097,745.61,21012.4
4533110,-21.9094,166.5508,743.22,26864.9
7726581,-21.7464,166.3572,743.2,22689.0
338837,-21.765,166.3808,743.01,54207.9
7457652,-21.605,166.0853,739.47,22951.4
7497613,-21.5158,165.7003,737.64,22909.7
1780970,-22.08,166.6897,736.71,35402.4
7036649,-22.1422,166.5742,736.51,23385.9
2119800,-21.5336,165.7331,736.36,33698.6
4153519,-21.7067,166.0189,735.64,27597.2
4920789,-21.9478,166.1817,733.82,26187.6
5147289,-21.4864,165.8886,731.67,25820.1
2357698,-22.0717,166.8164,731.65,32683.1
420094,-21.7739,166.39,730.56,51499.3
1939446,-21.4619,165.6595,728.62,34564.7
10768014,-21.7206,166.3033,725.93,20356.3
7274533,-21.7508,166.2206,724.94,23136.6
7927405,-21.9428,166.1817,721.4,22500.0
2048335,-22.1614,166.625,719.53,34031.6
263622,-21.5911,165.6994,718.7,57494.4
366101,-21.6825,165.9708,715.98,53224.7
9260111,-21.4711,165.8433,715.39,21394.0
7063480,-21.7719,166.3653,715.33,23355.9
342965,-21.5981,165.7755,706.04,54054.9
4976143,-21.5375,165.7917,703.63,26095.0
709191,-21.6544,166.0864,703.11,45221.8
1830473,-21.6178,165.7997,700.22,35133.3
3379301,-21.4642,165.8678,699.39,29384.0
1091848,-21.8472,166.51,699.19,40441.0
8960586,-21.4925,165.9003,691.42,21622.1
2794815,-21.6839,165.9553,690.76,31094.8
4070339,-21.4219,165.5858,689.22,27769.8
11007107,-21.6844,165.96,688.99,20205.5
6982156,-21.9417,166.3306,687.33,23443.0
1655819,-21.7108,166.335,685.75,36127.5
5181286,-21.6903,166.0331,685.25,25768.2
3916132,-21.4669,165.8533,684.99,28098.3
2628057,-21.4158,165.6056,684.72,31661.3
4142680,-21.45,165.6567,684.65,27620.3
1042226,-21.9911,166.3011,682.89,40948.2
1195088,-22.0272,166.692,681.92,39479.6
7219912,-21.4136,165.585,680.12,23191.6
4400843,-22.1053,166.5872,679.14,27110.4
857020,-22.2125,166.575,678.89,43089.2
1134369,-21.8564,166.5272,676.83,40034.1
9212706,-21.6158,165.9875,676.67,21426.7
10128832,-22.0967,166.4086,675.89,20771.5
9351110,-21.6069,165.7847,674.86,21322.4
11729713,-22.0947,166.4117,673.33,19784.9
1114488,-21.6014,165.7225,671.93,40223.0
4193622,-21.9847,166.4269,670.07,27518.6
485141,-21.7428,166.3922,669.56,49719.3
9067054,-21.5036,165.6636,669.42,21539.4
9085316,-22.165,166.5767,669.3,21524.6
9526209,-21.7408,166.3872,667.05,21196.5
10012419,-21.4033,165.6011,666.43,20854.1
4351204,-22.2044,166.5661,665.34,27206.6
54591,-22.2447,166.8167,664.49,80084.0
9557742,-21.4528,165.6592,663.83,21172.5
9209077,-22.0947,166.7911,663.71,21429.7
2858762,-22.1897,166.6564,663.62,30887.1
8266437,-21.8544,166.5322,663.33,22197.8
5655956,-21.4658,165.6722,663.06,25068.9
11256970,-22.1972,166.56,662.41,20056.8
7749031,-21.7606,166.1989,661.76,22666.5
1347672,-22.0922,166.8372,660.48,38228.4
9926219,-21.6258,165.9428,660.08,20912.1
6965475,-22.0272,166.5717,657.3,23462.0
232881,-21.7178,166.058,657.14,59141.9
9012949,-22.1864,166.5164,655.81,21583.7
8127942,-21.9958,166.6086,654.96,22318.1
232230,-21.6092,166.1769,653.62,59180.6
1886029,-22.1881,166.5481,653.36,34840.1
8946343,-21.5994,166.1178,650.42,21633.9
1101601,-21.9606,166.6411,649.64,40346.3
1519767,-21.4128,165.5003,649.41,36997.0
7447103,-21.4317,165.4431,647.96,22962.5
1809122,-21.7831,166.0442,646.29,35249.1
4039549,-21.7836,166.0325,646.23,27834.0
7536460,-22.0808,166.7914,645.08,22873.5
8917943,-22.0808,166.4544,644.5,21657.4
8275962,-21.4208,165.5611,644.11,22189.2
224912,-21.7881,166.0853,643.83,59605.4
8218588,-21.4217,165.5042,643.03,22238.0
4659453,-21.6289,166.2464,641.88,26636.3
469589,-21.6319,165.7495,640.95,50123.8
359327,-22.0542,166.7911,640.62,53458.8
8588896,-21.7064,166.3405,639.81,21923.5
320039,-21.6647,165.8614,639.68,54953.8
640385,-22.0942,166.8781,639.17,46405.3
5664667,-21.6881,166.0411,638.77,25056.2
3391547,-21.6092,165.8247,637.84,29353.6
6102052,-21.7156,166.3228,637.65,24474.8
2671700,-21.5936,165.75,636.81,31510.0
5877493,-21.9131,166.5381,636.43,24769.8
10953002,-21.9356,166.4661,635.97,20240.2
360365,-22.2219,166.7789,635.53,53423.0
1760601,-22.2397,166.8253,635.23,35517.4
2888943,-21.5486,165.6647,635.11,30790.0
7564298,-21.5225,165.7469,635.0,22845.7
706909,-21.5139,165.8167,634.53,45258.4
5199835,-21.6128,166.1805,634.01,25738.5
6226619,-21.6728,165.9447,633.73,24318.1
273242,-22.1622,166.7158,633.44,57024.8
1597657,-21.7628,166.3886,631.96,36490.7
4230228,-21.4761,165.6431,631.51,27444.4
3057033,-21.7947,166.0975,630.83,30278.8
6822498,-21.4058,165.4794,629.94,23619.0
2667261,-21.4564,165.6344,629.73,31526.2
1451558,-21.5806,166.0761,628.89,37465.9
6255412,-21.4544,165.7636,628.39,24284.0
11143663,-21.4814,165.6214,626.95,20123.4
112490,-22.2092,166.8864,623.67,69289.5
2536677,-22.1519,166.7164,622.71,31993.6
4233548,-22.0583,166.6811,622.24,27437.5
10739573,-22.1925,166.5117,620.41,20375.1
4889554,-21.5339,165.8039,619.74,26238.6
7058583,-21.7969,166.0905,619.63,23361.3
2344084,-21.7508,166.3694,618.92,32739.6
858908,-21.8058,166.0947,618.33,43065.5
1092808,-21.4319,165.7803,617.57,40433.1
4489811,-21.4592,165.6369,617.19,26945.4
11558795,-21.4006,165.4925,616.38,19881.3
480864,-22.2078,166.7667,615.86,49830.6
506726,-22.2586,166.7728,614.47,49191.1
708833,-22.1872,166.775,614.27,45227.4
1514247,-21.4836,165.7231,613.3,37033.1
4647848,-22.0483,166.7883,612.93,26657.8
4913735,-22.0522,166.7853,612.69,26199.8
9942870,-21.7,165.9964,612.66,20899.9
6470832,-21.9083,166.5764,612.35,24022.9
3553254,-21.4653,165.6172,612.12,28942.7
7088100,-21.4619,165.8411,611.28,23328.6
11016956,-22.0653,166.7047,610.8,20199.2
7003698,-21.7672,166.3972,610.74,23418.5
47335,-21.5017,166.0125,609.11,82285.3
3610813,-21.4169,165.4711,607.89,28801.4
11840260,-21.4672,165.6208,606.16,19720.4
4242674,-21.7461,166.0292,605.05,27418.9
5764503,-22.0422,166.7889,604.98,24921.1
4941679,-22.09,166.8806,604.66,26151.1
6864456,-21.405,165.5519,604.02,23570.4
10695653,-21.4017,165.4689,602.92,20400.1
7981423,-21.4275,165.5219,602.74,22451.8
6402138,-21.8033,166.0861,602.52,24104.9
75792,-21.7819,165.9305,602.48,75127.0
7217414,-21.4319,165.7925,600.72,23194.4
7194659,-21.5225,165.6855,599.47,23219.1
7090575,-22.1939,166.773,599.37,23325.9
61382,-21.5808,165.4558,599.25,78300.4
7285355,-22.1933,166.6675,598.82,23125.6
7041482,-22.0958,166.8847,598.69,23380.4
250392,-21.4347,165.895,598.04,58179.6
7583378,-21.6164,165.7308,595.51,22826.1
7969694,-21.8331,166.1731,595.24,22463.2
6224530,-21.5814,166.0617,594.63,24320.7
1834968,-21.6439,165.7364,593.9,35107.9
8026379,-21.9967,166.2942,592.86,22409.2
1136560,-21.7117,166.075,592.6,40011.8
2832649,-22.0614,166.7875,592.23,30971.6
5370416,-21.6553,166.0992,592.2,25477.3
10957830,-21.9864,166.2783,591.75,20237.0
392449,-21.5742,166.1492,590.59,52350.9
7452432,-21.4147,165.5328,587.04,22956.9
412452,-22.1778,166.9383,586.74,51727.7
4103360,-22.1006,166.847,585.8,27700.9
2742879,-21.6717,166.037,585.24,31266.4
1116264,-22.2092,166.9472,584.88,40205.6
3449360,-21.4928,166.0064,584.58,29203.5
315353,-22.1631,166.8986,584.45,55145.9
6156221,-22.1833,166.935,583.71,24407.0
8953451,-21.4083,165.5181,583.69,21628.0
8446921,-22.0869,166.8439,583.53,22039.4
6683797,-21.5558,165.6733,583.1,23774.9
1551371,-21.4056,165.7186,582.98,36788.0
1766646,-21.7189,165.9767,582.68,35481.5
5734750,-22.0583,166.7206,582.59,24959.4
6092483,-21.6167,166.1725,582.36,24487.8
6616319,-21.4922,165.9097,581.25,23852.5
236379,-21.8117,166.0253,580.93,58940.1
175540,-22.2797,166.9008,580.84,62997.7
3123161,-22.2658,166.7758,580.57,30086.7
9293752,-22.1986,166.7714,580.05,21367.2
2899985,-22.1056,166.8714,579.92,30756.9
11729712,-22.1008,166.8931,579.21,19784.9
5769807,-22.2261,166.7817,578.1,24913.4
4396132,-21.6244,165.8614,577.41,27119.8
526001,-22.2108,166.9247,575.7,48739.6
5894164,-21.4372,165.9131,575.62,24746.6
3708189,-21.4181,165.7622,574.82,28568.2
7781320,-21.6058,165.8111,574.23,22638.4
7422118,-22.1106,166.8775,573.39,22984.7
800483,-21.5569,166.1461,573.32,43849.9
2993133,-21.5972,165.8208,573.02,30469.7
575545,-22.1783,166.81,573.02,47665.0
3954408,-21.5475,166.1217,571.72,28014.2
200238,-21.7061,165.8972,571.68,61183.6
949489,-21.5739,166.0995,571.67,41958.0
6470831,-21.9144,166.5736,570.93,24022.9
3246734,-22.17,166.8117,570.61,29739.6
3451851,-22.1625,166.7044,569.88,29196.9
947626,-22.1836,166.8006,569.44,41979.3
2431455,-21.5678,166.1461,569.37,32391.4
188828,-22.11,166.6692,568.75,61992.5
2514875,-21.5497,165.9128,568.75,32075.1
8420628,-22.1986,166.6297,568.45,22062.5
9845381,-21.8528,166.5395,567.96,20966.9
8427235,-21.6578,166.1067,566.99,22056.8
4470817,-21.5844,165.9806,566.95,26978.5
9502619,-21.5847,166.0356,566.38,21214.6
786089,-22.1658,166.683,566.21,44055.7
11128919,-22.0719,166.6225,565.42,20132.9
5545110,-21.5503,166.1317,564.87,25226.0
11834648,-22.1,166.8564,564.72,19723.6
10489217,-21.6192,166.0961,564.67,20533.9
10758445,-21.7269,166.0617,564.29,20362.6
2536679,-21.8261,166.093,564.15,31993.6
5449560,-21.8611,166.5381,563.61,25362.0
11398381,-21.4256,165.6164,562.97,19974.0
8106312,-21.7147,165.99,562.68,22338.0
4210043,-21.7067,166.0403,562.5,27483.9
1388715,-21.5706,165.812,561.73,37917.2
8272814,-21.6083,165.695,561.62,22192.1
5661133,-21.7361,166.0611,561.25,25061.3
11558791,-21.4369,165.9086,560.36,19881.3
2861108,-22.1814,166.6733,558.23,30878.9
7163494,-21.4558,165.8425,557.77,23249.3
52257,-21.6119,165.515,557.15,80754.3
5331634,-21.5144,165.8561,556.62,25537.2
5123081,-21.5883,165.995,555.83,25857.1
1123521,-21.6211,166.1567,555.58,40135.8
5661132,-21.8186,166.0839,555.44,25061.3
10616084,-21.5531,166.1419,555.03,20453.1
8310723,-21.5139,165.7261,554.62,22157.6
924532,-21.6189,166.1342,554.57,42250.1
2077920,-21.8447,166.0981,553.81,33892.7
10050975,-21.6172,166.1819,553.37,20826.6
10325448,-22.1094,166.8969,553.22,20642.2
11333852,-21.5081,166.0431,553.09,20009.1
1885726,-22.1792,166.9236,552.51,34841.9
7460295,-21.7614,166.3986,552.46,22948.6
4656806,-22.1806,166.7778,552.01,26641.1
638414,-21.5692,165.9986,550.67,46442.3
8005400,-21.5589,166.1508,550.18,22429.1
8615437,-21.4206,165.7575,549.31,21900.2
8169503,-21.4242,165.7878,548.61,22283.8
11558786,-21.5478,165.907,548.25,19881.3
11133878,-21.4253,165.6025,547.32,20129.7
6136609,-22.2189,166.9347,547.17,24433.1
10849353,-21.5647,165.7636,546.69,20303.0
10094380,-21.5661,165.8367,546.43,20796.0
4748957,-22.2331,166.8294,545.08,26477.9
10849355,-21.4286,165.5953,544.73,20303.0
3373733,-22.1139,166.4556,544.69,29399.1
2128253,-21.5786,165.8031,544.03,33660.7
8301185,-22.1086,166.8658,543.77,22166.3
3766877,-21.8456,166.5283,543.76,28431.9
115572,-22.2467,166.6264,543.73,68894.0
10321083,-21.5589,165.8425,543.59,20645.3
811134,-21.5656,165.6431,543.53,43701.4
2510122,-21.4056,165.6208,542.48,32091.0
1127724,-21.7053,166.0925,542.39,40096.1
10351975,-21.5033,165.5925,542.28,20623.7
7118822,-21.6117,165.5214,542.07,23298.5
3952395,-21.4869,165.6739,541.78,28018.8
10029432,-22.0531,166.7969,541.47,20841.9
3636796,-21.965,166.5878,540.32,28739.4
1230709,-22.0161,166.7064,540.1,39173.4
7101564,-21.475,165.6706,539.22,23317.7
10700319,-22.0044,166.3344,539.07,20397.0
4729189,-21.6419,165.7692,538.68,26514.0
2347336,-22.1817,166.7864,538.45,32726.0
5123080,-21.8744,166.2944,538.32,25857.1
4979018,-22.1744,166.5361,538.31,26090.1
11277255,-21.545,165.9392,537.88,20044.1
6290272,-21.6219,166.1889,537.16,24239.4
5659408,-21.4011,165.625,537.11,25063.8
8294823,-21.6708,166.0447,536.96,22172.0
847489,-21.6561,165.8458,536.76,43214.7
5120156,-22.1869,166.67,536.68,25862.0
297017,-21.6781,165.8331,536.33,55924.9
3857628,-22.0256,166.5522,536.24,28227.2
5793319,-21.8614,166.5417,535.77,24880.1
4036405,-22.1833,166.8156,535.62,27840.9
7577855,-21.5092,165.7522,535.55,22831.7
10303674,-21.6053,166.0286,534.93,20657.7
3301363,-22.245,166.8008,532.45,29591.4
6960616,-22.1889,166.9425,532.21,23467.5
2954715,-22.1694,166.7694,531.4,30588.7
7715319,-22.01,166.7006,531.26,22700.2
7387755,-21.6572,165.852,530.64,23020.7
4923565,-22.0422,166.3072,530.62,26182.7
2602976,-21.5369,165.5945,530.59,31751.7
5176099,-21.4997,165.8256,529.54,25773.2
4435633,-21.5603,165.8725,529.26,27044.5
6668115,-22.145,166.5558,529.09,23793.7
3200735,-21.4283,165.8831,528.62,29867.8
3784079,-21.8361,166.0936,528.07,28393.7
5488430,-22.0936,166.727,527.55,25306.7
197781,-21.7833,165.9033,527.32,61352.0
8348730,-21.6008,166.1789,527.04,22123.1
11580976,-21.6125,165.7622,527.01,19868.5
6571592,-21.9503,166.6408,526.89,23903.2
9930414,-22.2108,166.7583,525.92,20909.0
1680609,-21.7281,166.3589,525.9,35979.0
7953819,-22.0053,166.7081,525.77,22474.5
9755715,-22.1056,166.8639,525.75,21033.6
5252361,-22.0981,166.7264,525.63,25656.7
11450960,-21.4358,165.775,525.54,19942.1
7625768,-22.2192,166.9647,525.34,22787.0
4274665,-22.1742,166.7739,525.23,27356.1
2584669,-22.1561,166.6908,524.63,31817.8
8985698,-21.7089,165.8897,524.47,21601.5
997911,-21.555,165.4272,524.14,41415.5
2654888,-21.6603,166.0731,523.89,31568.6
7266812,-21.5117,165.8689,523.64,23144.9
5617115,-21.6053,166.0092,522.92,25122.2
2203535,-21.6867,165.9275,521.8,33325.9
4087055,-22.1264,166.8811,520.91,27733.1
1195250,-21.5789,165.4319,519.94,39478.0
2883896,-22.2464,166.7944,519.9,30806.6
5075291,-21.5372,165.9136,519.56,25933.3
6286084,-21.9556,166.1911,519.1,24244.6
8298016,-21.4786,165.6606,518.97,22169.1
4979026,-21.6167,166.1444,514.36,26090.1
4292802,-21.6286,165.8311,513.8,27318.8
3645586,-21.5619,165.7411,513.8,28717.3
7118827,-21.4411,165.6458,512.36,23298.5
9985129,-21.5925,165.6747,511.89,20869.4
6782641,-22.105,166.433,511.56,23662.1
6972617,-21.5139,165.8619,510.52,23453.9
3319853,-21.4156,165.67,510.38,29541.8
3060744,-22.1983,166.8883,510.31,30270.4
8732474,-22.0739,166.7767,508.84,21804.0
6003540,-21.5728,165.4247,508.84,24604.6
2643503,-22.2367,166.7822,508.21,31606.9
9729215,-22.2003,166.5244,508.16,21048.7
4548030,-21.6167,165.5297,507.65,26836.4
10690915,-22.0725,166.7958,507.11,20403.2
2588842,-21.4878,165.7011,506.89,31801.8
4177709,-21.7989,166.1128,506.79,27548.7
6583409,-21.5594,166.1033,505.94,23892.6
1522298,-22.1219,166.845,505.01,36979.8
4522905,-21.5669,165.4244,504.98,26881.5
5264750,-22.2431,166.7864,504.91,25636.8
5476063,-21.74,166.0572,503.34,25321.8
199390,-21.6239,165.5753,503.33,61242.9
8237030,-21.5653,165.4339,501.41,22220.8
5911126,-21.5419,165.8145,500.8,24723.4
7944930,-21.6958,166.2831,500.69,22483.0
10137523,-21.5744,165.4355,500.47,20765.3
10156728,-21.545,166.1083,500.02,20756.1
7815602,-21.5856,165.7947,499.97,22604.6
7111379,-21.4778,165.6822,499.97,23306.7
887706,-22.0381,166.7611,499.45,42701.5
7726584,-21.5847,166.0005,499.07,22689.0
3149890,-21.5425,165.8747,498.53,30012.5
5308937,-21.435,165.6008,498.47,25569.7
5373621,-22.2639,166.7861,498.13,25472.3
1952224,-21.6444,165.865,497.8,34500.1
11398373,-21.5806,165.7717,497.62,19974.0
10611469,-21.6031,165.7978,497.56,20456.2
2410283,-21.5089,165.7728,497.11,32475.8
560722,-22.2906,166.7556,496.38,47975.4
5884952,-22.1833,166.7947,496.31,24759.5
11779507,-21.4117,165.7639,496.2,19755.9
9142361,-22.1597,166.5892,496.06,21483.2
8050389,-22.0717,166.7692,495.3,22386.5
4758603,-21.5178,165.8342,494.82,26461.1
8458262,-22.1003,166.912,494.55,22033.6
7168416,-21.5428,165.9575,494.39,23243.8
8050397,-21.7336,166.3522,494.11,22386.5
11221196,-21.6225,165.8278,491.79,20079.0
11834662,-21.5567,166.1389,491.17,19723.6
673563,-22.2714,166.7561,490.92,45815.3
5881185,-21.6403,165.9847,490.84,24764.6
3975890,-21.4444,165.6092,490.78,27968.7
8253957,-22.0692,166.7928,490.17,22209.3
2678523,-21.4039,165.8583,489.2,31485.7
5232588,-21.4322,165.6083,488.81,25689.0
306350,-22.3175,166.9219,487.73,55524.7
4606570,-21.6703,166.1139,486.81,26731.8
2775405,-21.5478,165.6333,486.7,31158.2
4707845,-21.4064,165.8764,484.44,26550.0
9913740,-22.0586,166.7097,484.18,20921.2
5495115,-22.2031,166.9644,484.15,25296.6
7229973,-21.6072,166.2019,483.15,23180.6
5433165,-22.1019,166.7336,482.58,25387.1
10648896,-21.9908,166.2636,482.46,20431.3
11277252,-21.6272,166.1595,482.43,20044.1
1306771,-22.0411,166.4183,482.07,38547.1
7553481,-21.4053,165.8631,481.89,22856.8
241765,-22.3703,166.7447,480.67,58642.0
3737873,-22.1864,166.6122,480.23,28499.0
6898225,-21.5458,165.6914,479.85,23535.2
532353,-22.3261,166.72,479.81,48591.6
2456260,-22.0328,166.7944,479.81,32296.8
2141539,-22.0469,166.7242,479.77,33600.1
1713728,-22.0133,166.7369,479.44,35785.5
7293004,-21.6308,165.9742,479.37,23117.3
454121,-22.2631,166.7281,479.36,50537.8
8779407,-22.0128,166.7161,478.34,21768.9
8645829,-21.4458,165.6003,477.61,21874.0
5092036,-22.1906,166.9542,477.31,25908.8
11724299,-21.785,166.0695,477.12,19788.1
6647183,-21.4508,165.6064,477.05,23815.1
4434458,-21.7033,166.0775,476.19,27046.9
9589580,-21.8981,166.5447,474.99,21148.4
4359317,-21.6719,166.1183,474.9,27190.2
6214636,-21.6164,165.5378,474.64,24333.8
2930190,-22.3644,166.7511,474.62,30661.5
8050402,-21.5619,165.7144,474.12,22386.5
10085793,-21.6103,166.1956,473.49,20802.1
3884086,-21.7336,166.3378,472.98,28168.5
11558785,-21.5547,165.7183,472.85,19881.3
4781979,-21.4494,165.9247,472.76,26422.5
10182862,-21.5647,165.7889,471.53,20737.7
2182562,-22.0306,166.7653,470.41,33417.6
9442120,-21.8711,166.5255,470.13,21256.6
263103,-22.2231,166.6139,470.06,57522.1
6255404,-22.1853,166.8822,470.01,24284.0
6069348,-21.7769,166.1214,468.58,24519.0
8799948,-22.1906,166.6036,468.54,21751.4
1419713,-21.6378,165.9703,467.84,37691.4
287632,-22.2036,166.7128,467.54,56347.1
7113844,-22.1067,166.9111,467.38,23304.0
8084906,-21.6475,165.787,465.85,22358.0
9901238,-22.1022,166.7839,465.61,20930.4
6425176,-21.5756,166.157,465.51,24075.9
6815783,-21.6236,165.8233,465.21,23627.1
4265607,-21.7208,166.3614,464.6,27374.7
3435228,-21.6558,166.1222,463.98,29238.3
9267550,-21.48,165.687,462.64,21388.0
2010003,-22.3708,166.778,462.52,34216.4
816086,-22.2786,166.9292,462.05,43632.9
2905051,-22.2733,166.7272,461.89,30740.3
3755770,-22.2708,166.8967,461.6,28458.7
1816083,-21.7983,166.0325,460.77,35209.3
1958630,-22.2067,166.6611,460.44,34468.7
2897384,-22.2417,166.9892,460.05,30765.2
7944932,-21.6619,166.0561,458.76,22483.0
6864436,-22.3667,166.7581,457.18,23570.4
4911017,-22.1047,166.7383,456.55,26204.6
11696848,-21.5008,166.025,455.3,19804.2
1826905,-21.6425,166.1475,452.95,35151.4
742468,-22.2681,166.6625,452.69,44697.5
11114023,-21.4417,165.9344,451.89,20142.4
8440265,-22.2256,166.9225,450.78,22045.2
6290277,-21.4758,165.7286,450.29,24239.4
1652532,-22.0619,166.7505,448.93,36148.6
522333,-22.2719,167.005,448.9,48824.5
10457460,-22.3667,166.748,448.64,20555.6
5515335,-21.6453,165.9803,447.52,25266.4
3131172,-21.6903,165.9172,445.18,30065.6
1599475,-21.7017,165.9122,444.01,36478.5
4446442,-21.5439,166.1025,443.96,27023.3
10967770,-21.5258,165.838,443.88,20230.7
4081675,-21.5728,166.1172,442.57,27744.6
7829931,-21.9964,166.63,441.92,22590.5
2921279,-21.4008,165.8986,441.69,30690.6
4203421,-21.7303,166.3308,441.68,27497.8
7898157,-21.99,166.2545,441.58,22528.3
2862967,-22.035,166.8025,441.32,30872.7
7984374,-21.9572,166.6208,441.21,22449.0
11302903,-21.5717,165.7325,440.98,20028.2
2353426,-22.1122,166.7472,440.96,32700.7
1421993,-22.1356,166.9169,439.99,37674.4
5115649,-21.5317,166.1089,439.91,25869.4
1524571,-21.79,165.8908,438.71,36966.0
5696175,-21.6361,166.1422,437.85,25010.4
1701150,-22.0614,166.8586,437.64,35856.6
10997140,-22.1586,166.8942,437.62,20211.8
204113,-22.1367,166.3039,436.51,60933.2
1551824,-22.2186,166.6617,434.35,36784.6
7841503,-21.5275,166.1025,434.31,22579.2
3469212,-21.4506,165.5478,434.07,29153.2
9648143,-22.2767,166.7553,433.51,21109.2
5503464,-21.6047,166.1895,433.47,25284.0
9684636,-22.2269,166.945,433.36,21082.0
11818132,-21.7986,166.0367,432.87,19733.3
10739587,-21.7728,166.0875,432.66,20375.1
10763243,-21.4475,165.9372,431.75,20359.4
3401193,-22.1728,166.8944,430.03,29327.5
1599477,-21.5542,165.3906,429.8,36478.5
11493077,-21.5728,166.0522,429.51,19916.5
7656107,-22.0442,166.77,428.9,22756.2
10516679,-21.5742,165.7583,428.72,20515.3
1006771,-22.3039,166.9117,428.67,41320.0
7300853,-21.5686,165.4511,427.88,23109.1
10012406,-22.0083,166.7322,427.79,20854.1
10107140,-21.8375,166.5292,427.45,20786.8
8698508,-22.0789,166.9022,427.31,21833.2
2858763,-22.1625,166.8236,427.16,30887.1
3947421,-21.8178,166.4603,427.02,28030.2
2208948,-21.6586,165.7817,426.99,33301.1
2832049,-21.5497,165.4164,426.72,30973.7
5406523,-21.6642,165.7814,426.08,25424.7
10810780,-22.2161,166.7908,426.06,20328.1
4844552,-22.36,166.7689,424.81,26313.8
3019310,-21.4158,165.7814,424.81,30392.2
3397969,-21.5311,165.9236,424.29,29336.2
6086726,-21.7339,165.9703,422.85,24495.6
1216563,-22.2811,166.6094,422.81,39295.2
3274910,-21.6,166.0,421.53,29662.4
1068738,-21.4336,165.8411,421.47,40673.5
5305805,-22.0397,166.6961,420.13,25574.6
9190792,-21.8294,166.5092,419.42,21444.6
3074507,-22.1183,166.7581,418.83,30228.3
10730133,-21.5511,165.42,418.04,20381.3
2838182,-22.2728,166.9183,417.98,30953.1
4819994,-22.2214,166.8294,417.8,26357.3
1883635,-22.2164,166.8697,417.63,34852.9
1867007,-21.7867,165.9878,416.84,34938.7
4889552,-21.7844,166.0078,413.78,26238.6
2518872,-21.5386,165.8547,412.89,32059.2
10962766,-21.6011,166.188,410.18,20233.9
906501,-22.2717,166.8425,408.41,42466.7
7950936,-22.2303,166.8461,408.38,22477.4
4269030,-22.2178,166.8317,408.36,27367.7
4480607,-22.2942,166.91,407.66,26959.6
2802010,-22.0711,166.8833,407.01,31070.2
2416564,-22.2769,166.9481,406.49,32450.3
5585566,-21.6572,165.9839,402.75,25165.3
3978862,-21.5594,165.4028,402.22,27961.9
11729733,-21.5406,166.1053,401.68,19784.9
267283,-21.6217,165.5553,400.91,57312.4
6294381,-22.2125,166.6631,400.59,24234.1
8202868,-21.4117,165.6603,397.14,22252.3
5185857,-21.6817,166.0722,396.32,25760.8
4796562,-21.91,166.5939,395.9,26396.0
10583823,-21.8908,166.5672,394.85,20474.9
10156727,-21.5744,165.4686,394.81,20756.1
5256919,-21.5878,165.6436,394.56,25649.3
2292795,-22.1892,166.9111,394.45,32947.2
715393,-22.3017,166.9897,394.42,45121.7
9972245,-22.0858,166.74,394.18,20878.5
5985602,-22.0544,166.8656,393.9,24625.3
6377011,-21.9067,166.5986,393.72,24136.6
2770513,-22.28,166.6033,393.42,31172.5
2679664,-22.2639,166.8575,392.97,31481.7
9099851,-22.1822,166.8592,392.8,21512.8
1267788,-22.0433,166.8367,392.22,38863.1
10012401,-22.0522,166.8678,391.95,20854.1
9027477,-22.12,166.6967,391.88,21571.9
1645051,-21.7367,165.9553,391.88,36194.4
11796015,-21.4578,165.8956,391.22,19746.2
2063364,-21.9761,166.3153,390.27,33962.2
5025462,-21.5561,165.9894,389.75,26014.3
687042,-21.7675,165.9133,388.55,45585.2
9636170,-21.7261,166.3497,388.42,21118.2
1188937,-21.6669,165.9222,387.06,39534.4
1319278,-21.8075,165.9836,386.73,38449.5
4781972,-22.2839,166.7567,386.13,26422.5
10889743,-22.0311,166.8125,385.43,20281.1
8044324,-22.1256,166.6478,385.28,22392.2
4629630,-22.1092,166.7994,382.64,26688.8
1678085,-22.2056,166.8428,382.56,35994.9
5412983,-22.0836,166.6272,381.85,25414.7
1609991,-21.9517,166.6739,381.78,36412.0
695196,-21.4792,165.9303,381.19,45450.9
1058369,-22.0894,166.3247,380.48,40779.9
10209280,-22.2653,166.7967,380.41,20719.3
7847741,-21.6531,166.1911,380.22,22573.5
11667558,-22.2961,166.7578,379.79,19817.1
8732482,-21.4067,165.7317,379.36,21804.0
8725654,-21.7917,165.9814,378.48,21809.9
568795,-22.1319,166.5017,378.45,47805.1
6404223,-21.7286,166.0933,376.13,24102.3
429996,-21.8289,165.9022,375.61,51205.3
1264682,-21.4539,165.9828,375.61,38887.7
1858186,-22.2217,166.8561,373.64,34984.2
132219,-22.1728,166.3378,372.44,66981.8
6955928,-22.3267,166.7522,372.41,23472.9
6158167,-21.4181,165.4489,371.77,24404.4
6644980,-22.2694,166.8478,371.55,23817.8
10782100,-21.6014,166.2022,371.3,20346.9
2964494,-22.1717,166.8536,370.91,30557.4
4966169,-21.9722,166.2472,369.36,26112.1
11173866,-22.1392,166.6956,369.11,20104.4
11503539,-21.7931,165.9786,368.83,19910.1
4548028,-21.9547,166.6936,368.68,26836.4
2567206,-21.4986,165.5647,368.58,31881.9
8845619,-21.6283,166.1825,367.94,21713.2
5237161,-21.9514,166.6844,366.62,25681.5
3572302,-21.4539,165.9955,366.49,28896.4
1871429,-21.8633,166.1058,365.79,34916.8
551619,-21.6456,165.5853,365.21,48167.6
3718574,-22.2631,166.8653,364.9,28545.9
2543880,-21.7756,165.8808,364.29,31965.7
1312114,-21.7481,166.4456,364.02,38505.8
4767966,-21.7989,165.9789,363.96,26444.2
1110271,-21.8006,165.9147,363.82,40264.2
9623407,-21.565,165.4083,362.68,21127.3
301819,-22.1086,166.2372,361.25,55718.3
3241451,-21.5636,166.055,361.24,29754.6
752754,-22.35,166.9178,361.0,44543.3
11829221,-22.1831,166.6931,360.78,19726.9
6862104,-22.15,166.8983,360.74,23573.1
5022573,-21.5475,165.4014,360.54,26019.2
1037675,-22.3397,166.7833,360.44,40994.9
9005927,-21.9206,166.5864,359.72,21589.7
11094023,-22.2697,166.8006,359.64,20155.0
1651140,-21.7422,166.4261,359.2,36157.4
351330,-22.1275,166.3914,358.5,53747.6
262773,-21.5794,166.1947,358.26,57537.6
3655557,-21.9842,166.6603,358.08,28695.1
7594390,-22.1269,166.3092,357.22,22815.0
6346959,-22.2692,166.8303,356.96,24170.9
3141785,-21.6675,165.7692,356.82,30033.8
5491750,-21.4808,165.9344,356.35,25301.6
6477216,-21.9533,166.7028,356.07,24014.9
6357351,-22.3117,166.7653,355.75,24157.8
10700317,-22.0725,166.8353,355.51,20397.0
3855662,-21.6944,166.0756,355.18,28231.7
8625669,-21.8031,166.0208,354.63,21891.5
6498621,-21.4422,165.5061,354.08,23988.4
10387960,-21.8767,166.5422,353.62,20599.0
5766216,-22.0064,166.3103,353.16,24918.5
10563533,-21.5358,166.1014,352.97,20484.2
11069137,-22.33,166.9225,352.58,20170.8
2080699,-21.7553,165.9617,352.54,33879.6
10525857,-21.7536,166.4436,352.25,20509.1
8378979,-21.6314,166.1864,351.87,22100.0
10046750,-22.26,166.7397,351.79,20829.7
3319124,-22.1039,166.7092,351.62,29544.0
9700849,-21.4511,165.9986,351.45,21069.9
6955929,-22.2794,166.805,350.86,23472.9
1303445,-21.8275,165.925,349.73,38571.9
7204797,-22.2567,166.653,349.62,23208.1
9853791,-22.3547,166.9142,348.86,20960.8
11256995,-21.4256,165.6544,346.95,20056.8
383315,-22.1497,166.4092,344.37,52644.5
10209284,-22.1519,166.4167,343.53,20719.3
2022056,-22.1181,166.255,342.39,34156.8
5157793,-21.5386,165.3994,342.31,25802.8
11021857,-22.15,166.4114,341.93,20196.1
2533117,-21.6364,165.69,341.57,32007.5
2016950,-21.6278,165.6192,341.15,34182.9
6585616,-21.46,166.0025,341.03,23889.9
9897167,-21.5075,165.7261,339.9,20933.4
5352489,-21.9681,166.2608,339.6,25504.8
1094951,-21.6514,165.8175,338.0,40411.0
9088959,-22.2647,166.9605,337.58,21521.7
8081844,-22.2764,166.8875,337.52,22360.8
5798700,-21.6333,165.6189,337.25,24872.4
7901035,-21.8303,166.4817,337.17,22525.5
7778456,-22.2689,166.8703,337.01,22641.2
9297632,-21.5028,165.735,336.99,21364.2
8333005,-21.7986,166.4456,336.93,22137.5
8870090,-21.4625,165.9078,336.69,21692.7
10290182,-21.505,165.7322,335.96,20666.9
11226350,-21.6719,166.1914,335.6,20075.8
9442124,-21.6597,166.1381,335.44,21256.6
8081851,-22.0211,166.7636,334.91,22360.8
7478949,-21.7764,166.11,334.87,22929.2
4418980,-21.8328,165.9339,334.69,27077.5
7165918,-22.1706,166.8725,334.2,23246.5
2644033,-22.2308,166.6589,334.11,31604.9
149437,-21.6936,166.4353,334.03,65240.4
2226472,-21.6683,165.7328,333.13,33224.5
685752,-22.1092,166.2786,332.52,45607.6
8649162,-22.1897,166.4986,332.25,21871.1
4025281,-21.45,165.8003,332.21,27866.0
5352486,-22.3083,166.7778,332.2,25504.8
10987347,-22.0992,166.6722,331.06,20218.1
4854112,-21.6389,165.6178,329.97,26296.8
3592279,-21.7306,165.9411,329.04,28845.7
7835679,-21.8308,165.9289,328.28,22584.8
803597,-22.0844,166.3103,327.2,43806.3
10772724,-21.7886,166.3317,326.64,20353.2
1874098,-21.6522,165.7092,326.1,34902.2
7264208,-21.7478,165.9575,326.01,23147.6
4108774,-22.0039,166.3461,325.96,27689.4
3838139,-21.5992,165.5011,325.56,28272.3
3372942,-21.6211,165.6314,325.54,29401.3
4203422,-21.5931,165.4978,325.29,27497.8
11762799,-21.9461,166.5864,324.68,19765.6
4031411,-21.5692,165.6983,324.57,27852.3
8565788,-21.7331,166.4108,323.79,21943.8
9271246,-21.4428,165.4611,322.57,21385.1
6275932,-21.5786,166.1903,321.1,24257.8
6218683,-21.8772,166.1119,320.77,24328.6
5238768,-21.6361,165.7017,320.55,25679.1
3695455,-21.5011,165.7936,320.08,28599.4
7704334,-22.2711,166.88,319.9,22711.4
7095618,-21.48,165.5431,319.71,23320.4
10312356,-21.7836,165.8831,319.63,20651.5
9376388,-21.7886,165.9492,319.29,21307.5
166578,-22.4156,166.8214,318.54,63709.7
166627,-29.0114,167.94,318.51,63706.7
2510120,-21.6442,165.6153,318.43,32091.0
7895210,-22.0239,166.7881,317.83,22531.2
2043658,-21.6278,165.645,316.24,34054.0
6715309,-22.3661,166.7944,315.91,23737.4
6136605,-22.4111,166.8297,315.91,24433.1
3802309,-22.1881,166.4867,315.34,28353.3
7414167,-21.8181,165.9281,315.12,22993.0
8873638,-21.6233,165.6233,314.61,21689.8
1258915,-22.0975,166.3364,312.7,38935.2
566153,-21.5203,165.3292,312.41,47861.1
2951183,-21.9103,166.1528,312.38,30597.0
413893,-21.7481,165.7925,312.36,51685.8
3604763,-21.6092,165.6714,312.01,28816.9
428448,-21.5347,165.2822,311.64,51251.3
4405603,-21.7525,166.0956,311.57,27101.0
4390300,-21.4492,165.975,311.0,27131.6
9664207,-22.0528,166.8167,310.79,21097.1
2392757,-22.1022,166.2433,309.7,32544.4
7334383,-21.705,166.2942,308.52,23073.2
7547450,-21.7517,166.4583,308.21,22862.4
8221613,-21.6225,165.6289,306.98,22235.1
3120266,-22.0525,166.8772,306.85,30095.2
1649528,-22.1553,166.7886,306.83,36168.0
1941879,-21.4622,165.5097,306.76,34551.8
1855748,-21.6525,165.5672,306.09,34997.0
9796293,-22.0322,166.7545,306.08,21003.3
4417784,-22.0378,166.4061,305.98,27079.9
1013238,-21.5744,166.1733,305.8,41249.0
3226520,-21.4947,165.5553,305.11,29795.2
2384581,-22.1264,166.7983,304.59,32575.7
857021,-21.5117,165.3358,303.33,43089.2
626133,-21.5122,165.4258,301.44,46666.7
2945312,-22.1619,166.8472,301.07,30615.7
4890881,-21.6592,165.7461,300.36,26236.2
2947231,-21.655,165.5853,299.72,30609.5
9849620,-22.2247,166.6572,299.63,20963.8
3213963,-21.7644,165.9633,298.45,29829.4
2505494,-21.4889,165.9517,298.41,32108.9
6598858,-21.8044,166.0039,298.36,23873.9
2033766,-21.64,165.5628,297.66,34100.8
8921551,-21.6322,165.623,297.3,21654.5
1629161,-21.7811,165.8658,296.17,36291.1
3312876,-22.095,166.31,295.62,29561.2
3897256,-21.4281,165.8267,294.54,28141.3
237687,-22.0533,166.1797,294.28,58866.5
1402843,-21.5194,165.3069,294.02,37812.9
8291625,-21.6269,165.6058,293.99,22174.9
10962753,-22.1461,166.9022,293.31,20233.9
1215318,-21.7722,165.9553,292.49,39306.5
10705013,-22.1436,166.8622,292.41,20393.8
5750805,-22.2369,166.6333,290.81,24936.4
8739373,-21.6525,165.688,290.42,21798.2
2198403,-21.5469,165.5703,289.12,33347.0
7832820,-22.1453,166.4164,287.96,22587.6
1520279,-21.7106,166.4053,287.79,36993.5
1136066,-21.4197,165.965,287.23,40016.5
1986060,-21.4211,165.8375,286.94,34333.5
9027482,-21.9128,166.1572,286.31,21571.9
5379103,-22.1436,166.3125,285.89,25467.3
2885770,-21.6758,165.6156,285.67,30800.4
1455129,-21.6903,166.1353,285.12,37442.0
5461134,-22.0983,166.3422,284.97,25344.4
8877074,-21.7775,166.4189,284.84,21686.8
11049311,-22.1189,166.2472,284.7,20183.4
5979952,-22.0889,166.3522,284.21,24633.1
1995635,-22.1967,166.49,283.3,34287.1
8547357,-21.5531,165.3745,283.21,21955.4
1941877,-22.3108,166.9378,282.4,34551.8
3504385,-21.5628,165.5711,281.48,29063.5
10630204,-21.4244,165.9728,281.44,20443.8
4480611,-21.6719,165.6067,281.17,26959.6
753303,-22.1931,166.4592,281.0,44534.7
1816412,-21.47,165.5036,280.96,35207.5
10351959,-22.3397,166.7767,280.62,20623.7
11210873,-21.7256,165.9305,280.53,20085.3
5575345,-21.6531,165.7211,280.52,25180.5
6618505,-22.3092,166.9911,280.34,23849.9
6130619,-21.59,165.4636,280.24,24440.9
1531333,-21.7486,165.8208,279.7,36921.1
461754,-21.8133,165.8755,279.56,50334.4
7016239,-22.2769,166.7881,278.96,23404.9
7898155,-22.3364,166.7353,277.84,22528.3
9680605,-21.9331,166.6778,277.79,21085.0
441247,-21.5114,165.3822,277.76,50887.0
10815498,-21.9208,166.3253,277.49,20325.0
3367382,-21.5181,165.3355,277.45,29416.5
5285584,-21.5542,165.5761,276.93,25607.0
10068847,-21.61,165.4947,276.65,20814.4
7603828,-21.5442,165.4075,275.74,22809.4
11158811,-21.7594,165.9642,275.24,20113.9
10462037,-21.7697,166.0733,274.42,20552.5
5659405,-21.5389,165.365,273.97,25063.8
4045706,-21.6297,165.6589,273.78,27820.3
8385425,-21.6408,166.1125,273.59,22094.3
4839029,-22.0319,166.8222,273.36,26323.5
4100187,-22.1331,166.4,272.88,27707.8
5153293,-22.1811,166.9108,272.71,25810.2
8691814,-22.3183,166.7889,271.91,21839.0
2451404,-21.7089,166.3761,271.59,32316.5
3274905,-22.4186,166.8008,271.13,29662.4
8461437,-22.1242,166.2639,270.66,22030.7
5528785,-21.535,165.3542,270.55,25246.2
4279207,-22.2903,166.6783,269.53,27346.8
2194646,-21.5225,165.5758,269.49,33364.2
6475130,-21.6311,165.67,268.57,24017.6
5342732,-21.4694,165.4558,268.2,25519.8
4844551,-22.4244,166.8089,267.5,26313.8
8336169,-21.9964,166.335,267.33,22134.6
7862179,-21.4847,165.9453,267.19,22559.4
11267141,-22.3028,166.9764,267.11,20050.4
7583377,-21.6192,165.64,266.99,22826.1
1786533,-22.1025,166.3011,266.97,35370.0
2561303,-22.0892,166.2464,265.59,31901.8
11597312,-21.8122,165.9175,264.45,19858.9
5662900,-21.4553,165.5336,264.27,25058.7
484145,-21.9083,165.9714,264.25,49744.9
9743507,-22.2264,166.6483,263.99,21042.7
755619,-21.8456,165.9592,263.53,44500.3
10744303,-21.5492,165.575,262.8,20372.0
3585279,-21.7544,165.8158,262.38,28863.3
4738295,-21.7619,165.8206,262.01,26497.2
2107870,-22.1192,166.405,261.5,33753.3
3522194,-22.1906,166.4667,261.49,29019.6
3282804,-21.4633,165.4661,261.42,29640.9
4396131,-21.7114,166.3997,260.42,27119.8
261500,-22.6528,167.4619,260.38,57600.7
10725476,-21.4453,165.4728,259.76,20384.5
9316844,-22.0167,166.7678,259.51,21349.3
7024527,-21.8069,166.06,259.07,23399.5
9780200,-21.6847,166.1364,257.77,21015.4
1035318,-21.4706,166.0456,257.17,41018.2
5924019,-21.5247,165.317,257.03,24705.4
10849345,-21.7331,165.9292,256.66,20303.0
6468726,-21.4172,165.6381,255.93,24025.5
3775645,-21.975,166.3042,255.65,28413.9
10834738,-21.9311,166.6261,255.14,20312.4
9445954,-22.1397,166.8475,254.97,21253.6
1689809,-21.5128,165.3281,254.95,35924.1
3299024,-21.9367,166.6036,254.72,29597.8
11575650,-21.8253,165.9081,254.36,19871.7
6598861,-21.5975,166.1572,254.35,23873.9
4112008,-21.6036,165.6617,254.3,27682.5
541071,-21.515,165.3514,254.2,48397.2
7274526,-22.2861,166.6753,253.97,23136.6
1970504,-21.4858,165.4655,253.53,34409.5
357173,-22.4519,166.7939,252.56,53535.0
6084770,-22.1869,166.4739,252.02,24498.2
953352,-21.515,165.407,251.49,41914.0
5367162,-22.3475,166.7975,251.32,25482.3
2635953,-21.6964,166.4225,250.61,31635.1
4445236,-21.5172,165.4439,249.82,27025.7
2482389,-22.1933,166.3564,249.59,32198.0
5782363,-21.5939,165.47,249.58,24895.5
10195942,-22.0939,166.3528,249.54,20728.5
8069646,-21.9828,166.2433,246.76,22372.2
3194902,-22.3103,167.002,246.04,29884.9
9434406,-21.4825,165.7522,245.86,21262.6
8477692,-21.5578,166.0508,245.75,22016.3
3403589,-22.4428,166.7825,245.59,29321.0
3397965,-21.8811,166.5144,245.29,29336.2
4841782,-21.4928,165.9625,245.29,26318.6
8181562,-21.5594,165.585,245.01,22272.3
1954294,-22.1389,166.2586,244.43,34489.0
10493856,-21.675,165.748,244.06,20530.8
2387405,-21.5372,165.5428,243.19,32564.0
2071327,-21.5092,165.3492,243.06,33922.8
4773931,-22.3211,166.8042,242.98,26437.0
6218684,-21.7589,165.9422,242.74,24328.6
1548878,-22.3142,166.6908,242.64,36805.3
4280397,-22.1481,166.7669,242.64,27344.4
6238534,-21.515,165.4367,242.09,24302.4
3087459,-21.5244,165.5486,242.08,30192.4
8830950,-22.1831,166.7064,241.52,21725.0
4351207,-21.5281,165.3497,241.34,27206.6
6259434,-22.2858,167.0047,241.21,24278.8
8910855,-21.7636,165.9494,240.77,21663.3
310255,-29.1239,167.9483,240.49,55357.0
10700326,-21.82,165.9742,240.45,20397.0
503094,-21.5086,165.3672,240.44,49277.8
8946324,-22.1214,166.7142,240.43,21633.9
7639713,-21.7258,166.4053,240.02,22773.0
1040555,-22.2117,166.4939,239.48,40963.8
4114127,-21.5447,165.3433,238.33,27677.9
2471836,-21.5378,165.415,237.03,32237.6
3906983,-22.1836,166.3583,236.77,28118.7
4911019,-21.525,166.0267,236.25,26204.6
7838555,-21.8372,165.9411,236.07,22582.0
9027493,-21.5294,165.2875,235.62,21571.9
11466768,-21.6158,165.6214,235.01,19932.5
2303733,-21.4142,165.8147,234.55,32902.7
5372052,-22.2822,166.782,233.31,25474.8
9747638,-21.7464,165.9339,233.31,21039.7
3720375,-21.7211,165.9072,233.17,28541.5
9917888,-21.5175,165.5475,233.03,20918.2
961884,-21.9142,166.13,232.88,41816.6
7085548,-21.4908,165.5381,232.55,23331.3
599912,-21.9142,166.0092,232.16,47174.6
897967,-21.5489,165.5336,231.85,42571.5
11256977,-21.9603,166.2069,231.11,20056.8
2662031,-21.4992,165.4275,230.67,31542.3
613217,-22.0956,166.195,230.15,46911.8
11785044,-21.4978,165.4178,229.93,19752.7
8827455,-21.6703,165.5855,229.59,21727.9
3583599,-22.2986,166.6778,229.28,28867.7
3098550,-22.2278,166.7422,229.22,30158.7
343368,-22.3944,172.0855,229.2,54042.0
9828816,-21.7978,165.95,229.15,20979.0
7505743,-22.0756,166.3147,229.07,22901.4
7901041,-21.4975,165.7811,229.0,22525.5
1029045,-21.5125,165.4958,228.47,41083.4
8184507,-21.4242,165.2972,228.09,22269.5
6163977,-21.8364,165.9203,227.79,24396.6
2552386,-21.7719,165.8461,226.8,31935.8
9114349,-21.6244,166.1122,226.74,21500.9
6065538,-21.7631,165.8094,226.57,24524.2
9368678,-21.6289,166.1719,225.82,21313.4
5018214,-21.4931,165.532,225.48,26026.5
2582009,-21.5336,165.4536,225.28,31827.9
7746265,-21.5411,165.4217,225.15,22669.3
3927628,-22.2875,166.7047,223.97,28075.6
523013,-21.7128,165.7656,223.14,48807.5
4488559,-21.8631,166.0925,222.8,26947.8
367417,-21.9775,165.9928,221.93,53178.0
2867909,-21.6656,165.648,221.91,30856.2
3024094,-21.5303,165.3042,221.69,30377.6
2243703,-21.9364,166.15,221.69,33153.4
385458,-22.0,166.1583,221.53,52574.3
1190096,-21.875,166.0922,220.76,39523.1
1257397,-22.4508,166.8264,220.65,38948.3
7043895,-21.7517,165.8067,219.62,23377.7
1525299,-21.6553,165.8317,219.38,36960.8
8143161,-22.2967,166.8747,219.22,22303.8
7821323,-21.5522,165.5633,219.0,22598.9
3115527,-21.6767,165.6886,218.42,30110.0
11829218,-22.2306,166.7469,218.13,19726.9
8786305,-22.1422,166.4236,217.42,21763.1
3737874,-21.935,166.5842,216.86,28499.0
11613600,-21.7583,165.7969,216.16,19849.2
2999321,-22.1236,166.4228,216.07,30453.0
7803983,-21.6303,166.1103,215.72,22615.8
4321920,-22.3694,166.8219,215.67,27262.8
11064194,-22.1167,166.8261,215.38,20174.0
4463645,-22.3014,166.7008,215.0,26992.7
3442051,-22.1517,166.3906,214.92,29223.1
7034162,-22.1081,166.2183,214.36,23388.6
9656191,-21.5094,165.5456,214.11,21103.2
7693278,-21.68,165.6964,213.79,22722.6
4381111,-21.5678,165.6167,213.24,27150.4
844151,-21.5614,165.51,212.75,43258.9
641342,-21.8853,166.0003,212.25,46387.4
5066548,-21.9769,166.0045,211.49,25948.1
998040,-21.8794,165.9425,211.4,41413.9
4795183,-21.7075,165.88,210.89,26398.4
11419319,-21.5406,165.5617,209.5,19961.2
1078486,-21.5139,165.3972,209.46,40574.7
1192496,-21.855,165.9247,209.4,39503.8
3520478,-21.9133,166.1428,209.27,29024.0
11542709,-22.2236,166.5706,209.05,19890.9
1010661,-22.0636,166.2108,206.94,41278.3
3088750,-22.3078,166.9503,206.79,30188.2
1030493,-21.5694,165.3306,206.65,41067.9
7253108,-21.7603,165.92,206.63,23155.9
2369475,-21.4861,165.5003,206.11,32636.3
10457468,-22.1131,166.4047,206.01,20555.6
2816555,-21.5258,165.3664,205.26,31023.0
5124605,-21.7917,166.4528,204.59,25854.6
670628,-21.5422,165.4825,204.08,45866.7
4630885,-22.2089,166.5022,203.93,26686.5
11532141,-21.6508,165.6664,202.8,19897.3
6752516,-21.5675,165.6025,202.48,23697.1
7331771,-21.8939,166.0064,201.83,23076.0
6431587,-22.025,166.7356,201.41,24067.9
8345481,-22.3661,166.8161,200.49,22126.0
1323010,-21.83,165.9497,200.32,38419.6
5205989,-21.4122,165.6456,200.29,25728.6
4438030,-21.5567,165.5269,199.6,27039.8
1345816,-21.5397,165.3222,199.08,38243.4
2655982,-21.7197,165.945,199.04,31564.5
1188764,-21.4842,165.7864,199.0,39536.0
9339597,-22.2322,166.6306,198.93,21331.4
6011208,-21.8056,165.9539,198.77,24594.2
11190768,-22.1186,166.7217,198.22,20098.0
3102047,-21.5344,165.4064,198.15,30148.1
4715584,-22.0586,166.1761,198.07,26535.6
5578712,-21.8853,166.5097,198.03,25175.4
9216376,-22.1425,166.4308,197.56,21423.8
11461508,-22.3044,166.6978,197.39,19935.7
1156912,-21.6872,165.8114,197.1,39823.4
10042382,-21.5658,165.6003,195.87,20832.7
3086758,-22.2161,166.4983,195.84,30194.6
8491434,-21.8122,165.9095,195.19,22004.7
9465286,-21.7633,165.8728,195.15,21238.6
6884015,-22.4194,166.7939,195.13,23551.5
9557724,-22.1225,166.4092,194.62,21172.5
3392344,-21.5531,165.3533,194.33,29351.4
6652346,-21.5267,165.4355,194.22,23812.4
7993353,-21.8419,165.9672,193.7,22440.5
2382179,-21.5456,165.3497,193.68,32585.5
4098109,-21.5525,165.3319,193.52,27712.4
7993369,-21.4192,165.8086,193.13,22440.5
10938379,-21.6964,166.4158,192.93,20249.6
6636185,-21.7144,165.9395,192.73,23828.5
9461372,-21.6589,165.6094,192.33,21241.6
9812463,-22.1461,166.7972,192.08,20991.2
1017344,-21.8767,165.9861,192.04,41205.7
4723532,-21.5767,166.1361,192.03,26521.2
8480991,-22.1206,166.4156,191.64,22013.4
6152399,-21.6703,165.6255,191.53,24412.2
5600053,-21.5381,166.0742,191.09,25147.6
7757612,-21.535,166.0753,190.82,22658.0
6224529,-21.6717,165.6683,190.58,24320.7
7266811,-21.5244,165.463,190.08,23144.9
1910038,-21.6086,165.6306,189.17,34715.5
514056,-21.4872,166.0756,188.55,49015.9
7566987,-21.6231,165.6797,188.22,22842.9
1828978,-21.9014,165.96,188.0,35142.3
5909257,-21.5089,165.3564,187.61,24726.0
6387517,-21.4003,165.7922,186.9,24123.4
11007109,-21.5544,165.3289,186.85,20205.5
10457462,-22.3033,166.9647,186.71,20555.6
9656173,-22.2997,166.7944,186.59,21103.2
526457,-22.3436,171.3544,186.35,48729.1
10016640,-22.3108,166.8206,186.18,20851.1
4676300,-21.5267,165.3606,184.98,26605.2
2705994,-21.575,165.343,184.6,31392.5
10549671,-22.2931,166.7025,183.91,20493.6
3955398,-21.6819,165.7792,183.78,28012.0
5630813,-21.5128,165.3675,183.57,25101.9
8084908,-21.5819,165.5781,183.24,22358.0
10648895,-22.0086,166.3592,182.73,20431.3
547755,-21.9911,166.0264,182.71,48250.8
10690913,-22.0933,166.227,182.68,20403.2
4743602,-21.5272,165.3795,182.47,26487.6
2934417,-22.3908,166.9244,182.31,30651.1
2598537,-21.7842,165.8417,182.28,31767.7
1586196,-21.5867,166.1442,182.19,36562.2
11287502,-21.5206,165.4303,182.06,20037.7
7441665,-22.1283,166.4189,181.5,22968.0
5326856,-22.1475,166.2689,181.48,25544.7
11807032,-22.1875,166.4497,180.7,19739.8
2435551,-21.9694,166.6844,180.5,32377.6
11388039,-21.5692,165.3392,180.22,19980.4
10943319,-21.6636,165.6205,179.9,20246.5
4560457,-21.5981,165.5305,179.61,26812.7
8845616,-21.6861,165.8058,179.3,21713.2
8172533,-21.5019,165.5356,179.2,22280.9
3503519,-21.5144,165.3189,178.94,29065.7
11054347,-22.1808,166.4695,177.79,20180.3
2642979,-21.6511,165.5389,177.7,31608.9
4531905,-22.0908,166.3825,177.17,26867.3
4861555,-21.4869,165.3967,177.09,26287.2
4176669,-21.5208,165.4189,176.84,27551.0
6567421,-22.1722,166.4733,176.82,23908.6
1391547,-21.5969,165.6161,176.34,37897.0
5354096,-21.9003,165.9639,175.56,25502.3
2164473,-21.9956,166.0397,175.43,33497.6
1479424,-21.6489,166.3297,175.39,37269.8
710076,-22.2103,166.3517,175.07,45207.7
4358158,-21.4828,165.7706,174.94,27192.6
4042643,-22.0422,166.2839,174.9,27827.1
2825077,-21.5347,166.0045,174.33,30994.2
10378794,-21.9383,166.1425,173.94,20605.2
3922137,-22.1653,166.4655,173.51,28084.7
4966170,-21.915,165.9969,173.36,26112.1
8732462,-22.4572,166.8203,173.27,21804.0
849171,-21.9769,166.2178,172.82,43191.1
11801620,-21.9233,166.6328,171.55,19743.0
8735937,-22.105,166.3472,171.34,21801.1
4970408,-21.7694,165.8558,171.1,26104.7
11746295,-21.5572,165.5225,170.73,19775.3
5787732,-21.4547,165.468,170.59,24887.8
10943327,-21.4797,165.8017,170.3,20246.5
7155987,-21.4703,166.0522,170.25,23257.5
3799972,-21.4839,165.4339,169.59,28355.6
3223571,-21.8469,165.9103,169.34,29803.8
11195913,-21.6492,166.338,169.0,20094.9
3092987,-21.6597,165.5522,168.34,30175.6
2916845,-22.1339,166.3289,167.78,30705.1
7492257,-21.6525,165.5497,167.75,22915.3
9849641,-21.5739,166.1886,167.48,20963.8
1971239,-21.5719,165.5206,167.46,34405.8
2017306,-21.6772,165.8145,167.09,34181.0
11667566,-22.1308,166.4339,166.86,19817.1
9160949,-21.5631,165.3394,166.68,21468.3
1700593,-22.2786,166.6939,166.46,35860.2
10796559,-21.6858,166.4292,166.02,20337.5
7148493,-21.7833,166.4517,165.93,23265.7
9951179,-22.2389,166.68,165.84,20893.8
7709856,-21.7642,165.8856,165.7,22705.8
671596,-21.6747,166.3892,164.98,45850.0
756078,-21.7461,165.7375,164.96,44493.2
5184311,-22.0742,166.295,164.17,25763.3
1833074,-21.6031,165.6092,164.12,35118.7
9506623,-21.52,165.5014,163.94,21211.6
10558830,-22.6481,167.4667,163.61,20487.3
1748578,-21.5689,165.4811,163.6,35583.7
7901032,-22.0017,166.7528,163.55,22525.5
5518701,-21.4378,165.2697,163.55,25261.3
3924146,-21.9933,166.0305,163.25,28080.1
8834470,-21.8139,165.9461,162.81,21722.0
5850718,-21.6881,165.6014,162.3,24803.2
9048939,-21.5608,165.5572,161.99,21554.2
10982424,-21.56,165.53,161.82,20221.3
6275933,-21.5456,165.2742,161.3,24257.8
5372058,-21.7811,165.8567,161.02,25474.8
2044886,-21.5483,165.3036,160.83,34048.4
8163235,-21.5606,165.3708,160.62,22289.5
3703562,-21.8917,166.1528,160.59,28579.4
5106879,-21.5272,165.3956,160.53,25884.2
3132606,-21.4289,165.9894,160.47,30061.3
9942873,-21.5206,165.4153,159.62,20899.9
3996760,-21.5219,165.2944,159.61,27925.4
1058504,-21.6136,165.4239,158.72,40778.3
7580608,-21.81,165.9044,158.69,22828.9
7382627,-21.685,165.5972,158.23,23026.2
4378654,-21.6553,166.3472,158.22,27155.0
6318454,-21.9872,166.7364,157.79,24207.8
5333162,-21.5225,165.5253,157.46,25534.7
2961220,-21.6633,165.5092,157.08,30567.8
5367163,-22.2997,166.7164,156.84,25482.3
3455843,-21.4339,165.2225,156.63,29186.0
3110723,-21.8033,166.485,156.47,30124.8
6562973,-22.1581,166.4347,156.32,23913.9
831181,-22.2561,166.4539,156.07,43430.9
9692710,-21.4442,165.2228,156.05,21076.0
1362293,-21.5886,165.3825,156.03,38116.6
7385181,-21.8019,166.4958,156.03,23023.5
8348729,-21.6186,165.6778,156.02,22123.1
2775406,-21.4528,165.2597,155.96,31158.2
4521718,-21.5267,165.3711,155.9,26883.9
6152394,-22.0308,166.2622,155.78,24412.2
11851330,-21.6094,165.6161,155.01,19714.0
5454547,-21.8167,166.4717,154.63,25354.5
7972666,-21.4825,165.7983,154.23,22460.4
6249433,-21.5939,165.3739,154.06,24291.9
7261636,-21.4681,165.5331,153.92,23150.4
5922179,-21.5208,165.4806,153.63,24708.0
8205959,-21.4528,165.2858,153.56,22249.5
10290179,-21.5961,165.3797,153.53,20666.9
10073109,-21.6486,166.3158,152.9,20811.3
10503057,-21.4931,165.4969,152.77,20524.6
1615339,-21.6822,165.5481,151.9,36378.8
2187455,-22.055,166.2547,151.86,33394.7
8514086,-29.0442,167.9828,151.84,21984.4
1036951,-21.7492,165.7528,151.84,41002.7
793616,-22.0394,166.0464,151.57,43947.1
9692698,-21.6636,165.5128,151.35,21076.0
3957953,-21.8908,165.9492,151.11,28009.7
9853671,-29.0417,167.9658,150.98,20960.8
6020601,-22.4253,166.7883,150.93,24581.3
8883989,-21.5231,165.4244,150.92,21680.9
2369944,-21.5619,165.475,150.83,32634.3
3454226,-21.6481,165.5242,150.64,29190.4
3044018,-21.6983,165.8231,150.41,30318.8
7229966,-22.1564,166.3806,149.92,23180.6
2928911,-22.1414,166.2342,149.51,30665.6
5318419,-21.7256,165.9161,149.24,25554.7
11548192,-22.1578,166.3881,148.56,19887.7
2778437,-21.4011,165.8055,147.97,31148.0
10854190,-21.4569,165.2594,147.56,20299.9
4896671,-22.41,166.7808,146.83,26226.5
6092484,-21.5844,165.3856,146.78,24487.8
4971857,-22.3856,166.8394,146.59,26102.3
9153577,-21.4244,165.2736,146.31,21474.3
6701713,-21.5336,165.3183,146.16,23753.5
7927392,-22.4583,166.8117,146.01,22500.0
7550160,-21.8547,165.915,145.77,22859.6
4104460,-21.7008,166.4417,145.72,27698.6
9884538,-21.6058,165.4175,145.69,20942.5
7026952,-21.4406,165.2619,145.44,23396.8
11667592,-21.5308,166.0058,144.83,19817.1
5272498,-22.0822,166.2186,144.72,25624.4
11173869,-21.9808,166.2222,144.62,20104.4
3507766,-21.8717,166.0097,143.78,29054.7
8221609,-21.7975,166.4817,143.62,22235.1
5216591,-21.6789,165.5472,143.2,25711.3
10739602,-21.4439,165.2642,142.79,20375.1
6086728,-21.5558,165.47,142.71,24495.6
11702281,-21.9125,166.1247,142.68,19801.0
5336458,-21.4867,165.3745,142.54,25529.8
5237165,-21.5406,165.305,142.44,25681.5
5803997,-21.5731,165.5181,142.4,24864.8
2750391,-21.8658,166.1278,142.19,31239.9
4934610,-21.7631,166.438,141.91,26163.3
10535867,-21.8292,165.9697,141.8,20502.9
3533357,-21.7958,165.8514,141.37,28991.1
6464434,-21.8611,166.1297,141.29,24030.8
4718233,-21.585,165.6108,141.01,26530.8
11356841,-21.5572,165.5025,140.97,19999.5
1216202,-22.2033,166.4305,140.93,39298.4
10899433,-22.0736,166.2892,140.83,20274.8
8196742,-21.4567,165.2811,140.43,22258.0
10602210,-21.7561,165.9011,140.39,20462.4
3874431,-21.6492,165.5045,140.32,28191.1
979611,-22.2331,166.415,140.28,41618.0
3219171,-21.8653,165.9567,140.01,29816.6
5892369,-21.5886,165.5947,139.87,24749.2
9565506,-21.8922,165.9569,139.36,21166.5
6336774,-21.8667,165.9289,139.21,24184.1
6701705,-21.7997,166.4753,138.91,23753.5
1298153,-22.1378,166.3564,138.7,38614.8
9853809,-21.5689,165.3906,138.26,20960.8
3760351,-21.7472,165.8675,137.65,28447.5
3620627,-21.4858,165.3003,137.65,28777.1
9063482,-21.4939,165.4561,137.62,21542.4
3494309,-22.1567,166.3019,137.61,29089.8
6505061,-21.4611,165.2758,137.31,23980.4
1645909,-21.7542,165.7653,137.21,36189.1
9092635,-21.6528,165.5153,136.56,21518.7
8362956,-21.6781,165.6261,136.53,22114.5
4325476,-21.5597,165.3172,136.47,27255.7
1388075,-21.7036,165.7428,136.37,37922.2
7245353,-21.7439,165.7308,136.3,23164.2
3500952,-22.0589,166.2019,136.05,29072.3
5832429,-21.5447,165.4942,135.83,24828.9
10244385,-21.4397,165.2097,135.81,20694.6
1095310,-22.2317,166.4025,134.67,40407.9
997912,-21.4756,167.8414,134.61,41415.5
2111042,-21.6875,165.7883,134.55,33738.2
8655857,-21.6475,165.4928,134.12,21865.3
2497362,-21.7569,165.7619,133.67,32140.6
11762802,-21.8708,165.9395,133.63,19765.6
5567114,-21.5503,165.2956,133.47,25193.1
8026382,-21.8856,166.1514,133.27,22409.2
10957847,-21.4622,165.2958,133.19,20237.0
3150576,-21.7975,165.8606,132.85,30010.4
6265594,-22.1564,166.28,132.71,24270.9
8326646,-21.4192,165.1769,132.34,22143.2
11398376,-21.5381,165.3078,132.3,19974.0
8362959,-21.545,165.5267,132.21,22114.5
4123196,-21.655,167.9814,131.85,27661.8
6324531,-21.6867,165.6486,131.68,24199.9
3931559,-21.6958,165.5936,131.61,28066.5
4133994,-21.7897,166.4747,131.21,27638.7
7318840,-21.8158,165.9997,131.03,23089.8
11173873,-21.8608,165.925,130.33,20104.4
4961898,-21.4789,165.257,130.3,26119.4
1429626,-22.3053,166.4547,130.26,37620.3
9260110,-21.5281,165.4942,130.16,21394.0
2101110,-21.5333,165.5119,130.08,33785.4
9796311,-21.5058,167.8558,129.38,21003.3
5837929,-21.5719,165.3561,129.15,24821.2
11256991,-21.5281,165.5572,129.15,20056.8
2975862,-22.0119,166.1522,128.86,30524.0
9601422,-21.4272,165.1769,128.53,21139.4
11210875,-21.6686,165.82,127.85,20085.3
6063646,-21.5708,167.8881,127.39,24526.8
1112748,-22.0886,166.0925,127.08,40240.4
10098639,-21.4453,167.84,126.97,20792.9
6766290,-21.6058,165.5639,126.75,23681.0
6864455,-21.4667,165.2911,126.37,23570.4
3148429,-22.1372,166.4583,125.4,30016.8
2254664,-21.7428,165.75,124.98,33105.4
10231155,-21.6253,166.2644,124.48,20703.9
4355840,-21.6911,165.7681,124.2,27197.2
4926368,-21.525,165.3742,124.2,26177.9
1226620,-22.2514,166.3903,123.88,39209.2
7981422,-21.5222,165.3936,123.82,22451.8
10387951,-22.1414,166.3956,123.65,20599.0
5929669,-22.0761,166.2122,123.19,24697.6
2866046,-21.6817,165.5308,123.12,30862.4
3289042,-21.6892,165.6281,122.39,29625.8
3725009,-22.2608,166.3986,122.03,28530.3
3857627,-22.2358,166.4244,121.81,28227.2
4651742,-21.605,165.5519,121.8,26650.6
11856986,-21.4692,165.3033,121.53,19710.7
8181540,-22.6433,167.4492,120.99,22272.3
9553825,-21.495,165.4717,120.71,21175.5
8205957,-21.4864,165.2772,119.43,22249.5
4072378,-21.7003,165.7739,119.22,27765.2
10782092,-21.88,165.9811,118.81,20346.9
2926355,-21.6994,165.6292,118.18,30673.9
1276261,-21.9767,165.9633,118.1,38792.6
4980446,-21.5808,165.3619,117.92,26087.7
2461230,-21.5894,165.5494,117.52,32277.1
7812691,-22.0336,166.2647,117.49,22607.4
3161325,-21.695,165.6347,117.47,29978.6
3899174,-22.4058,166.7895,117.23,28136.8
1372428,-22.08,166.1317,117.21,38039.6
1784374,-21.7778,165.7789,117.21,35382.6
10849342,-21.7617,165.7669,116.96,20303.0
1644759,-22.0222,166.0364,116.04,36196.2
2169939,-22.2681,166.4011,115.74,33472.8
9627342,-22.2539,166.5675,115.52,21124.3
8530810,-22.2572,166.3964,115.36,21969.9
10875305,-21.4872,165.5183,115.22,20290.5
2653732,-22.0136,166.1792,114.73,31572.6
2019124,-21.6761,166.3778,114.71,34171.7
8356556,-21.6825,166.4272,114.59,22120.2
2876339,-21.7081,165.7517,114.53,30831.4
1384787,-22.0347,166.12,114.41,37947.4
11537447,-21.4964,166.0628,114.25,19894.1
6848044,-21.9683,165.9633,113.77,23589.3
1594386,-22.0386,166.1683,113.36,36509.9
9880434,-21.7494,165.7853,113.07,20945.6
7229968,-22.035,166.1239,112.97,23180.6
9796298,-21.8853,166.085,112.89,21003.3
3222082,-21.9225,166.1267,112.43,29808.1
11128941,-21.485,165.36,112.03,20132.9
2354856,-21.7903,165.7692,112.02,32694.8
8378983,-21.4719,165.2786,111.86,22100.0
8218576,-22.1594,166.2864,111.51,22238.0
9012962,-21.5267,165.52,111.43,21583.7
6361548,-22.1511,166.4722,111.36,24152.5
1871103,-22.2,166.3719,111.05,34918.6
10844420,-21.6706,165.5517,110.69,20306.2
7441664,-22.1314,166.3789,110.64,22968.0
7760383,-22.1081,166.3594,109.71,22655.2
1632507,-21.9358,166.0278,109.53,36271.8
11651053,-21.5758,165.3597,109.5,19826.7
3764091,-22.2383,166.4383,109.5,28438.6
6953556,-21.9211,166.1444,109.13,23475.6
4536884,-22.0881,166.2606,108.81,26857.8
1810728,-22.0703,166.0469,108.58,35240.1
3109361,-21.7125,165.6397,108.14,30129.1
4295082,-21.6825,165.5639,107.89,27314.1
10383339,-21.7189,166.3914,107.72,20602.1
6629474,-22.4297,166.8408,107.62,23836.5
5151858,-21.9664,165.9772,107.5,25812.7
5585567,-21.59,165.5336,107.49,25165.3
7606593,-21.5886,165.3719,107.44,22806.6
5224335,-21.8556,165.9078,107.44,25698.9
2447719,-22.1433,166.4456,107.27,32328.4
1528032,-22.2144,166.4019,107.1,36941.8
8398170,-21.515,165.4519,106.53,22082.7
4995232,-22.1631,166.4053,106.42,26065.7
9549835,-21.4936,165.3597,106.29,21178.5
5187364,-22.3453,166.9742,106.19,25758.3
3855661,-21.7372,165.8111,105.35,28231.7
11564138,-21.4122,165.1719,105.19,19878.1
2906836,-21.5989,167.8525,105.13,30734.1
1898923,-21.6956,165.5428,105.09,34772.3
1938450,-21.8561,165.8133,105.04,34570.2
7093054,-22.2033,166.4594,104.48,23323.1
7729412,-21.9617,166.6689,104.47,22686.1
9845392,-21.4681,165.9319,104.43,20966.9
4896676,-21.7347,165.8058,104.3,26226.5
11735171,-21.7847,165.8372,104.22,19781.7
3610805,-22.12,166.3372,104.17,28801.4
8674920,-21.9142,165.9886,104.05,21853.6
9190800,-21.5717,165.5406,103.84,21444.6
7924450,-21.4806,165.3217,103.84,22502.9
8996522,-21.7367,165.8033,103.83,21592.6
7536473,-21.6,165.5417,103.38,22873.5
7841504,-21.4681,167.9936,103.14,22579.2
9812477,-21.5011,165.2811,102.93,20991.2
9800377,-21.4764,165.3247,102.71,21000.3
2317533,-22.3436,166.8561,102.63,32846.5
2295411,-22.1706,166.3136,102.52,32935.6
4883893,-21.7022,165.6006,102.21,26248.3
5093530,-21.8361,165.95,102.19,25906.3
9549827,-21.8825,166.1461,101.9,21178.5
8474554,-21.5294,165.4878,101.89,22019.2
11313214,-22.0858,166.2908,101.85,20021.8
2011809,-22.0017,166.0636,101.81,34207.1
2401154,-21.6786,165.5236,101.66,32511.1
6764013,-22.1664,166.4181,101.35,23683.7
10943323,-21.4994,165.2864,101.28,20246.5
7533763,-21.7117,165.6344,101.08,22876.3
8786323,-21.69,165.743,101.01,21763.1
6967818,-22.2497,166.4592,100.74,23459.3
8143168,-21.7486,165.7611,100.69,22303.8
11367196,-22.1558,166.4736,100.65,19993.1
4923567,-21.9697,165.9542,100.52,26182.7
8115462,-21.7481,165.9256,100.11,22329.5
5092039,-21.9072,166.0017,99.87,25908.8
10602213,-21.6597,165.5075,99.52,20462.4
2942171,-21.5369,166.0208,99.39,30626.1
6496451,-29.0211,167.9689,99.37,23991.0
6585612,-21.5828,165.5583,98.28,23889.9
8084899,-22.0617,166.2742,98.03,22358.0
8047361,-21.9772,166.2306,97.99,22389.3
3860392,-21.9197,166.1169,97.55,28220.4
4251537,-22.0889,166.1006,97.49,27400.3
7661626,-21.6858,165.5675,97.15,22750.6
8827445,-22.0442,166.2603,96.71,21727.9
4225505,-21.6294,166.2128,96.49,27451.4
2105911,-22.3439,171.36,96.36,33762.8
3044710,-21.8597,165.8286,96.34,30316.7
5707923,-21.6028,165.4514,96.03,24997.6
5291854,-21.4219,165.8622,95.79,25597.0
3560013,-22.2281,166.4847,95.75,28925.1
11713271,-21.9006,166.1389,95.69,19794.6
11292505,-21.6767,166.1489,95.59,20034.5
7575165,-21.4003,165.8292,95.58,22834.5
8729018,-21.5156,165.4575,95.5,21806.9
9619427,-21.9389,166.0311,95.11,21130.3
5375243,-21.8006,165.8369,94.92,25469.8
7165930,-21.5781,165.4064,94.82,23246.5
6605347,-22.1628,166.2703,94.37,23865.9
8193659,-21.4678,168.0244,94.35,22260.9
5929667,-22.1706,166.4647,94.18,24697.6
6160081,-21.9086,166.1272,93.59,24401.8
5647364,-21.5639,165.3092,93.56,25081.6
5153297,-21.6289,165.5122,93.46,25810.2
11382832,-21.4917,165.2719,93.17,19983.6
5680274,-22.1106,166.3658,92.83,25033.3
9880414,-22.3339,167.0008,92.44,20945.6
8527501,-22.1692,166.3083,92.33,21972.8
6269746,-21.5033,165.2486,92.15,24265.6
3694593,-21.9881,166.757,92.15,28601.7
5159363,-22.1842,166.3322,92.14,25800.3
6558645,-21.8583,165.9617,92.11,23919.2
3975877,-22.3086,166.8439,91.6,27968.7
3267288,-22.2353,166.4922,91.37,29683.8
7109012,-21.4581,168.0531,90.89,23309.5
11114013,-21.8814,166.1428,90.15,20142.4
10875295,-21.6753,165.5458,89.79,20290.5
6888633,-22.1275,166.3714,89.32,23546.1
9502615,-21.6714,165.8125,89.29,21214.6
6565225,-21.5539,166.0347,88.97,23911.2
9183230,-21.4853,165.3156,88.96,21450.5
5398486,-21.8919,165.9756,88.76,25437.2
4761312,-21.69,166.4058,88.56,26456.3
3641234,-21.6233,165.4733,88.54,28728.4
10786974,-21.8714,165.9644,88.32,20343.8
9942875,-21.4689,168.0333,88.06,20899.9
3433557,-22.0833,166.1236,87.46,29242.7
10749074,-22.2669,166.4458,87.46,20368.8
2198402,-21.8197,165.7592,87.27,33347.0
11773951,-21.5728,165.3986,87.25,19759.1
8575648,-22.0506,166.2447,86.97,21935.1
7436274,-21.6972,165.7114,86.65,22973.6
4886696,-21.5172,165.945,86.1,26243.5
4423808,-21.9022,166.0722,85.86,27068.1
10156711,-22.0619,166.1911,85.84,20756.1
7121254,-21.8456,165.8808,85.74,23295.8
3475075,-21.7108,165.6794,85.35,29137.9
2869735,-22.0061,166.0261,85.16,30850.0
2297216,-21.9433,165.9194,85.09,32927.8
2563557,-21.9019,166.6228,85.09,31895.8
8796637,-21.5014,165.26,85.02,21754.3
8096989,-21.6981,165.657,85.0,22346.6
4176668,-21.7161,165.6992,84.87,27551.0
2552384,-22.0175,166.1633,84.65,31935.8
3971882,-21.7333,165.7072,84.17,27977.8
5883107,-21.705,165.7875,84.0,24762.0
2394269,-22.0486,166.0886,83.09,32538.5
9959633,-22.0869,166.1203,83.07,20887.7
4101226,-22.08,166.1389,82.95,27705.5
7441662,-22.2192,166.5047,82.88,22968.0
9884526,-21.8606,165.972,82.74,20942.5
7308568,-22.0547,166.1708,82.5,23100.8
11564115,-21.8592,165.9756,81.77,19878.1
5859886,-22.0464,166.0333,81.36,24790.3
8845615,-21.7392,165.85,81.06,21713.2
6725292,-22.6028,167.4964,80.79,23729.3
4422544,-21.9942,166.0567,80.53,27070.4
8014439,-21.9072,165.9922,79.63,22420.6
4390295,-21.8808,166.1278,79.62,27131.6
6112242,-21.6419,165.4733,79.51,24461.8
5622208,-22.0794,166.1442,79.51,25114.6
6075135,-21.5572,165.3028,79.33,24511.2
4830772,-21.8144,165.7558,79.04,26338.0
2610542,-21.9711,166.0919,78.98,31723.6
11059337,-21.5533,165.312,78.75,20177.1
5863548,-21.5367,166.0289,77.68,24785.2
11508844,-21.7333,165.8625,77.51,19906.9
6642753,-22.2289,166.4781,77.41,23820.5
7135931,-21.6939,165.7972,77.04,23279.4
7056110,-21.7925,165.8297,76.86,23364.1
11773929,-22.1244,166.3692,76.8,19759.1
6218677,-22.2006,166.4497,76.73,24328.6
4550566,-21.5825,165.5317,76.54,26831.7
5291848,-21.7231,165.8055,75.58,25597.0
9837183,-21.5369,166.0364,75.33,20972.9
6218674,-22.2794,166.4467,75.29,24328.6
10439422,-21.9978,166.0592,73.86,20568.0
3967878,-22.0014,166.0308,73.75,27986.9
3154152,-21.6075,166.2328,73.71,29999.8
6818054,-21.7111,165.7794,73.71,23624.4
5603481,-22.1853,166.3242,73.49,25142.5
3928630,-22.0031,166.0553,73.44,28073.3
7606590,-22.015,166.1514,73.12,22806.6
11779482,-22.0164,166.1742,73.03,19755.9
11163803,-22.0906,166.1053,72.93,20110.7
6286086,-21.7158,165.6895,72.89,24244.6
5086137,-22.2325,166.4519,72.6,25918.6
6132606,-22.0161,166.0436,72.46,24438.3
4207791,-21.7053,165.5622,72.3,27488.5
8166325,-22.2764,166.4533,71.89,22286.6
11118929,-22.0958,166.1364,71.71,20139.2
5436403,-21.5736,165.5117,71.68,25382.1
8501193,-21.9647,166.1678,71.65,21996.0
7034158,-22.2336,166.4544,70.79,23388.6
5722437,-21.9039,166.105,70.74,24977.2
7675620,-22.1917,166.3775,70.66,22736.6
5578718,-21.5983,165.3894,70.26,25175.4
10360910,-22.0106,166.1678,70.06,20617.5
7016248,-22.0139,166.1678,69.88,23404.9
7829930,-22.0067,166.037,69.61,22590.5
8423941,-21.7489,165.7767,69.08,22059.6
8282166,-21.5706,165.3686,68.77,22183.5
3314411,-22.0017,166.1058,68.56,29556.9
3772894,-22.2681,166.4169,68.41,28420.7
8307649,-21.7844,165.7861,68.23,22160.5
10038141,-21.6275,165.4625,68.23,20835.8
4185408,-21.9642,166.095,68.04,27532.5
6224521,-22.2328,166.4494,67.08,24320.7
3454224,-21.9519,166.0317,66.87,29190.4
3459110,-22.0981,166.1189,66.81,29177.3
4382228,-22.1517,166.3594,66.69,27148.0
10611457,-22.0122,166.187,66.65,20456.2
4267876,-22.23,166.5081,66.12,27370.0
9631408,-21.8619,165.8328,66.01,21121.3
8484227,-22.2311,166.4453,65.79,22010.5
6032001,-22.1681,166.3778,65.64,24565.7
5094986,-22.2139,166.3339,65.64,25903.8
3579244,-22.2936,166.4839,65.45,28878.8
7824145,-21.8197,165.7542,65.22,22596.1
3621520,-22.1775,166.2845,64.98,28774.9
7313737,-21.5692,165.4936,64.23,23095.3
5029740,-21.7339,165.6842,64.18,26006.9
3983928,-21.8703,165.8219,64.13,27950.5
8057569,-21.6225,165.4803,64.04,22383.6
3731441,-22.3006,166.5967,63.81,28514.7
9502613,-21.7278,165.8125,63.79,21214.6
6900529,-22.2022,166.4261,63.56,23532.5
5905500,-22.3081,166.4811,63.52,24731.2
4105505,-21.73,165.7814,63.08,27696.3
9640119,-21.6247,165.46,62.9,21115.2
7457641,-22.1625,166.3692,62.83,22951.4
3830005,-21.9689,166.0111,62.8,28288.1
9506620,-21.6753,165.5144,62.16,21211.6
3984885,-22.5981,168.9508,61.3,27948.2
10909061,-22.1419,166.3531,60.31,20268.5
9832981,-21.5483,165.4689,60.26,20976.0
11790607,-21.6739,165.5175,60.02,19749.5
4545617,-21.9403,166.1011,59.0,26841.2
8903778,-21.8081,165.8133,58.98,21669.2
7051117,-22.1522,166.4456,58.98,23369.5
4269034,-21.9331,165.9072,58.78,27367.7
8841594,-22.2114,166.4042,58.52,21716.2
4316141,-22.2261,166.3878,58.38,27274.4
7690585,-22.2197,166.3403,57.71,22725.4
10948090,-22.1556,166.3328,57.18,20243.3
10068832,-22.1667,166.3922,56.06,20814.4
8960580,-21.7075,165.7981,55.84,21622.1
5139862,-21.935,166.1106,55.8,25832.4
8598898,-21.6997,165.7967,55.78,21914.8
8081852,-21.9658,166.675,55.3,22360.8
10137513,-21.8639,165.9108,55.26,20765.3
8410972,-21.715,165.7119,55.06,22071.2
5439709,-22.0775,166.1544,54.8,25377.1
7512211,-22.2467,166.4758,54.72,22898.6
8257071,-21.5317,165.9914,54.44,22206.5
8705210,-21.9419,165.9992,54.2,21827.4
5725958,-21.935,166.0847,52.34,24972.1
8543973,-22.2392,166.4592,51.88,21958.3
8996521,-21.7389,165.7644,51.12,21592.6
11713270,-21.9236,166.6436,51.02,19794.6
6991691,-22.0233,166.205,50.68,23432.1
10782090,-21.9386,166.0033,50.47,20346.9
5485138,-21.9822,166.1108,50.28,25311.7
10025084,-21.7206,165.8139,49.31,20845.0
11856970,-22.0767,166.1608,48.77,19710.7
5836126,-21.9789,166.0656,48.36,24823.7
7768812,-22.2997,166.4483,48.31,22646.8
9131473,-22.2258,166.4317,47.63,21492.0
6656865,-21.9619,165.9964,47.22,23807.1
6120979,-22.5503,166.7919,46.93,24454.0
8369166,-22.2411,166.5433,46.85,22108.7
6449312,-22.2883,166.4258,46.74,24049.4
8233973,-22.0658,166.1242,46.25,22223.7
6311766,-22.6908,167.5336,46.02,24215.7
9593482,-22.0167,166.0289,45.65,21145.4
7484290,-22.5783,167.5264,45.04,22923.6
10894558,-22.0569,166.1572,43.47,20277.9
10768001,-22.0347,166.1719,43.11,20356.3
9593473,-22.2942,166.4361,42.9,21145.4
11553519,-22.2289,166.5378,42.88,19884.5
7862173,-21.7539,165.7064,42.59,22559.4
9198099,-21.7311,165.745,42.25,21438.6
7224907,-22.0319,166.1547,42.19,23186.1
7379930,-29.1292,167.9494,42.13,23029.0
9201795,-21.9278,165.9011,41.72,21435.6
9286184,-22.28,166.425,41.14,21373.1
7520219,-22.0261,166.1453,41.12,22890.2
7737870,-22.3808,166.8508,40.36,22677.7
11477377,-22.0381,166.1539,39.3,19926.1
8103223,-22.3042,166.5811,39.17,22340.9
8163222,-22.3553,166.8447,38.99,22289.5
11768306,-22.4597,166.7769,35.42,19762.4
10147938,-22.3103,166.5667,33.83,20762.3
11472024,-21.7686,165.688,33.59,19929.3
10294563,-21.935,165.9117,33.51,20663.8
10480138,-22.0136,166.0656,33.31,20540.1
10658291,-22.0578,166.0661,32.74,20425.0
10690919,-21.9853,166.0983,32.67,20403.2
10806103,-22.3153,166.4733,32.44,20331.3
10829785,-29.0714,167.9639,32.39,20315.6
11133862,-21.8978,165.8542,31.8,20129.7
11482641,-22.1786,166.398,31.15,19922.9
11487783,-22.2739,166.5042,31.14,19919.7
