19026,-71.8764,6.67,3143.5,96513.6
184774,-71.8864,6.5617,3109.97,62291.9
326311,-74.4161,-6.0317,3085.44,54700.5
238222,-71.8608,6.8358,3075.97,58837.3
3785811,-71.9008,6.7242,3064.51,28389.3
190699,-71.9286,6.6183,3056.93,61856.7
4851303,-71.8917,6.74,3056.03,26301.7
1033909,-71.9031,6.5925,3039.68,41033.7
1909639,-71.8831,6.6375,3027.63,34717.3
4162585,-71.8928,6.6692,3023.14,27581.1
14440,-71.8675,9.7667,3005.43,100891.3
964510,-71.8581,9.775,3001.18,41787.6
808381,-71.9208,6.7833,2999.47,43739.3
44307,-71.99,7.3517,2992.04,83290.4
1502961,-72.0036,7.3617,2985.59,37110.5
4108669,-71.9125,6.7383,2985.24,27689.4
1329315,-72.1181,12.2033,2971.37,38369.8
8921113,-72.0778,12.3342,2968.42,21654.5
86006,-72.0019,7.57,2968.14,73212.3
10072661,-72.0081,7.57,2966.85,20811.3
4195606,-71.8644,6.7667,2930.68,27514.0
412525,-71.9594,6.0608,2927.82,51725.2
4960371,-71.9667,6.1042,2927.21,26121.8
1394521,-71.9178,6.625,2924.47,37873.5
121500,-71.95,6.2125,2923.21,68173.5
5440,-71.8175,6.91,2919.05,116511.8
11291940,-74.1353,-3.6108,2916.87,20034.5
11302284,-72.0222,12.535,2915.07,20028.2
8480635,-71.9656,6.0767,2914.11,22013.4
879420,-71.9186,12.1608,2901.46,42805.9
1269129,-71.9369,12.1392,2901.25,38851.7
63236,-72.5492,0.6542,2899.31,77859.8
60262,-71.9067,5.975,2898.14,78564.4
7063194,-72.0292,7.6158,2898.0,23355.9
9728796,-71.9164,6.7458,2894.32,21048.7
402298,-71.9333,6.155,2893.06,52039.6
10217520,-71.9319,6.1592,2883.75,20713.1
11718245,-71.9269,12.1525,2881.74,19791.4
3378408,-71.8739,9.7667,2881.58,29386.1
944470,-72.5503,0.6333,2876.63,42014.2
235120,-71.9422,6.9183,2875.14,59011.4
129498,-71.9853,7.6192,2862.04,67279.8
1038523,-72.1367,11.65,2861.98,40985.6
9585020,-71.8606,6.7908,2860.18,21151.4
156938,-71.9111,11.5675,2859.22,64552.2
2181668,-72.0661,12.66,2857.73,33421.4
1704148,-71.9033,11.6142,2857.3,35840.6
419692,-71.9339,6.8808,2855.5,51510.5
987843,-71.8044,11.4092,2855.2,41526.1
196966,-71.8953,6.01,2853.72,61409.1
45231,-71.9814,9.7108,2852.48,82968.5
4899330,-71.9811,7.3742,2850.67,26221.6
1412087,-72.0306,6.1483,2847.33,37747.1
224910,-71.9172,6.0192,2847.24,59605.4
1459608,-71.9061,6.0475,2847.16,37409.7
119855,-72.4222,1.1342,2845.81,68365.7
1490574,-71.8861,12.2325,2842.6,37192.8
359938,-71.8189,11.6192,2837.65,53436.1
9160514,-72.0097,7.3875,2834.79,21468.3
703292,-71.8317,11.6117,2832.58,45317.5
440544,-71.8447,12.3042,2830.97,50905.8
1054776,-72.1392,11.5183,2827.7,40818.9
580458,-71.9322,11.54,2821.83,47562.0
1114323,-71.8017,11.6133,2821.63,40224.6
1097708,-71.8892,12.1967,2821.3,40385.8
222514,-71.8833,6.0042,2820.72,59750.6
4172234,-72.0069,6.0883,2819.88,27560.3
977322,-71.8781,12.3692,2819.81,41642.5
7140690,-72.5453,0.6233,2818.4,23273.9
4589666,-71.9064,12.2058,2817.16,26760.4
1636247,-71.8072,11.6008,2813.87,36247.2
388226,-71.8611,12.25,2813.63,52484.6
6667866,-72.0478,7.6258,2811.53,23793.7
2725865,-71.8839,12.2708,2807.08,31323.4
2145151,-71.9158,5.9633,2806.4,33583.0
1763584,-71.9786,7.3992,2803.22,35499.5
1680573,-71.8878,11.6275,2801.45,35979.0
2349700,-72.1247,4.1775,2799.46,32716.2
1554686,-72.0856,6.9333,2798.54,36765.5
945770,-72.0414,4.8833,2798.47,41999.0
3895207,-71.8872,12.2775,2798.12,28145.8
129192,-72.0442,8.9492,2797.55,67310.1
419436,-72.4831,1.2267,2794.88,51517.9
5776787,-72.0594,5.0125,2793.81,24903.2
433820,-71.8689,11.675,2792.69,51094.4
1848362,-72.0722,4.0442,2791.96,35035.2
39516,-72.5706,0.4667,2790.76,85040.5
7125813,-72.0642,4.9483,2789.71,23290.3
4585905,-71.9831,6.0392,2788.41,26767.5
1011183,-72.055,4.8025,2788.4,41272.1
5249170,-71.9847,6.015,2788.23,25661.7
5895770,-72.0778,6.1967,2785.29,24744.0
1714273,-72.0503,4.9208,2783.59,35781.9
2734688,-72.1325,6.9475,2782.8,31292.9
2515342,-72.0733,4.775,2781.53,32073.1
8945900,-72.4114,1.1392,2781.44,21633.9
6001476,-71.9394,6.1917,2780.89,24607.2
6073046,-72.0958,4.1075,2780.1,24513.8
7757289,-72.1719,4.2167,2779.06,22658.0
8449832,-72.1308,11.6608,2776.39,22036.5
907226,-72.0967,4.6667,2773.15,42457.7
3179480,-71.9061,11.645,2772.49,29927.5
2610488,-72.0997,4.765,2770.48,31723.6
2298077,-71.8833,12.35,2770.29,32924.0
312301,-71.8283,12.2675,2770.1,55272.9
1129803,-72.1408,11.4833,2769.82,40075.4
8792884,-72.0072,7.515,2768.21,21757.2
4177603,-72.0581,12.6858,2767.11,27548.7
8988916,-72.0808,6.9183,2765.2,21598.5
631847,-71.9411,6.0983,2764.33,46561.5
951661,-71.8525,11.6142,2763.78,41933.7
358306,-71.9667,6.2675,2761.89,53494.5
568275,-72.0464,4.7533,2761.8,47815.8
10289681,-71.84,12.31,2761.17,20666.9
1198868,-71.8531,12.3525,2759.25,39447.3
9525747,-72.5769,0.4725,2758.75,21196.5
10068354,-72.0836,4.6575,2758.49,20814.4
69587,-71.9086,5.485,2754.1,76423.5
747522,-72.0997,4.3317,2751.27,44620.4
6763758,-72.1419,11.5908,2750.87,23683.7
405839,-71.9828,9.7992,2748.65,51929.3
5483302,-71.91,11.6383,2747.04,25314.2
165465,-71.8583,6.6325,2745.44,63804.7
1670918,-72.1169,4.3583,2745.3,36037.4
357977,-74.6583,-10.9283,2744.98,53505.2
9921576,-71.9214,11.5608,2740.16,20915.1
596757,-71.915,5.5275,2739.31,47235.3
176039,-71.8064,12.0375,2739.26,62957.3
9959176,-72.0472,4.8717,2739.1,20887.7
5072248,-72.4339,1.1067,2738.51,25938.3
5783976,-72.0181,5.1542,2738.48,24892.9
79293,-71.9258,8.825,2736.31,74425.8
5925666,-71.9064,5.4725,2733.51,24702.8
10507040,-72.0078,7.4925,2732.37,20521.5
5230845,-71.8539,11.6433,2731.84,25691.5
11542128,-71.8094,12.0342,2731.64,19890.9
99092,-71.845,12.0217,2726.32,71128.1
7530760,-72.0364,5.24,2724.8,22879.1
21622,-72.0297,3.1858,2722.19,94550.9
19112,-72.58,-3.3833,2721.78,96446.2
10479679,-72.0411,12.685,2720.99,20540.1
5824929,-72.115,11.6467,2719.52,24839.1
5147118,-72.0414,12.695,2718.66,25820.1
2275837,-71.9331,6.0967,2717.95,33018.6
1097533,-72.0622,5.34,2715.21,40387.4
4944269,-72.0044,6.2583,2714.78,26146.2
8159884,-72.0269,3.1825,2713.87,22292.4
4937347,-71.9789,9.7517,2713.4,26158.4
3995621,-71.8669,12.2717,2713.19,27927.7
8002035,-71.9747,6.2683,2709.5,22432.0
2919961,-72.0647,4.7333,2708.97,30694.7
163349,-72.1739,2.7308,2708.45,63989.1
144337,-71.9742,7.7158,2708.32,65734.6
4992208,-72.0683,6.9342,2704.99,26070.6
11016436,-71.9183,5.545,2701.82,20199.2
7058299,-72.4306,1.1942,2699.88,23361.3
48139,-71.9994,4.4992,2699.46,82013.1
201697,-74.7608,-11.625,2699.16,61086.7
235012,-72.515,0.5733,2697.92,59017.8
9372086,-74.5492,-7.5825,2696.78,21310.5
9573075,-71.9808,9.7717,2696.03,21160.4
765603,-72.5994,0.9592,2693.02,44351.2
2495152,-72.0614,6.99,2692.15,32146.5
1432166,-74.7467,-11.4042,2691.27,37601.7
592526,-72.0444,13.1908,2689.35,47317.5
11048769,-72.6056,0.9625,2688.77,20183.4
1577115,-72.1856,2.7517,2688.68,36619.7
274613,-72.4756,0.69,2687.05,56960.0
109819,-71.9922,4.8258,2686.34,69637.2
2092050,-71.8997,5.4667,2686.34,33826.9
472985,-72.0881,4.2967,2685.36,50034.8
1071838,-71.9222,5.4017,2684.97,40640.6
2450333,-72.5633,0.6217,2683.91,32320.5
27426,-72.6519,-3.2792,2682.71,90755.8
3125428,-71.8681,11.6417,2682.68,30082.5
3245094,-72.6514,-3.2292,2682.41,29743.9
630163,-71.9169,8.9,2681.83,46593.0
3522973,-71.9222,6.8742,2679.1,29017.4
9541533,-72.0714,6.0533,2676.79,21184.5
660878,-71.9856,11.49,2676.43,46035.8
608522,-74.4864,-8.1383,2675.42,47002.8
818743,-74.7903,-11.5233,2674.32,43597.8
9569095,-71.8636,9.8592,2673.91,21163.4
10479680,-71.9767,6.2825,2673.89,20540.1
7751591,-71.8375,12.4092,2671.21,22663.7
1713690,-71.9158,8.8667,2669.33,35785.5
150458,-72.2403,2.4042,2668.72,65142.7
5981653,-72.0478,4.9825,2668.36,24630.5
1164283,-72.0411,4.9592,2667.48,39756.2
1033908,-72.3875,1.1675,2665.58,41033.7
2156968,-74.7708,-11.5825,2663.46,33529.9
265132,-71.9872,13.2667,2663.33,57420.1
1498011,-72.1497,10.0267,2663.05,37143.1
969295,-71.9036,5.4075,2662.88,41734.2
1173510,-72.0108,8.8792,2659.36,39671.2
11575063,-72.0333,8.9842,2659.2,19871.7
432776,-71.9667,4.4942,2659.04,51124.3
816957,-72.5928,0.5217,2656.11,43622.6
1196690,-71.8894,12.7842,2655.29,39465.1
9016170,-72.5681,1.0017,2655.09,21580.8
11845073,-72.0636,6.9458,2655.08,19717.2
4076385,-71.9356,6.9325,2653.63,27756.1
2899917,-72.1256,11.5567,2651.33,30756.9
2127019,-71.9728,7.6283,2650.25,33666.4
762658,-71.9786,7.75,2648.16,44395.7
199696,-71.9939,10.8275,2646.39,61221.1
580728,-72.0556,4.5492,2645.25,47556.6
3845876,-71.8281,12.4183,2644.49,28254.3
6602982,-71.8733,12.2675,2643.81,23868.6
1026118,-72.4083,1.3008,2641.97,41112.8
2801342,-72.0058,6.0008,2641.79,31072.2
8288055,-71.8494,11.3575,2641.3,22177.7
3275631,-71.9031,11.5183,2641.19,29660.2
1495386,-74.8489,-11.3842,2641.03,37161.9
7082798,-72.3919,1.145,2640.26,23334.1
1839537,-71.8578,12.2225,2640.14,35084.3
932479,-72.0478,13.3492,2640.13,42156.5
663373,-72.0192,4.8808,2639.7,45991.5
1922053,-72.5803,0.5183,2639.35,34653.0
808273,-72.2561,2.4775,2639.07,43740.8
9044996,-72.0683,6.0208,2638.49,21557.2
352608,-72.6117,0.4308,2636.93,53702.5
2557656,-72.5728,-3.3967,2635.2,31915.8
2224349,-72.0086,4.4975,2633.84,33234.0
584631,-72.5944,0.4342,2632.27,47477.5
598592,-74.1247,-6.23,2629.25,47198.9
5233899,-71.825,11.6542,2629.2,25686.5
6923851,-71.9017,6.015,2629.05,23505.4
4905355,-72.0467,4.5867,2628.97,26214.3
7664151,-74.8611,-8.875,2628.57,22747.8
730390,-72.38,1.0758,2627.99,44882.4
4851302,-74.7956,-11.4908,2627.56,26301.7
10776842,-72.1533,11.4167,2626.5,20350.0
2190468,-72.5239,0.575,2624.97,33383.2
780901,-72.4697,0.6642,2622.08,44128.0
1198167,-72.0372,13.3767,2621.62,39453.8
3553173,-72.0442,13.2108,2618.05,28942.7
8446572,-72.425,1.2783,2616.39,22039.4
1511049,-72.0683,4.5458,2615.57,37055.5
9647697,-72.5789,0.5075,2614.76,21109.2
833751,-72.2144,2.7142,2614.39,43397.1
2634259,-72.1306,4.7392,2613.24,31641.1
6020393,-72.0131,4.9308,2613.04,24581.3
572825,-71.9731,7.6767,2612.85,47721.1
2958484,-72.4836,0.7192,2612.82,30576.2
10419165,-74.7942,-11.4808,2612.82,20577.3
3834240,-72.0214,8.9208,2611.82,28281.3
6222295,-71.8083,12.06,2610.93,24323.3
2854514,-74.8286,-11.3033,2610.49,30901.6
398789,-71.9264,9.1233,2609.88,52150.9
43426,-72.6347,-3.4517,2609.48,83603.4
1359330,-71.8278,6.9417,2609.05,38140.0
1443819,-72.0117,13.2325,2604.23,37518.5
550017,-71.8081,11.7433,2603.15,48202.0
2307291,-72.0117,4.5242,2602.54,32887.2
702243,-71.995,7.4758,2598.32,45334.4
3680636,-74.8758,-10.4942,2598.11,28632.8
887561,-74.7478,-11.5958,2593.86,42703.0
1532023,-72.3886,1.1967,2592.8,36916.0
3426129,-71.8219,11.5208,2591.66,29262.3
9127307,-71.8003,12.0833,2591.19,21495.0
32949,-71.9319,7.2175,2591.15,87839.1
11276733,-72.0525,13.3467,2590.14,20044.1
316787,-71.8964,11.9683,2589.94,55088.1
3735924,-71.9131,6.8442,2589.82,28503.5
10041895,-72.0053,5.9792,2588.34,20832.7
5983588,-71.9792,11.5275,2587.85,24627.9
741237,-72.5278,-3.5767,2587.0,44717.4
298469,-71.9517,8.7933,2585.02,55858.8
1428911,-71.9319,9.1508,2583.96,37625.4
1086044,-72.0164,4.8158,2583.78,40499.2
748318,-72.195,8.13,2583.09,44607.6
7219640,-72.6047,0.4117,2581.13,23191.6
523673,-74.8389,-11.4492,2580.4,48793.1
6134415,-71.9608,11.535,2578.47,24435.7
6810852,-72.2053,2.7067,2578.33,23632.5
435332,-71.9911,5.055,2577.88,51052.0
4497065,-72.0217,4.5092,2577.87,26931.2
8763051,-71.9667,11.56,2577.49,21777.7
5470890,-72.1742,2.8433,2576.9,25329.3
43060,-72.7544,-3.5083,2573.88,83738.9
8742403,-71.8711,5.9783,2572.73,21795.2
992340,-71.8908,5.4,2571.79,41476.9
3222777,-71.8358,12.0367,2571.74,29805.9
138480,-71.8572,10.5692,2571.67,66328.0
3964790,-72.0019,13.2358,2571.33,27993.8
3766776,-72.385,1.1058,2571.24,28431.9
1493865,-71.8475,10.56,2570.93,37172.2
40212,-72.7056,-3.7467,2570.38,84786.9
2054931,-72.0278,8.8017,2569.18,34001.6
289727,-72.0567,4.1592,2568.98,56250.9
209382,-72.0878,3.6683,2568.36,60580.8
6624888,-72.4739,0.65,2567.68,23841.8
5236985,-71.8803,12.1317,2567.56,25681.5
3886960,-72.55,0.7217,2562.13,28161.7
1255113,-73.5433,-3.7392,2561.4,38967.9
5393396,-72.0817,3.6575,2561.13,25444.8
185399,-71.8492,11.8167,2560.39,62247.9
5875525,-72.5286,0.61,2558.41,24772.3
2312713,-71.9825,10.7875,2557.73,32863.9
2837507,-71.9258,6.52,2557.44,30955.1
3578273,-72.0297,4.5625,2557.16,28881.0
417537,-74.6164,-10.0183,2555.69,51573.5
10360443,-72.0267,4.53,2554.89,20617.5
7297964,-71.9864,4.5517,2553.02,23111.8
250501,-72.1144,3.8167,2552.67,58173.0
1267584,-74.6222,-9.9842,2552.17,38864.8
1411400,-72.5431,-3.4542,2551.95,37752.2
2607695,-72.5233,-3.6067,2551.72,31733.6
6747865,-72.0725,5.3883,2551.43,23702.5
7285089,-72.2467,2.4458,2548.35,23125.6
3534155,-71.9464,8.7683,2544.99,28988.9
6022314,-71.8744,12.8008,2544.76,24578.7
10217481,-82.5489,11.8611,2542.4,20713.1
1944324,-71.8292,12.0742,2541.69,34538.9
2232940,-74.1558,-6.22,2541.35,33197.6
3816619,-73.2675,-1.4117,2541.11,28319.6
4919213,-72.0378,13.3508,2539.32,26190.0
1415420,-71.8089,12.1117,2539.11,37721.8
5857899,-71.9283,6.9525,2538.91,24792.9
162380,-71.9617,9.3758,2538.4,64072.7
8449833,-71.8589,12.1967,2536.37,22036.5
5331459,-71.9394,7.2067,2533.98,25537.2
8568697,-71.9931,7.4642,2533.68,21940.9
1121225,-71.9236,9.0283,2530.89,40156.4
9565092,-73.2464,-1.7542,2530.79,21166.5
56574,-72.7206,-3.8308,2529.67,79526.0
11596673,-74.1208,-6.2567,2526.69,19858.9
1072749,-72.6436,0.92,2526.31,40631.2
161334,-72.3281,1.4067,2525.8,64163.1
1093580,-71.9483,7.2017,2525.58,40425.2
430594,-72.6517,0.4542,2525.58,51187.9
5213366,-74.6208,-9.9417,2524.72,25716.2
1310678,-71.9175,9.0575,2524.52,38517.3
3049379,-72.0136,5.0417,2522.02,30302.0
2248907,-71.9997,9.8025,2520.98,33130.4
969046,-72.6928,-3.7008,2520.86,41737.3
1146853,-71.8294,10.5342,2517.77,39914.5
3054209,-72.1917,8.0692,2516.78,30287.3
11811883,-71.9725,7.4192,2516.47,19736.6
4975996,-73.1631,-1.6175,2516.42,26095.0
229068,-71.9819,5.6283,2516.36,59356.9
2144345,-72.6825,-3.6467,2513.76,33586.8
2994657,-72.0219,13.3883,2512.91,30467.6
4996451,-71.9092,5.9092,2512.76,26063.2
5302515,-72.6231,0.4525,2512.33,25579.6
5079670,-72.5661,-3.4225,2510.93,25926.0
11281825,-72.0222,8.8425,2510.0,20040.9
1135908,-72.6169,0.5625,2509.88,40018.1
74537,-72.7169,-3.9258,2509.8,75386.9
2217551,-71.8417,10.5217,2509.49,33264.7
821028,-72.6703,-3.3183,2507.75,43567.1
8996100,-72.5897,0.9283,2506.91,21592.6
2710965,-72.0119,10.7892,2505.23,31374.2
1659011,-71.8756,11.2917,2503.67,36109.8
763370,-71.8611,10.5233,2501.01,44384.2
600913,-71.9053,9.7167,2499.72,47153.0
212936,-74.0997,-6.2567,2499.68,60351.1
2223537,-71.9997,13.3833,2499.36,33237.9
3724917,-71.9214,9.0842,2496.43,28530.3
1244981,-71.8483,9.8383,2494.67,39051.2
377288,-72.4175,0.9067,2494.04,52842.7
902861,-72.0064,9.4517,2493.58,42511.6
827956,-73.6236,-4.2142,2493.0,43473.4
9783707,-71.9569,9.3583,2490.56,21012.4
5469220,-71.9658,6.96,2488.82,25331.8
11078462,-82.5919,9.3722,2487.46,20164.5
4273467,-72.1933,8.05,2487.12,27358.4
2072397,-73.7192,-4.5483,2485.55,33917.2
9044997,-71.9231,9.0933,2484.96,21557.2
698804,-72.07,3.1908,2483.26,45391.9
7906548,-71.9011,9.7175,2482.03,22519.8
11723666,-72.41,0.895,2481.93,19788.1
1033189,-71.9169,9.695,2480.46,41041.5
6397734,-72.0206,11.4758,2479.92,24110.2
665177,-72.0919,3.7533,2478.27,45961.0
4272314,-74.4958,-8.2067,2473.68,27360.7
4138293,-72.5986,0.5483,2472.33,27629.5
10307514,-71.8375,10.5242,2470.81,20654.6
1289464,-72.0067,10.8892,2468.04,38684.0
10597080,-73.6289,-4.19,2466.82,20465.6
3506805,-73.7319,-4.4692,2465.83,29056.9
1207381,-71.9033,11.47,2465.32,39372.9
7348241,-72.3292,1.4208,2465.21,23062.2
45501,-72.6075,-2.9917,2464.97,82882.4
386816,-71.8403,9.7208,2463.24,52529.5
3394656,-73.1958,-2.0825,2462.1,29344.9
690579,-71.8531,6.6017,2461.46,45527.9
8635327,-72.11,3.6675,2461.33,21882.8
488528,-72.2969,1.465,2459.81,49632.0
570012,-71.9528,4.4758,2459.51,47781.1
1289656,-72.6072,-3.38,2458.94,38682.4
8310395,-71.9839,4.8542,2458.8,22157.6
6646926,-72.0044,10.8525,2457.86,23815.1
9967620,-72.6136,-3.3708,2454.94,20881.6
2769893,-72.7428,-3.5775,2453.88,31174.6
2184087,-74.0453,-5.5883,2453.25,33410.0
9938277,-71.9597,9.1292,2451.94,20902.9
126666,-71.9356,9.6683,2451.92,67585.9
7778147,-71.9967,9.4092,2449.25,22641.2
8483864,-72.0131,9.465,2449.08,22010.5
1659871,-73.3775,-0.7117,2448.37,36104.5
1463112,-72.6628,-3.6883,2444.65,37385.9
39229,-71.8889,8.3567,2444.37,85144.6
10666918,-72.0703,10.7425,2442.65,20418.8
1252950,-71.8747,12.0142,2442.26,38984.3
11220578,-71.99,10.8392,2441.57,20079.0
2722414,-71.8611,6.6375,2440.01,31335.6
5462583,-72.0397,10.7192,2439.52,25341.9
2336409,-71.9289,9.7117,2439.49,32768.8
2852034,-74.0831,-5.7142,2439.29,30909.8
3845875,-72.3022,1.4775,2438.52,28254.3
68602,-71.8664,8.3283,2438.51,76621.7
10028955,-72.0108,10.8567,2436.25,20841.9
834467,-72.6975,-3.3425,2435.79,43386.9
1392181,-71.9886,11.4183,2435.33,37892.0
66312,-71.9411,8.3992,2435.19,77122.3
2895440,-72.0253,9.4567,2434.9,30771.4
425392,-72.0211,3.295,2434.37,51343.2
632427,-71.8764,10.5775,2434.22,46551.9
69244,-72.9769,-3.8175,2431.74,76489.4
2873729,-71.8592,8.3317,2430.23,30839.7
3131835,-73.7853,-5.0017,2429.69,30063.4
2166070,-72.6319,-3.1625,2427.95,33489.9
11762187,-71.9539,9.3517,2427.9,19765.6
1470657,-71.8592,12.1483,2426.98,37331.3
1264276,-72.3803,0.9883,2423.69,38891.0
1996755,-72.6903,-3.34,2421.59,34281.5
6442846,-74.0906,-6.2275,2421.58,24057.3
107505,-72.7878,-3.7217,2421.12,69951.2
148611,-72.7161,0.265,2418.97,65321.4
1297135,-72.2433,2.3508,2418.43,38621.4
9896651,-72.9725,-3.7975,2415.81,20933.4
3556505,-71.9578,4.4725,2415.65,28933.9
5508438,-72.6494,-3.6575,2415.23,25276.4
6245213,-71.9633,9.6992,2414.57,24297.1
5491548,-71.945,6.5475,2413.67,25301.6
37004,-72.9225,-3.4825,2413.33,86072.6
408471,-72.0192,7.7325,2413.05,51848.3
2193350,-71.9697,10.825,2408.79,33369.9
11429313,-71.8892,11.2817,2408.71,19954.9
4546721,-73.17,-2.125,2408.18,26838.8
1429612,-72.025,7.7242,2408.05,37620.3
4522788,-71.9458,8.9475,2406.73,26881.5
6157919,-72.0028,10.875,2406.05,24404.4
636575,-72.6469,-3.5025,2404.34,46473.8
545536,-72.3061,1.3783,2403.67,48299.7
1725282,-71.9406,9.7442,2402.72,35717.8
9270824,-74.7406,-11.6233,2402.69,21385.1
8239808,-73.785,-5.0333,2402.16,22217.9
1091053,-72.1103,11.4258,2402.07,40448.9
5921953,-73.8314,-5.1208,2396.27,24708.0
53069,-72.0778,2.8125,2395.68,80524.3
249086,-72.6189,-3.4892,2395.54,58246.3
5383758,-71.8075,6.9175,2395.15,25459.8
3414937,-72.7083,-3.3308,2394.83,29292.8
2941503,-71.8139,11.7758,2394.03,30628.2
1109612,-72.3103,1.4258,2393.87,40270.5
137301,-72.8419,-3.8517,2392.34,66451.8
4453862,-74.8675,-11.4033,2387.28,27011.5
559091,-72.1539,2.7292,2386.83,48009.9
44724,-72.5439,-2.9808,2384.31,83145.7
1639373,-72.6456,-3.3075,2380.15,36229.6
2637565,-73.2208,-2.1433,2379.05,31629.1
7678163,-72.0644,2.8133,2377.47,22733.8
4279097,-72.2919,1.4525,2373.75,27346.8
11073501,-72.0042,4.8033,2373.1,20167.6
592190,-72.3881,0.805,2370.2,47324.3
2915389,-72.1817,8.1108,2369.64,30709.2
8474177,-72.0333,9.7892,2366.86,22019.2
691254,-71.9658,8.7792,2365.32,45516.7
7348240,-72.6286,-3.1492,2364.56,23062.2
8615101,-71.9533,7.1967,2363.89,21900.2
7371859,-71.9578,7.2033,2361.01,23037.3
3906894,-71.9775,9.4033,2360.68,28118.7
8196341,-83.0503,0.4695,2359.9,22258.0
189041,-71.9208,5.3083,2359.68,61977.1
299553,-71.8533,5.9842,2359.24,55813.2
3793340,-71.8825,5.4075,2359.11,28371.3
4327658,-72.0831,2.8442,2355.32,27251.1
1072906,-71.8208,10.545,2354.33,40629.6
4025175,-72.6558,0.4767,2353.04,27866.0
9263415,-72.6581,-3.7192,2352.78,21391.0
5286997,-71.8156,10.535,2349.27,25604.5
9149452,-71.98,4.8592,2348.81,21477.2
6654356,-73.3797,-3.3575,2348.48,23809.8
6861846,-71.965,7.7567,2347.33,23573.1
10676361,-73.8683,-5.2375,2346.45,20412.6
9372089,-72.2047,2.6533,2345.41,21310.5
509056,-71.8408,6.7708,2343.48,49136.6
3051434,-72.8331,-3.8442,2343.33,30295.7
1559209,-72.7719,-3.6025,2343.27,36737.8
86379,-71.9075,8.3767,2342.7,73147.0
200815,-72.7281,-5.8008,2339.34,61144.0
3037073,-73.8275,-5.1675,2338.82,30339.8
10147421,-82.94,-0.5139,2335.93,20762.3
6435708,-71.8481,9.7392,2331.52,24062.6
4801909,-72.0356,3.305,2331.04,26386.3
9743094,-71.8819,6.0292,2330.52,21042.7
11423950,-72.0797,2.8342,2329.64,19958.1
1978877,-71.9128,10.6433,2328.22,34366.9
11618346,-72.03,3.305,2327.24,19846.0
820647,-72.7236,-3.9742,2327.09,43572.9
10320603,-73.1281,-1.8408,2325.66,20645.3
95821,-72.5289,-2.9008,2323.12,71610.1
1584327,-74.0836,-6.1775,2323.1,36574.4
630686,-71.8819,8.3467,2318.27,46583.4
65448,-71.8472,5.38,2317.2,77322.8
114337,-71.8889,8.9125,2316.44,69053.8
3644581,-73.8972,-5.3033,2315.53,28719.5
3953318,-71.9061,10.5625,2313.97,28016.5
5824930,-71.9486,8.4017,2311.32,24839.1
5462581,-72.3689,1.1542,2309.12,25341.9
10592486,-71.8408,11.8358,2307.06,20468.7
3183858,-71.9803,8.8483,2306.46,29914.7
10461494,-71.9272,9.0033,2306.01,20552.5
8332661,-73.8628,-5.2283,2303.27,22137.5
2509072,-71.9744,10.7333,2300.71,32095.0
150280,-71.8308,6.8158,2299.27,65158.3
3164821,-73.7697,-5.0533,2293.27,29967.9
1515509,-72.1578,8.0267,2292.02,37026.3
9327772,-72.2747,2.2933,2291.36,21340.3
7214607,-71.9389,9.2192,2290.11,23197.1
4141516,-73.7772,-5.0483,2289.93,27622.6
437278,-72.7128,0.1825,2284.55,50995.8
6401914,-71.9756,8.8442,2284.4,24104.9
9201378,-74.6136,-11.0408,2278.02,21435.6
472393,-73.5211,-3.8775,2277.71,50051.3
2387359,-71.8756,6.0492,2274.76,32564.0
3145205,-73.4956,-3.7883,2273.8,30023.2
3486455,-73.8875,-5.34,2273.2,29107.3
6564966,-82.8233,-3.8208,2272.34,23911.2
10098172,-71.9228,10.6183,2271.54,20792.9
10307513,-71.8419,11.9833,2270.75,20654.6
7918218,-73.4908,-3.7917,2269.3,22508.5
57373,-72.1711,2.375,2269.26,79306.2
5647182,-72.5053,0.52,2269.05,25081.6
7762890,-71.8353,6.9608,2267.14,22652.4
2323872,-72.1839,8.0342,2265.37,32819.3
6620488,-71.95,6.5175,2264.44,23847.2
9984620,-71.9275,5.85,2263.16,20869.4
6455512,-72.7278,-3.5575,2262.82,24041.4
728944,-74.9389,-11.8392,2261.79,44903.7
1223336,-74.3844,-9.5817,2258.98,39236.8
655334,-72.0919,2.8733,2258.72,46134.0
794287,-71.9656,4.82,2258.11,43937.0
443068,-72.2789,1.3425,2257.38,50835.7
408603,-72.3372,1.34,2256.83,51844.6
3595696,-72.7044,-3.9408,2254.78,28836.8
5462582,-72.1508,8.0442,2254.64,25341.9
9368262,-72.5389,-3.0075,2250.38,21313.4
58341,-72.5394,0.3683,2244.18,79059.1
8300856,-72.18,8.0467,2244.0,22166.3
528817,-71.8269,8.2733,2243.49,48672.9
4541625,-72.1639,8.0258,2243.03,26848.3
463117,-72.5214,0.5142,2242.61,50297.7
1408248,-72.8128,-3.8092,2240.97,37774.1
159826,-72.6536,-4.0692,2239.33,64297.0
978685,-72.5219,-3.3833,2236.96,41627.2
2760423,-72.1183,8.0567,2236.9,31207.3
5596413,-72.2394,2.2742,2234.56,25152.6
329512,-74.8619,-11.6033,2234.42,54575.7
1620685,-72.3683,0.7575,2231.02,36343.7
723100,-72.8422,-4.2317,2230.81,44997.2
2395688,-73.1422,-4.48,2230.61,32532.7
738722,-71.845,8.2308,2229.01,44754.5
2623657,-71.8217,10.3467,2228.4,31677.4
6146200,-72.1328,8.0783,2227.56,24420.1
117002,-72.2197,1.35,2226.56,68720.8
10620221,-72.9258,-5.69,2226.38,20450.0
150045,-72.0264,3.9775,2222.52,65181.8
6607278,-73.3717,-3.4233,2221.93,23863.2
3690840,-71.8556,8.2358,2221.93,28610.6
2391796,-72.6622,-3.3633,2220.95,32548.3
1518734,-73.2947,-0.7258,2220.73,37003.9
233565,-74.74,-11.6892,2219.46,59102.0
8368840,-72.5539,0.4392,2219.16,22108.7
3643713,-72.8208,-3.785,2218.09,28721.7
8642077,-72.2439,2.1892,2218.05,21876.9
2374578,-71.9503,6.5,2217.92,32616.8
1373539,-72.7319,0.3592,2217.42,38031.3
1789047,-74.9278,-11.8817,2216.53,35357.4
10972155,-71.8164,11.8025,2216.2,20227.6
402248,-72.9656,-3.8825,2211.82,52040.8
1562803,-72.6353,-3.65,2211.77,36713.5
505814,-74.0669,-6.3242,2211.0,49213.1
841960,-72.2694,1.3283,2208.9,43286.9
153480,-75.1158,-12.77,2207.12,64860.4
6324320,-72.5894,-3.0075,2203.87,24199.9
6290034,-71.8956,8.8842,2203.28,24239.4
7889104,-71.8825,11.9267,2202.99,22536.8
2615967,-75.0533,-12.3275,2201.6,31705.5
5451027,-72.5506,0.4242,2201.47,25359.5
369642,-71.9119,5.1858,2201.17,53101.2
841319,-72.6483,-4.0575,2200.2,43295.7
4521597,-73.0564,-4.2925,2199.99,26883.9
4302288,-72.0606,2.7633,2199.88,27302.5
627297,-72.5717,-3.2817,2199.86,46644.9
3075162,-72.2081,1.3733,2199.84,30226.2
470117,-71.9461,4.64,2198.89,50109.8
275784,-72.2067,2.5367,2198.26,56904.1
10874703,-74.9539,-11.825,2197.79,20290.5
1805775,-72.1556,2.3717,2196.95,35265.4
3185251,-73.1519,-1.4925,2196.92,29910.5
9160515,-71.8508,8.2375,2196.15,21468.3
8992535,-73.3483,-0.7292,2191.13,21595.6
7120975,-71.845,6.6,2190.29,23295.8
4346438,-72.1119,8.0892,2189.86,27216.0
11536874,-73.9519,-5.4083,2188.72,19894.1
118894,-72.8506,-3.37,2186.76,68483.0
4807214,-74.9319,-11.855,2186.45,26376.7
6598590,-72.2764,1.5483,2185.6,23873.9
7285090,-72.2161,1.3283,2182.7,23125.6
87653,-71.8081,8.9675,2178.34,72931.6
6429267,-74.5897,-10.1875,2177.85,24070.6
7588550,-73.0633,-4.2792,2177.71,22820.5
8628639,-73.4103,-3.5192,2177.14,21888.6
400583,-72.6389,-3.7633,2175.96,52094.7
91155,-72.9047,-3.2992,2175.82,72343.0
11471412,-71.875,6.5508,2174.02,19929.3
5543231,-71.8411,9.7842,2173.92,25228.5
5409552,-71.9786,4.8025,2172.23,25419.7
277937,-73.0689,-1.9058,2171.7,56803.2
6485511,-72.6197,-3.19,2170.99,24004.3
7282518,-72.1772,3.6483,2170.84,23128.4
251523,-74.9661,-12.4217,2169.75,58119.3
8208755,-72.5364,-2.9108,2165.68,22246.6
9414691,-71.8458,10.6042,2164.27,21277.5
1699954,-71.8669,8.2392,2164.18,35863.7
8291266,-72.7028,0.21,2163.5,22174.9
1387171,-71.8019,8.9758,2162.94,37928.9
10137006,-71.8433,9.7825,2162.44,20765.3
10962222,-72.7186,0.3358,2162.02,20233.9
4997879,-73.0756,-1.89,2161.89,26060.8
585013,-72.5981,-3.1692,2161.33,47469.4
5796724,-71.8694,8.3383,2160.89,24875.0
1078810,-71.8461,6.9458,2160.54,40571.5
1868653,-74.3369,-9.7325,2159.89,34929.6
2965101,-71.9567,7.7067,2159.67,30555.3
4331000,-71.8358,8.255,2157.66,27244.1
6393563,-74.0908,-6.3008,2156.71,24115.5
4366644,-71.9644,8.4367,2154.2,27176.2
7160765,-71.8661,5.9533,2154.19,23252.0
6589703,-73.4047,-3.55,2154.18,23884.6
2875644,-72.7886,0.2608,2153.79,30833.5
1402150,-72.7822,-3.6575,2153.79,37817.9
5240063,-73.8172,-5.2083,2153.48,25676.6
3779303,-72.5161,-3.385,2153.11,28405.0
4652879,-71.9158,5.5892,2151.66,26648.2
3580904,-72.2581,1.3208,2151.36,28874.4
5243151,-72.2658,1.3167,2151.25,25671.6
1343748,-73.3894,-3.6008,2147.32,38260.1
2999245,-71.8478,11.9567,2147.13,30453.0
11563521,-73.1614,-2.1942,2144.41,19878.1
5253720,-71.9286,5.305,2142.84,25654.2
454723,-71.9519,7.2592,2142.1,50521.4
1311691,-72.7303,-4.0342,2141.26,38509.1
10884315,-71.9614,8.4133,2141.13,20284.2
878750,-71.9361,4.6042,2138.43,42814.8
744336,-71.8375,5.3583,2138.21,44669.0
294221,-71.8408,9.0,2136.97,56051.2
541121,-72.9317,-3.7575,2135.1,48395.9
350207,-72.7133,-3.5142,2133.07,53787.9
798637,-72.0431,4.1308,2132.33,43876.0
3330507,-72.6961,-3.9483,2132.03,29511.6
829658,-74.9931,-12.3208,2130.38,43449.9
2255145,-72.6336,-3.7767,2127.84,33103.4
53553,-72.1133,1.42,2127.27,80388.9
8477328,-72.2075,2.5575,2126.75,22016.3
1863280,-75.0508,-12.3858,2126.32,34958.7
8550343,-72.8342,-4.2433,2125.86,21952.5
4476819,-73.3944,-3.5683,2125.57,26966.7
699488,-72.6256,-3.8475,2124.75,45380.7
592137,-71.8292,8.9817,2124.14,47325.6
8156273,-72.6572,-3.5392,2123.86,22295.2
2946544,-74.8444,-11.5525,2123.86,30611.6
248998,-73.1047,-1.5608,2123.13,58251.8
7207050,-71.8914,8.4,2122.46,23205.4
4365430,-72.3308,1.3583,2122.01,27178.5
3307216,-73.3344,-3.2258,2119.49,29574.2
8513808,-71.8744,8.9125,2118.69,21984.4
1406680,-71.9147,8.415,2118.14,37785.9
3965785,-72.0517,4.1333,2117.62,27991.5
4366642,-73.9558,-5.7,2117.6,27176.2
4492153,-73.8469,-5.2975,2117.59,26940.7
2793553,-72.0131,7.78,2117.24,31098.9
8598481,-75.0469,-12.3975,2115.38,21914.8
1059842,-72.6994,-3.8317,2115.24,40765.8
6890713,-71.9086,5.5667,2114.89,23543.4
234384,-73.0944,-1.5675,2112.51,59054.5
11343843,-71.8078,10.25,2110.68,20002.7
1306163,-71.8042,9.6825,2110.22,38552.1
4478067,-72.7986,-3.7492,2106.38,26964.3
5841383,-71.8117,10.5042,2105.67,24816.0
195049,-71.9425,7.7858,2103.51,61549.0
379652,-75.06,-12.6283,2101.26,52766.6
412642,-72.1975,2.3858,2101.08,51721.5
1648152,-71.8172,8.98,2100.5,36176.8
4136067,-71.9228,7.2317,2100.45,27634.1
5493311,-72.9594,-3.9008,2099.76,25299.1
3702548,-72.05,2.7258,2098.97,28581.6
10781577,-71.8714,8.9167,2097.26,20346.9
3344921,-72.175,2.6392,2096.42,29474.9
796140,-72.1239,2.2517,2094.4,43910.9
6269525,-71.8208,8.9817,2090.7,24265.6
165501,-71.8189,6.5258,2090.19,63800.7
1157571,-72.6911,0.1842,2089.46,39817.0
1722853,-74.6233,-10.7075,2087.0,35732.0
7348242,-72.0547,3.0808,2086.25,23062.2
10303137,-71.9397,7.7758,2083.75,20657.7
1639372,-74.6217,-10.6858,2080.42,36229.6
2221035,-72.6439,-3.7367,2078.52,33249.4
140103,-71.9011,7.2967,2077.55,66161.6
1719241,-71.855,9.005,2076.54,35751.6
11508230,-75.0058,-12.1842,2076.2,19906.9
359356,-72.3331,1.0875,2074.15,53457.6
9521920,-72.5822,-3.0042,2073.61,21199.5
3104344,-71.9892,8.38,2073.54,30143.9
736130,-72.6872,-3.9883,2072.54,44792.9
11839596,-71.8361,8.9967,2071.72,19720.4
6756895,-72.6189,-3.745,2071.57,23691.7
10429967,-74.9992,-12.2642,2071.31,20574.2
982138,-71.9561,5.0283,2071.23,41587.4
4229058,-71.9142,6.4558,2069.48,27446.8
6741014,-71.9383,7.2375,2068.27,23710.5
2097458,-71.8778,8.2283,2067.51,33800.5
9783708,-71.9083,5.1692,2066.34,21012.4
2501447,-72.6639,-4.0783,2064.94,32124.7
968902,-71.8192,9.7117,2064.04,41738.8
151629,-71.9747,3.3142,2063.29,65034.0
1351406,-72.3339,1.0133,2061.32,38200.1
216407,-72.6606,0.1842,2061.05,60131.1
4428432,-72.7158,0.1583,2060.82,27058.7
3968783,-71.9219,5.2175,2059.35,27984.7
7574845,-72.7242,-4.0033,2056.68,22834.5
9088545,-71.9528,7.7275,2056.24,21521.7
9215986,-74.9867,-12.36,2056.06,21423.8
1271780,-71.9461,9.6267,2055.47,38828.7
6277784,-74.6311,-10.7083,2055.06,24255.1
4536751,-71.8981,5.1533,2054.73,26857.8
3887874,-73.9028,-5.9133,2052.95,28159.4
436237,-71.8261,8.915,2051.81,51025.8
3431061,-73.9192,-5.3375,2051.74,29249.2
5865188,-72.9464,-3.7933,2050.96,24782.6
8184192,-72.9331,-3.7475,2050.29,22269.5
7525325,-82.0275,-7.6486,2050.08,22884.7
4593437,-72.6242,-3.8083,2047.03,26753.2
893201,-71.8336,6.5608,2046.11,42632.9
1918982,-72.3214,1.0533,2044.38,34669.6
2473763,-72.1028,2.9483,2043.96,32229.7
1549843,-72.1867,2.3733,2039.17,36798.4
2208127,-75.1067,-12.7142,2033.97,33304.9
70637,-72.3019,0.3483,2032.18,76201.5
340239,-72.5147,-3.6733,2031.92,54155.0
1312680,-74.9422,-12.3992,2029.45,38500.8
620047,-71.9233,9.3525,2026.06,46781.3
5403227,-71.9867,4.4375,2025.16,25429.7
6082668,-71.8153,10.4658,2024.7,24500.8
2826178,-75.0672,-12.6008,2023.15,30990.1
1380817,-75.0336,-12.4067,2023.09,37975.9
3500880,-72.2044,1.4725,2022.89,29072.3
8215119,-71.8231,9.7033,2022.76,22240.9
3933447,-72.5961,0.3583,2022.6,28062.0
302666,-72.8786,-3.295,2022.29,55679.4
286625,-71.8347,5.5092,2021.78,56394.6
2656461,-74.7286,-11.6408,2021.68,31562.5
1201079,-72.6686,-4.1708,2021.09,39427.9
1473051,-72.7894,0.215,2019.39,37314.2
11230906,-79.0419,-8.8008,2017.47,20072.6
6527133,-72.6925,-3.8517,2016.87,23956.5
7835334,-71.9689,7.7725,2015.53,22584.8
263725,-71.8189,5.84,2014.09,57490.0
3675187,-71.9847,7.9858,2014.09,28646.2
6876726,-71.9228,7.2525,2012.66,23559.6
4137174,-72.1275,2.295,2012.45,27631.8
150074,-72.0236,2.8492,2012.31,65177.9
2753793,-71.8122,11.8325,2010.09,31227.7
656971,-72.6353,-4.2,2010.07,46105.0
5337896,-72.0033,8.7683,2007.41,25527.3
1834637,-72.8639,-3.3725,2001.76,35109.7
2331363,-72.0453,3.89,1998.79,32790.2
677470,-74.7397,-11.7742,1998.06,45749.9
842923,-71.9286,7.7617,1997.35,43273.6
1895542,-71.9372,9.35,1995.89,34790.7
2008452,-74.9406,-12.3608,1994.85,34223.8
994260,-72.685,0.1525,1994.4,41455.4
226339,-72.0525,2.5992,1994.28,59519.8
3264968,-72.695,-4.0408,1994.22,29690.3
250301,-72.5108,-2.8267,1993.96,58184.0
3324413,-74.7428,-11.745,1993.9,29528.9
2688841,-73.1117,-1.5758,1992.95,31451.3
9372090,-71.8797,8.8892,1992.18,21310.5
5419256,-72.7867,0.235,1990.29,25404.7
4379748,-72.5433,-2.9475,1988.75,27152.7
2557123,-71.88,6.07,1988.16,31917.8
212360,-72.5703,-4.17,1987.58,60390.2
972668,-74.3139,-9.7133,1987.25,41696.0
1378522,-71.9092,5.2917,1981.26,37994.4
985377,-74.2986,-9.5867,1981.05,41552.1
3029411,-71.8967,8.1867,1980.73,30360.8
10307511,-71.9556,5.0158,1980.67,20654.6
663989,-74.9303,-12.15,1979.49,45980.4
3136835,-72.1408,2.7667,1978.99,30048.6
832025,-75.0958,-12.7842,1978.95,43419.1
486518,-72.1347,2.7492,1978.22,49683.4
9857390,-81.6411,-7.9194,1977.44,20957.7
889666,-71.9144,6.1908,1977.26,42677.7
490908,-72.4411,0.5792,1975.77,49571.7
2991067,-72.0131,3.2983,1974.98,30476.0
10957288,-72.0369,3.9717,1973.55,20237.0
10767503,-72.0558,2.6108,1971.54,20356.3
8820167,-71.8439,5.9267,1967.64,21733.8
147011,-71.9697,3.2758,1966.38,65474.3
4829333,-71.8981,8.2042,1964.81,26340.4
341624,-71.9319,4.9625,1962.24,54105.6
5353926,-72.6572,-3.9592,1961.02,25502.3
329844,-71.9192,4.5742,1960.35,54561.7
5897649,-72.0072,3.1625,1960.17,24741.5
5341036,-71.9567,7.605,1957.69,25522.3
3890703,-72.7142,0.1392,1955.27,28152.6
1292044,-74.5281,-9.9783,1954.63,38664.3
2018383,-75.1367,-12.7533,1951.45,34175.4
3478264,-72.9042,-3.4683,1949.65,29129.2
6459947,-72.0744,3.7692,1948.36,24036.1
3857512,-72.0617,2.6183,1948.12,28227.2
2804304,-71.8661,5.3633,1944.19,31062.0
4807215,-71.9233,8.3983,1943.36,26376.7
7090315,-72.1814,2.3783,1942.64,23325.9
7743228,-74.7331,-11.7867,1937.52,22672.1
11271546,-72.6167,0.3792,1935.52,20047.2
1167129,-74.4242,-9.92,1934.31,39728.9
2030298,-71.9011,9.65,1933.42,34117.6
4638434,-74.3086,-9.7358,1932.45,26672.1
11033871,-73.0864,-1.8783,1930.93,20192.9
1472309,-72.4342,0.5467,1926.1,37319.3
10360444,-71.8217,6.5067,1920.8,20617.5
1666165,-71.8797,9.3792,1920.35,36067.4
2568171,-72.6144,-3.8625,1919.67,31877.9
5272320,-72.8875,-3.4992,1919.62,25624.4
287791,-71.9247,4.4225,1918.46,56339.2
185187,-72.29,0.7908,1916.18,62262.2
485508,-72.5117,-3.8892,1911.47,49709.0
2448730,-71.8936,9.3325,1908.81,32324.4
5185690,-72.4983,-3.4708,1908.3,25760.8
8562088,-72.8853,-3.4483,1906.37,21946.7
9379964,-72.0656,2.6258,1905.68,21304.5
2251957,-72.5239,0.3808,1904.91,33116.9
1541222,-74.5903,-10.8133,1904.11,36855.5
4796415,-72.6181,-4.16,1903.89,26396.0
2623091,-72.5544,-3.625,1900.22,31679.4
705916,-71.9161,4.6633,1900.09,45275.3
813568,-72.7075,0.0975,1899.77,43669.3
4000744,-71.8969,9.3458,1895.58,27916.3
64722,-80.6578,-24.6667,1894.42,77497.3
1160431,-71.84,5.9942,1890.62,39791.4
1275284,-71.8144,8.2708,1889.58,38800.8
3469104,-71.8547,5.4525,1888.87,29153.2
11466153,-73.0075,-3.8592,1888.47,19932.5
10898915,-72.8108,-3.6075,1888.1,20274.8
1673744,-72.3731,0.6633,1887.3,36019.7
6306438,-71.9014,9.3533,1886.69,24218.3
5148707,-71.9475,7.6392,1886.58,25817.6
8598482,-72.0011,2.8758,1886.42,21914.8
8307277,-81.3922,-10.2458,1885.23,22160.5
4895153,-71.915,9.3308,1882.75,26228.9
3295260,-74.5525,-10.0758,1881.4,29608.6
1176310,-72.5506,-3.69,1879.14,39647.1
5599861,-72.5428,0.3425,1878.14,25147.6
1479184,-74.4153,-9.89,1876.72,37271.5
8752809,-71.8742,6.8625,1874.27,21786.5
2584626,-71.9556,7.4108,1874.26,31817.8
1410037,-71.8467,8.1083,1873.23,37760.6
3708078,-72.0108,3.1025,1871.89,28568.2
8708269,-71.8175,8.2767,1869.36,21824.5
1526766,-72.5947,-4.22,1868.47,36950.5
1789709,-72.0867,2.7708,1868.0,35353.8
9879957,-71.9603,7.7875,1865.78,20945.6
1760572,-71.9258,4.675,1865.26,35517.4
2705942,-72.5553,-2.9458,1864.52,31392.5
1432684,-74.4278,-10.125,1864.51,37600.0
767592,-71.9022,4.56,1863.67,44322.4
5622042,-72.6106,-4.16,1863.4,25114.6
3439428,-71.9219,4.6575,1861.94,29229.6
1616933,-72.4992,-2.83,1861.62,36368.3
5258333,-72.225,2.2042,1861.28,25646.8
1530768,-74.5925,-10.88,1858.36,36922.9
8142836,-72.5456,-6.1992,1853.54,22303.8
2345443,-71.8325,9.8208,1852.71,32733.8
6393564,-72.1372,2.4467,1851.78,24115.5
689657,-72.0286,2.5875,1851.32,45541.9
87981,-80.5503,-27.5264,1850.11,72876.5
4375095,-72.515,0.3833,1849.51,27162.1
1678888,-72.0289,2.8525,1849.45,35989.6
4081564,-71.9089,7.1683,1848.8,27744.6
6930927,-72.4897,-3.4358,1848.12,23497.3
5501543,-72.4011,-5.5675,1845.57,25286.5
10853665,-71.9167,5.6175,1843.96,20299.9
2914730,-71.9106,4.5817,1843.93,30711.3
7580316,-72.2017,2.3542,1842.73,22828.9
7204521,-71.8281,6.7483,1840.54,23208.1
1216180,-71.8117,5.8917,1839.51,39298.4
2112233,-71.9514,7.395,1838.45,33734.5
601277,-72.8094,-3.2233,1837.62,47146.2
11839595,-71.9106,4.6683,1836.82,19720.4
1138998,-72.4897,-3.8617,1836.8,39989.5
4081563,-72.5931,-2.9508,1835.68,27744.6
832657,-72.5422,0.3008,1835.4,43410.3
466053,-72.7897,-3.1517,1834.58,50217.8
3946331,-71.8664,8.9767,1832.15,28032.4
402550,-71.81,8.8058,1830.62,52031.0
2733500,-72.0056,3.9708,1827.55,31297.0
9194047,-72.2261,2.1508,1827.12,21441.6
2968256,-72.3089,1.0533,1827.11,30544.9
9113939,-74.7656,-11.6958,1825.4,21500.9
536558,-74.6867,-11.3442,1825.13,48497.1
10369446,-72.0197,4.4217,1824.77,20611.4
8615100,-72.0647,3.6467,1824.34,21900.2
3462293,-71.9156,7.2717,1819.55,29168.5
3833213,-75.0242,-12.45,1818.14,28283.6
1821756,-71.8283,5.6,1817.05,35180.4
8256728,-71.8917,8.1667,1816.28,22206.5
1331545,-71.9164,8.7592,1811.54,38353.2
10072660,-72.0592,3.6425,1810.39,20811.3
7760071,-72.0064,3.9608,1808.86,22655.2
5558308,-71.8061,5.8883,1808.82,25205.8
7628306,-72.0111,3.9433,1805.35,22784.2
1661009,-72.4456,0.3408,1804.76,36097.5
8388185,-71.9336,4.465,1804.51,22091.4
10382804,-79.7192,-10.8483,1804.08,20602.1
10991676,-72.1747,2.3883,1803.01,20215.0
2408849,-72.5406,-3.7483,1801.3,32481.7
1442058,-72.2606,1.2742,1800.07,37532.1
7055836,-71.8311,6.6,1799.44,23364.1
7823863,-72.5561,-3.6675,1794.72,22596.1
95590,-72.1981,-2.9742,1794.51,71648.4
2064806,-80.6544,-24.4639,1793.8,33954.7
3347126,-71.8369,6.0067,1791.03,29468.4
4424872,-71.8486,9.3425,1790.79,27065.7
4307999,-72.3819,-5.5667,1789.13,27290.8
3173747,-72.5442,0.2683,1786.25,29944.5
630083,-71.8928,4.5383,1784.3,46594.3
8988914,-72.29,0.37,1783.63,21598.5
3213189,-71.9033,4.6833,1783.45,29831.6
1390510,-72.8075,-3.1967,1778.75,37905.4
2453749,-72.0053,3.1975,1777.45,32306.7
8032085,-72.5708,-4.1442,1775.45,22403.5
10638963,-81.2936,-15.3667,1771.82,20437.5
2406532,-72.1194,2.39,1771.82,32491.5
303075,-80.7203,-27.3931,1771.63,55662.3
1627487,-76.9892,-22.635,1771.3,36301.6
4758454,-71.8306,5.91,1770.62,26461.1
2477725,-71.8211,6.6175,1768.59,32213.9
181723,-80.6567,-23.7292,1768.25,62515.5
2832582,-72.8017,-3.1742,1765.94,30971.6
6090367,-74.6906,-11.4092,1764.32,24490.4
266110,-71.9619,2.8742,1763.53,57371.3
421440,-80.6731,-24.4153,1761.96,51458.5
925506,-80.6575,-23.9014,1761.51,42238.0
8977881,-71.8103,6.5425,1760.16,21607.4
8517126,-72.4378,0.3425,1759.32,21981.5
2492172,-72.6606,-3.1408,1759.29,32158.4
9131044,-72.4444,0.3483,1758.9,21492.0
9410764,-80.6719,-23.5986,1758.39,21280.5
9622977,-78.3717,-15.145,1754.78,21127.3
9041315,-71.9497,4.8342,1753.96,21560.1
10054768,-74.6936,-11.4033,1752.15,20823.5
2571264,-71.8847,5.035,1751.73,31865.9
1638452,-71.8778,4.5375,1751.28,36233.1
2237344,-72.2808,0.7625,1751.19,33178.4
858084,-74.8556,-12.2192,1749.36,43077.4
2649792,-72.8786,-3.2208,1745.71,31586.7
876049,-71.8014,8.785,1744.77,42847.5
3161974,-71.8958,5.2675,1743.28,29976.4
2060552,-80.6525,-23.7917,1741.93,33973.5
10981881,-71.8653,6.0633,1741.73,20221.3
1133008,-74.5725,-11.0183,1741.02,40046.8
6622732,-72.1108,2.2158,1738.42,23844.5
6696898,-71.9242,4.9758,1738.28,23758.9
2437408,-80.6831,-23.6375,1735.03,32369.7
3746390,-72.4594,0.2625,1730.69,28481.1
933160,-71.9547,2.8575,1729.12,42147.4
3775571,-71.8361,6.9925,1728.73,28413.9
10757868,-81.2031,-16.7972,1728.6,20362.6
11178231,-75.0794,-12.7317,1728.26,20101.2
5958813,-72.3758,-5.5733,1727.67,24661.5
3583506,-74.8708,-12.2425,1727.55,28867.7
8674547,-71.8092,8.8383,1726.08,21853.6
10734353,-71.8,8.7808,1725.05,20378.2
4961762,-72.1347,2.4733,1724.61,26119.4
7366572,-71.8208,6.9917,1724.05,23042.8
4196667,-74.86,-12.2233,1723.95,27511.7
75336,-72.1039,-2.3708,1722.62,75226.2
11271542,-79.2844,-12.3625,1719.93,20047.2
8480608,-82.1247,-24.7625,1717.89,22013.4
3024030,-74.695,-11.3542,1717.22,30377.6
11083460,-71.8711,7.0767,1715.73,20161.3
9063059,-71.9344,7.6558,1712.1,21542.4
10369447,-71.8833,4.5483,1709.89,20611.4
7853290,-72.4775,-6.4192,1706.27,22567.9
2710966,-71.8128,8.8892,1705.24,31374.2
3766777,-72.0761,2.6092,1704.66,28431.9
10986790,-72.4314,0.3583,1703.7,20218.1
9708347,-72.4972,-3.9492,1702.22,21063.9
9110279,-71.85,8.3925,1701.02,21503.9
2566636,-72.2164,1.2475,1700.84,31883.9
949589,-71.8136,5.2258,1698.98,41956.5
3213886,-72.1272,2.4742,1698.88,29829.4
6483378,-74.8989,-12.235,1698.77,24007.0
4471956,-72.3347,0.7642,1697.51,26976.1
234780,-72.2628,-3.4317,1696.29,59030.8
395141,-72.1431,-3.1783,1694.04,52265.6
2452297,-75.0964,-12.84,1689.0,32312.6
9055736,-71.8597,6.07,1688.69,21548.3
7242552,-71.8772,4.5183,1685.04,23166.9
1461416,-72.0494,2.5275,1683.27,37396.1
7930048,-71.8944,4.6717,1680.26,22497.2
7692961,-80.6608,-23.4403,1679.67,22722.6
11817493,-71.9686,3.2892,1679.34,19733.3
3750078,-71.9811,2.9,1676.44,28472.2
4579402,-71.8325,5.2342,1676.32,26779.4
4505650,-80.7189,-27.2319,1676.09,26914.7
160151,-72.0986,-2.845,1672.01,64266.3
1470429,-72.7375,-2.0867,1660.94,37333.0
8420257,-71.84,5.275,1660.93,22062.5
7428110,-72.4872,-2.8492,1660.15,22981.9
4823880,-71.9783,2.8883,1659.15,26350.1
10539870,-71.8672,5.0108,1657.11,20499.8
8145822,-71.85,8.8817,1656.25,22300.9
3535813,-74.9278,-12.3633,1655.51,28984.5
1589677,-80.645,-18.532,1655.08,36541.3
9553333,-80.6475,-24.0292,1654.57,21175.5
4546723,-71.8097,4.9375,1653.15,26838.8
1378298,-74.2878,-9.5967,1650.97,37996.1
4589665,-72.4764,0.1692,1650.81,26760.4
1768547,-80.6214,-25.0167,1650.73,35472.5
4289361,-71.9603,2.8892,1648.11,27325.8
559212,-72.1039,-2.695,1646.88,48007.3
8300858,-71.8706,4.4758,1646.21,22166.3
1983409,-75.0242,-12.7442,1644.31,34346.5
230031,-80.6889,-24.7917,1644.1,59305.4
676341,-80.5983,-20.4958,1643.69,45768.0
1236688,-80.6706,-23.2736,1643.12,39121.3
9751224,-80.6364,-23.6847,1642.25,21036.6
3819469,-72.2097,1.1992,1639.96,28312.9
942965,-72.2864,-3.235,1639.71,42032.4
7033917,-71.8039,4.9483,1637.06,23388.6
428973,-80.7778,-26.8764,1634.73,51236.4
1651105,-80.6731,-24.7236,1633.37,36157.4
7279854,-71.8133,8.325,1632.08,23131.1
5222591,-75.0492,-12.6725,1631.48,25701.4
3019965,-72.1061,-2.7317,1629.18,30390.2
3613288,-71.845,8.8608,1628.41,28794.8
85920,-72.2633,-0.4117,1628.27,73228.9
11397824,-72.8264,-1.0992,1626.08,19974.0
8892858,-74.5656,-11.04,1626.04,21678.0
2208903,-72.0919,2.215,1626.0,33301.1
461380,-74.55,-11.1283,1624.37,50344.5
1447223,-72.2725,-3.3175,1622.67,37496.5
557579,-72.1867,-2.7883,1621.41,48043.1
1230362,-72.2814,-3.4275,1620.96,39176.6
6485494,-80.6622,-23.375,1620.79,24004.3
2325690,-72.0853,2.195,1618.08,32811.5
1850428,-72.0989,1.3833,1616.99,35026.1
9316402,-79.5119,-13.6217,1615.64,21349.3
8348370,-72.2106,1.2108,1613.87,22123.1
11778862,-71.8011,8.2908,1613.76,19755.9
3755667,-80.7647,-27.0069,1613.4,28458.7
1032910,-72.2464,-3.3992,1610.51,41044.6
9186522,-72.2697,-3.3658,1610.33,21447.5
8023070,-80.6264,-24.8111,1609.97,22412.1
3610710,-72.1639,-3.0333,1609.62,28801.4
5358684,-72.2558,-3.3892,1604.4,25494.8
109444,-80.7028,-24.3417,1603.38,69686.5
3951267,-74.2811,-9.6258,1602.18,28021.1
7068013,-72.2569,-0.4242,1602.12,23350.4
2245830,-72.1133,-2.7533,1601.97,33143.8
721843,-80.5892,-21.3542,1600.85,45018.5
3081164,-71.9903,2.8133,1597.79,30211.4
891726,-72.0344,1.6267,1597.53,42650.8
9240985,-81.3156,-17.5111,1595.05,21408.9
9506144,-78.6231,-17.2158,1595.01,21211.6
10923281,-72.3756,-3.7675,1591.44,20259.1
158048,-80.72,-23.4972,1591.42,64452.4
57752,-72.1242,-0.3217,1591.27,79200.9
574261,-80.6864,-24.7264,1590.63,47690.4
3140342,-71.9933,-4.9458,1589.69,30038.0
11083418,-80.7097,-18.0444,1589.55,20161.3
928539,-80.6444,-25.0694,1587.19,42203.3
6192487,-74.6825,-11.155,1585.99,24362.6
496874,-72.0731,-2.4142,1584.21,49426.2
1367370,-80.7764,-27.1347,1583.98,38078.1
10063255,-80.6394,-24.0847,1582.66,20817.4
296912,-74.5883,-11.1483,1582.63,55929.5
380662,-80.3967,-25.5111,1581.79,52731.6
3701613,-72.2044,1.1117,1581.35,28583.8
974775,-80.645,-25.9583,1580.15,41671.6
8615097,-74.7119,-11.6475,1578.72,21900.2
11623677,-72.2808,-3.325,1577.51,19842.8
1037940,-80.7078,-23.5278,1571.01,40991.8
11108384,-75.0194,-12.765,1569.78,20145.5
8348371,-72.0394,1.6333,1566.32,22123.1
3923049,-72.0839,1.7208,1565.74,28082.4
10681225,-72.1103,-2.7508,1564.96,20409.4
3177295,-80.6453,-24.1847,1564.68,29933.9
1574298,-72.1328,-2.7475,1563.86,36638.8
1266372,-80.5675,-21.9889,1563.12,38873.0
544523,-72.0631,-2.7242,1560.22,48320.8
4376284,-75.015,-12.79,1559.34,27159.7
4927577,-72.6281,-2.9383,1559.01,26175.4
1170874,-80.7633,-27.2861,1558.83,39695.2
1648653,-80.5378,-21.0958,1558.0,36173.3
5299368,-75.0164,-12.8175,1556.34,25584.6
6874439,-80.6564,-19.7681,1550.3,23562.3
5332974,-72.185,-3.0108,1549.77,25534.7
466876,-72.1878,-3.4508,1548.45,50196.2
11058751,-79.0028,-16.1758,1547.38,20177.1
10729564,-80.7872,-27.1653,1546.84,20381.3
10136973,-80.6339,-25.6292,1545.08,20765.3
3186763,-74.7081,-11.8042,1543.2,29906.2
394209,-74.5883,-11.22,1541.66,52294.8
7336729,-80.6464,-24.1264,1540.66,23070.4
4763823,-72.1064,-2.7717,1540.36,26451.5
9909192,-79.3578,-14.5908,1536.73,20924.3
5593023,-80.7019,-22.6778,1536.69,25157.7
1191924,-72.6186,-2.8692,1536.4,39508.6
4659303,-72.1658,1.1358,1535.09,26636.3
4996450,-71.9469,2.8342,1534.95,26063.2
7055834,-72.0883,-2.3983,1534.72,23364.1
1582405,-72.0661,-2.415,1534.2,36586.6
2975797,-80.7042,-25.6806,1527.9,30524.0
6993797,-80.6467,-24.157,1523.48,23429.4
10089452,-80.6953,-22.9736,1522.7,20799.1
2626907,-74.56,-11.08,1520.95,31665.3
5752390,-72.2883,-6.04,1520.63,24933.8
8227406,-72.2961,-3.8592,1519.48,22229.4
2325691,-72.0842,1.435,1518.56,32811.5
273921,-72.1758,-0.0758,1517.9,56992.4
6393562,-74.6733,-11.3658,1517.69,24115.5
4459951,-80.6892,-25.7417,1516.8,26999.8
8655484,-72.3031,-3.7892,1515.96,21865.3
4192396,-72.0597,1.6242,1514.41,27520.9
3371336,-72.2208,-3.415,1513.57,29405.6
3292892,-72.6344,-2.9233,1513.01,29615.1
9513967,-80.7089,-22.6681,1509.63,21205.6
1800048,-72.1367,-3.3033,1507.24,35297.9
1657863,-72.0817,-2.3692,1505.14,36116.9
9134701,-74.3208,-9.8017,1504.68,21489.1
7217114,-80.6311,-24.0861,1502.32,23194.4
5373429,-80.6353,-26.3639,1501.68,25472.3
3453388,-80.7506,-27.5972,1501.21,29192.5
8806379,-72.1258,-3.2908,1500.71,21745.5
7606260,-79.4444,-15.0433,1499.97,22806.6
7720709,-72.2169,-3.425,1498.72,22694.6
590804,-80.7039,-24.8903,1497.76,47352.5
2834415,-72.2725,-0.4192,1492.23,30965.4
424457,-80.7236,-24.7222,1491.95,51370.5
3997709,-72.2156,-2.9392,1491.81,27923.1
431843,-74.565,-11.2633,1489.5,51151.8
1420826,-72.1983,-3.45,1483.93,37682.9
10089451,-80.7017,-25.9542,1482.04,20799.1
8718424,-79.51,-15.3392,1481.98,21815.7
9921537,-80.6392,-20.6236,1481.62,20915.1
2177914,-80.3769,-25.4875,1477.42,33438.5
6635920,-80.7381,-27.4139,1476.82,23828.5
3555634,-72.2814,-3.8008,1474.31,28936.1
6330459,-72.2781,0.2992,1473.23,24192.0
6708165,-74.5561,-11.0967,1472.89,23745.5
2810792,-72.2806,-3.9192,1472.53,31039.4
10729563,-81.6631,-21.8819,1471.12,20381.3
4545496,-72.2875,-3.9208,1469.75,26841.2
10629608,-79.5736,-15.6308,1469.54,20443.8
11434533,-79.3094,-16.2917,1469.16,19951.7
1939741,-80.6736,-23.9347,1467.67,34562.8
1126213,-72.0808,1.3325,1463.0,40108.8
6059419,-72.0353,2.4767,1461.66,24532.0
617053,-80.7161,-22.9958,1460.56,46839.8
10303097,-80.6331,-21.032,1459.54,20657.7
3607231,-80.5042,-28.1306,1458.57,28810.3
2875639,-80.4683,-24.8792,1458.3,30833.5
662983,-80.7292,-24.9833,1455.19,45998.5
1539891,-80.4639,-22.4611,1451.25,36864.1
9759361,-80.6689,-23.9236,1446.89,21030.6
519376,-72.1197,-0.3817,1446.25,48891.0
10516153,-72.0944,-2.7325,1443.85,20515.3
1306948,-80.6992,-24.8028,1443.82,38545.4
5150177,-72.4689,-2.8475,1439.39,25815.1
380339,-72.4247,-2.3067,1439.2,52742.5
3699852,-74.5669,-11.2367,1438.04,28588.3
2021298,-72.0944,1.2167,1435.39,34160.5
8715087,-72.0842,1.3475,1431.64,21818.6
4732957,-71.8614,2.8258,1430.6,26506.8
3561606,-72.2461,-3.4642,1429.66,28920.7
10615515,-72.2772,-0.4158,1426.03,20453.1
182139,-72.3653,-1.9925,1423.32,62482.9
911086,-80.4561,-22.3083,1415.74,42409.6
2889572,-72.0714,1.3217,1413.68,30788.0
3165586,-74.5939,-11.1167,1413.44,29965.8
939456,-80.6839,-25.0917,1412.68,42074.8
3191824,-72.1658,-0.0475,1411.08,29891.3
6449064,-81.5722,-21.9944,1410.54,24049.4
7036381,-80.6381,-25.2708,1409.83,23385.9
1081137,-72.0075,2.53,1409.05,40548.0
8540386,-80.7142,-24.7472,1408.82,21961.2
7416497,-79.5225,-16.2008,1407.33,22990.2
7173133,-74.59,-11.1817,1405.33,23238.3
8300857,-72.1689,-0.0575,1404.2,22166.3
952388,-72.0467,-2.7858,1401.77,41924.6
5336257,-80.3992,-25.2292,1400.18,25529.8
5970276,-72.05,-2.7967,1400.01,24646.0
6474887,-72.0025,2.525,1399.0,24017.6
5432969,-80.3881,-25.1861,1398.6,25387.1
7874657,-80.6586,-25.0167,1396.54,22550.9
5040123,-80.7319,-23.5625,1393.32,25992.2
1425616,-80.7133,-22.8722,1388.86,37649.1
605192,-72.0078,-2.5367,1385.51,47067.8
1883600,-72.4386,-2.7575,1385.43,34852.9
163947,-80.4453,-28.3389,1384.31,63935.3
10373881,-79.3989,-16.8825,1381.47,20608.3
4997870,-80.5117,-19.1875,1379.42,26060.8
5419257,-72.5814,-2.4383,1378.74,25404.7
9113940,-72.1389,-2.6275,1376.78,21500.9
2829313,-80.5217,-20.4361,1376.31,30979.8
420464,-71.9903,-2.5892,1376.11,51488.2
3914054,-72.0581,-2.65,1373.37,28102.8
4546722,-72.0875,-2.3608,1373.18,26838.8
4099024,-80.7422,-25.6014,1371.88,27710.1
8368818,-80.5203,-19.1333,1369.67,22108.7
1668747,-72.0556,-2.4483,1369.19,36051.5
7781029,-72.22,-3.4567,1368.18,22638.4
6169755,-71.9403,2.78,1367.92,24388.7
10986791,-72.1103,-2.405,1367.69,20218.1
2603969,-80.6908,-24.625,1362.72,31747.7
11261511,-78.8569,-24.32,1360.54,20053.6
4630744,-80.5481,-19.6083,1360.01,26686.5
6332480,-80.7206,-22.8639,1358.19,24189.4
701203,-72.0386,-3.3825,1358.1,45352.6
7600680,-80.4603,-22.4139,1357.02,22812.2
1745214,-80.4414,-21.8917,1355.93,35603.4
10853621,-80.4572,-27.9097,1353.32,20299.9
7748725,-78.9494,-25.5892,1352.83,22666.5
780708,-72.0536,-3.405,1350.33,44130.8
4751686,-72.0506,-2.7608,1349.51,26473.1
5949492,-72.0769,1.165,1348.17,24674.4
7400683,-72.0656,1.3183,1346.77,23006.8
10016136,-80.7403,-28.0069,1341.13,20851.1
1056524,-72.0756,-3.4175,1340.04,40800.2
2394235,-71.9917,-2.57,1339.4,32538.5
699063,-72.2372,-0.2917,1336.6,45387.7
2230824,-80.3617,-25.1181,1335.85,33207.2
4949078,-72.0142,-3.38,1323.01,26141.3
2668294,-72.1192,-3.2975,1322.8,31522.1
2309153,-72.1522,-0.2383,1318.77,32879.4
1069540,-81.5125,-28.2361,1317.66,40664.1
11682998,-72.1269,-3.1867,1316.13,19807.5
2762182,-72.0883,-3.2958,1314.54,31201.1
1109610,-80.7144,-23.2167,1313.31,40270.5
10466061,-72.1172,-2.3892,1309.46,20549.4
3045330,-74.5328,-11.4433,1309.41,30314.6
7398035,-81.485,-23.275,1309.2,23009.6
4410548,-80.5008,-19.2264,1309.01,27094.0
8385067,-74.6806,-11.92,1305.38,22094.3
2023870,-72.3575,-1.9875,1305.1,34147.4
11178234,-72.1383,-0.2817,1303.53,20101.2
10625007,-72.0069,-2.5492,1303.1,20446.9
539492,-72.1097,-0.1983,1302.97,48432.7
3067599,-72.1256,-0.3992,1302.85,30249.4
7505452,-74.5536,-11.2725,1302.75,22901.4
246050,-80.31,-24.9819,1300.76,58410.2
3387425,-72.1694,-0.0983,1299.02,29364.4
4200049,-80.7117,-23.9597,1298.28,27504.7
10213200,-80.7358,-26.0194,1298.23,20716.2
11205288,-80.7322,-25.7986,1297.54,20088.5
6378867,-80.3683,-25.1097,1295.13,24134.0
5622029,-80.7011,-23.9611,1295.11,25114.6
9684125,-80.6817,-23.9625,1294.31,21082.0
617291,-72.1383,-2.2792,1293.77,46834.4
6273660,-74.6717,-11.9733,1292.64,24260.4
775093,-72.0347,-2.7983,1289.01,44213.1
6220365,-79.3769,-18.1517,1288.5,24326.0
4539182,-80.7267,-24.1111,1280.36,26853.1
7092750,-80.4472,-21.9514,1279.72,23323.1
8899804,-80.7225,-24.3333,1278.9,21672.1
7706745,-71.9986,-2.5408,1278.49,22708.6
3895197,-80.7128,-23.7847,1277.84,28145.8
7678137,-80.7081,-23.7625,1276.75,22733.8
1415867,-80.375,-25.65,1272.4,37718.4
384121,-80.3378,-25.0083,1272.05,52619.1
9584994,-80.4167,-25.5403,1271.24,21151.4
3811720,-80.4939,-28.3528,1267.36,28330.8
1287699,-71.8761,-2.5992,1259.66,38698.9
6184473,-80.5058,-28.3528,1258.14,24373.1
1394519,-80.4333,-21.9319,1255.67,37873.5
1138657,-79.0825,-27.2275,1244.03,39992.7
590020,-72.2472,-0.485,1243.77,47368.7
7577498,-80.4403,-25.7847,1237.36,22831.7
5951317,-79.3506,-19.0842,1236.85,24671.8
375675,-71.9233,-2.9583,1233.68,52895.7
5882909,-71.8361,-5.6992,1232.32,24762.0
1325289,-80.4197,-25.6306,1221.33,38403.0
3347122,-80.4164,-23.2597,1218.81,29468.4
1289073,-71.9967,-3.375,1217.17,38687.3
6376802,-81.4672,-26.4,1216.99,24136.6
2385001,-72.2306,-0.5217,1216.21,32573.8
8008003,-71.8769,-2.57,1215.15,22426.3
1502744,-72.0394,-3.5275,1214.48,37112.2
564189,-80.4286,-27.9597,1214.36,47902.3
1311512,-72.2386,-0.4617,1213.16,38510.7
1714574,-74.6169,-14.3692,1210.5,35780.1
3447809,-72.1344,-2.3483,1210.31,29207.8
424102,-80.3442,-25.6806,1208.72,51380.4
5525220,-71.9786,0.5208,1202.54,25251.2
3012298,-71.9903,-3.3633,1199.43,30411.1
1622312,-80.4006,-25.8292,1196.82,36335.0
2295807,-81.4864,-28.1889,1193.55,32933.6
8575275,-72.1547,-0.1075,1190.06,21935.1
8924758,-72.245,-0.505,1187.84,21651.5
775447,-72.0161,-3.5108,1187.11,44207.3
3364897,-72.0372,-3.5067,1186.13,29423.0
3728549,-81.5031,-28.3403,1167.38,28521.4
2489222,-71.9133,-2.97,1165.85,32170.3
11423948,-79.2558,-19.9017,1156.86,19958.1
88036,-73.36,-14.1175,1147.71,72866.9
5504988,-80.3336,-25.7306,1146.66,25281.5
11466154,-71.9303,-2.9767,1141.87,19932.5
11596675,-72.1106,-0.4017,1140.65,19858.9
6059420,-71.9561,0.4908,1137.52,24532.0
6466384,-74.6167,-14.6633,1136.46,24028.2
1385664,-71.8244,-1.7242,1135.02,37940.7
945259,-80.3756,-27.4319,1131.69,42005.1
3812654,-79.1817,-28.1775,1130.5,28328.6
5459324,-71.8664,-1.7567,1127.24,25346.9
7090300,-80.3536,-25.45,1124.32,23325.9
5489890,-72.1628,-0.2475,1120.22,25304.2
1215828,-72.0814,-0.255,1120.15,39301.7
1038824,-71.9653,-3.3775,1119.4,40982.5
2987737,-80.4,-26.8528,1117.0,30486.4
2076715,-80.3439,-25.4861,1111.26,33898.4
6808615,-71.8728,-1.715,1110.88,23635.2
8715054,-80.3219,-24.9931,1101.0,21818.6
701694,-73.4664,-14.6483,1100.34,45344.2
6977116,-71.9319,-2.94,1094.93,23448.5
3569391,-74.6061,-14.4917,1094.37,28900.8
11361429,-71.9519,-2.0158,1094.2,19996.3
800898,-80.3436,-28.2792,1094.03,43845.5
827416,-80.3078,-25.6875,1084.96,43480.7
9156862,-80.4417,-27.9528,1082.78,21471.3
5819516,-72.0169,-3.55,1082.3,24846.8
309219,-80.2681,-25.5903,1081.59,55400.7
3566813,-80.4078,-21.5444,1080.73,28907.4
9457078,-81.3172,-27.4986,1078.94,21244.6
8635324,-79.1356,-28.1808,1078.84,21882.8
11016431,-79.1267,-28.32,1073.61,20199.2
8530434,-79.6914,-19.8042,1067.72,21969.9
680133,-71.8947,-3.2275,1066.54,45705.3
2118557,-72.0636,-0.2783,1063.81,33704.2
8172181,-80.355,-25.7083,1062.44,22280.9
5210362,-80.3864,-27.4264,1060.38,25721.2
7229672,-72.3183,-1.9583,1055.9,23180.6
4817154,-80.3661,-27.4417,1055.7,26362.2
6598591,-71.8636,-2.6983,1052.16,23873.9
3970747,-71.9628,-3.3358,1050.9,27980.1
7603465,-79.0989,-28.2583,1050.14,22809.4
3109284,-78.9906,-27.1442,1050.01,30129.1
6257185,-71.9594,-3.3242,1048.29,24281.4
7377135,-79.3472,-20.6125,1048.03,23031.8
5033931,-72.0703,-0.2667,1041.13,25999.6
2421398,-80.3489,-27.4319,1035.95,32432.6
6602980,-79.2464,-21.0075,1023.75,23868.6
1674691,-80.3306,-25.3833,1022.34,36016.2
4773780,-80.3206,-23.9847,1019.99,26437.0
1775836,-80.3386,-28.1736,1008.19,35429.4
6024219,-80.3514,-28.1361,999.96,24576.1
6414400,-80.3714,-21.9667,995.27,24089.1
7821036,-71.9556,-3.3192,993.06,22598.9
6470576,-80.3017,-24.8583,992.28,24022.9
1068074,-80.3056,-25.3014,991.87,40678.2
576435,-80.2869,-25.282,988.33,47646.3
896708,-80.2761,-25.4819,988.12,42588.0
4455083,-72.2992,-1.9417,982.66,27009.2
5396669,-72.0047,-3.5433,982.14,25439.8
935476,-78.9164,-27.1233,981.31,42120.2
1184367,-80.2564,-25.5278,978.04,39574.7
3430218,-71.8992,-2.9742,972.96,29251.4
7549878,-71.8917,-3.2242,968.94,22859.6
883494,-80.2958,-27.6708,964.15,42753.7
2431909,-80.3044,-25.3514,964.07,32389.4
5313466,-78.9814,-27.5458,957.84,25562.2
9224033,-79.4011,-21.2158,953.86,21417.8
539858,-80.2428,-25.2569,946.86,48424.8
8809865,-74.2053,-12.5933,946.5,21742.6
8618400,-79.6256,-20.805,945.33,21897.3
2385000,-78.9919,-27.9658,943.09,32573.8
5096297,-80.3211,-25.3222,937.55,25901.4
1695037,-80.2469,-25.4931,937.54,35893.9
2945242,-80.265,-25.5361,935.42,30615.7
2424249,-79.0744,-27.9517,933.74,32420.9
1358036,-80.2833,-27.7931,933.55,38150.0
2013246,-80.3061,-27.4083,929.67,34199.6
1202787,-79.0442,-27.9833,925.89,39415.0
3037763,-78.9728,-27.3667,923.35,30337.7
3090819,-80.2789,-27.7472,921.39,30181.9
5549900,-79.7561,-21.1758,917.9,25218.4
3473319,-73.4278,-14.0342,916.84,29142.3
9521925,-71.955,-3.3942,908.56,21199.5
9775606,-79.0517,-28.345,908.19,21018.5
6852505,-80.2656,-26.8139,900.5,23583.9
8362610,-79.0239,-28.03,898.62,22114.5
1075576,-80.2617,-27.7903,897.15,40602.9
3029409,-78.7844,-26.635,891.41,30360.8
200015,-73.2297,-13.8367,891.06,61199.2
9123708,-74.5847,-14.3417,890.18,21498.0
6609441,-80.2586,-26.9458,888.05,23860.5
11163226,-79.7492,-21.6025,886.54,20110.7
3383949,-80.2369,-25.2167,882.8,29371.0
11618345,-78.7944,-26.6108,874.85,19846.0
10776800,-80.2719,-27.7653,874.44,20350.0
4917826,-80.2328,-26.7514,871.83,26192.5
4656677,-80.2972,-27.4,862.7,26641.1
5383742,-80.2761,-25.2722,858.34,25459.8
2591931,-80.2044,-26.8417,852.2,31789.8
1118288,-78.9958,-28.0192,847.22,40186.5
4076375,-80.255,-25.2625,845.48,27756.1
7043638,-78.8847,-27.25,843.18,23377.7
2274947,-80.2889,-24.9708,840.97,33022.5
742885,-80.2847,-28.3306,840.31,44690.3
2786122,-80.2031,-26.782,833.26,31121.4
2928835,-79.6414,-22.7867,830.6,30665.6
11575007,-80.2536,-27.0028,824.76,19871.7
7033916,-73.6758,-14.5742,810.06,23388.6
1230685,-78.9678,-27.7883,808.08,39173.4
7847410,-73.39,-13.91,803.32,22573.5
4801893,-80.2522,-24.8764,799.23,26386.3
3094939,-80.2636,-27.6555,792.02,30169.2
442588,-80.1222,-25.7389,790.47,50849.4
2126203,-80.2697,-27.8542,788.03,33670.2
6238322,-73.6914,-14.7717,783.35,24302.4
3884938,-73.7075,-14.9533,779.45,28166.2
7611799,-80.3286,-28.2236,777.01,22801.0
170141,-73.7447,-14.76,762.0,63418.1
6029926,-73.7078,-14.8867,742.27,24568.3
2021656,-73.7281,-15.0408,742.24,34158.6
4494612,-80.2567,-27.85,733.31,26936.0
220634,-73.7739,-14.9642,719.79,59869.9
1299399,-80.125,-25.5945,718.08,38604.9
3491778,-73.72,-14.7358,715.01,29096.4
2077490,-73.7367,-14.9817,707.0,33894.6
5416075,-73.7236,-14.7075,696.01,25409.7
4834750,-73.7231,-14.6892,692.99,26330.7
209158,-73.7842,-14.8717,671.98,60595.5
5352307,-80.18,-27.025,656.18,25504.8
8208754,-73.7319,-15.1108,654.82,22246.6
757539,-73.7722,-15.1167,633.09,44470.3
1920978,-73.7753,-15.0617,621.34,34658.6
7212032,-78.9997,-28.0792,617.74,23199.9
278846,-73.0347,-13.4217,599.31,56757.2
11215453,-73.205,-13.8158,595.83,20082.2
8109054,-73.7289,-14.73,594.87,22335.2
1580807,-73.7828,-15.0292,575.1,36597.0
2082631,-79.0056,-28.1158,563.54,33870.2
2181667,-73.7508,-14.7283,552.32,33421.4
9327770,-73.7831,-15.01,547.6,21340.3
322039,-73.8953,-15.6225,544.71,54872.6
4996448,-73.7558,-14.7208,514.37,26063.2
330039,-73.8056,-14.9208,510.67,54553.5
11103387,-73.7989,-14.9233,504.28,20148.7
5538242,-73.7433,-14.9583,471.98,25236.1
1673195,-73.9167,-15.7283,459.18,36023.3
1245732,-73.9147,-15.6517,453.4,39044.7
1580036,-73.9231,-15.6433,449.34,36602.2
11856355,-73.9192,-15.64,437.09,19710.7
4954777,-73.8883,-15.6825,417.83,26131.6
10466058,-73.9108,-15.6375,399.67,20549.4
3763980,-73.9242,-15.7575,396.52,28438.6
9549393,-73.9219,-15.66,378.85,21178.5
8281816,-73.9247,-15.7742,351.84,22183.5
5615256,-73.7608,-14.7442,351.08,25124.8
4941527,-73.9208,-15.5942,334.4,26151.1
331921,-74.4161,-20.5883,285.79,54478.8
1756478,-74.0431,-20.9958,274.39,35538.9
514783,-72.6394,-16.2967,236.06,48997.7
1125619,-72.1092,-12.76,169.9,40115.1
7026686,-73.9669,-17.3783,104.03,23396.8
10199909,-72.76,-13.0633,85.48,20725.4
8789473,-75.7669,-23.9208,83.5,21760.1
6113954,-75.7494,-23.6033,83.33,24459.2
6787050,-72.7572,-17.6717,82.75,23656.7
4492152,-75.7461,-23.5975,81.51,26940.7
9027065,-73.5625,-20.5258,78.02,21571.9
11450337,-73.9644,-17.4592,74.97,19942.1
11073499,-72.5644,-15.0492,74.81,20167.6
10239341,-73.9544,-17.4558,73.84,20697.7
7013486,-75.7456,-23.7992,73.52,23407.7
9106729,-75.8697,-25.2925,70.14,21506.9
6768669,-75.5156,-20.6942,68.86,23678.3
10573975,-75.5142,-20.6383,67.78,20481.1
6542953,-75.8225,-24.8308,65.55,23937.9
8032084,-75.7375,-23.6058,62.74,22403.5
7111116,-73.9203,-17.3283,62.63,23306.7
10329339,-75.8703,-25.2733,62.1,20639.2
11038836,-73.9172,-17.3183,60.63,20189.7
11445083,-75.0642,-18.6275,60.53,19945.3
8284945,-75.4511,-26.2867,59.63,22180.6
6958065,-75.7497,-23.9725,57.34,23470.2
10729609,-73.9556,-17.4258,55.91,20381.3
8109053,-75.4367,-20.0167,55.46,22335.2
8215118,-75.7311,-23.9883,55.3,22240.9
8631949,-75.7894,-24.6467,54.94,21885.7
10908576,-75.7292,-23.6558,54.05,20268.5
7514637,-75.7511,-24.2458,52.8,22895.8
8949495,-75.8775,-25.5717,51.98,21630.9
10767495,-75.905,-25.7325,51.74,20356.3
10889203,-75.7,-23.9433,51.57,20281.1
11356291,-75.4381,-20.0333,51.13,19999.5
7555805,-75.8322,-25.0008,51.11,22854.0
8169108,-75.7617,-24.1583,51.03,22283.8
9921574,-75.7003,-23.0783,50.88,20915.1
7160763,-74.4344,-20.8658,50.08,23252.0
10918376,-75.6383,-22.61,49.96,20262.2
7861848,-75.8775,-25.6358,49.84,22559.4
8038024,-75.8189,-24.9592,49.42,22397.9
7981091,-75.6797,-23.2942,49.09,22451.8
11178228,-75.7647,-24.6975,48.76,20101.2
9816091,-75.4578,-21.2783,48.46,20988.1
9252254,-75.8244,-24.9458,47.88,21400.0
10819803,-75.75,-24.1967,47.67,20321.9
11408241,-75.7764,-24.6483,47.44,19967.6
10208769,-75.8267,-24.8242,47.37,20719.3
7889101,-74.3358,-20.925,47.23,22536.8
8109052,-75.8411,-25.0083,46.82,22335.2
8883620,-75.8369,-24.9425,46.58,21680.9
9009064,-75.7814,-24.5467,46.2,21586.7
8020106,-74.3953,-20.8792,45.95,22414.9
10962221,-75.6481,-24.2917,44.84,20233.9
11471410,-75.7383,-24.255,44.0,19929.3
10324988,-75.7269,-24.2925,43.86,20642.2
11563518,-75.8094,-24.97,42.88,19878.1
9884053,-74.3222,-20.925,42.84,20942.5
11834046,-75.7347,-24.3467,42.42,19723.6
9403131,-74.2975,-20.9483,42.24,21286.5
10810287,-75.7586,-24.5225,41.06,20328.1
10662324,-74.3728,-20.8917,40.66,20421.9
10169364,-75.8325,-24.9167,39.63,20746.9
