1924546,-77.3167,39.7008,3788.44,34642.0
11220575,-73.5997,38.9158,3180.19,20079.0
19026,-71.8764,6.67,3143.5,96513.6
184774,-71.8864,6.5617,3109.97,62291.9
238222,-71.8608,6.8358,3075.97,58837.3
3785811,-71.9008,6.7242,3064.51,28389.3
190699,-71.9286,6.6183,3056.93,61856.7
4851303,-71.8917,6.74,3056.03,26301.7
1033909,-71.9031,6.5925,3039.68,41033.7
1909639,-71.8831,6.6375,3027.63,34717.3
4162585,-71.8928,6.6692,3023.14,27581.1
20307,-72.15,23.2608,3010.24,95487.6
14440,-71.8675,9.7667,3005.43,100891.3
389461,-72.1581,23.2108,3002.84,52443.3
964510,-71.8581,9.775,3001.18,41787.6
808381,-71.9208,6.7833,2999.47,43739.3
44307,-71.99,7.3517,2992.04,83290.4
1502961,-72.0036,7.3617,2985.59,37110.5
4108669,-71.9125,6.7383,2985.24,27689.4
1329315,-72.1181,12.2033,2971.37,38369.8
8921113,-72.0778,12.3342,2968.42,21654.5
86006,-72.0019,7.57,2968.14,73212.3
852144,-72.3414,24.8658,2968.12,43152.7
10072661,-72.0081,7.57,2966.85,20811.3
4195606,-71.8644,6.7667,2930.68,27514.0
412525,-71.9594,6.0608,2927.82,51725.2
4960371,-71.9667,6.1042,2927.21,26121.8
1394521,-71.9178,6.625,2924.47,37873.5
121500,-71.95,6.2125,2923.21,68173.5
5440,-71.8175,6.91,2919.05,116511.8
11302284,-72.0222,12.535,2915.07,20028.2
8480635,-71.9656,6.0767,2914.11,22013.4
5174449,-72.1692,23.185,2910.46,25775.6
29694,-71.73,12.1483,2909.48,89458.4
52539,-72.2,24.6867,2908.44,80677.7
2141101,-72.3269,24.8675,2902.57,33602.0
879420,-71.9186,12.1608,2901.46,42805.9
1269129,-71.9369,12.1392,2901.25,38851.7
60262,-71.9067,5.975,2898.14,78564.4
7063194,-72.0292,7.6158,2898.0,23355.9
9728796,-71.9164,6.7458,2894.32,21048.7
402298,-71.9333,6.155,2893.06,52039.6
354232,-72.2342,24.995,2892.64,53642.0
6551790,-72.3278,24.845,2891.86,23927.2
1295155,-72.1761,23.1658,2888.24,38637.9
447366,-72.3011,24.6475,2886.99,50719.0
8040952,-72.1544,23.25,2884.62,22395.0
10217520,-71.9319,6.1592,2883.75,20713.1
11718245,-71.9269,12.1525,2881.74,19791.4
3378408,-71.8739,9.7667,2881.58,29386.1
87333,-71.7861,11.4883,2880.66,72984.8
235120,-71.9422,6.9183,2875.14,59011.4
8029088,-72.1561,23.2417,2868.4,22406.4
191919,-71.7558,11.6117,2865.23,61770.2
129498,-71.9853,7.6192,2862.04,67279.8
1038523,-72.1367,11.65,2861.98,40985.6
9585020,-71.8606,6.7908,2860.18,21151.4
156938,-71.9111,11.5675,2859.22,64552.2
2181668,-72.0661,12.66,2857.73,33421.4
1704148,-71.9033,11.6142,2857.3,35840.6
419692,-71.9339,6.8808,2855.5,51510.5
435538,-72.135,23.3567,2855.49,51047.0
987843,-71.8044,11.4092,2855.2,41526.1
2318845,-72.3292,24.8208,2854.87,32840.6
196966,-71.8953,6.01,2853.72,61409.1
3238143,-72.3644,24.7583,2853.71,29761.0
7338,-71.7619,6.91,2852.79,111687.9
45231,-71.9814,9.7108,2852.48,82968.5
4899330,-71.9811,7.3742,2850.67,26221.6
5608400,-71.7878,11.5083,2850.34,25134.9
401244,-72.3153,24.3667,2848.86,52072.6
1412087,-72.0306,6.1483,2847.33,37747.1
224910,-71.9172,6.0192,2847.24,59605.4
1459608,-71.9061,6.0475,2847.16,37409.7
8193290,-72.3336,24.915,2846.29,22260.9
2848526,-72.2903,24.645,2845.01,30918.1
842381,-72.2708,24.6992,2843.79,43281.0
2045214,-71.7578,11.6317,2843.63,34046.5
1490574,-71.8861,12.2325,2842.6,37192.8
203644,-71.7964,11.645,2838.76,60963.5
2912817,-72.2067,24.6733,2838.25,30717.5
359938,-71.8189,11.6192,2837.65,53436.1
1718397,-72.2436,25.0033,2836.58,35757.0
254294,-72.1969,23.2008,2835.04,57973.3
9160514,-72.0097,7.3875,2834.79,21468.3
268789,-71.7525,12.1275,2833.2,57241.2
703292,-71.8317,11.6117,2832.58,45317.5
440544,-71.8447,12.3042,2830.97,50905.8
153137,-71.7433,11.6383,2828.72,64892.8
1054776,-72.1392,11.5183,2827.7,40818.9
8562089,-72.3558,24.8267,2827.19,21946.7
7921219,-72.3331,24.8133,2824.97,22505.7
2027292,-71.7831,11.4075,2824.26,34132.5
148413,-72.2164,24.7458,2823.94,65338.9
1887352,-72.14,23.3083,2822.22,34832.8
580458,-71.9322,11.54,2821.83,47562.0
1114323,-71.8017,11.6133,2821.63,40224.6
3966773,-72.2814,24.6558,2821.61,27989.2
1097708,-71.8892,12.1967,2821.3,40385.8
222514,-71.8833,6.0042,2820.72,59750.6
181853,-71.7394,12.4433,2820.06,62505.3
4172234,-72.0069,6.0883,2819.88,27560.3
977322,-71.8781,12.3692,2819.81,41642.5
3407555,-71.7892,11.4592,2819.52,29310.2
879190,-72.3319,24.3533,2818.22,42808.8
712792,-72.2419,24.9358,2817.34,45162.6
8410607,-72.3275,24.7883,2817.29,22071.2
4589666,-71.9064,12.2058,2817.16,26760.4
1036521,-71.7628,12.1375,2816.2,41007.3
273255,-72.1892,24.7433,2816.19,57023.7
1534817,-71.75,12.1483,2814.43,36897.0
1636247,-71.8072,11.6008,2813.87,36247.2
388226,-71.8611,12.25,2813.63,52484.6
6263327,-72.2739,24.6975,2812.74,24273.5
6667866,-72.0478,7.6258,2811.53,23793.7
9647698,-72.2106,24.7442,2809.63,21109.2
6736418,-71.7594,11.5817,2808.99,23715.9
3037767,-72.2803,25.0792,2808.75,30337.7
822626,-72.2414,24.67,2808.19,43543.7
2725865,-71.8839,12.2708,2807.08,31323.4
1125777,-72.2506,24.9167,2806.52,40113.5
2145151,-71.9158,5.9633,2806.4,33583.0
1763584,-71.9786,7.3992,2803.22,35499.5
1680573,-71.8878,11.6275,2801.45,35979.0
1186158,-72.2642,24.7325,2801.12,39560.2
666025,-71.7203,12.1375,2799.18,45945.8
206340,-72.2497,24.6158,2798.69,60782.4
1554686,-72.0856,6.9333,2798.54,36765.5
945770,-72.0414,4.8833,2798.47,41999.0
3895207,-71.8872,12.2775,2798.12,28145.8
129192,-72.0442,8.9492,2797.55,67310.1
5776787,-72.0594,5.0125,2793.81,24903.2
433820,-71.8689,11.675,2792.69,51094.4
9224036,-72.2431,24.9875,2791.52,21417.8
9179058,-72.3119,24.9475,2791.15,21453.5
4937346,-72.3022,24.4067,2789.98,26158.4
7125813,-72.0642,4.9483,2789.71,23290.3
2336408,-72.2528,24.7133,2789.52,32768.8
4585905,-71.9831,6.0392,2788.41,26767.5
1011183,-72.055,4.8025,2788.4,41272.1
5249170,-71.9847,6.015,2788.23,25661.7
10704520,-71.7347,12.4458,2787.25,20393.8
164646,-71.705,11.6,2787.01,63873.5
57649,-72.1381,25.1333,2785.7,79227.4
5895770,-72.0778,6.1967,2785.29,24744.0
1714273,-72.0503,4.9208,2783.59,35781.9
1048720,-72.1933,23.1692,2783.21,40879.7
4642,-72.0794,23.1258,2783.05,119133.9
2734688,-72.1325,6.9475,2782.8,31292.9
8184195,-72.1436,23.2858,2781.79,22269.5
2515342,-72.0733,4.775,2781.53,32073.1
6001476,-71.9394,6.1917,2780.89,24607.2
7754444,-72.3078,24.39,2780.52,22660.9
7757289,-72.1719,4.2167,2779.06,22658.0
1840822,-71.7269,12.4442,2776.54,35077.0
8449832,-72.1308,11.6608,2776.39,22036.5
8662,-71.405,13.3483,2774.46,109134.0
885131,-72.13,23.3992,2773.64,42732.9
907226,-72.0967,4.6667,2773.15,42457.7
3179480,-71.9061,11.645,2772.49,29927.5
2610488,-72.0997,4.765,2770.48,31723.6
2298077,-71.8833,12.35,2770.29,32924.0
312301,-71.8283,12.2675,2770.1,55272.9
1129803,-72.1408,11.4833,2769.82,40075.4
6803973,-72.2778,25.0508,2769.29,23640.6
555232,-72.2031,14.4833,2768.74,48093.5
3087379,-72.3478,24.6175,2768.67,30192.4
644720,-71.7511,12.4208,2768.47,46325.6
8792884,-72.0072,7.515,2768.21,21757.2
335436,-72.2033,25.0008,2767.46,54339.4
4177603,-72.0581,12.6858,2767.11,27548.7
8988916,-72.0808,6.9183,2765.2,21598.5
631847,-71.9411,6.0983,2764.33,46561.5
2363373,-71.7436,12.1417,2763.85,32661.7
951661,-71.8525,11.6142,2763.78,41933.7
358306,-71.9667,6.2675,2761.89,53494.5
568275,-72.0464,4.7533,2761.8,47815.8
62718,-72.2869,26.5283,2761.43,77971.8
10289681,-71.84,12.31,2761.17,20666.9
6024232,-71.7308,12.1175,2759.36,24576.1
815204,-72.2411,24.74,2759.29,43646.0
1198868,-71.8531,12.3525,2759.25,39447.3
3727659,-71.7019,11.6233,2759.14,28523.6
10068354,-72.0836,4.6575,2758.49,20814.4
2375072,-72.2181,24.78,2755.6,32614.8
8233648,-72.0778,23.1467,2755.54,22223.7
69587,-71.9086,5.485,2754.1,76423.5
747522,-72.0997,4.3317,2751.27,44620.4
6763758,-72.1419,11.5908,2750.87,23683.7
405839,-71.9828,9.7992,2748.65,51929.3
5483302,-71.91,11.6383,2747.04,25314.2
369866,-71.7533,11.4275,2745.99,53092.8
1949344,-72.3022,25.565,2745.61,34514.9
165465,-71.8583,6.6325,2745.44,63804.7
1670918,-72.1169,4.3583,2745.3,36037.4
13409,-72.0919,25.705,2743.44,102082.2
3672505,-72.2256,24.7958,2742.59,28652.9
99411,-72.14,25.2117,2741.02,71083.3
9921576,-71.9214,11.5608,2740.16,20915.1
5305642,-71.7589,6.9008,2739.74,25574.6
596757,-71.915,5.5275,2739.31,47235.3
176039,-71.8064,12.0375,2739.26,62957.3
767203,-72.2406,25.2108,2739.18,44328.2
9959176,-72.0472,4.8717,2739.1,20887.7
5783976,-72.0181,5.1542,2738.48,24892.9
7392777,-71.7617,12.4417,2737.1,23015.1
79293,-71.9258,8.825,2736.31,74425.8
91513,-72.4869,27.9783,2734.48,72283.1
596537,-72.2608,25.6067,2733.66,47239.4
4475591,-72.2953,25.5217,2733.6,26969.1
1099727,-72.225,24.9458,2733.58,40365.3
5925666,-71.9064,5.4725,2733.51,24702.8
10507040,-72.0078,7.4925,2732.37,20521.5
5230845,-71.8539,11.6433,2731.84,25691.5
1548094,-72.7106,26.9308,2731.8,36810.5
11542128,-71.8094,12.0342,2731.64,19890.9
849718,-72.3275,26.1192,2731.02,43183.7
3771886,-71.77,12.4483,2729.53,28422.9
2384529,-72.2958,25.435,2727.71,32575.7
360661,-71.7803,11.3225,2726.35,53412.3
99092,-71.845,12.0217,2726.32,71128.1
100147,-72.1228,25.0175,2724.84,70976.5
7530760,-72.0364,5.24,2724.8,22879.1
1108159,-72.2533,25.1033,2724.02,40284.7
3628032,-72.2556,24.8433,2722.71,28761.6
9724790,-72.415,26.1692,2722.49,21051.8
10479679,-72.0411,12.685,2720.99,20540.1
376081,-72.1944,25.1425,2720.96,52882.4
5824929,-72.115,11.6467,2719.52,24839.1
5147118,-72.0414,12.695,2718.66,25820.1
2960439,-72.2344,24.7458,2718.34,30569.9
1849460,-71.7903,11.375,2718.13,35031.6
2275837,-71.9331,6.0967,2717.95,33018.6
1210847,-72.2047,14.39,2717.46,39343.8
788136,-71.7336,12.095,2716.25,44025.3
1655540,-72.2714,25.6642,2715.92,36129.2
1083140,-72.0953,25.68,2715.59,40529.1
3362486,-72.6981,26.9383,2715.56,29429.5
3272561,-72.2583,25.6475,2715.38,29668.8
1097533,-72.0622,5.34,2715.21,40387.4
4944269,-72.0044,6.2583,2714.78,26146.2
4853984,-72.2681,24.7467,2714.62,26296.8
23730,-71.6672,11.4817,2714.39,93032.0
4937347,-71.9789,9.7517,2713.4,26158.4
3995621,-71.8669,12.2717,2713.19,27927.7
3747304,-72.1039,25.6808,2712.18,28478.9
4223211,-72.2742,25.65,2712.11,27456.0
528289,-71.7833,11.6867,2710.35,48684.6
8002035,-71.9747,6.2683,2709.5,22432.0
2919961,-72.0647,4.7333,2708.97,30694.7
6208478,-72.1958,25.1808,2708.63,24341.7
144337,-71.9742,7.7158,2708.32,65734.6
14711,-72.1317,24.5683,2706.41,100606.1
9383799,-72.1953,25.125,2705.99,21301.5
4992208,-72.0683,6.9342,2704.99,26070.6
10786409,-71.7831,12.4467,2703.9,20343.8
5446070,-71.76,6.8908,2703.48,25367.0
1913843,-71.7856,11.2967,2703.48,34697.1
246932,-72.2833,26.5742,2703.23,58361.1
826253,-71.7256,11.6683,2702.97,43495.4
35202,-72.1061,25.9858,2702.7,86848.6
11707317,-72.1967,25.1617,2701.83,19797.8
11016436,-71.9183,5.545,2701.82,20199.2
9950756,-72.3817,26.2908,2701.39,20893.8
482012,-71.7992,12.0992,2701.32,49799.9
3609811,-72.1511,25.1475,2700.12,28803.7
48139,-71.9994,4.4992,2699.46,82013.1
515487,-71.7975,12.3483,2698.22,48982.1
9573075,-71.9808,9.7717,2696.03,21160.4
1992358,-71.7697,11.5517,2695.79,34303.8
771097,-72.2206,25.0183,2694.43,44270.7
1017868,-71.7714,11.4225,2693.3,41199.5
3085319,-72.3444,26.0408,2692.75,30198.8
413928,-71.7606,12.3908,2692.73,51684.6
2495152,-72.0614,6.99,2692.15,32146.5
8527118,-72.1692,23.2308,2691.93,21972.8
7341,-71.6822,12.3483,2690.96,111682.2
4893803,-72.1044,26.0125,2690.12,26231.4
2400570,-71.7736,11.6392,2689.49,32513.1
592526,-72.0444,13.1908,2689.35,47317.5
284438,-72.0831,25.9183,2689.25,56497.3
6007187,-71.7661,11.4267,2689.07,24599.4
3295261,-72.0947,25.65,2688.31,29608.6
4897945,-72.3353,26.02,2687.33,26224.1
647928,-72.1114,25.0833,2687.09,46267.8
1462233,-71.7906,11.6817,2686.53,37392.7
109819,-71.9922,4.8258,2686.34,69637.2
2092050,-71.8997,5.4667,2686.34,33826.9
472985,-72.0881,4.2967,2685.36,50034.8
57099,-72.2667,22.7633,2685.35,79382.4
1071838,-71.9222,5.4017,2684.97,40640.6
634903,-72.3097,26.1275,2683.47,46505.4
3125428,-71.8681,11.6417,2682.68,30082.5
5687106,-72.2803,25.2242,2682.62,25023.1
630163,-71.9169,8.9,2681.83,46593.0
9971812,-71.7686,11.64,2680.59,20878.5
149762,-72.2003,23.07,2679.77,65209.1
975297,-72.3567,25.9667,2679.56,41667.0
3522973,-71.9222,6.8742,2679.1,29017.4
606904,-72.1469,14.47,2678.04,47033.9
2642399,-72.1897,23.1458,2676.89,31610.9
9541533,-72.0714,6.0533,2676.79,21184.5
3317522,-72.3383,26.1092,2676.71,29548.3
660878,-71.9856,11.49,2676.43,46035.8
3824068,-72.2183,24.72,2676.26,28301.6
3693568,-71.6742,11.4692,2676.14,28603.9
50729,-72.245,26.5767,2676.08,81216.1
350140,-72.2478,25.7875,2674.66,53790.3
9569095,-71.8636,9.8592,2673.91,21163.4
10479680,-71.9767,6.2825,2673.89,20540.1
1898543,-72.1158,25.0725,2673.75,34774.2
390493,-72.0694,14.5492,2672.54,52410.5
322747,-71.7806,11.7683,2672.15,54843.6
7751591,-71.8375,12.4092,2671.21,22663.7
269003,-72.2478,25.9583,2671.08,57231.2
2821972,-72.1981,14.4275,2670.94,31004.5
1864258,-72.2839,25.3758,2670.76,34953.3
1713690,-71.9158,8.8667,2669.33,35785.5
3341781,-72.3044,25.65,2668.43,29483.5
5981653,-72.0478,4.9825,2668.36,24630.5
4019454,-72.3042,25.6317,2668.02,27875.2
1164283,-72.0411,4.9592,2667.48,39756.2
680605,-72.235,25.7133,2666.8,45696.9
159485,-71.9622,13.4308,2666.12,64326.8
2272700,-71.7911,12.1092,2664.37,33032.1
2055674,-72.3736,26.325,2663.55,33997.8
265132,-71.9872,13.2667,2663.33,57420.1
1498011,-72.1497,10.0267,2663.05,37143.1
969295,-71.9036,5.4075,2662.88,41734.2
808159,-72.0744,25.855,2662.43,43742.2
5752391,-72.2492,25.1458,2661.23,24933.8
72186,-72.095,24.955,2660.42,75875.5
1173510,-72.0108,8.8792,2659.36,39671.2
1670919,-72.0697,25.8717,2659.31,36037.4
11575063,-72.0333,8.9842,2659.2,19871.7
432776,-71.9667,4.4942,2659.04,51124.3
164624,-72.2717,26.3858,2657.49,63875.5
698803,-72.1311,24.9233,2657.32,45391.9
4204392,-71.7017,11.6575,2657.01,27495.5
2600198,-72.3542,26.225,2656.64,31761.7
1196690,-71.8894,12.7842,2655.29,39465.1
11845073,-72.0636,6.9458,2655.08,19717.2
5850531,-72.1933,14.4625,2654.02,24803.2
4076385,-71.9356,6.9325,2653.63,27756.1
6516368,-72.2642,25.5792,2653.24,23969.8
188564,-72.0339,14.4992,2652.97,62012.1
1296552,-72.2414,25.8225,2652.5,38626.4
2899917,-72.1256,11.5567,2651.33,30756.9
4844407,-72.2678,25.1583,2651.12,26313.8
5472612,-72.1444,23.3542,2650.46,25326.8
2127019,-71.9728,7.6283,2650.25,33666.4
169463,-72.1544,25.0667,2649.31,63475.3
10068355,-71.7372,11.6517,2648.34,20814.4
762658,-71.9786,7.75,2648.16,44395.7
2086542,-71.71,11.6633,2647.95,33851.4
6204461,-72.0289,14.5017,2646.93,24346.9
199696,-71.9939,10.8275,2646.39,61221.1
2379254,-71.6625,11.49,2646.26,32597.2
1013532,-72.3603,15.9975,2646.16,41245.9
580728,-72.0556,4.5492,2645.25,47556.6
727738,-72.0758,14.5192,2644.93,44923.5
3845876,-71.8281,12.4183,2644.49,28254.3
6602982,-71.8733,12.2675,2643.81,23868.6
2586197,-71.7869,12.0933,2643.76,31811.8
8112041,-71.7761,11.5317,2643.21,22332.3
939576,-72.2339,25.66,2642.3,42073.3
2801342,-72.0058,6.0008,2641.79,31072.2
8288055,-71.8494,11.3575,2641.3,22177.7
3275631,-71.9031,11.5183,2641.19,29660.2
4928962,-71.7894,11.7667,2641.11,26173.0
11645127,-72.3431,26.1408,2640.94,19830.0
1839537,-71.8578,12.2225,2640.14,35084.3
932479,-72.0478,13.3492,2640.13,42156.5
663373,-72.0192,4.8808,2639.7,45991.5
3771885,-72.1267,24.975,2639.52,28422.9
7544473,-72.2014,25.2158,2639.19,22865.2
9044996,-72.0683,6.0208,2638.49,21557.2
256218,-72.1789,16.7717,2636.12,57875.4
232806,-72.2625,26.5008,2635.87,59146.2
1128349,-72.1636,25.0225,2634.96,40089.7
6367633,-72.1136,25.7183,2634.52,24144.6
9904973,-72.2314,25.6975,2634.24,20927.3
2224349,-72.0086,4.4975,2633.84,33234.0
1465809,-72.1211,25.2083,2630.68,37365.4
5233899,-71.825,11.6542,2629.2,25686.5
6923851,-71.9017,6.015,2629.05,23505.4
4905355,-72.0467,4.5867,2628.97,26214.3
1179189,-72.3272,26.1442,2628.85,39619.7
148330,-71.9936,14.6625,2627.77,65346.7
7441392,-72.2303,25.6775,2626.72,22968.0
10776842,-72.1533,11.4167,2626.5,20350.0
1249188,-72.1331,24.8608,2625.33,39016.9
930144,-72.3172,25.7875,2625.18,42183.7
533660,-71.6967,12.3367,2624.1,48560.2
8852126,-72.4803,17.3975,2623.86,21707.4
10208771,-72.4414,26.5083,2622.15,20719.3
1198167,-72.0372,13.3767,2621.62,39453.8
1110558,-71.6553,11.5183,2621.32,40261.0
6338573,-72.1019,25.9517,2621.28,24181.5
4085896,-72.2806,25.6075,2621.21,27735.4
3553173,-72.0442,13.2108,2618.05,28942.7
274075,-72.6056,31.3008,2616.25,56985.7
914336,-72.0622,14.5667,2615.83,42370.5
1511049,-72.0683,4.5458,2615.57,37055.5
2594650,-72.2967,25.715,2614.71,31779.8
9379963,-72.2322,25.2033,2614.5,21304.5
266495,-71.7492,6.9108,2613.5,57352.4
2634259,-72.1306,4.7392,2613.24,31641.1
6020393,-72.0131,4.9308,2613.04,24581.3
572825,-71.9731,7.6767,2612.85,47721.1
3834240,-72.0214,8.9208,2611.82,28281.3
6222295,-71.8083,12.06,2610.93,24323.3
398789,-71.9264,9.1233,2609.88,52150.9
1359330,-71.8278,6.9417,2609.05,38140.0
987547,-72.3153,25.8175,2608.18,41527.6
492307,-71.9964,13.415,2606.41,49538.2
538596,-72.2344,23.945,2605.8,48451.1
4026201,-71.9864,13.4192,2605.55,27863.7
10355968,-72.2389,25.8033,2604.76,20620.6
1443819,-72.0117,13.2325,2604.23,37518.5
550017,-71.8081,11.7433,2603.15,48202.0
5854235,-72.0922,25.9092,2602.79,24798.0
2307291,-72.0117,4.5242,2602.54,32887.2
5329904,-72.69,26.99,2599.36,25539.7
6014695,-72.1608,24.9733,2599.29,24589.1
831172,-72.0939,25.0817,2598.89,43430.9
1386077,-72.2814,26.3892,2598.39,37937.3
702243,-71.995,7.4758,2598.32,45334.4
8721858,-72.2942,25.6825,2598.16,21812.8
7196923,-71.7933,11.785,2597.49,23216.4
4152314,-72.2511,25.7125,2597.01,27599.5
645160,-72.4044,27.58,2593.36,46317.3
304391,-72.2522,26.39,2593.13,55606.2
10488686,-72.2264,25.1608,2592.16,20533.9
3426129,-71.8219,11.5208,2591.66,29262.3
9127307,-71.8003,12.0833,2591.19,21495.0
32949,-71.9319,7.2175,2591.15,87839.1
422682,-71.7686,12.3158,2591.05,51422.6
755880,-72.2917,26.4533,2591.0,44496.0
1727881,-72.2747,25.4308,2590.8,35701.7
7143085,-72.4844,28.0008,2590.3,23271.2
11276733,-72.0525,13.3467,2590.14,20044.1
316787,-71.8964,11.9683,2589.94,55088.1
3735924,-71.9131,6.8442,2589.82,28503.5
3923047,-72.6872,27.0417,2588.98,28082.4
10041895,-72.0053,5.9792,2588.34,20832.7
5983588,-71.9792,11.5275,2587.85,24627.9
351690,-72.0161,14.5575,2587.83,53734.6
2623092,-72.2639,26.585,2587.36,31679.4
207156,-72.0131,14.6333,2586.89,60728.9
4663162,-72.2236,23.9592,2586.39,26629.1
298469,-71.9517,8.7933,2585.02,55858.8
699725,-72.2411,25.8658,2584.86,45376.5
2173261,-72.1667,24.9417,2584.5,33457.6
1428911,-71.9319,9.1508,2583.96,37625.4
1086044,-72.0164,4.8158,2583.78,40499.2
748318,-72.195,8.13,2583.09,44607.6
327831,-72.5778,31.4092,2581.57,54638.7
927534,-72.2178,23.7692,2581.26,42215.4
1250679,-72.6086,31.2642,2580.77,39003.9
1775518,-72.1269,25.0825,2579.59,35431.2
1443818,-72.1106,25.6517,2579.21,37518.5
6134415,-71.9608,11.535,2578.47,24435.7
435332,-71.9911,5.055,2577.88,51052.0
4497065,-72.0217,4.5092,2577.87,26931.2
8763051,-71.9667,11.56,2577.49,21777.7
117401,-72.2817,26.6667,2575.15,68673.5
647154,-72.4094,27.8892,2574.57,46281.5
3096404,-72.105,14.5192,2574.46,30165.0
734111,-72.1608,23.8883,2574.26,44824.2
4860000,-72.3117,26.0858,2573.65,26289.6
8742403,-71.8711,5.9783,2572.73,21795.2
9327774,-71.7253,12.4167,2572.64,21340.3
117361,-72.1503,25.3742,2572.55,68678.1
3585199,-72.3272,25.765,2572.12,28863.3
992340,-71.8908,5.4,2571.79,41476.9
3222777,-71.8358,12.0367,2571.74,29805.9
138480,-71.8572,10.5692,2571.67,66328.0
3964790,-72.0019,13.2358,2571.33,27993.8
1493865,-71.8475,10.56,2570.93,37172.2
4638436,-72.2075,23.7658,2570.26,26672.1
2054931,-72.0278,8.8017,2569.18,34001.6
6895442,-71.78,11.3592,2568.3,23537.9
5236985,-71.8803,12.1317,2567.56,25681.5
3383959,-72.2781,26.3525,2567.27,29371.0
10923282,-72.3231,25.73,2565.48,20259.1
2117427,-72.1917,24.785,2565.29,33709.9
8341979,-72.2697,26.3967,2564.55,22128.9
1531795,-72.2808,25.8525,2563.96,36917.7
4114017,-72.2614,25.74,2563.91,27677.9
339741,-71.7997,6.9075,2563.66,54175.0
10578671,-72.2361,23.9308,2562.23,20478.0
8184196,-72.0883,24.9467,2561.89,22269.5
1776753,-72.2661,26.4375,2560.75,35424.0
1664369,-72.4125,27.58,2560.52,36076.3
185399,-71.8492,11.8167,2560.39,62247.9
3077994,-71.4183,13.3625,2559.02,30217.8
150366,-72.0869,24.2767,2558.56,65151.5
2312713,-71.9825,10.7875,2557.73,32863.9
2837507,-71.9258,6.52,2557.44,30955.1
3578273,-72.0297,4.5625,2557.16,28881.0
505362,-72.0628,14.8042,2556.89,49224.7
10360443,-72.0267,4.53,2554.89,20617.5
7297964,-71.9864,4.5517,2553.02,23111.8
985795,-71.7411,12.56,2551.71,41547.5
6747865,-72.0725,5.3883,2551.43,23702.5
820749,-71.7803,11.8058,2550.7,43571.5
1057614,-72.5944,31.4133,2549.23,40787.7
353032,-72.3517,22.9408,2547.76,53685.9
84078,-72.0547,25.9458,2546.32,73555.3
3534155,-71.9464,8.7683,2544.99,28988.9
6022314,-71.8744,12.8008,2544.76,24578.7
9663777,-71.7617,6.8583,2544.12,21097.1
1737559,-72.5994,31.3467,2542.8,35646.3
1944324,-71.8292,12.0742,2541.69,34538.9
3553971,-72.6725,27.0583,2541.62,28940.5
4919213,-72.0378,13.3508,2539.32,26190.0
1415420,-71.8089,12.1117,2539.11,37721.8
5857899,-71.9283,6.9525,2538.91,24792.9
162380,-71.9617,9.3758,2538.4,64072.7
556488,-71.9908,13.5383,2537.34,48068.3
10226345,-72.3269,25.8325,2537.19,20707.0
8449833,-71.8589,12.1967,2536.37,22036.5
1312493,-72.0192,14.5175,2535.67,38502.4
245395,-72.3897,27.9475,2535.45,58442.9
6194458,-72.2192,25.3,2534.66,24360.0
2171152,-71.7881,12.6008,2534.02,33467.1
5331459,-71.9394,7.2067,2533.98,25537.2
8568697,-71.9931,7.4642,2533.68,21940.9
2439819,-72.0961,14.475,2532.8,32359.9
6210430,-72.2742,25.7958,2532.46,24339.0
1121225,-71.9236,9.0283,2530.89,40156.4
314737,-72.1333,24.6225,2530.61,55173.7
3855559,-72.3564,25.8208,2529.87,28231.7
913980,-72.3828,27.695,2529.67,42375.0
6962755,-72.0353,14.4767,2527.35,23464.7
108630,-72.1528,25.6817,2526.61,69799.8
2566635,-72.4331,27.74,2526.35,31883.9
1093580,-71.9483,7.2017,2525.58,40425.2
1310678,-71.9175,9.0575,2524.52,38517.3
5198217,-72.2144,24.105,2524.33,25741.0
5941912,-72.2453,25.6833,2523.5,24684.7
124090,-72.6139,31.0283,2522.96,67871.9
2520951,-72.3992,27.8433,2522.65,32051.3
7950603,-72.2492,25.9167,2522.21,22477.4
3049379,-72.0136,5.0417,2522.02,30302.0
2248907,-71.9997,9.8025,2520.98,33130.4
7795144,-72.1414,25.3492,2520.86,22624.3
1159783,-72.0775,14.8192,2520.82,39797.8
2962445,-72.2353,16.7758,2519.98,30563.7
1625276,-72.1656,25.3975,2518.73,36315.7
1991559,-72.2617,26.31,2518.28,34305.7
1146853,-71.8294,10.5342,2517.77,39914.5
3040540,-71.7767,12.3375,2517.42,30329.3
3054209,-72.1917,8.0692,2516.78,30287.3
11811883,-71.9725,7.4192,2516.47,19736.6
229068,-71.9819,5.6283,2516.36,59356.9
7990011,-72.2781,26.4517,2516.07,22443.3
1465602,-72.2153,23.1217,2515.34,37367.1
540047,-72.2325,26.0092,2514.92,48420.9
8595136,-72.2678,26.475,2514.23,21917.7
1113368,-72.1611,25.1917,2513.61,40234.1
2994657,-72.0219,13.3883,2512.91,30467.6
2613773,-72.0114,13.4083,2512.85,31713.5
4996451,-71.9092,5.9092,2512.76,26063.2
3044653,-72.2828,25.8892,2512.65,30316.7
2640807,-72.5919,31.4492,2510.13,31617.0
11281825,-72.0222,8.8425,2510.0,20040.9
2217551,-71.8417,10.5217,2509.49,33264.7
385216,-72.6383,31.1567,2509.45,52582.8
2132179,-72.4358,27.5792,2508.98,33641.8
1029291,-71.7844,12.3008,2507.15,41080.3
10695135,-72.8386,31.1908,2506.68,20400.1
2710965,-72.0119,10.7892,2505.23,31374.2
35522,-72.1517,25.505,2504.85,86716.4
1659011,-71.8756,11.2917,2503.67,36109.8
2782516,-72.5819,31.4858,2503.47,31133.7
2290487,-71.7694,12.5692,2503.43,32956.8
4266617,-72.4683,27.9875,2503.16,27372.4
755688,-71.78,12.7683,2501.42,44498.9
1703314,-72.2403,26.3592,2501.21,35846.0
5639291,-72.4642,27.9925,2501.2,25089.2
763370,-71.8611,10.5233,2501.01,44384.2
104032,-71.6692,12.6458,2500.97,70415.1
728523,-71.7608,12.8317,2500.37,44910.8
600913,-71.9053,9.7167,2499.72,47153.0
2223537,-71.9997,13.3833,2499.36,33237.9
725291,-72.2497,26.615,2499.01,44963.2
54480,-72.5636,31.2275,2497.05,80123.8
3724917,-71.9214,9.0842,2496.43,28530.3
2627422,-71.7303,12.5525,2496.1,31663.3
1244981,-71.8483,9.8383,2494.67,39051.2
2928191,-72.2042,23.125,2494.65,30667.7
138002,-71.7711,10.3358,2493.91,66376.0
1747939,-72.0472,14.4825,2493.88,35587.3
902861,-72.0064,9.4517,2493.58,42511.6
9824292,-72.2181,24.8358,2492.96,20982.0
5754169,-72.3969,27.6767,2492.69,24931.3
478156,-72.1583,23.415,2492.57,49900.9
5501544,-72.0994,24.2658,2491.66,25286.5
9783707,-71.9569,9.3583,2490.56,21012.4
5796726,-71.7631,10.3117,2490.35,24875.0
165274,-71.6886,12.6817,2488.89,63819.6
5469220,-71.9658,6.96,2488.82,25331.8
9399288,-71.7703,12.3475,2488.61,21289.5
4333266,-72.6039,31.4367,2488.48,27239.4
9084912,-72.2528,26.6275,2488.01,21524.6
1051976,-71.7661,12.81,2487.46,40847.0
4273467,-72.1933,8.05,2487.12,27358.4
1074381,-72.1142,24.2283,2486.66,40615.5
2783695,-72.0675,13.5958,2485.85,31129.6
9044997,-71.9231,9.0933,2484.96,21557.2
1048006,-72.0578,14.4217,2484.88,40887.5
2548092,-71.7556,12.6367,2483.98,31951.7
409196,-72.1306,26.115,2483.31,51826.1
7906548,-71.9011,9.7175,2482.03,22519.8
412883,-71.7161,12.6358,2480.65,51714.1
1033189,-71.9169,9.695,2480.46,41041.5
8175205,-72.3939,27.8308,2480.46,22278.1
6397734,-72.0206,11.4758,2479.92,24110.2
1672911,-71.7283,12.6483,2479.79,36025.0
126475,-72.3756,27.0542,2479.18,67608.5
11745682,-72.075,13.58,2476.78,19775.3
1037804,-72.1219,24.59,2476.25,40993.3
222978,-72.1439,24.83,2475.39,59720.7
8288054,-72.1844,23.8625,2475.1,22177.7
227097,-72.0569,25.805,2474.42,59474.9
2399639,-71.7647,12.2017,2473.64,32517.0
1683446,-72.5747,31.51,2473.07,35963.1
494529,-72.2922,26.2592,2473.0,49482.9
10307514,-71.8375,10.5242,2470.81,20654.6
3332053,-72.0361,14.5942,2470.7,29507.3
11476785,-72.2236,23.14,2470.62,19926.1
1761758,-72.0003,14.6833,2470.42,35510.2
10947535,-72.0797,24.295,2468.66,20243.3
11073502,-71.7544,12.5617,2468.46,20167.6
1289464,-72.0067,10.8892,2468.04,38684.0
7070536,-71.74,12.3658,2467.51,23347.7
11585781,-72.6033,31.3825,2467.42,19865.3
2027661,-72.1797,25.4567,2466.09,34130.6
1207381,-71.9033,11.47,2465.32,39372.9
2784883,-72.2164,16.1508,2465.22,31125.5
129253,-71.9439,14.32,2464.24,67303.5
1384338,-72.1819,25.28,2463.92,37950.8
386816,-71.8403,9.7208,2463.24,52529.5
1126697,-71.9694,13.5433,2461.91,40104.0
690579,-71.8531,6.6017,2461.46,45527.9
570012,-71.9528,4.4758,2459.51,47781.1
8310395,-71.9839,4.8542,2458.8,22157.6
1211179,-72.2933,26.2742,2458.58,39340.5
1049194,-72.2767,23.2642,2458.31,40875.0
6646926,-72.0044,10.8525,2457.86,23815.1
279656,-72.27,22.8658,2457.18,56717.9
1147393,-72.3067,23.2517,2453.28,39909.7
1877460,-71.7722,6.895,2453.0,34883.9
10898916,-72.2975,26.6033,2452.66,20274.8
9938277,-71.9597,9.1292,2451.94,20902.9
126666,-71.9356,9.6683,2451.92,67585.9
910849,-72.1297,25.4633,2449.41,42412.6
7778147,-71.9967,9.4092,2449.25,22641.2
4260423,-72.1186,25.9433,2449.18,27381.7
8483864,-72.0131,9.465,2449.08,22010.5
2322065,-71.7172,12.5642,2447.48,32827.1
1865583,-72.2967,25.9275,2447.16,34946.0
4780533,-72.0519,14.4458,2446.47,26424.9
1018186,-72.1836,23.7367,2445.98,41198.0
8313567,-71.7828,10.3058,2445.94,22154.8
39229,-71.8889,8.3567,2444.37,85144.6
551574,-71.7044,12.4617,2443.89,48168.9
1528248,-72.3756,22.94,2443.36,36940.1
2877525,-72.3558,25.8867,2443.0,30827.3
1131008,-72.1297,25.955,2442.96,40064.3
5962591,-72.1728,25.44,2442.87,24656.3
10666918,-72.0703,10.7425,2442.65,20418.8
1252950,-71.8747,12.0142,2442.26,38984.3
11220578,-71.99,10.8392,2441.57,20079.0
743874,-72.1553,16.125,2441.43,44676.1
2722414,-71.8611,6.6375,2440.01,31335.6
77726,-72.0806,26.1367,2439.64,74738.5
5462583,-72.0397,10.7192,2439.52,25341.9
2336409,-71.9289,9.7117,2439.49,32768.8
5809230,-72.0606,25.8275,2439.25,24857.1
68602,-71.8664,8.3283,2438.51,76621.7
1296742,-71.7892,12.2708,2436.99,38624.7
10028955,-72.0108,10.8567,2436.25,20841.9
1674975,-72.3231,26.5533,2435.58,36014.4
1392181,-71.9886,11.4183,2435.33,37892.0
66312,-71.9411,8.3992,2435.19,77122.3
1649213,-72.3247,26.4808,2435.14,36169.8
2895440,-72.0253,9.4567,2434.9,30771.4
2006347,-72.0356,13.6642,2434.52,34235.0
2513771,-72.2947,23.26,2434.31,32079.1
632427,-71.8764,10.5775,2434.22,46551.9
2618124,-72.1081,24.9725,2433.88,31697.5
2023165,-72.6306,31.1558,2433.49,34151.2
11558180,-72.1694,25.1708,2432.39,19881.3
10928072,-72.1686,24.9067,2431.93,20255.9
3196305,-72.3192,26.5167,2431.28,29880.6
2873729,-71.8592,8.3317,2430.23,30839.7
1097535,-71.6892,12.7008,2428.41,40387.4
11762187,-71.9539,9.3517,2427.9,19765.6
4814515,-72.1317,26.08,2427.26,26367.0
1470657,-71.8592,12.1483,2426.98,37331.3
9704422,-72.9958,29.9542,2426.64,21066.9
6900258,-72.0306,14.6025,2425.64,23532.5
2039046,-71.96,13.5475,2425.28,34076.5
310634,-72.4664,20.7625,2423.62,55340.9
4431977,-72.7028,31.175,2422.91,27051.6
10535337,-72.3689,22.9317,2421.86,20502.9
1084072,-72.4169,27.9725,2421.38,40519.7
9581004,-72.5481,19.995,2421.36,21154.4
6065328,-72.3686,22.9633,2420.62,24524.2
132390,-72.0503,26.0183,2420.24,66963.7
1417405,-72.0553,25.9175,2419.25,37706.6
6756896,-71.9508,13.4383,2418.71,23691.7
839654,-72.0967,16.1025,2417.95,43316.3
56074,-71.3758,13.5417,2416.56,79654.1
385786,-72.1789,24.6642,2416.2,52563.4
576373,-71.7517,12.2408,2416.09,47647.6
288308,-72.3294,26.6633,2416.0,56315.4
2874334,-72.7083,31.0533,2415.77,30837.6
3556505,-71.9578,4.4725,2415.65,28933.9
1487686,-72.6233,31.0275,2415.25,37213.3
3662565,-71.6828,12.67,2415.03,28677.3
2591935,-72.3086,26.4425,2414.89,31789.8
1790671,-72.8394,28.6008,2414.85,35348.4
8262920,-72.1317,25.4467,2414.63,22200.7
6245213,-71.9633,9.6992,2414.57,24297.1
5491548,-71.945,6.5475,2413.67,25301.6
408471,-72.0192,7.7325,2413.05,51848.3
1885994,-71.7939,10.27,2411.17,34840.1
2069801,-72.6133,31.205,2411.08,33930.3
3937420,-72.0547,26.0317,2410.58,28052.9
2193350,-71.9697,10.825,2408.79,33369.9
11429313,-71.8892,11.2817,2408.71,19954.9
1429612,-72.025,7.7242,2408.05,37620.3
3636701,-72.1781,25.2442,2407.55,28739.4
4522788,-71.9458,8.9475,2406.73,26881.5
6679078,-72.7244,31.075,2406.1,23780.3
6157919,-72.0028,10.875,2406.05,24404.4
1267386,-72.2769,26.6933,2405.14,38866.4
232180,-71.6644,12.745,2404.72,59183.9
5059226,-72.5306,19.9967,2403.79,25960.4
822252,-72.0736,26.1117,2402.96,43549.5
1725282,-71.9406,9.7442,2402.72,35717.8
1091053,-72.1103,11.4258,2402.07,40448.9
123864,-71.4214,13.4542,2401.76,67896.3
9791852,-72.7136,31.0625,2401.43,21006.3
4243687,-72.2064,25.4133,2399.97,27416.6
131706,-72.5814,31.2133,2398.95,67039.8
1780313,-72.3767,27.5825,2396.87,35406.0
7853291,-72.2072,25.4275,2396.84,22567.9
9751254,-72.5719,31.2433,2396.61,21036.6
6184,-71.9183,24.6558,2395.81,114477.4
5383758,-71.8075,6.9175,2395.15,25459.8
603858,-72.3542,19.3758,2394.65,47093.5
5510094,-71.9903,14.6858,2394.35,25273.9
10333832,-72.1992,24.8192,2394.15,20636.1
2941503,-71.8139,11.7758,2394.03,30628.2
7692984,-71.9536,13.5517,2393.98,22722.6
4035324,-72.4097,27.97,2393.67,27843.2
3901998,-72.5792,31.1942,2393.66,28130.0
158743,-72.5375,31.32,2393.42,64393.1
5866992,-71.9747,13.5383,2390.98,24780.1
3864630,-72.6983,31.1317,2390.02,28213.7
11482018,-72.2086,25.4375,2385.89,19922.9
700272,-72.285,26.1467,2385.16,45368.1
4858602,-72.5867,31.2242,2384.1,26292.0
648621,-72.2383,22.7808,2382.98,46255.4
4142558,-72.4614,20.7558,2382.71,27620.3
2564565,-72.4953,20.75,2382.54,31891.8
2349156,-72.2206,23.0292,2382.54,32718.2
1124986,-71.9078,24.6267,2381.98,40121.5
1292240,-72.1147,24.1392,2381.62,38662.6
196147,-72.1072,25.3608,2381.58,61468.2
5558307,-72.0539,14.8167,2381.2,25205.8
112099,-71.6308,11.4867,2381.17,69342.9
3158316,-72.1211,24.2083,2380.78,29987.1
1425617,-72.1506,25.8217,2380.12,37649.1
2791591,-72.2303,16.05,2375.52,31103.0
11580406,-72.4897,26.7392,2375.03,19868.5
11520885,-72.2319,25.3992,2374.35,19903.7
2408371,-72.1222,25.8033,2373.77,32483.7
7561181,-72.19,25.3392,2373.42,22848.5
11073501,-72.0042,4.8033,2373.1,20167.6
700953,-72.0642,26.0542,2372.09,45356.8
4031295,-72.0217,14.4458,2371.01,27852.3
8081512,-72.3825,27.6692,2370.86,22360.8
2915389,-72.1817,8.1108,2369.64,30709.2
7173134,-72.12,25.9142,2368.19,23238.3
8474177,-72.0333,9.7892,2366.86,22019.2
2468809,-71.6792,12.7333,2366.79,32249.4
2021297,-72.1117,16.1083,2366.55,34160.5
175162,-72.1253,24.485,2366.02,63028.1
691254,-71.9658,8.7792,2365.32,45516.7
372087,-71.7111,35.8425,2363.99,53017.2
8615101,-71.9533,7.1967,2363.89,21900.2
52708,-71.3903,35.5858,2363.31,80627.9
8372092,-72.2331,23.0292,2362.58,22105.8
6881445,-72.4906,26.7533,2362.17,23554.2
9651769,-72.2633,23.27,2362.01,21106.2
7371859,-71.9578,7.2033,2361.01,23037.3
3906894,-71.9775,9.4033,2360.68,28118.7
189041,-71.9208,5.3083,2359.68,61977.1
6472788,-71.9236,24.63,2359.41,24020.2
299553,-71.8533,5.9842,2359.24,55813.2
11751230,-71.9489,13.4475,2359.15,19772.0
3793340,-71.8825,5.4075,2359.11,28371.3
4096976,-71.6781,12.6717,2357.57,27714.7
8032086,-72.0233,14.625,2356.98,22403.5
10199910,-72.2242,16.0275,2356.79,20725.4
1736055,-72.5103,28.0733,2355.27,35655.3
1072906,-71.8208,10.545,2354.33,40629.6
59917,-72.0828,24.8117,2353.63,78656.8
304796,-72.0917,24.6058,2352.14,55590.1
65582,-71.4436,13.1275,2351.37,77289.8
9712427,-72.0892,14.3217,2349.45,21060.8
5286997,-71.8156,10.535,2349.27,25604.5
9149452,-71.98,4.8592,2348.81,21477.2
1164791,-72.2961,26.1642,2348.48,39751.4
545595,-71.9867,14.735,2348.09,48298.4
2407904,-71.7222,35.8592,2348.08,32485.6
4484247,-72.1094,24.5158,2347.78,26952.5
6861846,-71.965,7.7567,2347.33,23573.1
3687224,-72.0769,24.9575,2347.25,28619.5
335240,-71.9678,14.3342,2346.27,54347.6
7800797,-72.3972,27.955,2345.47,22618.6
1994156,-72.3694,27.8083,2345.17,34294.5
8230552,-72.5047,28.0367,2343.97,22226.5
509056,-71.8408,6.7708,2343.48,49136.6
86379,-71.9075,8.3767,2342.7,73147.0
729530,-72.3514,19.2942,2341.87,44896.6
9755261,-72.1233,24.1492,2341.82,21033.6
1749887,-71.7269,12.0383,2341.66,35578.4
2223538,-71.7086,12.6175,2340.29,33237.9
7377140,-72.1378,26.1383,2339.73,23031.8
484647,-71.6761,12.5983,2338.91,49732.1
9464873,-72.1294,24.1742,2338.45,21238.6
170704,-72.3514,26.8267,2336.54,63369.8
5110973,-71.6936,11.7017,2335.67,25876.8
990686,-71.7428,12.7817,2334.55,41493.8
252177,-71.4147,13.25,2332.44,58086.4
4634554,-72.1383,25.7983,2332.43,26679.3
6435708,-71.8481,9.7392,2331.52,24062.6
9743094,-71.8819,6.0292,2330.52,21042.7
120603,-71.3869,13.4658,2330.21,68276.2
1978877,-71.9128,10.6433,2328.22,34366.9
186801,-71.9372,14.7558,2324.97,62145.5
60674,-71.4972,12.9517,2324.7,78471.9
4322994,-71.7858,10.2333,2321.87,27260.4
5344205,-72.1006,24.535,2320.68,25517.3
630686,-71.8819,8.3467,2318.27,46583.4
2247179,-72.4011,26.4742,2317.61,33138.1
65448,-71.8472,5.38,2317.2,77322.8
8172207,-71.67,12.7233,2317.16,22280.9
114337,-71.8889,8.9125,2316.44,69053.8
847709,-72.0033,14.7925,2314.83,43211.8
3953318,-71.9061,10.5625,2313.97,28016.5
3767707,-72.0814,25.6292,2313.65,28429.6
344473,-72.3936,27.0958,2313.13,54001.9
721845,-72.3911,20.1917,2312.71,45018.5
9506147,-71.9864,14.6858,2311.82,21211.6
3422153,-72.5664,31.3725,2311.49,29273.2
2117807,-72.5806,31.3442,2311.36,33708.0
5824930,-71.9486,8.4017,2311.32,24839.1
5465892,-72.4919,20.8833,2310.45,25336.9
44771,-71.6461,12.555,2309.09,83131.9
2046430,-72.3883,27.0417,2308.82,34040.9
10592486,-71.8408,11.8358,2307.06,20468.7
8852127,-72.3819,27.8125,2306.72,21707.4
3183858,-71.9803,8.8483,2306.46,29914.7
10461494,-71.9272,9.0033,2306.01,20552.5
8480634,-71.9842,13.5917,2303.62,22013.4
4282614,-72.1114,25.3533,2301.42,27339.8
1389615,-71.7406,12.8758,2301.33,37910.5
2509072,-71.9744,10.7333,2300.71,32095.0
31745,-71.465,12.4625,2300.57,88390.8
5767853,-72.0811,16.1208,2299.81,24915.9
150280,-71.8308,6.8158,2299.27,65158.3
5196398,-71.7422,6.8783,2299.22,25743.5
129296,-71.6153,35.5992,2296.32,67298.7
1132831,-72.6197,31.0758,2295.45,40048.4
10479677,-72.3936,26.4492,2293.4,20540.1
1515509,-72.1578,8.0267,2292.02,37026.3
215157,-72.5475,31.2267,2290.35,60209.5
7214607,-71.9389,9.2192,2290.11,23197.1
11088413,-71.4047,13.275,2289.56,20158.2
1529237,-72.1258,25.3375,2287.47,36933.2
980363,-72.1683,25.6717,2286.86,41608.8
486647,-72.0975,24.8058,2284.8,49679.5
6401914,-71.9756,8.8442,2284.4,24104.9
152843,-71.8814,14.4575,2284.26,64921.2
2197916,-72.0894,25.8208,2282.42,33348.9
8142837,-72.2531,22.8558,2280.23,22303.8
928414,-72.0611,26.0983,2280.01,42204.8
5830430,-71.7628,11.2433,2278.32,24831.4
1455881,-72.2756,26.2008,2277.73,37436.9
9537536,-71.7658,11.2442,2277.13,21187.5
2386416,-72.2808,26.13,2276.99,32567.9
7170650,-72.3603,27.7267,2276.41,23241.0
728945,-72.0592,26.0783,2276.13,44903.7
5157621,-71.7847,36.185,2275.5,25802.8
861333,-72.3522,27.8392,2275.07,43034.5
2387359,-71.8756,6.0492,2274.76,32564.0
66048,-71.3703,13.6567,2274.55,77185.9
5568617,-71.9922,13.73,2273.32,25190.6
10098172,-71.9228,10.6183,2271.54,20792.9
10307513,-71.8419,11.9833,2270.75,20654.6
1629375,-72.4039,27.085,2270.25,36289.3
7611823,-72.3997,26.5017,2270.01,22801.0
1606772,-72.2314,22.725,2269.73,36433.0
5632331,-72.2608,26.0017,2268.2,25099.4
7762890,-71.8353,6.9608,2267.14,22652.4
7128288,-72.2536,22.7867,2266.74,23287.6
2323872,-72.1839,8.0342,2265.37,32819.3
6620488,-71.95,6.5175,2264.44,23847.2
301661,-72.1122,23.3283,2263.35,55724.0
9984620,-71.9275,5.85,2263.16,20869.4
3485621,-72.0153,14.7808,2261.65,29109.5
794287,-71.9656,4.82,2258.11,43937.0
5981654,-71.7278,35.8892,2256.03,24630.5
5462582,-72.1508,8.0442,2254.64,25341.9
6538655,-72.5575,31.5125,2254.36,23943.2
10338153,-72.0836,17.1317,2253.61,20633.0
781889,-71.6722,12.5767,2249.31,44113.5
1167307,-71.9411,14.3,2248.49,39727.3
4092750,-72.3506,27.8267,2246.66,27723.9
84864,-71.7917,9.7,2245.58,73412.2
743343,-71.8981,14.4817,2244.54,44683.2
8300856,-72.18,8.0467,2244.0,22166.3
528817,-71.8269,8.2733,2243.49,48672.9
4541625,-72.1639,8.0258,2243.03,26848.3
6780050,-71.7319,12.8508,2241.76,23664.8
3863612,-72.0925,26.1458,2241.57,28215.9
8942343,-72.0814,35.2608,2239.95,21636.8
54331,-71.4964,12.7217,2239.85,80167.5
1740034,-72.5514,31.4542,2239.75,35633.8
750263,-71.5119,12.725,2237.97,44580.4
2749178,-72.385,27.8958,2237.24,31244.0
2760423,-72.1183,8.0567,2236.9,31207.3
7658586,-72.0728,35.2925,2236.16,22753.4
1618796,-71.5944,35.615,2231.99,36356.0
7279853,-72.4678,20.7475,2231.7,23131.1
738722,-71.845,8.2308,2229.01,44754.5
1864592,-72.3383,19.4667,2228.52,34951.4
2623657,-71.8217,10.3467,2228.4,31677.4
5671447,-71.3661,13.6558,2228.37,25046.0
275885,-72.3606,27.0783,2228.28,56898.5
6146200,-72.1328,8.0783,2227.56,24420.1
3436789,-71.6997,35.8625,2227.36,29234.0
5865190,-72.1611,25.5258,2225.4,24782.6
4112980,-72.1103,24.6017,2223.4,27680.2
2547075,-72.0867,24.6058,2222.73,31955.7
4612746,-72.5433,31.3125,2222.55,26719.9
4194584,-71.98,13.8058,2222.27,27516.3
3690840,-71.8556,8.2358,2221.93,28610.6
3492613,-72.25,22.98,2221.36,29094.2
3135392,-71.395,13.4558,2219.43,30052.8
13468,-71.9519,25.1267,2218.53,102014.1
377813,-72.0322,25.775,2218.18,52824.6
5079671,-71.3794,35.5917,2218.05,25926.0
2374578,-71.9503,6.5,2217.92,32616.8
10972155,-71.8164,11.8025,2216.2,20227.6
828739,-72.2739,27.6483,2213.59,43463.1
133961,-72.2706,21.9017,2210.44,66798.9
111400,-71.5136,12.4708,2208.21,69434.7
2799503,-71.67,12.31,2208.17,31078.4
189820,-72.0983,23.3642,2207.51,61919.5
128707,-71.5522,12.5683,2207.37,67364.0
142090,-71.595,12.66,2207.13,65964.9
6074926,-72.2458,22.74,2205.97,24511.2
557636,-71.9567,14.7733,2203.66,48041.8
580984,-72.0731,24.9067,2203.43,47551.2
6290034,-71.8956,8.8842,2203.28,24239.4
7889104,-71.8825,11.9267,2202.99,22536.8
10913479,-72.415,27.0692,2201.68,20265.3
319692,-72.3386,26.8433,2201.56,54967.7
369642,-71.9119,5.1858,2201.17,53101.2
1574011,-72.4219,20.92,2201.16,36640.5
238494,-71.6614,11.2458,2200.52,58824.3
470117,-71.9461,4.64,2198.89,50109.8
1450555,-72.1,24.8842,2198.54,37472.7
2261958,-71.3867,13.2833,2196.61,33076.5
9160515,-71.8508,8.2375,2196.15,21468.3
10739057,-71.5997,35.6117,2195.44,20375.1
1525277,-72.5506,31.2925,2194.98,36960.8
39650,-71.745,9.0383,2193.72,84990.3
4024132,-72.3461,19.3142,2192.67,27868.3
9795873,-72.2069,23.69,2192.6,21003.3
1788147,-72.3439,26.85,2192.53,35362.8
1054150,-72.0808,24.1817,2191.25,40823.6
976431,-71.7975,10.5817,2191.11,41653.2
1829233,-72.0994,23.085,2190.74,35140.5
7120975,-71.845,6.6,2190.29,23295.8
2505440,-71.7875,9.6833,2189.95,32108.9
4346438,-72.1119,8.0892,2189.86,27216.0
2417489,-71.6578,11.2783,2189.77,32446.4
40780,-71.7053,9.7008,2189.66,84573.2
5603307,-71.7339,35.8425,2188.36,25142.5
8892859,-71.6986,12.6133,2184.55,21678.0
520261,-71.4086,35.5383,2183.92,48871.4
334434,-71.6614,11.3825,2183.78,54379.3
595085,-71.7497,6.8008,2182.93,47267.7
67946,-71.3469,13.3325,2182.43,76764.6
2063702,-71.35,13.3142,2181.84,33960.3
369439,-71.5633,35.665,2181.56,53108.4
6059417,-72.3406,19.4533,2180.84,24532.0
2273571,-71.6561,35.9842,2179.21,33028.3
8942344,-71.4236,13.3817,2178.8,21636.8
87653,-71.8081,8.9675,2178.34,72931.6
612203,-71.4069,35.5617,2178.0,46929.5
447151,-72.1144,22.8683,2177.13,50725.3
2245395,-72.3647,20.2425,2176.14,33145.7
10734352,-71.9611,14.7783,2175.96,20378.2
4420053,-72.2939,22.6892,2175.46,27075.2
2010698,-72.0097,35.2383,2175.15,34212.7
2210736,-71.7025,35.7942,2174.41,33293.4
11471412,-71.875,6.5508,2174.02,19929.3
5543231,-71.8411,9.7842,2173.92,25228.5
1511308,-71.3781,13.3017,2173.45,37053.8
4176549,-71.6556,36.0283,2172.3,27551.0
5409552,-71.9786,4.8025,2172.23,25419.7
312700,-71.7925,8.9408,2169.54,55255.6
3381621,-72.1128,22.9183,2168.41,29377.5
3065580,-71.6803,35.955,2168.3,30255.7
2649193,-71.7925,10.6092,2164.96,31588.7
2548636,-71.4356,13.1333,2164.86,31949.7
5406341,-71.6953,12.6158,2164.56,25424.7
9414691,-71.8458,10.6042,2164.27,21277.5
1699954,-71.8669,8.2392,2164.18,35863.7
4389016,-71.6236,35.5883,2163.28,27133.9
1387171,-71.8019,8.9758,2162.94,37928.9
10137006,-71.8433,9.7825,2162.44,20765.3
786874,-71.7842,11.1583,2161.54,44044.1
1834638,-72.0847,24.5658,2161.38,35109.7
2119382,-72.0039,14.5108,2161.3,33700.5
11138210,-72.4106,20.9175,2160.92,20126.5
5796724,-71.8694,8.3383,2160.89,24875.0
3242832,-72.3992,20.925,2160.79,29750.3
1078810,-71.8461,6.9458,2160.54,40571.5
2965101,-71.9567,7.7067,2159.67,30555.3
4615254,-71.6128,35.6617,2159.54,26715.1
11138211,-72.0606,25.925,2157.91,20126.5
194152,-71.3447,35.7367,2157.82,61610.1
4331000,-71.8358,8.255,2157.66,27244.1
182579,-71.9453,25.1925,2157.45,62450.2
1231478,-71.6794,11.5567,2156.18,39168.5
3594861,-71.7603,11.2133,2155.1,28839.0
243997,-71.605,12.6208,2154.94,58519.2
4366644,-71.9644,8.4367,2154.2,27176.2
7160765,-71.8661,5.9533,2154.19,23252.0
1047574,-72.3442,31.2717,2153.02,40892.2
10583339,-71.7628,12.0467,2152.7,20474.9
2164814,-71.5178,12.7175,2151.83,33495.7
4652879,-71.9158,5.5892,2151.66,26648.2
2999245,-71.8478,11.9567,2147.13,30453.0
2051438,-72.3531,31.2733,2145.42,34018.5
1725564,-71.4042,13.4508,2144.11,35716.0
4500709,-72.29,22.6633,2144.1,26924.1
3126115,-71.7244,12.8708,2143.61,30080.4
10461492,-72.0892,24.1075,2143.41,20552.5
4597217,-72.0042,14.5342,2143.22,26746.1
2100223,-71.7828,10.5967,2143.15,33789.2
5253720,-71.9286,5.305,2142.84,25654.2
454723,-71.9519,7.2592,2142.1,50521.4
3236677,-71.9897,35.1983,2141.34,29765.3
10884315,-71.9614,8.4133,2141.13,20284.2
2916774,-71.6633,12.3467,2141.13,30705.1
646384,-71.3506,35.7592,2140.87,46295.3
3841869,-71.6236,36.0317,2139.22,28263.3
878750,-71.9361,4.6042,2138.43,42814.8
744336,-71.8375,5.3583,2138.21,44669.0
294221,-71.8408,9.0,2136.97,56051.2
8193291,-71.69,35.8692,2135.44,22260.9
889880,-72.5472,31.1842,2134.59,42674.7
1953923,-72.3056,27.875,2134.11,34490.9
1323654,-72.1439,24.7958,2133.41,38416.3
1832719,-71.8994,14.4225,2130.93,35120.6
7387465,-72.11,22.94,2128.55,23020.7
4230130,-71.7244,35.8058,2127.75,27444.4
7055835,-72.0228,35.25,2125.59,23364.1
592137,-71.8292,8.9817,2124.14,47325.6
1905259,-72.1142,22.9833,2123.79,34741.2
2553348,-71.6036,35.685,2122.61,31931.8
7207050,-71.8914,8.4,2122.46,23205.4
286343,-71.8608,14.5775,2122.33,56408.1
4971721,-71.3469,35.7217,2121.0,26102.3
1099728,-71.6644,35.8558,2120.83,40365.3
1431711,-72.06,24.3425,2120.8,37605.0
508658,-71.6908,12.535,2120.48,49145.7
10265804,-72.1153,23.28,2119.68,20679.2
51792,-71.5331,11.5158,2119.22,80895.4
404932,-71.3264,35.7817,2118.89,51957.5
8513808,-71.8744,8.9125,2118.69,21984.4
1406680,-71.9147,8.415,2118.14,37785.9
1306357,-72.5756,31.1575,2117.39,38550.4
2793553,-72.0131,7.78,2117.24,31098.9
523341,-71.5703,12.6275,2116.35,48799.7
2256932,-71.9703,14.5258,2115.99,33095.7
11271547,-71.6475,36.0133,2115.87,20047.2
1669244,-71.3986,35.5842,2115.7,36048.0
52790,-71.6089,12.245,2115.41,80604.2
6890713,-71.9086,5.5667,2114.89,23543.4
1584328,-71.7014,9.6783,2114.32,36574.4
4219916,-71.6825,35.8442,2112.34,27463.0
9816094,-72.3481,31.2675,2111.27,20988.1
11343843,-71.8078,10.25,2110.68,20002.7
10438942,-72.0997,24.5625,2110.51,20568.0
1306163,-71.8042,9.6825,2110.22,38552.1
1344781,-71.7703,10.6158,2110.17,38251.8
1812258,-71.7658,10.6325,2110.11,35231.0
7981094,-72.545,31.18,2108.83,22451.8
4497066,-71.5867,36.0575,2107.87,26931.2
2537137,-72.3806,28.0267,2106.26,31991.6
1774309,-72.1208,22.8292,2105.83,35438.4
51172,-71.4247,12.6667,2105.73,81068.4
5841383,-71.8117,10.5042,2105.67,24816.0
8491090,-71.6764,35.9392,2105.21,22004.7
1076903,-71.7428,11.3642,2104.12,40588.8
10475107,-71.6761,11.4183,2103.63,20543.2
195049,-71.9425,7.7858,2103.51,61549.0
5912747,-71.9456,14.7717,2103.23,24720.8
1648152,-71.8172,8.98,2100.5,36176.8
4136067,-71.9228,7.2317,2100.45,27634.1
3157635,-71.7581,12.025,2098.64,29989.2
9449368,-71.5178,36.8733,2097.94,21250.6
11195338,-71.6069,35.6833,2097.28,20094.9
10781577,-71.8714,8.9167,2097.26,20346.9
1033770,-71.4136,12.6683,2096.88,41035.3
1174231,-71.3556,35.7367,2095.5,39664.7
562363,-71.7844,6.7783,2094.73,47940.9
60141,-71.5867,12.235,2094.5,78593.6
93326,-71.7667,9.02,2094.14,71993.4
990433,-72.3369,31.2717,2094.14,41496.9
479939,-71.7367,10.6458,2093.96,49854.9
2864159,-72.2428,22.8667,2093.22,30868.6
874054,-71.7661,6.9525,2092.73,42871.3
9521923,-72.12,22.8492,2092.2,21199.5
2363845,-71.4819,12.7233,2091.24,32659.7
6269525,-71.8208,8.9817,2090.7,24265.6
165501,-71.8189,6.5258,2090.19,63800.7
2444736,-71.785,6.7933,2088.44,32340.2
75989,-71.9886,25.125,2084.55,75089.7
6318217,-72.3619,31.29,2084.32,24207.8
10303137,-71.9397,7.7758,2083.75,20657.7
84963,-72.0425,24.1333,2083.04,73395.7
3309461,-72.2619,27.6317,2081.53,29567.7
828966,-71.5611,12.6308,2081.15,43460.2
205349,-71.6564,12.5208,2080.46,60848.4
1760879,-71.6969,12.1242,2079.64,35515.6
1740035,-71.3578,35.7733,2078.8,35633.8
191930,-71.6175,12.1983,2078.47,61769.1
1437144,-71.6508,12.7375,2078.05,37566.1
140103,-71.9011,7.2967,2077.55,66161.6
9171578,-72.3483,20.2517,2077.07,21459.4
1719241,-71.855,9.005,2076.54,35751.6
3159781,-72.3019,22.6192,2076.18,29982.8
244954,-71.6636,12.4958,2075.19,58466.9
178457,-72.0331,24.31,2074.33,62758.6
6560543,-71.6869,35.7608,2074.25,23916.6
11063648,-71.5931,36.0492,2073.71,20174.0
3104344,-71.9892,8.38,2073.54,30143.9
5163718,-71.3758,13.3958,2073.46,25792.9
11839596,-71.8361,8.9967,2071.72,19720.4
283498,-71.5358,11.4142,2071.58,56540.1
982138,-71.9561,5.0283,2071.23,41587.4
4023119,-72.2483,22.675,2070.12,27870.6
460097,-71.9297,24.5492,2069.91,50377.4
4229058,-71.9142,6.4558,2069.48,27446.8
6741014,-71.9383,7.2375,2068.27,23710.5
132928,-72.0681,25.2358,2067.9,66906.6
5318239,-71.925,14.7275,2067.87,25554.7
2097458,-71.8778,8.2283,2067.51,33800.5
2914080,-72.3097,22.6017,2067.44,30713.4
2025310,-72.3494,31.245,2067.43,34140.0
10199911,-71.4117,13.4567,2066.91,20725.4
9783708,-71.9083,5.1692,2066.34,21012.4
4600972,-71.7239,35.7758,2065.7,26738.9
7655832,-71.4511,13.1108,2064.25,22756.2
214399,-71.785,8.9958,2064.08,60257.1
968902,-71.8192,9.7117,2064.04,41738.8
6334513,-71.9678,14.5683,2061.81,24186.7
560373,-71.6367,11.2842,2060.98,47983.4
3968783,-71.9219,5.2175,2059.35,27984.7
10942733,-71.6606,11.2192,2059.34,20246.5
751483,-71.6306,11.59,2058.3,44560.4
81313,-71.7842,5.8467,2056.89,74045.6
9088545,-71.9528,7.7275,2056.24,21521.7
8017143,-71.6289,11.29,2055.67,22417.8
1271780,-71.9461,9.6267,2055.47,38828.7
1569436,-71.8694,14.5192,2055.15,36670.1
4536751,-71.8981,5.1533,2054.73,26857.8
393960,-71.5358,12.5175,2054.32,52303.4
9667866,-72.0472,24.1417,2053.52,21094.1
436237,-71.8261,8.915,2051.81,51025.8
917537,-72.125,25.48,2051.48,42332.9
263228,-72.0472,23.0658,2049.7,57514.3
8698154,-71.44,13.1533,2047.82,21833.2
893201,-71.8336,6.5608,2046.11,42632.9
393261,-71.3961,13.7275,2046.03,52325.3
4983164,-71.5583,12.6158,2045.47,26082.8
5331460,-71.7725,6.7683,2045.03,25537.2
2954635,-71.6183,12.2192,2042.7,30588.7
7170651,-71.5672,35.62,2040.92,23241.0
5760725,-72.1297,25.5,2040.89,24926.2
8494242,-72.0442,23.0833,2038.11,22001.8
79171,-72.0981,23.8058,2037.0,74448.1
230165,-71.5947,12.55,2036.23,59297.9
5611781,-71.8586,14.5158,2035.25,25129.8
2609950,-71.3794,13.6517,2035.13,31725.6
8233649,-72.0483,23.05,2034.37,22223.7
4335931,-71.3319,35.8,2032.96,27237.0
1714575,-71.3217,35.7958,2031.27,35780.1
158933,-71.7833,8.9042,2030.88,64376.3
3304246,-71.6372,11.57,2030.88,29582.8
3005178,-72.0481,23.0133,2030.82,30434.1
330863,-72.075,25.13,2028.57,54519.7
655335,-71.5297,35.6508,2026.88,46134.0
620047,-71.9233,9.3525,2026.06,46781.3
3292064,-71.3722,13.3308,2025.86,29617.2
5182641,-71.4792,36.8183,2025.69,25765.7
5403227,-71.9867,4.4375,2025.16,25429.7
1022986,-71.4622,13.2792,2024.94,41146.9
6082668,-71.8153,10.4658,2024.7,24500.8
4437912,-71.7106,12.3342,2024.49,27039.8
253815,-71.5833,11.6908,2024.29,57999.7
8215119,-71.8231,9.7033,2022.76,22240.9
286625,-71.8347,5.5092,2021.78,56394.6
3307218,-71.6642,11.3417,2021.33,29574.2
1448881,-72.0889,23.4008,2020.14,37484.6
4885137,-71.6028,12.2767,2017.1,26245.9
2004363,-71.4547,13.2675,2016.45,34244.3
785592,-72.0536,25.2567,2015.73,44062.9
7835334,-71.9689,7.7725,2015.53,22584.8
8262922,-71.6511,35.895,2014.82,22200.7
263725,-71.8189,5.84,2014.09,57490.0
3675187,-71.9847,7.9858,2014.09,28646.2
1478241,-71.7378,10.3208,2013.04,37278.3
6876726,-71.9228,7.2525,2012.66,23559.6
5743524,-71.7875,11.1358,2011.44,24946.6
3747305,-71.3703,35.7758,2011.02,28478.9
2753793,-71.8122,11.8325,2010.09,31227.7
6663385,-71.4511,13.275,2009.4,23799.1
6518523,-71.3636,35.7725,2007.87,23967.1
5337896,-72.0033,8.7683,2007.41,25527.3
1384769,-71.9125,14.7292,2005.08,37947.4
8272480,-71.6489,11.305,2004.01,22192.1
1189445,-72.1719,26.0075,2003.93,39529.6
7462665,-71.3292,35.7608,2001.04,22945.8
12073,-71.35,12.6092,2000.39,103705.7
773899,-71.3656,13.2992,1999.29,44230.4
130392,-71.4244,12.7967,1998.29,67180.3
842923,-71.9286,7.7617,1997.35,43273.6
3097787,-71.6203,35.9283,1995.95,30160.8
1895542,-71.9372,9.35,1995.89,34790.7
11058757,-71.9228,14.7142,1995.0,20177.1
1622317,-71.7203,10.625,1994.29,36335.0
4723402,-71.5975,12.5458,1994.2,26521.2
1461191,-72.0783,25.205,1994.09,37397.8
611009,-71.6122,11.5075,1992.69,46953.9
9372090,-71.8797,8.8892,1992.18,21310.5
454438,-72.0511,22.935,1991.84,50528.9
6078750,-71.5858,12.65,1990.67,24506.0
904380,-71.4011,13.7392,1990.07,42493.6
6261264,-71.8675,14.4617,1989.34,24276.1
2557123,-71.88,6.07,1988.16,31917.8
1580291,-71.5889,12.2058,1987.05,36600.5
7574847,-72.0494,24.11,1987.02,22834.5
915925,-71.6731,11.7458,1986.66,42352.5
1582653,-71.6164,11.3067,1985.9,36584.8
9194048,-71.5447,12.54,1984.91,21441.6
112690,-71.5506,12.1833,1983.98,69262.9
1378522,-71.9092,5.2917,1981.26,37994.4
496663,-72.0533,24.6033,1980.82,49430.1
3029411,-71.8967,8.1867,1980.73,30360.8
10307511,-71.9556,5.0158,1980.67,20654.6
761799,-71.6236,11.6283,1979.71,44408.6
1880163,-71.45,35.9042,1979.26,34869.3
11740186,-71.6742,35.69,1977.59,19778.5
889666,-71.9144,6.1908,1977.26,42677.7
249756,-71.4658,12.7225,1976.91,58211.3
4587157,-72.0822,25.1242,1976.48,26765.1
4949079,-71.6117,35.9283,1975.88,26141.3
246753,-71.4931,12.465,1975.26,58369.8
664479,-71.6017,11.29,1973.96,45972.1
738332,-71.8328,14.52,1973.16,44760.1
1506341,-71.5219,12.4975,1973.05,37086.4
1103535,-71.5267,11.5133,1972.22,40329.0
1670588,-71.5469,35.61,1971.18,36039.2
5366986,-71.3592,13.68,1971.16,25482.3
9622980,-72.2803,27.9225,1970.63,21127.3
64331,-71.9981,24.5717,1969.49,77586.8
1043676,-71.4603,12.73,1968.36,40932.7
4050805,-71.5903,12.2217,1968.19,27808.8
7561183,-71.6228,35.9533,1967.89,22848.5
8820167,-71.8439,5.9267,1967.64,21733.8
4829333,-71.8981,8.2042,1964.81,26340.4
315505,-72.0356,26.0217,1964.4,55139.0
2731069,-71.8053,34.8108,1963.18,31305.1
341624,-71.9319,4.9625,1962.24,54105.6
329844,-71.9192,4.5742,1960.35,54561.7
4520307,-71.6561,12.2875,1959.88,26886.2
5341036,-71.9567,7.605,1957.69,25522.3
5353927,-72.1233,25.4975,1957.31,25502.3
2355755,-71.5347,11.4575,1956.14,32690.9
10986793,-71.7144,10.6083,1953.06,20218.1
7950605,-71.5531,35.6808,1951.67,22477.4
9812057,-71.7636,6.9767,1949.37,20991.2
3346391,-71.3892,13.6667,1949.19,29470.6
662984,-71.6381,15.1142,1948.65,45998.5
2010329,-71.6003,11.68,1948.56,34214.5
4705022,-71.6053,11.5158,1948.49,26554.8
663287,-71.7378,6.7417,1947.55,45992.9
90691,-71.9783,24.5925,1947.05,72418.7
2283707,-71.4372,35.695,1945.78,32983.9
7060779,-71.7283,10.6325,1945.69,23358.6
1692717,-71.4836,13.0825,1945.31,35908.1
3678798,-71.5383,11.4408,1944.66,28637.3
2239535,-71.4311,12.7067,1944.47,33168.8
2804304,-71.8661,5.3633,1944.19,31062.0
1353896,-71.4044,35.515,1943.59,38180.1
4807215,-71.9233,8.3983,1943.36,26376.7
4183087,-72.0389,26.0342,1943.06,27537.1
391573,-72.2156,26.6,1942.81,52376.4
2341551,-71.4417,35.7242,1941.85,32747.4
703681,-71.5156,35.575,1941.62,45310.5
916447,-71.7128,11.7842,1940.68,42346.5
5697814,-71.7497,10.6358,1940.54,25007.8
494383,-72.0903,23.7433,1939.55,49486.8
11531542,-71.8106,35.1892,1939.34,19897.3
53870,-71.4808,12.19,1939.24,80303.3
6770967,-72.0592,25.1258,1934.43,23675.6
3536629,-71.5775,35.5817,1934.39,28982.3
4145906,-71.6464,15.1183,1934.25,27613.4
4421201,-71.9367,25.0767,1933.69,27072.8
416288,-72.1267,22.7592,1933.61,51611.8
1269128,-72.1872,27.5708,1933.59,38851.7
2030298,-71.9011,9.65,1933.42,34117.6
2256501,-71.6778,11.7275,1932.34,33097.7
1659309,-71.5358,11.4992,1931.75,36108.1
10573977,-71.4675,13.2842,1929.16,20481.1
1546268,-71.675,12.5167,1928.85,36820.9
485638,-71.5617,12.1675,1928.19,49705.2
565828,-71.3942,35.495,1926.6,47867.7
2717766,-72.0467,22.9017,1926.45,31349.8
370244,-71.4431,12.7433,1926.22,53078.4
5929477,-72.2194,26.615,1924.81,24697.6
329932,-71.2878,35.6217,1924.17,54558.2
4048702,-71.3708,13.69,1924.09,27813.4
6110048,-72.1983,27.7625,1923.57,24464.4
5037241,-71.7783,5.8375,1923.34,25997.1
6843133,-72.2033,27.7442,1921.13,23594.7
10360444,-71.8217,6.5067,1920.8,20617.5
1666165,-71.8797,9.3792,1920.35,36067.4
3099872,-71.8403,14.5242,1920.1,30154.4
4059627,-71.3978,13.6883,1920.07,27792.8
4342984,-71.5933,11.6967,1918.71,27223.0
287791,-71.9247,4.4225,1918.46,56339.2
11413527,-72.2122,27.7192,1918.37,19964.4
5774983,-71.4072,35.6758,1917.64,24905.7
4028299,-71.9214,24.5625,1915.96,27859.2
10511586,-71.5706,12.1325,1910.3,20518.4
10324992,-71.8611,14.4667,1908.87,20642.2
2448730,-71.8936,9.3325,1908.81,32324.4
2560209,-71.7758,12.0133,1907.34,31905.8
11338454,-71.6908,12.1092,1906.27,20005.9
536197,-71.5256,11.3875,1906.11,48505.0
327948,-72.0219,26.02,1906.07,54634.1
11639821,-71.4086,13.4667,1904.62,19833.2
11418709,-71.5956,11.5033,1904.05,19961.2
1429380,-71.6133,12.1842,1903.22,37622.0
5296410,-71.3136,35.8183,1902.75,25589.6
3697089,-71.4497,12.7325,1902.33,28595.0
895914,-71.7889,9.935,1900.76,42597.0
705916,-71.9161,4.6633,1900.09,45275.3
452054,-72.0342,22.7983,1899.57,50591.9
616847,-71.6672,11.7867,1899.27,46843.9
4624412,-72.1072,23.785,1899.2,26698.4
1734853,-71.6739,10.6017,1897.02,35662.4
4000744,-71.8969,9.3458,1895.58,27916.3
4255782,-72.2414,21.985,1894.87,27391.0
280218,-71.6367,12.2592,1894.77,56692.0
568212,-71.7981,5.8642,1894.54,47817.1
7494627,-71.4289,13.1708,1893.31,22912.5
7757294,-71.355,13.2942,1892.79,22658.0
2032165,-71.5997,12.5867,1891.65,34108.2
1160431,-71.84,5.9942,1890.62,39791.4
2885070,-71.6178,11.6483,1890.25,30802.5
924144,-71.4736,12.735,1889.75,42254.6
1275284,-71.8144,8.2708,1889.58,38800.8
3469104,-71.8547,5.4525,1888.87,29153.2
2719648,-71.7536,9.6867,1888.29,31345.8
4678754,-71.6925,10.615,1887.85,26600.4
3534949,-71.2872,35.6417,1887.62,28986.7
6296157,-71.5283,12.5133,1887.12,24231.5
6306438,-71.9014,9.3533,1886.69,24218.3
5148707,-71.9475,7.6392,1886.58,25817.6
1277025,-71.2892,35.6917,1884.69,38786.0
814804,-71.5319,12.595,1884.31,43651.8
588474,-71.5275,12.1542,1884.13,47400.9
2508073,-71.4689,12.1525,1884.08,32098.9
9779750,-71.4939,13.1075,1883.94,21015.4
4895153,-71.915,9.3308,1882.75,26228.9
3145206,-71.7172,11.8042,1881.24,30023.2
6895443,-71.5061,12.4917,1880.9,23537.9
136002,-71.5994,12.1375,1880.05,66587.8
141525,-71.435,12.4967,1879.57,66022.8
684395,-71.5394,12.1592,1876.41,45629.9
2596381,-71.6031,11.4467,1875.19,31775.8
35234,-71.3606,12.365,1875.16,86841.2
5420899,-72.0847,18.9483,1874.51,25402.2
8752809,-71.8742,6.8625,1874.27,21786.5
2584626,-71.9556,7.4108,1874.26,31817.8
7457351,-71.7483,6.74,1873.8,22951.4
1410037,-71.8467,8.1083,1873.23,37760.6
4404286,-71.6408,11.3225,1872.68,27103.4
2741649,-72.2833,21.4325,1871.39,31270.5
164967,-71.4806,11.4517,1871.01,63845.6
944742,-72.1814,27.6575,1870.26,42011.1
1846000,-72.225,26.6542,1869.92,35047.9
1019724,-71.5933,11.4167,1869.38,41181.0
8708269,-71.8175,8.2767,1869.36,21824.5
11707319,-71.9769,25.1217,1868.82,19797.8
4703750,-71.4267,35.5092,1868.67,26557.2
11613027,-71.6097,11.6575,1867.88,19849.2
492647,-71.5133,11.5558,1867.42,49529.2
427396,-71.5569,11.6433,1867.32,51281.1
4526847,-71.4244,13.1308,1865.98,26876.8
9879957,-71.9603,7.7875,1865.78,20945.6
2564032,-72.0275,25.6875,1865.67,31893.8
1760572,-71.9258,4.675,1865.26,35517.4
767592,-71.9022,4.56,1863.67,44322.4
1068723,-71.5342,35.53,1862.32,40673.5
3439428,-71.9219,4.6575,1861.94,29229.6
9339175,-71.4878,13.01,1859.76,21331.4
11033873,-72.3069,21.4483,1858.44,20192.9
2463272,-71.2897,35.6617,1858.21,32269.2
7184302,-71.7369,9.0425,1857.86,23230.1
10918379,-71.7664,9.6867,1857.36,20262.2
9581005,-72.055,22.9817,1856.85,21154.4
823450,-71.2872,35.7608,1856.44,43534.9
616482,-72.0942,23.8883,1854.86,46849.3
655978,-71.6697,11.8508,1854.39,46122.9
6348787,-72.0586,24.9017,1853.4,24168.3
2345443,-71.8325,9.8208,1852.71,32733.8
6504836,-71.6603,10.6508,1852.34,23980.4
3581791,-71.6719,11.81,1851.65,28872.1
10918382,-71.3533,12.6183,1850.53,20262.2
3336977,-72.1728,27.6175,1850.3,29496.5
9808086,-71.6714,11.7625,1849.5,20994.2
4081564,-71.9089,7.1683,1848.8,27744.6
684731,-71.4353,12.7883,1848.63,45625.7
4658006,-71.7467,9.6783,1848.2,26638.7
470253,-72.0714,23.9183,1847.58,50106.0
11286935,-72.0681,23.92,1844.58,20037.7
10853665,-71.9167,5.6175,1843.96,20299.9
2914730,-71.9106,4.5817,1843.93,30711.3
7106226,-72.1758,27.6725,1842.39,23312.2
9113942,-71.6583,11.1575,1842.19,21500.9
6644737,-72.2903,21.8183,1841.51,23817.8
1110425,-71.6119,11.2117,1841.35,40262.6
7204521,-71.8281,6.7483,1840.54,23208.1
3229301,-71.71,9.6558,1840.41,29786.7
1216180,-71.8117,5.8917,1839.51,39298.4
2112233,-71.9514,7.395,1838.45,33734.5
6522877,-71.6258,15.1233,1837.88,23961.8
10024590,-71.6797,10.6025,1837.58,20845.0
11839595,-71.9106,4.6683,1836.82,19720.4
2268499,-72.0083,24.5867,1833.97,33047.6
4162586,-71.7811,10.1733,1833.83,27581.1
353698,-71.6294,12.105,1833.49,53661.0
3946331,-71.8664,8.9767,1832.15,28032.4
3696253,-71.5383,12.7317,1831.27,28597.2
6487678,-72.0472,22.8725,1830.98,24001.6
402550,-71.81,8.8058,1830.62,52031.0
6028105,-71.5753,12.2467,1829.95,24570.9
541917,-71.6519,12.4725,1828.87,48378.8
10544499,-71.7044,9.6658,1827.67,20496.7
5657501,-71.9592,25.2658,1827.65,25066.4
1319480,-71.6569,11.805,1827.47,38447.8
2653681,-72.1089,22.7617,1827.11,31572.6
3743567,-71.5636,11.6483,1826.86,28487.8
2410689,-72.0272,26.025,1826.01,32473.9
10369446,-72.0197,4.4217,1824.77,20611.4
3117552,-72.2178,20.1942,1823.4,30103.7
7918220,-71.9558,25.2525,1822.12,22508.5
3462293,-71.9156,7.2717,1819.55,29168.5
4823879,-72.0417,22.8467,1817.81,26350.1
1821756,-71.8283,5.6,1817.05,35180.4
8256728,-71.8917,8.1667,1816.28,22206.5
8026058,-71.3881,35.4825,1815.97,22409.2
1357402,-71.4414,12.4275,1815.93,38155.0
11575062,-72.0589,25.06,1814.12,19871.7
102677,-71.4608,11.9692,1813.74,70608.4
855004,-72.0075,24.3192,1812.83,43115.8
7658587,-71.4222,12.7125,1811.64,22753.4
1331545,-71.9164,8.7592,1811.54,38353.2
1000747,-72.1575,27.6683,1809.26,41384.7
8341981,-72.1353,22.7375,1809.24,22128.9
5558308,-71.8061,5.8883,1808.82,25205.8
4162587,-71.6256,12.1808,1808.25,27581.1
7745958,-72.1633,23.6883,1808.23,22669.3
1103830,-71.4786,12.5333,1807.68,40325.8
5745361,-71.4189,13.1867,1807.28,24944.1
475177,-71.5478,11.34,1807.21,49977.4
5715143,-72.1725,27.6308,1806.06,24987.4
6685714,-71.4967,35.5083,1805.71,23772.3
8388185,-71.9336,4.465,1804.51,22091.4
767804,-71.4672,11.475,1803.94,44319.6
2882606,-71.5186,11.5483,1803.21,30810.7
10173625,-72.0103,24.3192,1801.96,20743.8
9406903,-71.4656,12.4308,1801.23,21283.5
4669676,-71.6597,12.4817,1801.13,26617.1
6770966,-72.1744,27.4775,1800.35,23675.6
7055836,-71.8311,6.6,1799.44,23364.1
1656999,-71.6947,12.2808,1799.44,36122.2
4360407,-71.6667,11.8733,1799.26,27187.9
1904152,-71.4322,12.4133,1799.17,34746.7
6140338,-71.2922,35.8042,1797.85,24427.9
11016434,-72.0056,24.315,1797.61,20199.2
5094822,-72.0142,24.595,1797.07,25903.8
3237421,-72.1786,27.515,1796.75,29763.1
2626908,-72.1714,27.5275,1795.97,31665.3
96974,-71.3478,12.3842,1795.33,71434.6
1445980,-71.3553,35.5375,1794.32,37503.3
3760241,-71.5753,11.705,1791.42,28447.5
3347126,-71.8369,6.0067,1791.03,29468.4
4424872,-71.8486,9.3425,1790.79,27065.7
2456209,-72.1231,24.7533,1790.54,32296.8
183693,-71.4944,11.6017,1789.74,62373.7
6163762,-71.655,15.1183,1789.11,24396.6
632108,-71.6483,11.7408,1788.85,46556.0
10115446,-72.0997,28.9517,1788.82,20780.7
630083,-71.8928,4.5383,1784.3,46594.3
3213189,-71.9033,4.6833,1783.45,29831.6
3694509,-71.4475,12.4367,1782.81,28601.7
436409,-71.3833,13.9208,1782.36,51020.8
3463118,-71.78,8.9208,1780.93,29166.3
969893,-71.4236,12.4008,1780.58,41726.6
2400571,-71.4933,12.1792,1780.47,32513.1
699489,-71.4806,11.6533,1779.77,45380.7
567805,-72.1042,22.7033,1779.27,47825.1
8862682,-72.1764,27.6467,1777.29,21698.6
10539868,-72.1192,24.7633,1775.94,20499.8
534864,-71.7406,6.9767,1775.18,48535.2
2191685,-71.4139,13.1158,1774.1,33377.5
1880162,-72.0558,23.2808,1773.99,34869.3
742261,-72.0708,23.4317,1773.53,44700.3
4493387,-72.0264,24.1208,1773.35,26938.3
1792602,-71.4719,11.485,1773.04,35337.6
6573579,-72.1778,27.53,1772.55,23900.6
4758454,-71.8306,5.91,1770.62,26461.1
361577,-71.9008,24.4608,1770.51,53381.3
6551792,-71.7714,10.1708,1769.21,23927.2
2477725,-71.8211,6.6175,1768.59,32213.9
6989093,-71.4894,11.6092,1768.56,23434.9
10289682,-71.5736,35.5483,1768.06,20666.9
1017732,-72.0136,24.1067,1767.47,41201.1
6916761,-71.4067,12.6425,1766.06,23513.6
320150,-72.0303,25.2942,1765.2,54949.2
409155,-71.7417,8.955,1764.67,51827.4
7492002,-71.7622,9.945,1763.7,22915.3
7158219,-71.7786,9.7458,1761.93,23254.7
8977881,-71.8103,6.5425,1760.16,21607.4
11734546,-71.4303,12.3992,1755.16,19781.7
9041315,-71.9497,4.8342,1753.96,21560.1
3228537,-72.0283,23.1117,1753.66,29788.8
3468267,-71.3758,13.9375,1753.42,29155.4
467374,-71.6894,9.685,1752.82,50182.3
1940432,-71.9994,24.0958,1752.6,34559.2
4730365,-71.6308,12.1767,1751.89,26511.6
2571264,-71.8847,5.035,1751.73,31865.9
3091509,-72.0628,23.2558,1751.45,30179.8
1638452,-71.8778,4.5375,1751.28,36233.1
292317,-71.8772,24.57,1751.26,56133.0
246211,-71.8625,24.69,1750.76,58400.4
1478476,-72.1814,20.2525,1750.32,37276.6
1000322,-71.7364,8.9858,1750.17,41387.8
6538656,-72.2103,22.9517,1750.06,23943.2
7295309,-72.0333,23.115,1748.7,23114.6
2263223,-71.6217,12.1292,1748.3,33070.7
47804,-71.8497,25.3892,1747.62,82130.3
859699,-72.1497,21.3042,1745.91,43055.2
6210431,-72.0375,25.2958,1745.86,24339.0
1313072,-72.1517,22.1108,1745.05,38497.5
876049,-71.8014,8.785,1744.77,42847.5
3161974,-71.8958,5.2675,1743.28,29976.4
947337,-72.0889,27.3192,1742.43,41982.3
10981881,-71.8653,6.0633,1741.73,20221.3
850179,-71.54,11.5825,1739.82,43177.8
6696898,-71.9242,4.9758,1738.28,23758.9
98448,-71.9158,24.345,1738.01,71214.9
7717834,-71.8942,24.4667,1737.49,22697.4
628986,-71.4864,12.6683,1736.43,46613.5
2139481,-71.5972,11.63,1736.17,33609.6
4280290,-71.365,13.975,1731.94,27344.4
2402583,-71.3486,35.5025,1729.41,32505.2
3775571,-71.8361,6.9925,1728.73,28413.9
8674547,-71.8092,8.8383,1726.08,21853.6
3520395,-71.7178,10.2617,1725.69,29024.0
11073503,-71.5964,12.2767,1725.29,20167.6
10734353,-71.8,8.7808,1725.05,20378.2
7366572,-71.8208,6.9917,1724.05,23042.8
114742,-71.9467,25.5492,1723.87,69003.0
680359,-71.5878,12.2925,1723.18,45701.1
855097,-71.4619,11.6367,1722.72,43114.3
6110049,-71.35,35.5258,1722.22,24464.4
2029932,-72.0686,25.6183,1721.35,34119.4
308485,-71.9075,24.2333,1720.65,55431.7
945114,-72.1053,27.7492,1718.03,42006.6
2847927,-71.4714,11.9658,1717.72,30920.1
6069123,-71.6267,12.2467,1716.71,24519.0
11083460,-71.8711,7.0767,1715.73,20161.3
9581008,-71.6256,11.4125,1714.46,21154.4
9521924,-72.1083,27.7708,1712.53,21199.5
9063059,-71.9344,7.6558,1712.1,21542.4
4823877,-72.2514,21.4283,1711.25,26350.1
7366573,-71.6114,15.1558,1709.92,23042.8
10369447,-71.8833,4.5483,1709.89,20611.4
806725,-72.1411,27.6242,1709.74,43761.2
557464,-71.4644,11.565,1707.7,48045.7
3784877,-72.1628,22.1017,1705.85,28391.5
2710966,-71.8128,8.8892,1705.24,31374.2
11397825,-71.6475,12.4708,1705.22,19974.0
3473320,-71.5511,15.4858,1704.95,29142.3
344505,-72.0394,24.6042,1702.48,54000.7
1327917,-72.1258,22.0608,1702.19,38381.5
636092,-71.9586,24.6258,1701.2,46483.4
9110279,-71.85,8.3925,1701.02,21503.9
949589,-71.8136,5.2258,1698.98,41956.5
3950323,-71.4008,12.8058,1698.61,28023.3
1670586,-72.2211,21.8767,1698.3,36039.2
8259847,-72.1689,22.1092,1696.08,22203.6
8855643,-72.1553,23.0275,1694.76,21704.4
9704424,-71.3753,13.4183,1692.87,21066.9
9092219,-72.1011,27.7675,1691.94,21518.7
739275,-71.4078,12.3775,1691.55,44745.9
10810290,-72.2411,21.5092,1691.29,20328.1
3698016,-71.4308,12.4392,1690.73,28592.8
2806089,-71.6089,11.7425,1689.72,31055.8
9055736,-71.8597,6.07,1688.69,21548.3
4329932,-72.1433,22.1075,1687.62,27246.4
7242552,-71.8772,4.5183,1685.04,23166.9
4793672,-71.7283,9.6708,1683.87,26400.8
3926534,-72.1367,27.665,1683.45,28077.8
6581013,-72.0778,27.3,1681.43,23895.2
7930048,-71.8944,4.6717,1680.26,22497.2
6330460,-71.7378,8.9375,1680.19,24192.0
273689,-71.355,12.4475,1678.05,57003.6
3970749,-71.3956,13.8017,1677.96,27980.1
1222437,-71.4886,11.6592,1676.68,39244.9
4579402,-71.8325,5.2342,1676.32,26779.4
4722075,-71.8461,24.6917,1674.07,26523.6
2321565,-71.8853,24.45,1672.93,32829.0
3351866,-71.5147,15.5183,1672.93,29455.4
400584,-72.0042,24.26,1672.78,52094.7
8011075,-71.7536,9.0192,1671.81,22423.4
8648832,-71.6575,11.715,1671.62,21871.1
1456810,-71.3458,12.4108,1671.14,37430.1
868888,-71.7067,7.9667,1670.52,42938.1
11745684,-71.5853,11.4642,1669.38,19775.3
781699,-72.01,25.9967,1669.2,44116.4
11286936,-71.7486,9.7333,1669.07,20037.7
5936105,-71.5253,15.5142,1667.98,24692.5
1088799,-71.4714,11.5275,1666.01,40472.5
7655831,-72.0906,22.8217,1665.94,22756.2
4649010,-71.5417,11.3867,1665.41,26655.4
506685,-71.9097,22.695,1665.33,49192.4
458621,-71.7283,8.3417,1665.03,50415.3
584008,-71.4997,15.4958,1664.05,47490.9
4152315,-72.1128,25.3783,1663.63,27599.5
2885711,-71.4708,11.6517,1663.11,30800.4
5467529,-72.1375,22.0767,1661.51,25334.3
601956,-71.4819,11.9617,1661.07,47134.0
8420257,-71.84,5.275,1660.93,22062.5
4664468,-72.04,22.7008,1660.89,26626.7
893889,-71.9103,24.2983,1660.71,42623.9
5899443,-71.3894,13.7892,1658.06,24738.9
2825023,-71.6411,12.1708,1657.78,30994.2
10539870,-71.8672,5.0108,1657.11,20499.8
8477329,-71.6083,12.4875,1656.9,22016.3
8145822,-71.85,8.8817,1656.25,22300.9
677002,-72.0406,23.48,1655.41,45756.8
4282613,-72.1317,22.0525,1654.46,27339.8
2785529,-71.5792,11.7683,1653.63,31123.4
4546723,-71.8097,4.9375,1653.15,26838.8
6292121,-71.9108,24.4992,1652.74,24236.7
3134620,-71.5456,11.6167,1652.7,30055.0
581812,-72.0467,23.9267,1652.03,47535.2
1772444,-71.7356,7.1125,1651.89,35449.2
5912748,-71.5644,11.7075,1651.38,24720.8
1867302,-71.7761,8.2183,1649.38,34936.9
883619,-72.0497,23.4667,1649.3,42752.2
9445532,-72.15,20.3167,1648.24,21253.6
5543230,-71.9022,24.3108,1647.4,25228.5
4709014,-71.5114,10.8608,1647.32,26547.6
9787788,-71.3594,13.99,1646.55,21009.4
8300858,-71.8706,4.4758,1646.21,22166.3
9672005,-72.0492,24.9167,1645.81,21091.1
803088,-71.9169,22.6467,1645.68,43813.5
6257187,-71.6086,12.4792,1645.25,24281.4
7421814,-71.6842,9.6008,1645.06,22984.7
2302344,-72.0603,23.4417,1644.41,32908.5
3717515,-72.1542,27.6175,1642.9,28548.2
1198004,-72.0258,22.94,1641.73,39455.4
6696899,-71.4736,11.5467,1641.46,23758.9
3277216,-71.8869,24.1875,1640.12,29655.9
1056384,-71.9111,25.0392,1637.65,40801.7
7033917,-71.8039,4.9483,1637.06,23388.6
3547121,-72.0381,23.9183,1636.53,28958.1
1635167,-71.5839,12.0333,1635.95,36254.2
6540855,-71.5992,10.5533,1634.71,23940.5
7533443,-71.9906,24.5925,1632.67,22876.3
7279854,-71.8133,8.325,1632.08,23131.1
3613288,-71.845,8.8608,1628.41,28794.8
562619,-72.0706,27.6808,1628.09,47935.6
9308715,-71.6044,10.5567,1627.33,21355.2
826697,-71.4614,12.5308,1627.28,43491.0
9037766,-72.0081,25.97,1625.56,21563.1
445240,-71.4556,15.5833,1623.65,50776.7
3928536,-71.7925,5.1967,1622.7,28073.3
2652020,-71.9925,24.2492,1618.2,31578.7
967993,-71.9536,25.3808,1617.83,41749.5
11762186,-72.0914,23.2167,1617.39,19765.6
3701614,-72.0186,23.1542,1616.55,28583.8
1558435,-72.115,22.0033,1614.2,36743.0
8467623,-71.9125,22.6458,1613.97,22025.0
11778862,-71.8011,8.2908,1613.76,19755.9
9954932,-72.1692,27.7517,1613.1,20890.8
4164671,-71.9467,25.3567,1611.2,27576.4
1794225,-72.0208,23.92,1610.55,35328.6
1289840,-72.0131,25.0875,1610.51,38680.7
5962592,-72.0317,23.4692,1610.32,24656.3
179678,-72.0108,24.8425,1607.58,62667.2
970288,-71.3489,13.6217,1604.65,41722.0
2811385,-71.9522,25.5742,1603.55,31037.4
5449389,-71.6844,9.6675,1603.45,25362.0
524204,-71.515,12.575,1599.98,48780.1
2152960,-71.4139,12.6308,1598.47,33548.9
3223492,-72.0219,22.8808,1596.82,29803.8
11762185,-72.1464,23.7383,1594.56,19765.6
8728662,-71.4028,14.0317,1594.41,21806.9
3331289,-71.7694,5.1408,1593.24,29509.5
11016433,-72.0081,24.85,1592.55,20199.2
6457777,-71.4447,13.0833,1591.61,24038.8
4576959,-72.0328,23.9183,1591.0,26784.2
5113952,-72.0511,27.3242,1589.14,25871.8
7892019,-72.0614,27.3033,1583.47,22534.0
818109,-71.9925,23.4942,1581.51,43606.6
8262921,-72.1189,22.0175,1580.58,22200.7
5639292,-71.9697,25.0508,1579.67,25089.2
2858055,-72.0378,27.34,1579.01,30889.2
10050513,-71.9169,24.2617,1578.14,20826.6
9205096,-72.0589,27.2792,1577.51,21432.7
11033875,-71.7219,7.785,1576.99,20192.9
562991,-71.8572,25.4725,1573.57,47927.6
2070897,-71.3667,12.3925,1571.45,33924.7
763291,-72.0342,24.5617,1570.63,44385.6
2665930,-71.4411,11.9733,1570.58,31530.2
2301363,-71.4889,11.9483,1568.46,32912.3
4829332,-72.095,21.9667,1567.81,26340.4
10208773,-71.7306,6.9117,1566.26,20719.3
353239,-71.4189,11.9517,1562.85,53678.8
2551786,-72.1106,26.4067,1561.41,31937.8
4326477,-72.0114,22.8333,1560.44,27253.4
2260631,-71.7314,8.3992,1559.87,33082.3
4550420,-71.7061,7.7933,1558.74,26831.7
2929510,-71.8742,24.6867,1557.64,30663.6
9980377,-71.5744,12.215,1557.47,20872.4
6694655,-72.0972,23.9183,1555.3,23761.5
550130,-71.9608,23.34,1554.82,48199.3
1650858,-72.0086,23.4767,1552.2,36159.2
5332975,-71.9239,24.3758,1552.01,25534.7
125482,-71.765,25.0625,1550.31,67714.9
10853664,-72.1344,21.5975,1549.78,20299.9
2432389,-72.0128,23.4608,1548.14,32387.4
11492450,-71.5444,12.4758,1548.12,19916.5
1347853,-71.7031,8.4425,1546.2,38226.8
284558,-71.3214,13.4058,1544.5,56491.7
3642864,-71.8625,24.535,1544.32,28723.9
7620016,-71.33,13.3192,1541.9,22792.6
1325506,-72.0006,23.1825,1538.42,38401.4
2248051,-71.3244,13.3133,1538.12,33134.2
9110278,-71.9622,23.3342,1537.7,21503.9
4129746,-71.4306,11.975,1534.49,27648.0
1936980,-72.0444,23.3092,1532.51,34577.6
1121226,-71.3936,13.0142,1531.98,40156.4
7757291,-71.9853,24.23,1531.82,22658.0
2753792,-71.8881,22.7367,1530.07,31227.7
7706746,-71.8886,24.2908,1529.94,22708.6
2327494,-71.5044,11.9383,1524.41,32803.8
10147462,-71.4981,11.9392,1523.36,20762.3
3488169,-72.025,23.46,1521.16,29102.9
7227132,-71.8942,22.7392,1519.72,23183.4
5464256,-71.9894,28.0325,1518.82,25339.4
2450818,-71.7156,8.99,1517.97,32318.5
2001335,-71.6947,8.4275,1512.73,34257.3
3205211,-71.4628,15.5742,1512.35,29855.0
1577645,-72.0056,23.8967,1511.41,36616.2
3588673,-71.9625,25.5333,1509.82,28854.5
858595,-71.9014,24.7725,1509.26,43070.0
11118403,-71.7244,6.9142,1507.61,20139.2
2342498,-72.0125,22.9975,1506.66,32743.5
1093581,-71.8725,25.485,1504.18,40425.2
2273127,-71.7336,8.8367,1502.99,33030.2
953955,-71.9297,24.4192,1501.34,41906.4
1025412,-71.6067,7.055,1499.77,41120.6
2362427,-72.0006,23.0033,1498.33,32665.6
4017376,-72.0064,22.9992,1492.31,27879.7
410459,-71.3761,12.47,1490.72,51786.8
8759693,-71.7083,7.7742,1490.46,21780.6
299857,-71.8972,25.6683,1489.08,55800.6
10011917,-72.1258,27.4675,1488.94,20854.1
7334090,-72.0153,23.0767,1488.16,23073.2
312328,-71.8367,25.0683,1486.43,55271.7
3182406,-71.9928,22.9858,1485.0,29919.0
3941382,-72.0119,23.0342,1484.29,28043.8
6029928,-71.9919,23.185,1482.04,24568.3
444272,-71.8856,27.5658,1479.4,50801.8
4224276,-71.7392,8.8525,1478.29,27453.7
5465893,-72.0378,23.3067,1473.88,25336.9
5375069,-71.9867,22.9925,1472.37,25469.8
898885,-71.8611,22.7733,1472.1,42559.6
8011074,-71.9797,24.2233,1470.45,22423.4
3156915,-72.0972,27.6617,1468.76,29991.3
5169877,-72.0053,27.9567,1468.12,25783.0
187020,-71.7331,26.8667,1466.71,62130.1
8443313,-71.985,24.105,1465.72,22042.3
606776,-71.8272,25.2792,1465.06,47036.6
5972135,-71.7017,8.3567,1464.21,24643.4
892758,-71.9086,26.6975,1463.72,42637.3
6715058,-71.6858,8.0217,1462.76,23737.4
571963,-71.4278,12.61,1462.3,47739.8
1615574,-72.1047,27.5242,1462.27,36377.0
2984489,-71.8361,25.0475,1461.35,30496.9
6202440,-71.4492,15.5642,1459.85,24349.5
11823056,-72.0406,24.8042,1459.73,19730.1
221353,-71.8028,26.605,1455.51,59824.1
9836720,-72.02,27.325,1455.2,20972.9
3709010,-71.3131,13.4233,1454.91,28566.0
11083461,-71.6881,8.025,1454.34,20161.3
1067508,-71.9969,26.3917,1452.34,40684.4
9005550,-71.9933,27.9792,1452.34,21589.7
1419218,-71.8256,25.095,1452.26,37694.7
1439201,-71.7606,26.8417,1451.22,37550.8
4445104,-72.05,27.2758,1450.66,27025.7
2844311,-71.9894,27.8592,1449.06,30932.5
10392002,-72.0417,24.9542,1447.83,20595.9
1591228,-71.3911,12.7642,1447.43,36530.8
579997,-71.8072,25.0183,1445.72,47571.3
1655797,-71.2967,13.4367,1444.42,36127.5
11655953,-72.0247,24.5992,1444.36,19823.5
178458,-71.8744,27.23,1443.04,62758.6
6073047,-71.3403,13.6183,1442.81,24513.8
8749328,-71.7422,26.8533,1437.2,21789.4
2534540,-72.0658,27.6275,1432.33,32001.5
11163230,-71.9803,22.9958,1431.86,20110.7
10957290,-71.3628,13.485,1431.69,20237.0
2793554,-71.9853,24.5142,1430.95,31098.9
9967622,-71.9031,22.6308,1430.53,20881.6
10695136,-72.0472,24.85,1428.88,20400.1
1376563,-71.77,26.8125,1425.48,38009.5
1885355,-71.8614,27.7525,1422.92,34843.7
1409611,-72.03,24.8133,1422.88,37764.0
277595,-72.0094,27.5525,1419.27,56817.8
3997710,-71.3658,12.4608,1418.05,27923.1
842924,-71.8006,25.0758,1417.61,43273.6
2223954,-71.9464,24.5233,1416.74,33236.0
3035474,-71.8356,25.3508,1415.75,30341.9
1128016,-71.8125,25.0983,1415.67,40092.9
1139514,-71.9317,24.46,1414.32,39984.7
4345258,-71.7981,25.0575,1412.04,27218.3
984459,-71.8231,25.1933,1410.71,41562.9
11602133,-71.3275,13.4008,1409.84,19855.6
3980782,-71.41,11.9233,1409.44,27957.3
6646927,-71.9308,24.4458,1408.74,23815.1
3414938,-71.8472,27.8225,1408.35,29292.8
1283805,-71.6339,8.4458,1404.97,38730.1
10709172,-71.6819,7.7975,1402.44,20390.7
4555339,-71.67,8.46,1401.65,26822.2
3712873,-71.4,13.1575,1401.15,28559.3
2847928,-71.3081,11.4458,1400.52,30920.1
2322064,-71.9189,26.8017,1399.3,32827.1
1510343,-71.3269,13.6117,1398.91,37060.6
1575543,-71.5731,19.3842,1398.75,36630.1
3826995,-71.7669,26.7975,1398.14,28294.8
2833825,-71.8511,22.8208,1398.14,30967.5
10124040,-71.3072,13.4267,1397.36,20774.5
7874675,-71.955,23.9467,1392.39,22550.9
4729056,-72.0486,27.2433,1391.6,26514.0
8899832,-71.9583,23.9417,1390.57,21672.1
4308000,-72.0,26.3825,1389.29,27290.8
3945359,-71.5989,7.0433,1387.05,28034.7
1825935,-71.3831,12.4775,1386.27,35156.8
7947551,-71.9325,24.3642,1383.87,22480.2
7279855,-71.3833,13.0267,1381.82,23131.1
4065004,-72.0578,27.44,1381.45,27781.3
3792358,-71.3333,13.3942,1378.76,28373.5
6672342,-71.8461,24.5342,1376.24,23788.3
1205213,-70.3947,37.9392,1375.73,39392.3
4868492,-71.6608,8.4667,1375.05,26275.0
1893446,-71.7867,25.095,1373.94,34801.7
2227703,-71.3331,12.6383,1366.2,33218.7
8792885,-71.8944,24.3433,1363.52,21757.2
1613469,-71.9808,26.0233,1360.94,36391.0
2453750,-71.8814,27.6075,1360.06,32306.7
6743295,-71.6206,8.9433,1359.37,23707.9
1020004,-71.8986,27.465,1357.91,41177.9
185495,-71.6953,26.4175,1357.19,62239.7
8735567,-71.8261,25.1433,1356.37,21801.1
5241591,-71.2967,11.4417,1356.13,25674.1
5244730,-71.8764,27.6108,1354.22,25669.1
7058300,-71.8064,25.08,1353.48,23361.3
1740959,-71.7733,25.095,1347.44,35628.5
1609176,-71.975,27.315,1346.84,36417.3
5250687,-71.6342,8.4233,1346.51,25659.2
450267,-72.0342,27.4342,1346.49,50639.8
9934178,-71.6736,8.0683,1346.26,20906.0
3693569,-71.6481,8.4517,1343.68,28603.9
5475886,-71.8472,27.7408,1340.82,25321.8
3256407,-71.8981,25.6033,1339.23,29711.7
3362488,-70.3953,37.9467,1336.79,29429.5
2504968,-71.6861,26.4142,1336.01,32110.8
8988915,-72.1097,27.5783,1334.49,21598.5
7680947,-72.0106,27.3283,1333.87,22731.0
10743760,-72.1158,27.5833,1332.98,20372.0
368072,-71.8131,25.685,1331.39,53156.4
6665625,-71.9764,27.1967,1331.07,23796.4
9909196,-72.0056,27.57,1326.29,20924.3
568452,-71.6706,23.5517,1325.14,47811.8
3210239,-71.7678,25.1083,1319.7,29840.1
10704519,-71.8567,25.3708,1318.91,20393.8
4241223,-72.0458,27.63,1310.51,27421.2
11366601,-71.8267,25.1642,1307.93,19993.1
4184191,-71.9736,27.2508,1305.0,27534.8
104879,-71.4672,23.9575,1302.5,70306.4
10748547,-71.6314,8.7692,1299.91,20368.8
10681226,-72.0317,27.6158,1299.12,20409.4
246657,-71.695,26.6075,1297.81,58375.3
10089484,-70.395,37.9225,1297.31,20799.1
6948397,-71.9011,25.7117,1293.79,23481.0
7642155,-71.5631,8.9208,1293.07,22770.2
1134494,-71.5361,8.8817,1291.38,40032.5
1352011,-71.8744,27.5625,1290.86,38195.1
6416555,-71.8128,23.8675,1290.06,24086.4
673240,-71.2903,13.72,1288.79,45820.8
7123421,-71.6253,8.4108,1287.46,23293.1
7120974,-71.8731,27.6333,1286.6,23295.8
898184,-71.3033,13.7083,1285.49,42568.5
3431864,-71.8289,25.245,1284.99,29247.1
128540,-70.9964,12.0175,1281.02,67382.9
10128358,-71.5719,8.8883,1280.93,20771.5
892543,-71.8258,25.4125,1280.71,42640.3
1377663,-71.3519,13.1992,1276.93,38001.1
579403,-71.9969,27.4292,1268.3,47584.7
6741016,-71.2836,13.4008,1261.41,23710.5
7620015,-71.8136,25.1867,1260.6,22792.6
1000063,-71.9656,27.3333,1259.08,41390.8
5449388,-71.6889,23.5642,1251.44,25362.0
3667110,-72.0003,27.465,1251.14,28666.2
6451252,-71.5539,8.91,1251.01,24046.7
653452,-71.3314,12.545,1248.46,46167.1
6361323,-72.01,27.4692,1245.07,24152.5
208618,-71.7442,25.26,1242.15,60631.3
2492699,-71.5478,8.8792,1238.92,32156.4
236444,-71.7017,25.1983,1236.75,58935.7
1117814,-71.8061,25.4158,1235.95,40191.3
1618279,-71.8911,27.38,1233.95,36359.5
3417330,-71.9892,27.6258,1233.6,29286.2
9327773,-71.9633,27.3458,1232.22,21340.3
4301142,-71.8828,27.4275,1231.09,27304.8
10643706,-71.81,25.2025,1228.83,20434.4
2195866,-71.7811,26.5017,1225.18,33358.4
10461493,-71.9586,27.345,1225.18,20552.5
9215992,-71.8647,25.3283,1223.59,21423.8
7924118,-71.3303,12.7967,1222.0,22502.9
11235966,-71.6989,23.5525,1221.29,20069.5
1549078,-71.7706,25.1325,1220.55,36803.6
6926238,-71.955,27.345,1219.51,23502.7
5368600,-71.9547,27.26,1213.77,25479.8
2136587,-71.9956,27.37,1209.66,33621.0
497890,-71.7406,25.5042,1209.58,49401.7
7633773,-71.3008,12.8775,1207.73,22778.6
1016799,-71.3486,7.675,1206.14,41211.9
9553368,-71.8047,25.6867,1204.53,21175.5
991479,-71.7056,25.2375,1204.52,41484.6
10996614,-71.6272,28.3908,1199.34,20211.8
836807,-71.7231,25.2525,1197.67,43356.0
5459323,-71.9578,27.3625,1197.12,25346.9
1151481,-71.3347,7.6042,1194.79,39873.0
860120,-71.7667,25.7483,1193.72,43049.3
11220579,-71.2975,12.8858,1191.84,20079.0
3979784,-71.4928,8.925,1191.37,27959.6
474538,-71.7272,25.7375,1191.32,49995.3
1447694,-71.3178,12.59,1187.55,37493.1
828400,-71.8031,25.65,1184.47,43467.5
3916018,-71.7331,25.4992,1184.3,28098.3
510380,-71.6858,25.1367,1183.2,49105.5
1050802,-71.8081,25.4608,1180.62,40859.5
1115756,-71.7494,26.56,1180.22,40210.3
5084501,-71.3142,13.6933,1179.66,25921.1
5488244,-71.7681,26.9025,1179.41,25306.7
2609949,-71.755,26.5617,1176.2,31725.6
5991012,-71.7122,26.4167,1174.09,24617.5
3970748,-71.7961,25.4017,1173.13,27980.1
634826,-71.7672,25.2958,1169.13,46506.7
5727585,-71.9506,27.4033,1165.65,24969.6
10874705,-71.8783,25.6683,1164.69,20290.5
7918219,-71.9608,27.4042,1164.12,22508.5
7499999,-71.29,12.9042,1163.49,22906.9
2430488,-71.7117,25.1825,1160.02,32395.3
4214383,-71.6947,26.5833,1158.8,27474.6
1365883,-71.7256,26.5608,1158.31,38089.9
7561182,-71.9583,27.4375,1157.42,22848.5
892863,-71.7006,25.4533,1155.87,42635.8
8677907,-71.6972,25.2483,1153.39,21850.7
1436081,-71.7558,25.6142,1149.48,37574.5
1916906,-71.7189,25.5008,1147.29,34680.6
3362487,-71.7622,26.5233,1146.61,29429.5
2198364,-71.745,26.5458,1142.12,33347.0
3966774,-71.7339,26.815,1129.63,27989.2
1171421,-71.7558,25.2892,1124.35,39690.4
7829636,-71.7636,25.2883,1121.48,22590.5
2741650,-71.795,25.6458,1118.81,31270.5
3096405,-71.735,26.5417,1118.29,30165.0
2637011,-71.7686,25.7208,1113.37,31631.1
3400333,-71.7478,25.5258,1104.11,29329.7
3881995,-71.7017,26.5583,1101.97,28173.0
3842896,-71.7142,25.7225,1100.88,28261.0
854384,-71.6711,25.1975,1098.34,43124.7
5585368,-71.6856,25.2558,1098.29,25165.3
5010822,-71.6817,25.2442,1097.87,26038.8
10342553,-71.7078,25.7117,1090.75,20629.9
3542555,-70.95,11.3933,1087.42,28966.9
7826657,-72.0081,27.51,1084.09,22593.3
10063290,-71.7222,26.5467,1083.24,20817.4
7757293,-71.7542,25.5292,1081.59,22658.0
8075341,-71.7042,25.1542,1080.33,22366.5
6703710,-71.7086,26.5467,1077.34,23750.8
11778863,-71.7186,26.5617,1074.06,19755.9
9201380,-71.9842,27.5117,1073.77,21435.6
2014675,-71.7325,25.5933,1067.83,34192.2
3655451,-71.3064,13.305,1067.62,28695.1
4400712,-71.9744,27.3842,1062.63,27110.4
6265397,-70.96,11.495,1039.48,24270.9
10081229,-71.7372,25.735,1036.53,20805.2
11756848,-71.9669,27.3742,1033.83,19768.8
1067759,-71.6433,26.3658,1030.64,40681.3
2499860,-71.6617,26.4667,1023.7,32130.7
1063277,-70.9661,11.8492,1022.78,40728.3
2019453,-71.6892,25.6575,1017.12,34169.8
2307714,-71.6544,26.46,1011.16,32885.2
1168653,-71.2053,13.5592,1008.22,39714.5
10685722,-71.2464,8.2217,1001.32,20406.3
1528716,-71.5589,25.4117,1000.66,36936.7
1960743,-71.6886,25.5117,989.75,34457.6
10270319,-71.7089,25.6825,979.31,20676.2
1422416,-71.4581,25.2983,973.56,37671.1
10396489,-72.0286,27.4025,943.61,20592.8
5846805,-70.9772,12.0308,938.28,24808.3
4446292,-71.4983,25.3475,925.86,27023.3
5249171,-71.455,25.3367,904.46,25661.7
1195769,-70.8719,11.5317,881.76,39473.1
2899260,-70.8858,11.5192,856.97,30759.0
2394734,-70.9147,12.0442,826.18,32536.6
10704521,-70.9117,12.0592,821.6,20393.8
1845325,-70.9239,12.2408,821.02,35051.6
10662326,-70.9044,12.0667,732.38,20421.9
4726018,-70.9136,12.27,657.16,26516.4
1157898,-68.9247,33.2495,597.36,39813.8
1031983,-69.26,39.8078,501.59,41053.9
1871754,-69.2781,39.8061,477.49,34915.0
3999746,-69.2728,39.7739,443.54,27918.6
109364,-70.2381,26.3467,430.76,69697.5
733438,-70.385,18.7617,430.56,44835.5
105013,-69.4303,39.5939,395.27,70288.3
140579,-69.1914,39.6583,373.32,66114.4
5705919,-70.2981,16.2417,363.96,25000.2
629558,-69.4861,39.7172,359.23,46602.5
191252,-70.3678,4.3617,352.88,61817.6
1339779,-69.2244,39.7495,348.77,38290.1
1415180,-70.5003,21.8842,348.07,37723.5
1842732,-69.1964,39.6628,344.81,35066.1
3166271,-70.5375,24.0708,336.86,29963.7
10690474,-69.2208,39.7444,336.79,20403.2
1910692,-69.1853,39.6606,334.98,34711.8
5003616,-69.3558,39.7939,321.67,26051.0
1498744,-70.1847,9.1767,317.32,37137.9
8329520,-69.2267,39.7783,315.36,22140.4
257749,-69.8878,15.8939,314.59,57795.0
2540219,-69.3489,39.7811,313.0,31979.6
3050743,-69.3675,39.8,312.15,30297.8
1442488,-69.4681,39.6861,298.75,37528.7
9019899,-69.2258,39.74,293.06,21577.8
5141160,-69.2317,39.7933,286.68,25830.0
7800822,-69.2311,39.7744,284.48,22618.6
6914350,-69.2358,39.7694,281.54,23516.3
6138389,-69.2292,39.7628,280.75,24430.5
7932906,-69.7244,37.7289,274.24,22494.4
2100228,-69.5056,39.7561,272.62,33789.2
9892429,-69.2353,39.7961,271.28,20936.4
3348752,-69.4756,39.7483,265.56,29464.1
8792907,-69.4883,39.7789,263.19,21757.2
261767,-69.6356,38.2672,263.11,57587.4
6279788,-69.2625,39.7689,260.25,24252.5
890926,-69.2058,39.7261,253.61,42661.2
1739460,-69.2022,39.7233,251.93,35637.4
6212451,-69.5069,39.7378,245.58,24336.4
6656640,-69.2558,39.7505,241.82,23807.1
1382132,-69.4242,39.805,240.89,37965.9
10967233,-70.7683,11.6208,238.58,20230.7
10493376,-69.2464,39.75,237.6,20530.8
863838,-70.2475,7.6717,230.85,43000.4
759429,-69.4519,39.6967,228.28,44443.0
8099792,-69.5161,39.7306,228.14,22343.7
868889,-69.2858,39.6967,227.99,42938.1
467526,-69.4811,39.6117,227.69,50178.5
785595,-69.4878,39.6483,227.55,44062.9
10338206,-69.4511,39.7022,223.91,20633.0
2716609,-70.7589,11.6725,222.1,31353.9
507268,-69.4733,39.5783,213.08,49179.4
11128418,-69.2008,39.6606,211.73,20132.9
7544495,-69.1983,39.6778,189.88,22865.2
1012631,-69.2089,39.6628,189.13,41255.2
1317116,-69.2514,39.7122,186.27,38467.7
662778,-69.65,39.395,185.7,46002.6
3267210,-70.7439,11.4783,184.88,29683.8
606079,-69.6281,37.6906,183.26,47051.5
1057615,-70.27,5.64,183.16,40787.7
4404294,-69.2019,39.705,181.3,27103.4
1147019,-69.4547,39.5583,169.49,39912.9
11307475,-69.3344,39.7739,165.99,20025.0
10829433,-69.2053,39.6822,165.97,20315.6
3057663,-70.1108,12.9617,165.37,30276.7
5618639,-70.7569,11.75,164.69,25119.7
11371812,-70.7508,11.54,163.79,19990.0
4424884,-69.4894,39.6061,160.24,27065.7
9300990,-70.7753,11.8617,157.48,21361.2
5210383,-69.4933,39.595,157.25,25721.2
6326382,-69.4992,39.6872,156.01,24197.3
7729106,-70.7378,11.4558,155.57,22686.1
9343017,-70.7675,11.8075,155.24,21328.4
1622033,-70.0536,10.84,147.57,36336.7
5940022,-70.7686,11.8308,145.66,24687.3
6334532,-69.4942,39.6333,145.17,24186.7
1850115,-69.4044,39.7978,144.57,35027.9
1487918,-69.6786,39.4756,141.91,37211.6
9297200,-70.7803,19.0008,134.4,21364.2
3182411,-69.4592,39.5489,133.96,29919.0
11634415,-70.7397,11.5083,126.62,19836.4
1332998,-70.74,11.66,125.63,38341.6
7476008,-69.4422,39.6389,124.49,22932.0
3213190,-70.1556,6.4525,124.09,29831.6
10156172,-70.7461,11.6008,123.78,20756.1
8304088,-69.4886,39.5767,119.8,22163.4
9929957,-70.3236,29.8767,119.73,20909.0
8820168,-70.8797,19.33,118.96,21733.8
8520466,-70.7581,11.7925,118.04,21978.6
11128417,-69.4906,39.5828,115.89,20132.9
6449083,-70.1217,17.245,115.33,24049.4
9630993,-69.7378,35.2872,113.18,21121.3
2563511,-69.6453,36.9467,113.09,31895.8
9980425,-69.4842,39.5972,108.97,20872.4
3540089,-69.6506,39.7139,108.76,28973.5
6389489,-70.7433,20.7908,105.05,24120.8
5571892,-70.1647,38.7625,104.12,25185.5
2566148,-69.2125,39.7367,101.8,31885.9
8960195,-70.7339,27.9625,100.48,21622.1
10709227,-69.66,39.405,98.92,20390.7
9659738,-70.4153,10.645,98.21,21100.1
1820807,-69.6392,39.2694,97.16,35185.8
1876385,-69.2794,39.5894,95.53,34889.4
9861450,-70.4108,29.3475,95.1,20954.7
6890738,-69.1369,35.17,94.23,23543.4
7387489,-69.2156,39.6844,94.05,23020.7
8635357,-69.4725,39.6372,93.84,21882.8
5955022,-69.2939,39.6944,92.23,24666.7
8266102,-69.4375,39.5444,88.33,22197.8
6279789,-69.2139,35.4211,85.16,24252.5
6585382,-69.1617,35.4228,83.45,23889.9
10932830,-70.0717,38.6142,82.36,20252.8
10298647,-69.1211,35.0467,82.27,20660.8
4895163,-69.7272,13.6478,82.12,26228.9
10351551,-69.9964,38.3533,79.28,20623.7
7285107,-69.7053,29.3111,77.77,23125.6
10338204,-69.9867,27.6489,77.42,20633.0
11241023,-70.2139,31.2858,74.35,20066.3
8304087,-69.7994,29.1144,73.65,22163.4
7082820,-69.5453,29.3433,71.54,23334.1
10724956,-70.3625,24.6467,68.76,20384.5
10020320,-69.82,28.4094,67.19,20848.0
10592487,-70.0711,11.695,66.11,20468.7
11751286,-69.9328,28.1533,65.99,19772.0
3599305,-69.1833,39.5394,65.23,28830.2
11558183,-70.0639,11.6492,65.09,19881.3
11645171,-69.8361,28.3783,64.97,19830.0
11762234,-69.7106,29.2472,64.78,19765.6
10578714,-69.2958,30.4906,64.56,20478.0
10072662,-70.0258,9.8675,64.35,20811.3
11178295,-69.775,28.7689,63.5,20101.2
9441720,-69.5,39.6555,63.42,21256.6
11356333,-69.2639,30.15,62.69,19999.5
9525748,-70.1325,7.325,61.05,21196.5
4331009,-69.2097,39.4272,58.25,27244.1
9175397,-69.2161,39.6489,54.91,21456.4
4872768,-69.1767,39.4394,54.15,26267.8
7031571,-69.0889,36.5644,53.62,23391.3
11371849,-69.1267,31.2428,52.64,19990.0
10829434,-69.1556,36.7989,52.16,20315.6
5366994,-69.1419,39.3844,50.96,25482.3
9449407,-69.5581,39.5606,50.84,21250.6
8546976,-69.1228,36.9961,49.52,21955.4
10629649,-69.6456,39.6733,47.98,20443.8
5987215,-69.5061,39.6472,47.58,24622.7
6065348,-69.1678,39.4356,47.2,24524.2
6144274,-69.0267,39.5178,46.81,24422.7
6154103,-69.5081,39.6611,46.76,24409.6
11266655,-69.1264,36.8022,46.32,20050.4
8595167,-69.4711,39.6228,45.92,21917.7
11138213,-70.2253,19.2075,45.44,20126.5
6672353,-69.0483,39.5733,44.41,23788.3
9320224,-69.3475,37.5567,43.47,21346.3
6921478,-69.0103,39.5911,43.37,23508.2
7160794,-69.7667,39.0967,42.43,23252.0
9853408,-69.3778,39.7844,41.78,20960.8
11502979,-68.8131,34.7645,40.74,19910.1
11487234,-70.0986,17.345,40.42,19919.7
9720757,-69.4439,39.5417,40.42,21054.8
10507077,-69.575,39.4872,40.29,20521.5
11033920,-69.0744,36.5711,39.94,20192.9
8239837,-69.23,39.6739,38.74,22217.9
10488721,-69.6067,36.6967,38.37,20533.9
8996130,-69.0194,39.5972,36.59,21592.6
9156928,-69.505,39.6278,36.18,21471.3
9418574,-69.0694,39.6117,35.52,21274.5
11547630,-69.0839,35.0339,34.81,19887.7
9913314,-69.0208,39.4328,34.35,20921.2
10217560,-69.2922,39.6261,33.67,20713.1
11297118,-69.5703,36.825,33.37,20031.3
11547631,-69.0436,39.5667,33.22,19887.7
10967277,-69.1039,35.8811,33.2,20230.7
10957326,-69.1808,39.4428,32.14,20237.0
