101,-54.4497,-36.5236,2925.46,193072.7
1271189,-54.4411,-36.555,2888.75,38833.6
11429416,-54.4331,-36.5867,2589.76,19954.9
10182433,-54.4233,-36.5542,2376.39,20737.7
13650,-54.4889,-36.3608,2309.53,101777.8
17840,-54.3675,-36.625,2309.37,97549.0
974,-54.7097,-36.1075,2305.45,145782.3
1140036,-54.4522,-36.49,2300.5,39979.9
6672371,-54.4164,-36.5444,2260.79,23788.3
56556,-54.4778,-36.4128,2232.19,79530.0
8533747,-54.7147,-36.1078,2223.47,21967.0
2226847,-54.4133,-36.5719,2210.39,33222.5
252303,-54.7336,-36.0653,2190.1,58078.7
9082,-54.6639,-36.1303,2171.92,108308.9
2015827,-54.3753,-36.6383,2157.42,34188.5
1260503,-54.4819,-36.3858,2105.3,38922.1
103806,-54.6536,-36.1211,2057.9,70450.3
243122,-54.6428,-36.1375,2046.81,58564.9
11113545,-54.7297,-36.0875,2025.05,20142.4
11784548,-54.7272,-36.0936,2024.53,19752.7
11791,-54.2947,-36.8017,2003.53,104100.6
266698,-54.3922,-36.5511,1959.3,57341.3
7416556,-54.4536,-36.4658,1880.84,22990.2
914720,-54.4869,-36.425,1879.62,42366.0
24682,-54.2697,-36.8694,1866.35,92426.0
59725,-54.3419,-36.6644,1866.3,78707.8
60671,-54.3392,-36.7119,1854.82,78472.7
73326,-54.7547,-36.045,1840.65,75641.7
18912,-54.5133,-36.245,1840.43,96624.4
4480501,-54.3428,-36.6758,1832.04,26959.6
258791,-54.7631,-36.0475,1829.32,57744.3
5046178,-54.4047,-36.5953,1824.86,25982.4
151404,-54.3267,-36.7003,1821.03,65052.6
68441,-54.5939,-36.1994,1820.21,76654.9
3899098,-54.4942,-36.4194,1810.46,28136.8
6014732,-54.4039,-36.6036,1808.9,24589.1
10558427,-54.3431,-36.6575,1806.63,20487.3
44593,-54.5006,-36.3044,1805.73,83191.6
42677,-54.6561,-36.2286,1793.08,83869.7
9027130,-54.4683,-36.4233,1789.32,21571.9
1086669,-54.3881,-36.6386,1782.21,40492.9
82338,-54.69,-36.0919,1780.36,73854.4
1357834,-54.3792,-36.5919,1778.51,38151.7
1873735,-54.75,-36.0333,1766.54,34904.0
1423586,-54.3917,-36.6675,1761.55,37662.6
8130612,-54.3642,-36.6428,1729.18,22315.2
1227894,-54.6014,-36.1875,1710.55,39197.8
7029147,-54.66,-36.2303,1708.8,23394.0
244911,-54.6239,-36.1783,1697.68,58469.0
1445738,-54.3081,-36.8144,1695.99,37505.0
229580,-54.2833,-36.9292,1693.11,59329.0
1384560,-54.3258,-36.7144,1686.31,37949.1
5834137,-54.2681,-36.8842,1685.63,24826.3
2000983,-54.2853,-36.8008,1678.34,34259.2
1201245,-54.2803,-36.9469,1677.26,39426.3
1492895,-54.2772,-36.9042,1664.35,37179.1
4170057,-54.3403,-36.645,1661.43,27564.9
263908,-54.65,-36.0692,1657.21,57481.1
355417,-54.3294,-36.6736,1657.07,53596.8
1365893,-54.3894,-36.6811,1641.91,38089.9
692479,-54.51,-36.42,1635.13,45497.1
4177619,-54.5044,-36.2444,1632.77,27548.7
1417628,-54.4708,-36.4808,1631.15,37704.9
58879,-54.6417,-36.2644,1630.63,78922.0
138056,-54.2803,-36.8383,1630.56,66371.2
159819,-54.7067,-36.1625,1623.41,64298.0
149436,-54.7708,-36.0019,1622.5,65240.4
347444,-54.7453,-36.0919,1618.05,53890.8
5000785,-54.6089,-36.1778,1604.49,26055.9
2438378,-54.6289,-36.1753,1594.55,32365.8
4202263,-54.655,-36.2208,1588.91,27500.1
6974732,-54.2839,-36.7967,1582.33,23451.2
16005,-54.6317,-36.3475,1566.33,99257.7
1882976,-54.6356,-36.1258,1566.1,34856.5
697087,-54.7033,-36.0733,1558.13,45418.6
1511057,-54.7461,-36.0508,1557.95,37055.5
2501459,-54.4986,-36.2969,1552.45,32124.7
216505,-54.5006,-36.2744,1525.78,60123.7
210594,-54.6736,-36.1661,1522.19,60499.8
3053523,-54.6356,-36.1628,1515.65,30289.4
4655452,-54.6456,-36.0603,1501.42,26643.4
4974570,-54.3775,-36.585,1499.0,26097.4
4889425,-54.7075,-36.1719,1488.93,26238.6
574638,-54.2894,-36.9736,1487.25,47682.4
9971873,-54.2975,-36.7811,1478.47,20878.5
7252839,-54.5186,-36.2578,1478.11,23155.9
10967314,-54.4278,-36.6494,1477.82,20230.7
548306,-54.4003,-36.4928,1475.58,48239.0
1032134,-54.3033,-36.7683,1470.56,41052.4
1143929,-54.7131,-36.1486,1459.68,39943.2
3685429,-54.3806,-36.7008,1458.42,28623.9
709975,-54.6428,-36.1986,1451.24,45209.1
3775589,-54.6269,-36.3567,1445.38,28413.9
11828706,-54.4558,-36.6008,1443.69,19726.9
3812681,-54.2969,-36.9753,1440.56,28328.6
284440,-54.6281,-36.2708,1436.37,56497.3
1060823,-54.4581,-36.3886,1434.18,40754.8
8497684,-54.3264,-36.6833,1434.08,21998.9
1477801,-54.7633,-36.0167,1431.46,37281.8
2751532,-54.7219,-36.1403,1430.72,31235.8
667480,-54.3142,-36.7633,1424.75,45922.2
3850794,-54.3072,-36.8269,1424.29,28243.0
3684547,-54.6747,-36.1544,1418.56,28626.2
3623240,-54.4572,-36.6075,1416.09,28770.5
7282553,-54.6456,-36.1908,1413.85,23128.4
1086974,-54.66,-36.025,1411.94,40489.8
936437,-54.7256,-36.0328,1411.8,42108.1
994382,-54.4969,-36.4478,1409.94,41453.9
10373967,-54.5267,-36.2628,1406.45,20608.3
1772453,-54.6331,-36.2786,1393.53,35449.2
1777413,-54.6772,-36.0828,1384.21,35420.4
2408860,-54.3481,-36.5958,1381.61,32481.7
6826836,-54.3503,-36.6053,1365.96,23613.6
2362013,-54.3008,-36.87,1364.6,32667.5
2764609,-54.3225,-36.7292,1364.6,31193.0
797004,-54.6206,-36.2853,1362.41,43897.8
6457825,-54.345,-36.6,1361.98,24038.8
9391646,-54.2689,-36.9133,1359.3,21295.5
1639077,-54.6328,-36.0536,1350.91,36231.4
142125,-54.5686,-36.2325,1341.21,65962.0
2879452,-54.3108,-36.7686,1340.71,30821.1
7191893,-54.6361,-36.0542,1331.6,23221.8
4355749,-54.6006,-36.1692,1330.14,27197.2
2322529,-54.6272,-36.0625,1326.59,32825.1
3285754,-54.6169,-36.2067,1320.79,29632.3
496207,-54.2703,-36.7919,1312.53,49443.0
5118551,-54.7647,-36.0569,1308.6,25864.5
55645,-54.2181,-37.0119,1306.13,79761.2
3819482,-54.2161,-37.0069,1303.55,28312.9
73034,-54.7514,-36.1853,1302.7,75703.2
8543688,-54.5889,-36.2253,1301.5,21958.3
164501,-54.7411,-36.2036,1301.41,63887.5
6226434,-54.6172,-36.2953,1296.87,24318.1
9816174,-54.7589,-36.0117,1287.15,20988.1
8275654,-54.6136,-36.2119,1282.07,22189.2
10294132,-54.2194,-37.0192,1271.93,20663.8
10046357,-54.6392,-36.245,1270.88,20829.7
2046434,-54.3161,-36.7428,1266.75,34040.9
9441760,-54.3964,-36.5058,1263.67,21256.6
328962,-54.4781,-36.2936,1263.46,54596.7
115972,-54.1778,-37.08,1260.03,68843.1
661774,-54.2817,-37.0017,1255.35,46019.2
2873089,-54.3386,-36.7483,1241.19,30841.7
11575167,-54.22,-37.0236,1236.16,19871.7
2573980,-54.3078,-36.98,1233.51,31855.9
1982667,-54.7358,-36.1925,1233.44,34350.2
10725036,-54.3392,-36.7533,1228.69,20384.5
566088,-54.1953,-36.9433,1226.69,47862.4
1539659,-54.3228,-36.8867,1226.26,36865.9
625683,-54.1878,-36.9233,1222.94,46674.9
260626,-54.3178,-37.0008,1221.88,57647.1
4016202,-54.2114,-37.0033,1218.88,27882.0
489817,-54.1686,-37.0842,1218.63,49598.7
21063,-54.8381,-36.1183,1204.38,94936.2
3575674,-54.5786,-36.2092,1203.82,28887.6
560486,-54.5133,-36.3758,1200.45,47980.7
1845663,-54.8361,-36.125,1198.27,35049.7
8837685,-54.1956,-36.9558,1197.48,21719.1
2619765,-54.5339,-36.2728,1195.34,31691.4
8310455,-54.6392,-36.3294,1193.04,22157.6
917895,-54.2036,-36.9878,1191.56,42328.4
4400730,-54.5956,-36.1617,1190.9,27110.4
7374547,-54.3136,-36.885,1185.09,23034.5
2469327,-54.1947,-36.9303,1184.14,32247.5
513152,-54.1858,-37.0794,1176.56,49036.7
107392,-54.8514,-36.0683,1175.18,69963.9
1025289,-54.2017,-36.9094,1174.58,41122.1
9506230,-54.3408,-36.7592,1173.77,21211.6
536616,-54.7778,-35.9919,1170.75,48495.8
103158,-54.2481,-37.11,1168.78,70539.8
7639445,-54.2019,-36.9769,1163.19,22773.0
5135288,-54.2794,-37.0069,1162.71,25839.8
575069,-54.7542,-36.1,1157.64,47673.0
729793,-54.7261,-36.1708,1153.64,44892.3
8963876,-54.2844,-36.9892,1142.91,21619.1
7678220,-54.5006,-36.4569,1137.36,22733.8
239917,-54.2178,-36.8908,1137.22,58744.1
2201682,-54.2053,-36.8986,1136.8,33331.7
9059508,-54.2,-36.9203,1132.32,21545.3
11403064,-54.5133,-36.325,1125.33,19970.8
6169784,-54.4847,-36.2894,1123.88,24388.7
376445,-54.1817,-37.03,1123.16,52871.6
11317833,-54.3253,-36.8925,1123.16,20018.6
4339481,-54.3431,-36.7742,1122.34,27230.0
1250682,-54.2192,-37.0536,1118.49,39003.9
91799,-54.1975,-37.2869,1117.64,72238.2
1098800,-54.7314,-36.0078,1116.1,40374.8
3267937,-54.4806,-36.5319,1105.08,29681.7
7153256,-54.6697,-36.2411,1103.28,23260.2
14166,-54.1164,-37.3608,1100.37,101232.3
11696367,-54.1975,-36.9708,1099.32,19804.2
1315219,-54.5211,-36.3328,1095.91,38480.9
43915,-54.82,-36.1419,1091.17,83437.1
2561260,-54.1867,-37.0375,1088.12,31901.8
1239687,-54.3811,-36.505,1087.65,39096.9
3834255,-54.4956,-36.2383,1085.77,28281.3
1146004,-54.4514,-36.6492,1084.8,39922.5
474370,-54.3711,-36.79,1076.17,49999.1
2362438,-54.6136,-36.3394,1075.04,32665.6
5026736,-54.3653,-36.5725,1074.62,26011.8
118066,-54.3356,-37.0094,1074.48,68586.2
2905602,-54.7167,-36.0342,1072.19,30738.3
6817845,-54.2183,-37.0444,1068.06,23624.4
1134011,-54.2069,-37.2944,1066.54,40037.2
1995990,-54.5342,-36.285,1065.3,34285.2
4906777,-54.3856,-36.5028,1063.94,26211.9
1021010,-54.1953,-37.2694,1061.61,41167.0
173600,-54.7158,-36.2542,1061.14,63145.2
2056847,-54.7614,-36.1803,1060.31,33992.2
950747,-54.1836,-36.9794,1056.07,41944.3
266226,-54.1856,-37.1461,1052.64,57364.6
7179292,-54.4547,-36.6608,1050.27,23235.6
9934261,-54.6236,-36.3186,1048.8,20906.0
913129,-54.3617,-36.5625,1047.18,42385.6
2852658,-54.2447,-37.1192,1043.62,30907.8
29705,-54.1403,-37.6267,1041.13,89449.1
2199159,-54.2011,-36.89,1041.07,33343.1
9589223,-54.72,-36.2528,1037.67,21148.4
2298085,-54.7767,-35.9783,1036.82,32924.0
2340151,-54.3344,-37.0019,1035.59,32753.2
4954796,-54.76,-35.985,1031.55,26131.6
1275671,-54.4342,-36.7011,1029.75,38797.5
11225828,-54.3883,-36.5036,1029.44,20075.8
2977110,-54.265,-36.8286,1024.58,30519.9
877471,-54.5653,-36.2558,1024.04,42829.7
1273726,-54.3589,-36.5553,1023.37,38813.9
1509884,-54.2489,-37.1294,1023.19,37064.1
2787427,-54.7197,-36.2092,1019.31,31117.3
5339482,-54.4433,-36.3983,1016.9,25524.8
885024,-54.1683,-37.1075,1011.14,42734.4
1743422,-54.1242,-37.3511,1010.86,35614.2
2138688,-54.7561,-36.1658,1004.91,33613.4
7544522,-54.5217,-36.3411,1003.13,22865.2
6812,-59.4375,-27.1786,1001.06,112941.6
6811,-59.4375,-27.1786,1001.06,112941.6
5334622,-54.1297,-37.3503,998.18,25532.2
1551585,-54.1872,-37.0525,997.23,36786.3
869564,-54.1753,-37.1786,995.31,42929.2
4048722,-54.1847,-37.0558,991.38,27813.4
4143669,-54.3933,-36.4875,990.38,27618.0
5565281,-54.2436,-37.1017,990.29,25195.7
545135,-54.7317,-36.2503,989.12,48308.9
184721,-54.7444,-36.2661,988.76,62296.0
1077988,-54.7422,-36.2228,987.94,40579.4
961101,-54.7592,-36.1053,987.59,41825.7
1034733,-54.7692,-36.1542,986.75,41024.4
5342595,-54.7144,-36.2619,983.55,25519.8
8658929,-54.7475,-36.2561,982.27,21862.4
1953591,-54.2358,-37.0303,980.55,34492.7
6600859,-54.3342,-37.0183,979.91,23871.2
2935032,-54.1914,-37.15,979.1,30649.0
508139,-54.1331,-37.5958,978.41,49157.4
481364,-54.1847,-36.8561,978.19,49817.8
8799683,-54.7081,-36.2561,978.06,21751.4
3426929,-54.2256,-36.8792,977.11,29260.1
376270,-54.2708,-37.0311,977.07,52877.6
51334,-54.0892,-37.57,974.63,81022.8
5240085,-54.3228,-36.8492,973.57,25676.6
332623,-54.485,-36.5778,969.38,54453.0
252193,-54.1969,-37.3253,968.59,58085.3
865401,-54.3369,-36.5669,965.67,42981.1
4093802,-54.2531,-37.1044,964.8,27721.6
3521266,-54.6656,-35.9858,962.37,29021.8
1546535,-54.7747,-36.0717,962.23,36819.2
6591965,-54.4739,-36.5608,960.87,23881.9
675080,-54.4467,-36.7461,959.2,45790.2
4025195,-54.4669,-36.5861,958.95,27866.0
6847860,-54.2406,-37.0975,954.57,23589.3
7300608,-54.145,-37.64,953.15,23109.1
8494301,-54.2244,-36.885,948.02,22001.8
223316,-54.3883,-36.4653,946.6,59699.4
9684230,-54.1889,-37.0161,946.23,21082.0
3186046,-54.1892,-37.1833,943.71,29908.3
4983185,-54.6178,-36.3808,942.92,26082.8
546035,-54.2828,-36.7628,942.25,48287.8
1165465,-54.2044,-37.3292,939.1,39745.0
5132308,-54.3603,-36.545,937.54,25844.7
2527691,-54.765,-36.1717,935.39,32025.4
155974,-54.2233,-36.8325,935.34,64636.0
1385233,-54.305,-37.0317,929.97,37944.1
1599207,-54.1806,-36.8586,927.33,36480.2
1846702,-54.19,-36.8619,926.61,35044.3
2479715,-54.4761,-36.2586,925.25,32205.9
4968877,-54.3678,-36.8086,924.84,26107.2
311236,-54.1981,-37.3511,924.13,55316.7
525997,-54.1731,-36.9317,923.38,48739.6
7823909,-54.5569,-36.2567,923.11,22596.1
116978,-54.0969,-37.6061,923.08,68723.6
6986788,-54.1919,-37.0903,922.6,23437.6
1847400,-54.5878,-36.2633,921.95,35040.7
649935,-54.3658,-36.8317,921.53,46230.6
8190267,-54.4161,-36.4683,921.07,22263.8
6257232,-54.5919,-36.1458,919.71,24281.4
183847,-54.1303,-37.3167,917.87,62360.4
9684231,-54.1369,-37.6086,916.49,21082.0
2516850,-54.4442,-36.7367,915.11,32067.2
1182628,-54.1819,-37.205,911.48,39590.8
8483925,-54.5917,-36.2508,910.38,22010.5
517923,-54.1733,-36.8558,909.7,48924.8
2869048,-54.1228,-37.3261,909.45,30852.1
4789777,-54.1983,-37.305,908.65,26408.1
5927613,-54.8494,-36.095,905.67,24700.2
7486695,-54.3378,-36.9975,903.99,22920.8
10182435,-54.1717,-36.8511,901.47,20737.7
1026712,-54.1775,-37.2428,901.44,41106.6
968767,-54.0906,-37.5353,899.81,41740.3
4575730,-54.22,-36.8617,899.23,26786.5
9510137,-54.7694,-36.1458,897.02,21208.6
9804049,-54.4831,-36.2628,896.89,20997.2
1348702,-54.1839,-37.2278,896.49,38220.1
101949,-54.1097,-37.29,895.41,70708.5
220269,-54.7958,-36.1625,894.69,59891.2
3185270,-54.6136,-36.0444,888.32,29910.5
1379557,-54.1814,-37.2567,887.62,37986.0
134123,-54.5122,-36.1661,887.3,66781.8
2115096,-54.4414,-36.7267,886.4,33721.2
2145968,-54.3297,-37.0361,886.23,33579.2
6972391,-54.8333,-36.0958,885.71,23453.9
538725,-54.4489,-36.3453,885.71,48448.5
11387526,-54.1819,-36.9869,883.84,19980.4
7271682,-59.4433,-27.17,880.94,23139.4
7271683,-59.4433,-27.17,880.94,23139.4
5062124,-54.7528,-36.2567,879.56,25955.4
5503312,-59.4344,-27.1908,879.16,25284.0
5503311,-59.4344,-27.1908,879.16,25284.0
275913,-54.5883,-36.3608,878.49,56897.3
657107,-54.6631,-35.9603,872.63,46102.2
4589696,-54.4614,-36.6661,871.82,26760.4
1935346,-54.3011,-36.7436,871.1,34586.8
4026220,-54.7956,-36.155,870.98,27863.7
575273,-54.6583,-36.2878,870.89,47669.0
3205959,-54.4803,-36.5658,869.82,29852.9
5736386,-54.1803,-37.1992,868.0,24956.8
5449417,-54.3075,-37.0383,867.72,25362.0
8785963,-54.6508,-36.285,866.9,21763.1
4033314,-54.5864,-36.3708,866.03,27847.7
1941158,-54.3933,-36.4486,863.62,34555.5
2776529,-54.2953,-36.7269,862.67,31154.1
5287031,-54.1883,-37.12,859.03,25604.5
174125,-54.0992,-37.4158,855.94,63105.9
6082704,-54.6636,-35.9667,855.19,24500.8
5201230,-54.3328,-37.0428,854.65,25736.1
234833,-54.4931,-36.1817,854.21,59027.6
8942414,-54.2958,-36.7344,851.03,21636.8
6431393,-54.655,-35.9969,849.52,24067.9
6304414,-54.1053,-37.2928,846.01,24221.0
887203,-54.25,-37.1567,845.42,42707.5
1159296,-54.2117,-37.3211,845.27,39802.6
1298994,-59.4517,-27.1644,844.73,38608.2
1298995,-59.4517,-27.1644,844.73,38608.2
3121662,-54.3628,-36.5283,840.17,30091.0
246812,-54.2397,-37.1819,838.36,58366.5
1559698,-54.2053,-37.2508,837.93,36734.3
5246215,-54.2572,-37.095,834.92,25666.6
2069806,-54.1633,-36.9383,834.5,33930.3
4440247,-54.3281,-36.9511,834.48,27035.1
1706803,-54.1417,-37.6542,834.34,35824.6
526824,-54.1094,-37.4067,834.22,48720.0
4084842,-54.1722,-37.2369,833.75,27737.7
903820,-54.5819,-36.395,832.95,42499.6
5720513,-54.5283,-36.2067,830.8,24979.8
234562,-54.4967,-36.5992,829.23,59043.7
592194,-54.4611,-36.2533,826.13,47324.3
81859,-54.5653,-36.465,825.99,73945.7
149339,-54.1647,-37.645,823.87,65247.2
279301,-54.6978,-36.2967,823.52,56737.0
1432690,-54.7953,-36.1375,823.33,37600.0
220742,-54.7017,-36.3103,823.24,59863.5
2444745,-54.1667,-36.8375,823.11,32340.2
652647,-54.7475,-35.9661,821.94,46180.9
232671,-54.1211,-36.9386,818.46,59154.8
8949553,-54.6117,-36.385,816.84,21630.9
5025340,-54.4686,-36.6144,816.41,26014.3
3829928,-54.7764,-35.9569,815.95,28288.1
3698969,-54.4192,-36.4508,815.95,28590.5
805427,-54.3175,-36.6411,815.82,43780.1
502341,-54.8028,-36.0875,814.43,49297.2
519058,-54.2794,-36.7169,814.1,48898.8
2479235,-54.7867,-36.1725,813.82,32207.9
6545234,-54.7369,-36.1528,812.48,23935.2
4168967,-54.1161,-36.9344,812.12,27567.2
2019462,-54.4786,-36.62,810.12,34169.8
4423678,-54.7478,-35.9603,809.51,27068.1
7892081,-54.3067,-36.6669,808.26,22534.0
1035881,-54.7522,-35.9467,806.65,41012.0
9804051,-54.1728,-37.0303,806.52,20997.2
2002421,-54.5881,-36.3794,803.48,34251.8
26339,-54.3161,-36.2833,802.89,91373.6
389287,-54.1406,-36.9333,801.86,52448.1
2745661,-54.5106,-36.1533,800.7,31256.2
8172269,-54.5133,-36.1503,800.11,22280.9
94378,-54.8031,-35.9819,799.98,71818.9
1553901,-54.7878,-35.9778,796.81,36770.7
204975,-54.4342,-36.2783,796.3,60871.4
584194,-54.1044,-37.3561,795.22,47486.9
203026,-54.4219,-36.2542,794.66,61004.2
1565399,-54.1658,-36.8669,794.65,36697.9
5865219,-54.1678,-36.9367,793.93,24782.6
7781075,-54.5861,-36.275,793.14,22638.4
645507,-54.3325,-36.2986,792.49,46310.4
11178354,-54.8019,-35.985,791.5,20101.2
18880,-54.0114,-37.9128,789.87,96644.9
2147598,-54.1217,-37.5867,789.73,33571.7
1138660,-54.0889,-37.5183,788.94,39992.7
4696019,-54.1736,-36.9994,787.88,26571.6
4304578,-54.3197,-36.2875,787.63,27297.8
1025414,-54.1586,-36.8417,786.88,41120.6
656592,-54.3453,-36.5325,786.35,46111.9
5641067,-54.4706,-36.2586,786.01,25086.7
9913371,-54.5903,-36.3533,783.29,20921.2
2310007,-54.3472,-36.5536,782.88,32875.5
1878816,-54.2836,-36.7169,781.79,34876.6
1272539,-54.5681,-36.4583,781.68,38822.1
8362671,-54.335,-36.3044,781.61,22114.5
706556,-54.7778,-36.1936,780.38,45264.0
523848,-54.7706,-36.2128,775.94,48789.2
2306458,-54.1625,-37.1133,770.49,32891.0
984741,-54.6364,-36.0125,769.8,41559.8
389228,-54.1569,-37.62,767.61,52450.6
7717888,-54.4906,-36.2292,767.43,22697.4
9430232,-54.7742,-36.2133,767.28,21265.6
1331363,-54.7572,-35.9244,764.96,38354.9
6300247,-54.2761,-37.0478,763.69,24226.2
2181673,-54.3458,-36.99,762.96,33421.4
5718677,-54.5642,-36.2794,761.3,24982.3
8782460,-54.4731,-36.615,760.31,21766.0
3754745,-54.1153,-37.29,760.0,28461.0
461488,-54.525,-36.1242,758.85,50342.0
47919,-54.1211,-36.745,757.36,82085.3
11038931,-54.1042,-37.6,757.16,20189.7
588596,-54.2217,-37.2686,757.03,47398.2
6418698,-54.4356,-36.2725,756.84,24083.8
221172,-54.615,-35.9778,753.72,59838.0
3583524,-54.1569,-36.8342,751.92,28867.7
6420785,-54.1642,-36.9969,751.31,24081.1
8124576,-54.7861,-35.9861,750.4,22320.9
11795480,-54.6058,-36.3569,749.74,19746.2
744338,-54.6044,-36.0694,748.07,44669.0
1636534,-54.0878,-37.41,747.37,36245.4
1385873,-54.8042,-36.1078,746.96,37939.0
1474211,-54.0997,-37.2894,746.96,37305.7
1224958,-54.2978,-36.6569,745.26,39222.1
17961,-59.4322,-27.3617,745.14,97441.2
17960,-59.4322,-27.3617,745.14,97441.2
2879451,-54.4319,-36.2669,743.63,30821.1
2642412,-54.0103,-37.9069,743.28,31610.9
9009140,-54.1447,-37.6642,742.16,21586.7
555233,-54.7947,-35.9308,741.09,48093.5
207927,-54.575,-36.4403,741.07,60679.6
1888364,-54.0936,-37.4117,740.22,34827.3
1365678,-54.1036,-37.6303,740.13,38091.5
50194,-54.0225,-37.7469,738.89,81370.4
4071261,-54.5067,-36.1361,738.59,27767.5
1252016,-54.1156,-37.2767,734.67,38992.4
8658931,-54.1294,-37.6344,734.62,21862.4
1435636,-54.4475,-36.2869,734.29,37577.9
941049,-54.1042,-37.5286,733.17,42055.1
493483,-54.1942,-36.8411,733.07,49507.4
1222610,-54.1222,-37.4328,732.95,39243.3
2655383,-54.4836,-36.2233,731.84,31566.6
314270,-54.7636,-35.9086,731.79,55192.1
170461,-54.0972,-36.8961,731.28,63390.9
81910,-54.8314,-36.0367,731.14,73936.3
5235462,-54.1189,-37.2883,729.46,25684.0
1960404,-54.5594,-36.3203,728.4,34459.5
8550398,-54.5683,-36.4733,725.99,21952.5
4471980,-54.51,-36.2042,725.87,26976.1
11740300,-54.7928,-35.9608,723.64,19778.5
3441147,-54.1936,-36.8242,722.54,29225.3
8694852,-54.7989,-36.1233,721.9,21836.1
5233925,-54.6147,-36.0967,721.6,25686.5
2398660,-54.4686,-36.6861,717.87,32520.9
902018,-54.8006,-36.0003,717.26,42522.1
2862271,-54.7039,-36.2867,716.97,30874.8
5796758,-54.7289,-35.9869,716.24,24875.0
468634,-54.1331,-36.7567,715.1,50149.2
2750347,-54.4381,-36.2833,714.9,31239.9
5859742,-54.4292,-36.7428,714.84,24790.3
674082,-54.4683,-36.7011,712.23,45805.5
1684611,-54.1464,-36.845,710.98,35956.0
10204427,-54.4964,-36.1894,710.65,20722.3
6485551,-54.8014,-35.9975,709.1,24004.3
804461,-54.0961,-37.4361,707.25,43794.6
4630779,-54.5181,-36.1461,707.02,26686.5
1611296,-54.5747,-36.4503,705.97,36403.3
2856918,-54.2164,-37.2736,702.76,30893.3
447282,-54.0242,-37.7783,700.38,50721.5
512196,-54.1925,-37.3883,700.0,49060.1
52110,-54.2506,-37.3119,698.28,80800.0
1033914,-54.1581,-37.5986,696.17,41033.7
1051545,-54.1392,-37.0753,694.37,40851.7
595090,-54.2589,-37.3336,693.76,47267.7
926149,-54.3439,-36.5183,693.41,42230.5
145571,-54.2597,-37.3819,693.05,65614.3
8725303,-54.1619,-36.84,692.52,21809.9
151154,-54.0969,-37.1933,692.51,65075.1
99505,-54.1892,-36.76,691.58,71067.1
533166,-54.08,-37.4833,691.55,48572.0
3518767,-54.0228,-37.7736,688.17,29028.4
3015962,-54.7908,-35.95,687.88,30402.7
1328717,-54.1503,-37.0853,686.7,38374.8
5505025,-54.155,-36.9219,685.71,25281.5
585792,-54.0825,-37.4517,683.66,47454.7
7603520,-54.0997,-37.6236,683.14,22809.4
6009056,-54.5647,-36.3075,682.64,24596.8
3945381,-54.8617,-36.0925,679.35,28034.7
303109,-54.1608,-37.5678,676.1,55661.1
351034,-54.5875,-35.9686,675.61,53758.3
99823,-54.0267,-37.8608,674.92,71022.3
363043,-54.5836,-36.4183,673.69,53328.7
3035492,-54.6533,-35.9728,673.61,30341.9
1102063,-54.3825,-36.4383,672.27,40341.6
1300204,-54.4186,-36.29,672.12,38598.3
7809615,-54.4208,-36.24,671.02,22610.2
308750,-54.3103,-36.5675,669.97,55421.4
5412820,-54.1317,-36.7417,668.96,25414.7
1679737,-54.3228,-36.32,668.26,35984.3
2012864,-54.0981,-37.2753,665.0,34201.5
5660962,-54.15,-36.8461,664.73,25061.3
1310685,-54.6206,-35.9883,664.08,38517.3
982395,-54.1208,-36.7061,663.45,41584.3
5715167,-54.14,-37.6678,663.4,24987.4
10373968,-54.3489,-36.5408,662.88,20608.3
223212,-54.1322,-37.2433,662.0,59705.8
6715107,-54.0753,-37.5378,661.7,23737.4
8866291,-54.1644,-37.6633,660.71,21695.6
5207390,-54.2556,-37.3158,660.41,25726.1
659709,-54.5953,-35.9633,660.22,46056.6
11850803,-54.3814,-36.4353,658.16,19714.0
54431,-54.3878,-36.3258,656.66,80134.9
11634524,-54.6117,-35.9753,656.54,19836.4
9880019,-54.2581,-37.3175,656.28,20945.6
168218,-54.4917,-36.0692,655.71,63577.6
11256495,-54.1519,-36.9203,655.39,20056.8
3780257,-54.0961,-37.3567,654.73,28402.7
11828707,-54.0208,-37.7383,653.61,19726.9
5313498,-54.1094,-36.9203,652.3,25562.2
421270,-54.3653,-36.4408,652.04,51464.7
1372857,-54.2908,-36.6444,648.97,38036.3
179916,-54.4892,-36.1017,648.33,62649.9
1525766,-54.1258,-36.7233,646.85,36957.4
8319918,-54.7942,-36.1144,646.3,22149.0
663438,-54.1222,-37.2083,645.92,45990.1
899246,-54.2944,-36.5636,644.94,42555.1
3941405,-54.7956,-35.9419,644.83,28043.8
834776,-54.775,-36.2242,644.43,43382.4
4292702,-54.1289,-37.4433,643.58,27318.8
5054882,-54.1625,-37.0375,643.45,25967.7
10466144,-54.1136,-36.9186,643.01,20549.4
107402,-54.8411,-35.9942,642.86,69963.0
2304149,-54.25,-36.7644,642.08,32900.7
2845571,-54.0919,-37.3575,642.05,30928.4
367272,-54.5794,-36.0667,641.84,53184.0
8136789,-54.0922,-36.9019,641.17,22309.5
7343034,-54.0697,-37.5425,640.53,23067.7
8375361,-54.2489,-37.3078,638.81,22102.9
897416,-54.4428,-36.7794,638.57,42579.0
380275,-54.7858,-36.2358,636.43,52744.9
3982836,-54.8419,-35.9858,636.38,27952.8
200082,-54.7486,-35.8886,636.3,61194.0
5997748,-54.8436,-36.0403,633.86,24612.4
419562,-54.8497,-36.0153,633.39,51514.2
2240836,-54.1853,-37.3692,629.35,33163.0
6018551,-54.385,-36.3303,628.77,24583.9
3871344,-54.4278,-36.7708,628.18,28197.9
619418,-54.81,-36.0542,627.8,46794.9
143807,-54.2011,-36.7167,626.18,65788.9
5383788,-54.2483,-36.7783,625.74,25459.8
2122985,-54.3597,-36.4425,624.83,33683.4
44605,-54.1936,-36.62,624.6,83187.8
1391140,-54.5256,-36.4544,624.51,37900.4
871328,-54.5803,-36.4283,623.34,42906.9
2030306,-54.3108,-36.6261,622.5,34117.6
8694853,-54.5028,-36.1725,620.29,21836.1
1482525,-54.145,-36.7617,618.72,37247.6
86805,-54.2825,-36.3192,618.57,73074.7
793696,-54.7689,-36.2578,618.42,43945.7
5477574,-54.0811,-37.4133,618.05,25319.3
229920,-54.4878,-36.1461,617.3,59310.7
7664194,-54.2075,-37.3575,617.1,22747.8
1511817,-54.5292,-36.0983,617.05,37050.3
1110725,-54.2558,-37.3444,616.94,40259.4
235001,-54.2767,-36.3542,616.65,59018.9
995723,-54.8169,-36.0828,616.1,41438.5
1020707,-54.1431,-37.6886,614.96,41170.1
780175,-54.2117,-36.7153,614.52,44138.1
5560047,-54.2506,-36.7833,611.99,25203.2
10029032,-54.4275,-36.7653,611.81,20841.9
1614829,-54.4733,-36.1842,611.57,36382.3
975781,-54.1772,-36.7561,611.25,41660.9
3385592,-54.0161,-37.8667,611.24,29366.6
8391434,-54.58,-36.0736,611.22,22088.5
646789,-54.2008,-36.6486,610.86,46288.4
282914,-54.0031,-37.7283,610.13,56568.3
3962847,-54.1956,-37.3811,610.11,27998.3
885362,-54.5958,-36.0517,609.82,42729.9
3935432,-54.3178,-36.6286,609.7,28057.4
55029,-54.0858,-37.0628,607.86,79947.1
256970,-54.2792,-36.5394,605.86,57835.8
2366625,-54.63,-35.9953,604.9,32648.0
2406065,-54.1572,-37.5853,604.6,32493.5
5120039,-54.6586,-35.9386,603.86,25862.0
7165676,-54.8131,-36.1658,602.53,23246.5
4539214,-54.4789,-36.1769,601.95,26853.1
9052168,-54.5794,-36.0783,601.84,21551.3
765191,-54.0831,-37.2686,601.51,44356.9
1516473,-54.0894,-37.2742,601.01,37019.4
2386868,-54.7644,-36.2569,600.64,32565.9
1123186,-54.2578,-37.3553,600.41,40139.0
4938753,-54.5925,-36.0544,600.36,26155.9
195259,-54.08,-37.1683,600.33,61534.5
9732919,-54.2831,-36.7292,599.23,21045.7
311471,-54.0419,-37.5117,599.07,55306.3
2027669,-54.0894,-37.3383,598.69,34130.6
6418699,-54.3714,-36.8486,598.41,24083.8
517057,-54.0956,-37.0753,598.11,48945.7
3099193,-54.1244,-36.6936,597.2,30156.5
1015552,-54.2706,-36.5344,596.64,41225.8
3442821,-54.5897,-36.4044,596.64,29220.9
3344165,-54.0761,-37.41,596.05,29477.1
3008424,-54.805,-35.9678,595.48,30423.7
6186530,-54.2997,-36.5617,595.32,24370.4
8356247,-54.455,-36.7594,594.12,22120.2
6216416,-54.1958,-36.7558,594.1,24331.2
1183162,-54.31,-36.5386,592.84,39585.9
1636533,-54.4806,-36.0869,592.52,36245.4
1160284,-54.1183,-36.7603,592.48,39793.0
646183,-53.9892,-37.7342,592.14,46299.4
3274839,-54.0847,-37.4769,590.58,29662.4
11492565,-54.0761,-37.165,589.61,19916.5
224558,-54.8628,-35.9894,589.56,59625.7
9581079,-54.7856,-36.1908,588.61,21154.4
6826837,-54.3011,-36.5675,588.11,23613.6
2731655,-54.6828,-35.9808,587.95,31303.1
218923,-54.1614,-36.7436,587.9,59976.2
3992531,-54.6733,-35.9494,586.85,27934.5
105253,-54.0944,-37.6894,586.57,70255.6
1706802,-54.2119,-36.75,586.24,35824.6
802485,-54.0858,-37.6569,585.45,43822.3
356741,-54.7011,-35.9986,585.43,53549.3
1984918,-54.0408,-37.5275,583.16,34339.1
1090583,-54.2861,-36.5458,583.1,40453.6
4382137,-54.1472,-37.685,582.69,27148.0
7930111,-54.3475,-36.5103,582.53,22497.2
6801682,-54.2622,-37.1236,581.66,23643.3
1288486,-54.8686,-36.0994,581.16,38692.3
182563,-54.1181,-36.8336,580.47,62451.3
10977134,-54.3411,-36.5125,580.23,20224.4
2675567,-54.2731,-36.5236,579.88,31495.8
183846,-54.8069,-36.2094,578.07,62360.4
6665666,-54.1294,-37.0858,577.35,23796.4
525398,-54.2619,-37.3983,575.84,48753.9
10767585,-54.2,-36.7561,575.09,20356.3
3628945,-54.1158,-36.7525,574.58,28759.4
2430021,-54.0125,-37.9433,573.98,32397.3
7160817,-54.0886,-37.6628,573.28,23252.0
1463403,-54.1981,-36.6094,572.32,37384.1
496443,-54.375,-36.4142,572.26,49436.5
820297,-54.6847,-35.9311,571.46,43577.3
1217119,-54.1314,-36.6783,570.64,39290.3
8124578,-54.1092,-37.5575,569.98,22320.9
5075158,-54.0714,-37.4069,569.26,25933.3
3735015,-54.2081,-36.7675,568.74,28505.7
11033975,-54.1225,-36.7,568.57,20192.9
314356,-54.0233,-37.7078,566.56,55188.7
1588911,-54.5011,-36.6244,565.38,36546.5
6627120,-54.535,-36.1461,562.08,23839.2
4566943,-54.5403,-36.1925,561.88,26803.2
3839987,-54.6078,-36.0325,561.74,28267.8
8921184,-54.7853,-36.2244,560.77,21654.5
5664496,-54.1844,-37.3286,560.71,25056.2
6200425,-54.0842,-37.6475,559.94,24352.1
11173375,-54.2192,-36.7261,559.62,20104.4
817820,-54.0825,-37.2086,559.11,43610.9
4440248,-54.2014,-36.6333,558.91,27035.1
2058355,-54.3522,-36.4286,558.83,33984.7
249288,-54.8514,-35.96,558.56,58236.5
11292021,-54.7972,-36.0167,558.13,20034.5
9430233,-54.3919,-36.3311,557.96,21265.6
3735942,-54.74,-35.8983,556.82,28503.5
42202,-56.3006,-27.5892,554.31,84042.7
42201,-56.3006,-27.5892,554.31,84042.7
7222284,-54.0989,-36.8869,551.65,23188.9
7295360,-54.6061,-35.9819,551.3,23114.6
631772,-54.2567,-37.1775,551.3,46562.9
7457401,-54.53,-36.1083,550.69,22951.4
6363466,-54.355,-36.4344,550.17,24149.8
3794285,-54.3433,-36.4317,549.72,28369.1
2329984,-54.1172,-36.8261,549.24,32796.0
7082843,-54.4806,-36.1403,548.91,23334.1
238579,-54.2319,-36.6275,548.82,58820.0
3799883,-54.6003,-36.03,547.65,28355.6
322545,-54.8769,-36.0608,547.08,54851.7
245747,-54.3642,-36.2903,546.37,58426.5
7092816,-54.3033,-36.5536,546.15,23323.1
10041976,-54.1308,-37.06,545.12,20832.7
2708793,-54.1197,-37.1844,544.16,31382.3
1301619,-54.2739,-36.6786,544.05,38586.7
3787720,-54.0878,-37.0433,543.94,28384.8
693143,-54.0869,-37.1703,543.25,45485.9
861236,-54.7736,-35.8683,542.79,43035.9
1089854,-54.2131,-36.7011,542.78,40461.5
8708336,-54.4972,-36.5708,542.32,21824.5
8430226,-54.8089,-35.9678,540.83,22053.9
971732,-54.2639,-37.3153,538.87,41706.7
456840,-54.5181,-36.5078,537.92,50464.6
212376,-54.3469,-36.9667,537.65,60389.1
7179291,-54.59,-35.9633,537.5,23235.6
2074335,-54.4653,-36.1667,536.75,33907.8
1677801,-54.0278,-37.8411,536.21,35996.7
5319901,-54.3033,-36.5769,535.96,25552.2
7163284,-54.6383,-35.9644,535.25,23249.3
1829241,-54.4128,-36.3128,535.19,35140.5
1872431,-54.4728,-36.1261,534.88,34911.3
8087591,-54.0858,-37.2025,534.71,22355.1
3590394,-54.6019,-36.0942,534.59,28850.1
584078,-54.0342,-37.7167,534.07,47489.6
4404300,-54.0361,-37.5342,533.12,27103.4
11661630,-54.4836,-36.0892,533.08,19820.3
5807392,-54.3592,-36.3003,532.15,24859.6
595414,-54.8514,-35.9703,531.54,47260.9
11371910,-54.1997,-36.6286,531.01,19990.0
1685753,-54.1047,-37.5036,527.94,35948.9
5040161,-54.2708,-36.3519,527.08,25992.2
5431373,-54.1139,-36.825,526.81,25389.6
4777892,-54.2653,-37.4,525.69,26429.8
3973845,-54.1036,-36.9444,524.56,27973.3
7500039,-54.1253,-37.055,522.99,22906.9
9490510,-54.2292,-37.285,522.73,21223.6
1006202,-54.2614,-36.5211,522.73,41326.1
5886616,-54.8058,-36.0686,521.34,24756.9
4132889,-54.2083,-36.6275,520.73,27641.1
538600,-54.2514,-36.5425,520.67,48451.1
11333378,-54.2547,-37.3761,520.03,20009.1
3335219,-54.375,-36.4283,519.47,29498.7
1906867,-54.2592,-37.1878,519.31,34732.0
4398375,-54.1681,-37.57,516.33,27115.1
1123812,-54.1336,-36.665,516.08,40132.6
4215478,-54.2017,-36.6642,515.47,27472.3
1080549,-54.4258,-36.2025,510.23,40554.3
3222015,-54.1653,-36.7519,508.6,29808.1
3001915,-54.095,-37.6733,507.74,30444.6
4638460,-54.8308,-36.05,507.59,26672.1
9577094,-54.0697,-37.5761,506.77,21157.4
786078,-54.8808,-36.1053,506.13,44055.7
6575760,-54.0239,-37.7961,505.01,23897.9
3199296,-54.0253,-37.6917,502.92,29872.1
5222626,-54.2556,-36.5244,500.22,25701.4
8218295,-54.6733,-35.94,499.82,22238.0
1362274,-54.1389,-36.7167,499.62,38116.6
1640520,-54.6011,-35.95,497.88,36222.6
2107440,-54.5775,-36.0242,497.06,33755.2
10382910,-54.2606,-37.3683,496.42,20602.1
1511575,-54.0256,-37.8886,496.06,37052.1
1440661,-54.1439,-37.1894,495.8,37542.3
1401035,-54.7825,-35.845,492.19,37826.3
3601923,-54.7683,-35.8903,492.1,28823.6
1975359,-54.7594,-35.8936,491.02,34385.4
4810008,-54.3481,-36.9592,490.04,26371.8
6974730,-54.3467,-36.8658,489.44,23451.2
703444,-54.3194,-37.0844,488.47,45314.7
2930780,-54.8397,-35.9719,487.56,30659.4
215137,-54.5728,-35.9403,487.38,60210.5
5581953,-53.9936,-37.7294,487.29,25170.4
1291031,-54.8736,-36.1094,486.92,38670.9
1865589,-54.7694,-35.85,485.49,34946.0
59931,-54.4908,-37.0642,485.48,78651.9
534756,-54.0725,-37.605,484.98,48537.8
7207100,-54.1192,-37.0819,483.64,23205.4
3012306,-54.0122,-37.7369,483.49,30411.1
1081432,-54.0753,-37.0411,483.02,40544.8
2624231,-54.7692,-35.8842,482.56,31675.4
61616,-54.0078,-38.2017,480.5,78247.5
4011017,-54.1661,-37.6742,480.07,27893.4
2185740,-54.1714,-37.5978,479.71,33402.3
188424,-54.0628,-37.1717,476.49,62022.3
2830592,-54.7103,-35.9767,476.08,30975.7
1166304,-54.3456,-36.2869,475.94,39736.9
1179709,-54.0275,-37.5708,474.27,39614.9
11317832,-54.5006,-36.0944,473.88,20018.6
2206455,-54.7631,-35.8558,473.57,33312.6
6531628,-54.1475,-37.1792,473.04,23951.2
7092817,-54.0308,-37.5692,471.46,23323.1
477183,-54.4136,-36.1817,471.12,49925.1
1548858,-54.2964,-36.3517,470.38,36805.3
263726,-54.1731,-36.5667,469.76,57490.0
1199790,-54.0278,-37.8253,469.29,39439.2
1063874,-54.04,-37.8469,469.27,40723.6
409156,-54.5633,-35.9175,468.75,51827.4
1035037,-54.5083,-36.0733,468.07,41021.3
91993,-54.0756,-36.9994,466.52,72204.6
6734273,-54.8481,-35.9783,465.99,23718.6
202681,-54.2744,-36.4819,465.49,61026.1
106517,-53.9967,-37.3911,465.32,70088.6
881828,-54.79,-35.8519,465.2,42774.6
1673473,-54.28,-36.3717,464.22,36021.5
1169736,-54.8647,-36.0228,464.0,39706.5
1479927,-54.4508,-36.8044,463.77,37266.4
493211,-54.0092,-38.2211,463.76,49513.8
388256,-54.3619,-36.24,463.66,52483.3
1999208,-54.4892,-37.0844,463.52,34268.5
5848725,-54.1453,-36.7078,463.11,24805.8
575476,-54.0378,-37.4911,462.87,47666.3
11382356,-54.2806,-36.6944,461.65,19983.6
5388501,-54.8797,-36.0961,460.39,25452.3
347384,-54.7864,-35.8925,459.27,53893.2
7729168,-54.4922,-37.0794,457.79,22686.1
8945983,-54.8539,-35.995,456.79,21633.9
1484539,-54.0628,-37.2175,456.06,37235.6
338296,-54.0317,-37.6469,453.06,54225.6
2886961,-54.0681,-37.2186,452.81,30796.2
3650712,-54.0803,-37.0394,450.97,28703.9
1501057,-54.1653,-36.7153,450.81,37124.2
467160,-54.2292,-36.6917,449.95,50188.6
6348816,-54.3217,-37.0686,447.35,24168.3
8430227,-54.5756,-36.0203,445.21,22053.9
11387525,-54.2672,-36.4811,443.59,19980.4
5981685,-54.4931,-37.0744,442.17,24630.5
10307607,-54.0272,-37.8153,437.4,20654.6
5288537,-54.2336,-37.2878,437.21,25602.0
2483827,-54.5172,-36.4967,433.72,32192.1
11563614,-54.0092,-37.7283,433.21,19878.1
6940523,-54.0764,-37.2142,431.81,23486.5
9799975,-54.8075,-35.9308,430.32,21000.3
2386426,-54.0294,-37.6617,429.02,32567.9
10848859,-54.2053,-36.7069,428.82,20303.0
11596772,-54.03,-37.6408,427.2,19858.9
8477399,-54.5783,-35.9594,426.83,22016.3
7818175,-54.0767,-37.1575,425.59,22601.7
2689420,-54.3553,-36.2686,424.45,31449.3
10996702,-54.3961,-36.8317,423.69,20211.8
7737619,-54.2628,-36.4819,423.38,22677.7
653579,-54.8756,-36.0219,420.26,46164.4
2287847,-54.1803,-36.7342,419.82,32968.4
437636,-54.0436,-37.8967,416.47,50985.8
1762066,-54.0517,-37.1708,416.34,35508.4
5652414,-54.0708,-36.9967,416.04,25074.0
8184252,-54.1275,-37.1008,415.3,22269.5
5975972,-54.265,-37.3353,414.19,24638.2
7594115,-54.0467,-37.8703,413.7,22815.0
2351993,-54.0903,-37.0269,410.48,32706.5
6334548,-54.03,-37.8958,408.58,24186.7
9293419,-54.5058,-36.0861,407.4,21367.2
4020530,-54.0761,-37.1492,407.08,27872.9
10690531,-54.1708,-36.565,406.95,20403.2
9888292,-54.2522,-37.3517,406.72,20939.5
1964370,-54.1167,-36.8519,406.65,34439.1
6808657,-54.0017,-37.3928,404.32,23635.2
3565963,-54.3269,-36.4978,404.16,28909.6
322499,-53.9956,-37.4108,403.53,54854.0
5198243,-54.0589,-37.1728,403.05,25741.0
4953418,-54.0492,-37.8661,402.19,26134.0
7690339,-54.2181,-36.6217,402.08,22725.4
108808,-54.0206,-37.9928,400.92,69775.2
3514319,-54.0011,-37.4158,400.31,29037.2
97255,-54.8156,-35.7911,399.99,71391.8
768354,-54.3775,-36.8758,399.98,44310.9
7003472,-54.2569,-36.485,398.58,23418.5
504648,-54.2625,-36.5686,397.87,49241.6
739558,-54.2642,-36.3744,397.22,44741.6
915059,-54.0378,-37.9944,394.06,42361.5
4433165,-54.3436,-36.4461,390.73,27049.3
1076450,-54.7681,-35.8275,390.38,40593.5
103299,-57.1186,-26.8261,390.31,70522.6
103298,-57.1186,-26.8261,390.31,70522.6
10578752,-54.2611,-36.3775,389.41,20478.0
2936367,-54.3981,-36.2136,386.75,30644.9
9346910,-54.1683,-36.5617,386.75,21325.4
9472634,-54.2869,-36.3758,385.34,21232.6
8294534,-54.515,-36.4886,384.87,22172.0
5204306,-54.0153,-37.7733,384.4,25731.1
3783992,-54.0311,-37.9819,384.27,28393.7
3159082,-54.1025,-37.0358,384.19,29984.9
4337116,-59.4453,-27.2178,383.21,27234.7
4337117,-59.4453,-27.2178,383.21,27234.7
4669700,-54.3658,-36.2578,382.68,26617.1
6033722,-54.1128,-36.8444,382.28,24563.1
918008,-54.1825,-36.5969,379.97,42326.9
11476889,-54.0725,-37.4542,377.72,19926.1
7377185,-54.8803,-36.0886,377.66,23031.8
4223227,-54.4083,-36.22,375.68,27456.0
3152018,-54.0531,-37.1619,374.53,30006.2
10106761,-54.2803,-36.5211,373.9,20786.8
1843071,-54.0414,-37.4669,373.73,35064.3
5412819,-54.1814,-36.5603,372.13,25414.7
3194150,-54.0422,-37.9967,370.55,29887.0
2208911,-54.0978,-36.8644,369.38,33301.1
3818538,-54.3042,-36.2667,368.98,28315.1
10805667,-54.5781,-35.9658,367.42,20331.3
1956064,-54.0508,-37.8978,366.61,34479.8
2614856,-54.2436,-36.5233,364.95,31709.5
2166980,-54.5414,-36.135,363.98,33486.1
6642560,-54.0931,-37.0128,363.77,23820.5
3370526,-57.0883,-26.7033,362.99,29407.8
3370525,-57.0883,-26.7033,362.99,29407.8
10748630,-54.18,-36.5625,361.21,20368.8
1811646,-54.795,-36.2394,360.63,35234.7
1731566,-54.1906,-36.5603,356.85,35682.1
7419169,-54.4983,-37.0642,355.88,22987.4
1220445,-54.0433,-37.7917,354.57,39262.7
11639912,-54.7731,-35.8425,352.78,19833.2
11569842,-54.2669,-36.3667,352.24,19874.9
6836109,-54.3467,-36.2536,351.81,23602.8
5877343,-54.1728,-36.5758,351.68,24769.8
4933096,-53.9953,-37.6992,350.8,26165.7
5108163,-54.1789,-36.5486,350.39,25881.7
3280433,-53.9981,-37.3803,349.83,29647.3
1188749,-54.0614,-37.995,349.64,39536.0
4874116,-54.7708,-35.8128,349.5,26265.3
8770063,-54.3383,-36.9019,343.31,21771.8
2432399,-54.0469,-37.7536,340.62,32387.4
2001723,-54.2106,-36.5919,339.84,34255.5
241531,-54.1925,-36.5103,339.08,58655.1
8917636,-54.03,-37.6267,338.83,21657.4
7975225,-54.33,-36.4333,336.2,22457.5
4418882,-54.8767,-35.9853,335.07,27077.5
2646277,-54.5061,-37.0728,333.62,31596.8
5832252,-54.775,-35.8358,333.46,24828.9
5442888,-54.5892,-36.0411,333.32,25372.0
4174395,-54.8094,-35.7917,333.11,27555.6
6874503,-54.1503,-37.2108,330.95,23562.3
11661631,-54.1731,-36.5844,329.15,19820.3
155948,-54.0025,-38.0336,327.89,64638.0
3660798,-54.0144,-37.645,321.89,28681.7
580655,-54.2953,-36.5144,321.59,47557.9
3933467,-54.0167,-38.0008,321.36,28062.0
10767584,-54.2058,-36.595,320.5,20356.3
6898012,-54.0783,-37.3528,315.12,23535.2
4632034,-54.7864,-35.8808,314.89,26684.1
3981803,-54.1219,-36.68,312.03,27955.0
2132584,-54.0222,-37.4903,311.23,33639.9
8436659,-54.8056,-35.9936,304.61,22048.1
5762556,-54.4931,-37.0492,302.21,24923.6
3840931,-54.1889,-36.52,296.93,28265.6
3839988,-54.0258,-37.4553,295.64,28267.8
8178276,-54.0642,-37.9967,294.69,22275.2
544625,-54.2342,-36.6642,293.34,48318.1
1407108,-54.2956,-36.2661,290.78,37782.5
4361857,-54.0572,-37.9967,290.6,27185.5
3608975,-54.2478,-37.29,288.79,28805.9
7465327,-54.0506,-38.0067,287.27,22943.1
6909612,-54.025,-37.4917,286.51,23521.7
6383121,-54.1317,-36.65,286.5,24128.7
8494300,-54.2697,-37.3483,284.45,22001.8
579071,-54.0044,-37.4592,282.94,47591.4
10186875,-54.1314,-37.5317,276.47,20734.6
4696018,-54.5103,-36.6383,276.17,26571.6
7892083,-54.0747,-37.1294,273.77,22534.0
4500729,-54.1819,-36.5386,273.24,26924.1
5843260,-54.0442,-37.7225,270.3,24813.5
11450443,-54.0764,-37.3444,269.93,19942.1
10991765,-54.0533,-38.0042,262.64,20215.0
375256,-54.0164,-37.58,262.52,52910.1
4808617,-54.8081,-35.8003,259.75,26374.3
10111155,-54.8022,-36.2242,256.98,20783.7
6234311,-54.2861,-36.3658,254.41,24307.6
2417497,-54.0475,-37.14,253.2,32446.4
11585894,-54.51,-37.0825,250.11,19865.3
300229,-54.2886,-36.2561,244.2,55782.3
3840930,-54.3692,-36.4719,242.69,28265.6
1871398,-54.5506,-35.9028,240.24,34916.8
10874798,-54.1836,-36.5342,235.84,20290.5
7050912,-54.0011,-38.02,235.08,23369.5
3647244,-54.1158,-37.065,234.28,28712.8
11639916,-53.99,-37.415,232.53,19833.2
340184,-54.14,-37.745,230.18,54157.4
8391436,-54.2536,-36.395,228.68,22088.5
395453,-54.8961,-36.0986,228.05,52255.8
6962795,-54.8642,-35.9753,227.33,23464.7
4539215,-54.0414,-37.6258,223.93,26853.1
10639078,-54.2631,-36.5511,223.44,20437.5
8041009,-54.0364,-37.6178,221.88,22395.0
11338552,-54.8953,-36.1008,221.55,20005.9
5367006,-54.0411,-37.9236,219.5,25482.3
7990060,-54.7822,-35.8753,217.36,22443.3
10470592,-54.1947,-36.4983,216.91,20546.3
718138,-54.8594,-36.1269,215.03,45076.4
4260442,-54.075,-37.3869,214.51,27381.7
6451304,-54.5761,-36.0444,214.14,24046.7
11817607,-54.5789,-35.9225,205.79,19733.3
6801683,-54.0597,-37.6028,200.0,23643.3
5222624,-59.4164,-27.34,193.77,25701.4
5222625,-59.4164,-27.34,193.77,25701.4
10360536,-54.5136,-36.0961,187.62,20617.5
2553357,-54.2883,-36.6825,186.82,31931.8
6685759,-54.0967,-37.6483,186.04,23772.3
4590967,-54.76,-36.2844,185.01,26758.0
563593,-59.4092,-27.0794,180.17,47914.3
563594,-59.4092,-27.0794,180.17,47914.3
569348,-54.0011,-38.1694,179.26,47793.1
1370807,-54.8256,-36.0058,178.88,38053.0
2413635,-54.5019,-37.0303,178.49,32462.1
4160497,-54.0031,-38.0469,177.75,27585.7
5762557,-54.2769,-37.1317,175.13,24923.6
8272541,-54.0478,-37.8875,173.91,22192.1
7374548,-54.2783,-37.1203,172.09,23034.5
9167971,-54.2419,-37.2719,171.47,21462.4
2464268,-54.0606,-38.015,169.7,32265.2
5960696,-54.0531,-37.8,167.97,24658.9
10124124,-54.0311,-37.5033,164.24,20774.5
2075948,-54.2592,-37.2819,163.83,33902.1
11016518,-54.7331,-35.9044,159.01,20199.2
5729354,-54.0583,-38.0078,157.06,24967.0
748404,-56.6722,-28.1,156.15,44606.2
748405,-56.6722,-28.1,156.15,44606.2
11701761,-54.7464,-36.3011,153.53,19801.0
1052649,-54.1383,-37.5136,153.12,40839.2
2652559,-54.1383,-37.7558,152.05,31576.6
1864598,-54.0014,-38.1594,151.07,34951.4
6761452,-54.4614,-36.7894,150.52,23686.3
8190266,-54.6139,-35.9333,149.28,22263.8
11531643,-54.0681,-38.0075,144.52,19897.3
4155631,-54.0108,-38.0642,144.4,27592.6
2139087,-54.1092,-36.7303,141.63,33611.5
9518143,-54.7889,-36.0933,141.6,21202.5
10102487,-54.7564,-36.2861,141.3,20789.9
2193355,-54.8017,-36.2433,139.47,33369.9
7591317,-54.0647,-37.6225,139.15,22817.8
969175,-57.0811,-26.7394,138.47,41735.7
969174,-57.0811,-26.7394,138.47,41735.7
3973844,-54.4067,-36.8333,133.8,27973.3
1049612,-54.6361,-36.7611,131.09,40870.4
2626917,-54.2683,-37.3833,130.88,31665.3
4323014,-54.0225,-37.6075,126.96,27260.4
10401103,-54.1411,-37.2786,125.52,20589.7
11113549,-54.0194,-37.6086,123.93,20142.4
9457198,-54.0458,-37.7353,120.77,21244.6
2781316,-54.7367,-35.9219,118.9,31137.8
6371843,-54.3672,-36.8842,117.64,24139.3
6538705,-54.0608,-37.2753,116.69,23943.2
11317834,-54.2553,-36.4961,114.58,20018.6
3469125,-53.9781,-37.7433,108.06,29153.2
1753409,-54.2794,-36.2917,105.62,35556.9
8628697,-54.5067,-36.6544,103.8,21888.6
7622752,-54.0022,-38.1642,100.39,22789.8
1743729,-59.0281,-26.7261,99.53,35612.4
1743730,-59.0281,-26.7261,99.53,35612.4
6998701,-54.0086,-37.7633,97.25,23424.0
8756265,-54.3839,-36.1686,96.63,21783.5
11302386,-54.0433,-37.6575,95.94,20028.2
11563611,-54.7169,-35.9419,95.44,19878.1
3156927,-54.1669,-36.6753,93.65,29991.3
5681855,-54.2778,-36.6019,93.14,25030.8
2042863,-54.1569,-36.6686,91.03,34057.8
5657529,-54.0375,-37.9444,90.84,25066.4
7583132,-54.0139,-37.595,88.5,22826.1
8072390,-54.045,-37.9708,87.29,22369.4
2241709,-54.0247,-37.33,86.29,33159.2
6692512,-54.8247,-36.1825,83.51,23764.2
2619766,-53.9725,-37.4936,78.82,31691.4
2684820,-55.0317,-34.71,77.7,31465.5
4647743,-54.1831,-37.615,76.53,26657.8
2761002,-54.1383,-37.7242,76.42,31205.2
7975226,-54.2867,-37.1067,76.2,22457.5
10879583,-54.0317,-37.9436,75.92,20287.3
4265521,-54.2417,-36.6475,75.44,27374.7
10796146,-54.7944,-35.8717,73.53,20337.5
3087389,-54.0064,-38.1433,71.54,30192.4
3694524,-54.1886,-37.6208,64.2,28601.7
7250346,-54.2808,-37.3633,63.82,23158.7
3939407,-54.91,-36.1225,61.74,28048.3
4712947,-54.2542,-37.2253,61.46,26540.4
8779103,-54.1069,-37.1,60.86,21768.9
11241126,-54.1325,-37.4933,60.37,20066.3
10156253,-54.2478,-37.2178,57.33,20756.1
9518144,-54.25,-36.4692,55.88,21202.5
4634577,-55.0347,-34.7358,55.86,26679.3
10208839,-54.2314,-36.6528,55.84,20719.3
9376004,-54.8142,-36.2125,52.5,21307.5
9804048,-54.6225,-35.9533,52.41,20997.2
6620535,-54.3256,-37.1058,52.35,23847.2
9795955,-54.0608,-37.35,50.57,21003.3
5444491,-54.0067,-37.86,50.51,25369.5
5603350,-54.01,-38.1375,49.61,25142.5
5610075,-54.0269,-37.2561,49.57,25132.4
8148997,-54.2447,-36.4953,48.5,22298.1
8297693,-54.4931,-36.6575,48.47,22169.1
5953170,-54.0375,-37.2836,47.76,24669.2
6152221,-54.0192,-37.2478,46.77,24412.2
6228446,-54.3717,-36.9119,46.4,24315.5
6371844,-54.0422,-37.2569,45.73,24139.3
6562780,-54.5072,-35.9936,44.88,23913.9
7600744,-54.05,-37.9194,44.53,22812.2
6962796,-54.7567,-36.3242,43.21,23464.7
7095385,-54.0319,-37.2342,42.68,23320.4
8759759,-54.7292,-36.3186,41.91,21780.6
7815336,-54.2606,-36.3019,40.1,22604.6
8304118,-54.0144,-37.3161,38.55,22163.4
9070324,-54.0106,-37.3144,38.52,21536.5
8497683,-54.755,-36.3083,37.98,21998.9
8588585,-54.2397,-36.4017,37.72,21923.5
9282046,-54.5975,-36.4233,37.02,21376.1
8988982,-54.0831,-36.8517,36.61,21598.5
9186593,-54.0464,-37.3317,36.1,21447.5
9259778,-54.4789,-36.9825,35.92,21394.0
10199979,-55.0153,-34.6311,33.71,20725.4
10498099,-54.6308,-36.7544,33.07,20527.7
10695211,-54.0586,-37.8925,32.66,20400.1
10753341,-54.2589,-37.2294,32.55,20365.7
11445180,-54.3653,-36.985,31.22,19945.3
