123,14.95,-24.3425,2781.54,188263.6
9974,14.9614,-24.3919,2687.31,106763.1
3479015,14.9744,-24.3828,2671.52,29127.0
10573616,14.9561,-24.3942,2645.45,20481.1
325837,14.925,-24.3856,2433.55,54719.1
5422381,14.9197,-24.3778,2371.05,25399.7
486,17.0372,-25.2917,1980.67,158865.6
1557618,17.0333,-25.295,1977.15,36748.2
4380900,14.9303,-24.345,1955.71,27150.4
1144733,14.9322,-24.3644,1930.55,39935.3
130680,17.0125,-25.2297,1858.6,67150.9
10119364,14.9347,-24.3594,1851.5,20777.6
8536776,14.9256,-24.3411,1849.77,21964.1
10080858,14.9706,-24.3408,1825.26,20805.2
7465024,17.0178,-25.2311,1818.54,22943.1
3526292,17.005,-25.2347,1805.49,29008.6
14307,17.0808,-25.1722,1799.11,101060.4
4475513,14.9708,-24.3572,1798.49,26969.1
11639427,14.9372,-24.3803,1788.7,19833.2
169040,17.065,-25.2244,1783.19,63508.4
3734031,14.9756,-24.345,1775.03,28508.0
4830508,17.0228,-25.2353,1765.46,26338.0
4939990,17.0172,-25.2231,1763.15,26153.5
3790456,17.09,-25.1756,1757.06,28378.0
479581,17.0214,-25.2567,1723.66,49862.6
1866932,17.0303,-25.2692,1715.51,34938.7
8594824,17.0306,-25.2342,1702.39,21917.7
4805786,14.9828,-24.3528,1699.31,26379.1
10573518,17.0933,-25.1678,1680.97,20481.1
5919958,17.05,-25.2778,1655.07,24710.5
908066,17.0111,-25.2531,1649.65,42448.6
3364811,17.045,-25.2336,1599.46,29423.0
514838,17.1072,-25.1439,1582.41,48996.4
144249,17.1036,-25.0328,1579.51,65744.3
8001729,17.0247,-25.2708,1573.96,22432.0
2362390,17.1019,-25.135,1570.64,32665.6
4823743,16.9819,-25.2456,1567.14,26350.1
7478390,16.9853,-25.2483,1560.5,22929.2
5350536,17.0153,-25.2611,1559.95,25507.3
7403017,17.0425,-25.2597,1557.18,23004.1
9259363,16.9944,-25.2447,1553.93,21394.0
3876157,17.0728,-25.1797,1552.94,28186.6
8510194,17.0431,-25.2439,1550.95,21987.3
10351073,16.9767,-25.2453,1524.82,20623.7
1834004,17.0914,-25.1503,1508.63,35113.3
2564521,17.0661,-25.1753,1496.25,31891.8
385890,17.1125,-25.0758,1494.98,52559.8
3454046,17.115,-25.0633,1487.84,29190.4
5711126,17.1069,-25.1808,1475.49,24992.5
6729370,16.9708,-25.2486,1455.5,23724.0
1415404,17.1011,-25.0908,1451.64,37721.8
10976541,17.1058,-25.0267,1450.3,20224.4
8934966,17.1142,-25.0806,1448.71,21642.7
2318805,17.1189,-25.0853,1446.42,32840.6
10041470,17.1156,-25.0889,1442.24,20832.7
2356679,17.1061,-25.055,1435.54,32687.0
11671753,17.0594,-25.2892,1434.42,19813.9
2726410,16.9694,-25.26,1434.24,31321.4
4080430,17.1028,-25.0803,1413.92,27746.9
2030259,17.0983,-25.0753,1402.02,34117.6
10587479,17.0775,-25.2353,1381.72,20471.8
3589477,17.0944,-25.1089,1373.87,28852.3
7628019,17.0964,-25.1258,1346.15,22784.2
4138196,16.9781,-25.2306,1344.38,27629.5
4611397,17.1147,-25.1783,1339.09,26722.2
8608144,17.0997,-25.1214,1333.73,21906.0
2419,15.0506,-23.6358,1327.6,130064.1
4526730,16.9742,-25.265,1315.95,26876.8
10346642,17.0886,-25.1069,1314.37,20626.8
3555557,17.0678,-25.1606,1301.87,28936.1
2610,16.6211,-24.3547,1298.85,128648.1
3911965,17.0094,-25.2128,1280.93,28107.3
4155508,17.0844,-25.1336,1269.67,27592.6
3897047,17.0881,-25.1219,1267.41,28141.3
7880186,17.1,-25.2003,1252.59,22545.3
2904940,15.0544,-23.6444,1239.52,30740.3
2406957,17.0675,-25.2069,1213.86,32489.6
1709783,17.0253,-25.2019,1205.15,35806.8
7820747,17.0983,-25.0122,1184.89,22598.9
6461968,14.895,-24.3236,1180.85,24033.5
5659049,17.1133,-25.1211,1167.29,25063.8
10195039,16.9656,-25.2697,1166.16,20728.5
11266067,16.9692,-25.2769,1156.84,20050.4
5659090,14.8825,-24.3528,1144.75,25063.8
3775501,15.0608,-23.6458,1140.79,28413.9
380776,17.1342,-25.0544,1128.27,52728.0
8924393,17.1372,-25.0508,1116.74,21651.5
8374943,17.1142,-25.0186,1109.74,22102.9
7986735,17.0689,-25.1908,1107.7,22446.2
6044786,14.8947,-24.3161,1091.04,24547.6
1275482,15.0325,-23.6258,1089.53,38799.2
11455191,16.6203,-24.3469,1079.32,19938.9
5513325,14.8808,-24.385,1078.62,25268.9
7929747,17.1064,-25.2078,1074.23,22497.2
9996880,17.1114,-25.1969,1074.16,20860.2
5322870,15.0389,-23.6278,1069.22,25547.2
342531,17.0922,-25.2194,1064.97,54071.4
30795,15.1775,-23.675,1063.15,88857.4
10456505,16.9589,-25.2786,1060.25,20555.6
7048179,16.6306,-24.3561,1058.98,23372.2
11376533,15.1797,-23.6722,1058.51,19986.8
11214993,14.96,-24.4372,1055.38,20082.2
9109964,15.0411,-23.6297,1055.37,21503.9
9259359,17.0692,-25.1944,1048.99,21394.0
2338740,15.0561,-23.6586,1034.45,32759.1
5044558,14.9986,-24.4119,1033.44,25984.9
3761130,16.6167,-24.3364,1025.09,28445.3
10638552,16.6183,-24.3422,1023.73,20437.5
6267252,14.9522,-24.4406,1016.7,24268.3
11717692,16.9525,-25.2714,1007.07,19791.4
2523521,17.0106,-25.2006,1001.67,32041.3
3504201,17.1214,-25.1736,999.4,29063.5
4779069,15.0422,-23.6608,994.57,26427.4
9525407,16.9483,-25.2656,989.78,21196.5
1498492,17.1219,-25.1958,984.79,37139.6
2018337,16.9817,-25.2131,983.64,34175.4
5720278,16.9494,-25.2803,978.96,24979.8
7546,14.8514,-24.7044,972.09,111295.3
1554413,15.18,-23.7006,968.98,36767.2
3894114,17.1439,-25.0458,963.97,28148.1
3789515,14.9233,-24.4378,962.65,28380.3
10387001,17.0864,-25.2378,960.87,20599.0
4739359,15.0578,-23.6669,959.32,26494.8
2139836,17.1506,-25.0353,956.61,33607.7
8049750,17.0503,-25.1628,948.44,22386.5
5365282,14.8822,-24.4072,938.51,25484.8
427668,17.0381,-25.1789,934.7,51274.9
9962944,17.0833,-25.0661,932.6,20884.7
4938593,14.8511,-24.6917,931.95,26155.9
9289276,15.0178,-24.3828,931.08,21370.2
5150061,15.0644,-23.6533,922.91,25815.1
6363256,15.0228,-23.6061,918.64,24149.8
403570,17.1344,-25.1533,915.67,52000.4
4176451,16.6336,-24.3708,913.13,27551.0
9277937,15.0267,-23.6092,911.73,21379.1
10058618,17.0278,-25.1897,908.46,20820.5
6615902,14.8675,-24.3617,904.53,23852.5
6027930,16.6347,-24.3675,903.69,24570.9
11142661,16.6331,-24.3647,901.75,20123.4
6459793,14.8731,-24.3356,900.56,24036.1
9441336,16.9625,-25.2239,899.42,21256.6
8981250,15.1744,-23.7081,895.19,21604.4
2535543,15.0261,-23.5953,887.16,31997.5
252121,15.0664,-23.7044,881.4,58088.6
8674228,17.0553,-25.2128,880.99,21853.6
5762337,16.6108,-24.3464,873.94,24923.6
3282665,14.8756,-24.3192,871.64,29640.9
1548568,16.6447,-24.3503,870.57,36807.1
3116798,15.0636,-23.7119,869.25,30105.8
4463415,17.0708,-25.0969,864.79,26992.7
3346335,16.6403,-24.3556,862.28,29470.6
7163021,15.1778,-23.7194,862.2,23249.3
2103004,15.0383,-23.5939,858.88,33776.0
9472213,14.8736,-24.3217,858.67,21232.6
2837466,15.02,-23.5919,849.58,30955.1
511988,17.1547,-25.1417,848.82,49065.3
11585288,16.6175,-24.3672,846.49,19865.3
3970657,16.6197,-24.3725,842.2,27980.1
2971534,15.0611,-23.6783,840.42,30534.5
3957771,15.1928,-23.6908,834.71,28009.7
151019,17.175,-25.1022,834.6,65088.8
2092404,17.1503,-25.1447,830.3,33825.0
6888217,14.8383,-24.7033,826.74,23546.1
8540096,17.0378,-25.2,826.24,21961.2
1772417,17.1375,-25.1814,822.19,35449.2
1993429,16.605,-24.3281,821.38,34298.2
8256410,17.1575,-25.1378,818.72,22206.5
2702509,15.0781,-23.7094,818.4,31404.7
7043397,17.1381,-25.1331,814.99,23377.7
4562700,15.0719,-23.7069,814.95,26807.9
10762286,17.1292,-25.1783,812.25,20359.4
3238842,15.0658,-23.7156,810.9,29758.9
6895251,15.0392,-23.6733,804.94,23537.9
8253297,17.0031,-25.2028,804.61,22209.3
9227290,17.0967,-25.23,802.6,21414.8
10809818,16.9486,-25.2342,799.9,20328.1
5664287,17.0467,-25.1794,799.06,25056.2
2206831,16.6264,-24.3294,792.66,33310.6
5450920,14.8792,-24.3106,790.57,25359.5
537668,16.5692,-24.3089,783.19,48473.5
633438,16.6008,-24.3147,781.24,46531.4
8913673,15.0758,-23.7053,778.05,21660.4
4488319,16.5742,-24.305,774.94,26947.8
2197874,16.6544,-24.3517,772.65,33348.9
7459723,16.6303,-24.3792,767.85,22948.6
2452263,14.8356,-24.7178,760.86,32312.6
2891710,15.0664,-23.6878,760.57,30783.8
929627,16.6461,-24.3728,759.88,42189.7
10633893,17.0428,-25.2094,752.62,20440.6
1295750,17.1547,-25.0831,752.07,38632.9
3208061,16.6114,-24.3236,748.59,29846.5
602078,16.6547,-24.3383,744.2,47131.3
1786481,14.8583,-24.7236,738.48,35370.0
6609293,15.0617,-23.6858,738.24,23860.5
11839054,17.0,-25.1939,738.07,19720.4
5880777,17.0892,-25.2525,736.35,24764.6
7687247,16.9944,-25.1964,732.92,22728.2
4625594,15.1742,-23.7281,732.81,26696.0
942101,14.8308,-24.6922,731.69,42041.4
9941988,16.605,-24.3556,728.2,20899.9
8378353,15.0747,-23.6533,727.73,22100.0
5300818,17.1714,-25.1117,726.64,25582.1
3094887,16.5792,-24.3156,725.01,30169.2
230983,16.6292,-24.3081,719.47,59252.7
9533297,15.0192,-23.5822,714.72,21190.5
578075,15.0772,-23.6103,714.16,47612.8
808043,15.205,-23.6836,713.57,43743.7
1244263,17.1669,-25.1242,711.87,39057.7
143405,15.0344,-23.5375,711.17,65830.5
663431,15.1153,-23.6903,710.7,45990.1
20840,16.8711,-24.9339,709.5,95082.4
5179381,15.0461,-23.5928,709.38,25770.7
4463438,14.9422,-24.4575,708.71,26992.7
4961639,16.6261,-24.3231,705.08,26119.4
4537890,16.5594,-24.3006,704.73,26855.4
1137287,15.0117,-23.5647,700.39,40003.8
5297796,15.0506,-23.6853,700.24,25587.1
4996312,16.6086,-24.3181,699.48,26063.2
1252558,17.145,-25.1222,697.78,38987.5
9513690,14.8319,-24.7108,695.47,21205.6
3825989,15.21,-23.6997,695.33,28297.1
6667639,17.0706,-25.0822,695.08,23793.7
982954,15.1103,-23.6825,692.88,41578.2
2486624,16.6206,-24.3822,691.05,32180.2
7731640,16.6058,-24.3136,689.31,22683.3
959131,15.1603,-23.6931,685.79,41848.5
55507,16.5983,-24.1097,680.55,79801.9
811008,15.2214,-23.6856,676.31,43702.9
1490055,16.6692,-24.3472,675.57,37196.2
8066073,14.8314,-24.6847,673.59,22375.1
44312,16.8153,-24.9339,673.27,83288.1
7467779,14.8303,-24.6997,671.77,22940.3
4385478,14.8772,-24.3022,670.68,27141.0
1742778,15.0956,-23.6539,670.31,35617.7
9887883,15.0922,-23.6522,669.77,20939.5
5723868,14.8283,-24.7058,669.08,24974.7
11677099,17.0164,-25.1814,669.04,19810.7
10391653,15.1756,-23.7381,668.76,20595.9
3264905,17.0967,-24.9844,668.32,29690.3
1567140,15.1144,-23.6606,665.17,36685.7
1053049,16.8114,-24.9147,662.98,40834.5
5891991,16.5908,-24.3222,661.11,24749.2
2471252,15.2108,-23.7142,656.18,32239.6
6969745,15.0114,-23.6619,653.65,23456.6
972922,15.0869,-23.7219,652.18,41693.0
3877126,15.0269,-23.5803,651.95,28184.3
7740157,15.0569,-23.7208,650.58,22674.9
2042091,16.5844,-24.1139,649.42,34061.5
4361746,15.0539,-23.7,649.21,27185.5
7441201,15.0267,-23.5769,647.57,22968.0
3411444,16.6278,-24.3936,646.97,29299.3
8486923,17.1239,-25.2069,644.28,22007.6
11434106,15.2139,-23.6822,644.09,19951.7
2181235,15.1033,-23.6767,642.15,33423.3
3126064,15.0525,-23.5919,641.84,30080.4
8823389,14.8264,-24.7097,641.16,21730.8
66311,15.2992,-23.7492,640.58,77122.3
2407876,15.0869,-23.6694,638.56,32485.6
2426120,16.5989,-24.1319,637.3,32413.0
4340535,15.0703,-23.6172,633.01,27227.7
9691934,14.8728,-24.7042,631.39,21076.0
6190328,16.8136,-24.9208,629.46,24365.2
7255077,16.6331,-24.3883,625.97,23153.1
2220540,16.6383,-24.3244,624.04,33251.3
2711517,16.6578,-24.37,622.44,31372.2
8294142,17.1589,-25.0597,618.73,22172.0
8952682,16.6342,-24.3933,617.81,21628.0
10333473,15.0706,-23.6275,615.21,20636.1
5462424,16.9492,-25.2094,613.58,25341.9
1310021,15.0292,-23.7094,613.16,38520.6
4039339,15.1619,-23.7414,611.36,27834.0
6642317,17.1064,-25.2275,609.13,23820.5
93194,16.6106,-24.2444,608.3,72012.0
6972126,16.5903,-24.1214,607.2,23453.9
290452,16.6228,-24.1897,606.77,56218.1
9130726,15.0861,-23.7164,602.65,21492.0
5227678,17.1494,-25.1872,597.64,25696.4
2608761,15.1572,-23.7414,596.72,31729.6
3614947,16.5761,-24.3244,594.32,28790.4
9494050,15.0414,-23.7089,593.16,21220.6
9556893,17.1797,-25.1178,592.87,21172.5
308800,15.1089,-23.7389,589.93,55419.1
3422098,15.1167,-23.6544,589.64,29273.2
8439635,15.1683,-23.7381,589.53,22045.2
505266,15.1311,-23.7222,588.99,49227.3
1609150,16.5469,-24.3058,586.95,36417.3
5169766,15.1825,-23.7511,586.59,25783.0
1610961,15.2017,-23.6531,586.36,36405.0
5660779,15.0197,-23.65,580.1,25061.3
8819881,15.1175,-23.7008,578.21,21733.8
3767634,16.6003,-24.1408,576.44,28429.6
2527628,15.1475,-23.7017,575.54,32025.4
1565643,15.1267,-23.7047,572.64,36696.1
7672275,16.5831,-24.1042,565.23,22739.4
927124,17.1511,-25.1714,563.14,42219.9
5409425,15.1583,-23.7383,561.09,25419.7
6328253,14.9597,-24.4686,560.58,24194.6
924390,15.1336,-23.6522,557.12,42251.6
8718101,16.5411,-24.3067,552.68,21815.7
2805438,16.6167,-24.1897,549.81,31057.9
10506683,15.0561,-23.7322,547.75,20521.5
6833568,15.2158,-23.6944,545.5,23605.5
8981259,14.8556,-24.4086,544.71,21604.4
11844510,17.0289,-25.1644,541.49,19717.2
4366557,15.0647,-23.7294,541.15,27176.2
7244848,15.0269,-23.5442,538.68,23164.2
1459368,16.5172,-24.3122,535.75,37411.4
8506986,16.5925,-24.0983,535.53,21990.2
1578925,15.0042,-23.7117,535.23,36607.5
2357144,14.8206,-24.6972,535.08,32685.1
8269017,16.5386,-24.3053,531.29,22195.0
10535000,15.015,-23.6531,529.81,20502.9
384942,15.1714,-23.6361,529.32,52590.1
737861,16.8514,-24.915,529.29,44767.3
687712,16.6156,-24.1767,528.41,45575.4
11601711,14.8786,-24.6975,524.99,19855.6
8034719,17.1275,-25.0419,520.69,22400.7
6685507,17.1342,-25.0192,519.84,23772.3
5318128,15.0147,-23.7042,517.36,25554.7
289561,16.6053,-24.2739,517.12,56258.8
11444648,15.1183,-23.6653,515.6,19945.3
6687722,16.525,-24.3111,515.21,23769.6
72834,16.8556,-25.0581,512.04,75747.8
3499131,15.2094,-23.6731,506.12,29076.6
5556450,15.0325,-23.5517,505.78,25208.3
4724612,14.9942,-23.6511,505.17,26518.8
7847170,15.0153,-23.7092,504.47,22573.5
10838705,15.1103,-23.745,503.57,20309.3
11460446,15.1114,-23.6475,501.81,19935.7
8959944,15.0758,-23.7333,499.93,21622.1
170128,16.8244,-24.9967,499.32,63419.1
10269932,16.6378,-24.3817,497.59,20676.2
11712293,15.0228,-23.5414,496.72,19794.6
7433122,15.1372,-23.6836,491.24,22976.4
11250794,16.6639,-24.3431,486.4,20059.9
5561635,16.59,-24.0861,484.73,25200.7
7155513,15.1517,-23.6775,484.63,23257.5
3172986,15.2144,-23.6633,484.38,29946.7
1915890,17.1511,-25.1558,481.76,34686.1
3765785,15.0486,-23.7394,480.24,28434.1
10947150,15.0928,-23.6094,479.44,20243.3
10247947,15.0111,-23.5458,478.78,20691.6
7661077,15.1322,-23.6611,477.39,22750.6
2570700,17.1522,-25.1122,477.22,31867.9
8738716,15.1572,-23.7281,476.42,21798.2
9266753,16.9261,-25.2789,473.99,21388.0
8618141,14.8206,-24.6889,473.8,21897.3
4106409,15.1022,-23.6417,470.2,27694.0
1937353,15.0942,-23.5906,470.19,34575.7
2357142,15.1497,-23.7378,469.89,32685.1
3325935,15.0022,-23.7003,467.19,29524.6
2249724,15.0772,-23.5872,463.3,33126.5
2152920,17.0944,-24.9753,462.58,33548.9
8325987,16.5897,-24.0808,460.7,22143.2
4243600,15.2458,-23.695,459.37,27416.6
1948621,15.0539,-23.5675,458.89,34518.6
5805495,14.9981,-23.6703,457.78,24862.2
1418754,15.0875,-23.7381,457.73,37698.1
366640,16.8747,-25.0375,457.07,53205.5
1005197,17.1886,-25.1153,456.46,41336.9
5012090,16.8581,-24.9233,456.45,26036.3
1407770,14.9589,-23.6336,454.66,37777.5
4746053,16.6278,-24.2022,452.8,26482.7
10032985,15.1294,-23.6411,450.64,20838.8
9414371,15.0003,-23.6744,450.16,21277.5
2692830,17.1461,-25.2017,449.35,31437.1
2641817,15.0917,-23.6328,448.43,31612.9
3658940,17.1825,-25.085,448.39,28686.2
1377648,15.1133,-23.6147,445.47,38001.1
9639264,16.5761,-24.3419,445.04,21115.2
2088936,14.9806,-24.4697,444.31,33841.9
7809263,17.1369,-25.2044,441.92,22610.2
1745507,16.5919,-24.0583,441.41,35601.6
5935960,14.9883,-23.6844,439.78,24692.5
1518449,15.0858,-23.5819,437.33,37005.6
8199227,14.9853,-23.6817,437.09,22255.2
1280956,15.1397,-23.6094,436.05,38754.8
192874,16.6519,-24.4058,435.8,61702.0
695802,15.0981,-23.7519,434.62,45439.6
1294532,14.9894,-23.5292,426.7,38642.8
10243507,15.0378,-23.5653,424.77,20694.6
3721126,16.8233,-24.9114,423.08,28539.2
5436107,15.1144,-23.6264,423.04,25382.1
7582870,15.0058,-23.555,421.27,22826.1
7844345,14.8531,-24.735,419.4,22576.4
4237798,15.1117,-23.6033,418.69,27428.2
9630639,14.9744,-23.6333,415.54,21121.3
1689756,16.8656,-25.0422,415.4,35924.1
8096389,16.5933,-24.0708,413.54,22346.6
3794206,15.1486,-23.6636,413.47,28369.1
5748670,17.1311,-25.0372,413.34,24939.0
9437459,15.1028,-23.7017,411.79,21259.6
7244849,15.0264,-23.5536,411.65,23164.2
272668,15.1728,-23.6164,410.38,57050.5
91623,15.2269,-23.1303,409.87,72268.1
9568768,14.9847,-23.5633,409.4,21163.4
3340097,14.8875,-24.7075,407.77,29487.9
667558,16.7833,-24.9872,406.51,45920.8
5870569,15.1917,-23.7578,404.02,24774.9
2642895,14.9569,-23.6156,403.53,31608.9
749963,16.6508,-24.3144,403.46,44584.7
232734,16.8356,-24.8919,401.55,59150.5
1816689,15.1142,-23.5861,400.14,35205.7
6142151,15.0889,-23.7019,400.06,24425.3
11093039,15.2189,-23.6681,398.18,20155.0
4920509,15.0631,-23.5592,398.11,26187.6
98447,16.8208,-22.91,398.01,71214.9
4288223,16.8172,-24.9861,397.77,27328.1
6412210,17.0622,-25.0058,396.94,24091.7
9383499,15.0139,-23.6944,394.19,21301.5
5093247,15.2261,-23.7244,392.59,25906.3
2837464,15.0756,-23.7447,392.31,30955.1
6838260,17.185,-25.0772,391.45,23600.1
7983818,15.0608,-23.5631,391.15,22449.0
2681769,15.1461,-23.6317,388.6,31473.6
8851791,17.0994,-25.2958,388.31,21707.4
1623082,16.8158,-24.9728,387.81,36329.7
10785903,16.8575,-24.9356,386.27,20343.8
441649,15.0408,-23.4922,384.63,50875.7
1071055,14.9439,-23.6122,383.84,40648.4
10041551,15.0372,-23.4958,383.35,20832.7
4807113,15.1214,-23.5881,382.72,26376.7
653742,15.075,-23.5114,382.37,46161.6
10302769,15.2217,-23.6664,381.46,20657.7
11376457,16.8206,-24.9894,380.98,19986.8
6448905,14.9869,-23.5472,378.22,24049.4
11312228,15.1422,-23.7264,377.53,20021.8
10857952,15.1308,-23.6247,377.14,20296.8
112403,16.0467,-22.7547,376.93,69303.3
3896131,16.8014,-24.9922,376.26,28143.6
1020999,14.9581,-23.6719,376.15,41167.0
10615076,16.8669,-25.0375,375.74,20453.1
10492889,16.6203,-24.2039,375.14,20530.8
7130551,15.1297,-23.7272,374.62,23284.9
2227237,16.6092,-24.2583,373.19,33220.6
6424801,14.9742,-23.6636,371.79,24075.9
5576678,16.7867,-24.9903,370.95,25177.9
2691114,15.1442,-23.6028,369.26,31443.2
3556424,17.1642,-25.1594,367.96,28933.9
4041427,16.9272,-25.2931,367.67,27829.4
8762723,16.8069,-24.99,367.5,21777.7
1138986,15.0122,-23.5053,367.26,39989.5
10657304,16.6178,-24.2078,367.09,20425.0
7055606,16.9272,-25.2256,366.71,23364.1
3289697,15.1919,-23.6306,366.61,29623.7
5076472,14.8133,-24.7011,365.09,25930.9
5868688,17.1694,-25.0519,363.91,24777.5
2618081,15.1464,-23.7519,363.29,31697.5
647552,15.2983,-23.7056,363.28,46274.6
741033,15.0583,-23.5,361.75,44720.3
2859260,16.87,-25.0506,361.03,30885.1
10795579,16.8717,-25.0525,360.88,20337.5
125271,16.7614,-24.7392,360.11,67739.4
5520076,16.8478,-25.0719,358.69,25258.8
10102100,15.1047,-23.6253,357.92,20789.9
8056967,16.5917,-24.2711,355.61,22383.6
4766394,15.0542,-23.5558,353.67,26446.6
853407,16.6236,-24.2158,353.65,43135.0
828288,15.2964,-23.7186,352.39,43469.0
2726411,16.8878,-24.9297,350.29,31321.4
9296820,17.1347,-25.2169,349.86,21364.2
3185976,15.2417,-23.7167,349.15,29908.3
9724469,14.8581,-24.4406,349.06,21051.8
277864,16.0947,-22.7578,348.21,56806.6
888266,16.1072,-22.77,345.1,42694.1
10633888,17.1544,-25.1981,344.98,20440.6
8400716,16.5719,-24.0633,343.3,22079.9
10647900,16.8514,-24.8947,343.17,20431.3
7832228,16.8508,-24.8883,340.73,22587.6
1408453,16.6019,-24.2094,340.6,37772.4
6897766,15.0589,-23.5525,339.51,23535.2
1977440,15.1542,-23.6236,337.47,34374.3
7835094,16.6083,-24.2003,334.15,22584.8
204878,16.0431,-22.9119,333.76,60879.8
9626574,16.1131,-22.7722,333.46,21124.3
5288381,15.3014,-23.7367,333.25,25602.0
1210631,15.3111,-23.7,332.08,39345.4
9316023,16.5647,-24.06,331.38,21349.3
8708037,14.8444,-24.7397,330.42,21824.5
3806820,15.2303,-23.705,330.24,28342.1
6542714,17.1703,-25.1508,329.79,23937.9
5406230,14.9744,-24.4769,329.53,25424.7
8724950,15.2347,-23.7183,329.23,21809.9
2976392,15.0147,-23.5197,328.94,30521.9
6070955,16.5664,-24.0744,327.9,24516.4
8945590,15.2972,-23.7217,325.11,21633.9
1126522,15.1875,-23.6158,323.54,40105.6
257881,16.1697,-22.7236,322.31,57789.5
281701,16.0631,-22.8828,322.28,56624.6
1091651,16.7717,-24.7392,320.8,40442.6
1672293,17.0622,-24.9939,320.5,36028.6
5671293,16.6003,-24.2144,319.32,25046.0
5356969,16.6753,-24.3389,317.78,25497.3
4647609,15.0928,-23.5628,317.21,26657.8
7300301,17.0508,-25.0542,316.6,23109.1
6245000,16.8264,-25.0075,316.24,24297.1
1736622,16.8144,-25.0267,314.78,35651.7
7728890,15.1967,-23.7542,309.97,22686.1
10106311,15.3,-23.7181,309.82,20786.8
178259,16.6569,-24.6678,309.27,62775.9
5729141,17.1542,-25.1031,309.13,24967.0
7328623,16.9192,-25.2839,308.14,23078.7
3708008,16.0961,-22.7647,308.02,28568.2
9263038,17.1158,-24.9953,307.69,21391.0
8578297,14.8803,-24.7275,306.7,21932.2
987010,15.2142,-23.1492,305.74,41533.7
1444528,16.5981,-24.2222,304.68,37513.4
8348108,14.9492,-23.635,304.2,22123.1
397442,16.7858,-24.7689,304.04,52192.4
6228224,16.8144,-25.005,303.95,24315.5
2361020,16.81,-25.0194,303.42,32671.4
7555613,15.1006,-23.7081,302.63,22854.0
6743082,15.0289,-23.7244,300.6,23707.9
459021,16.1686,-22.8244,299.97,50404.0
347694,16.8131,-25.0536,298.55,53881.4
5187065,15.0003,-23.4936,296.77,25758.3
7237102,17.1719,-25.0264,295.59,23172.4
2963065,15.1486,-23.6161,295.4,30561.6
3144454,16.6683,-24.6803,292.56,30025.3
2867221,15.3106,-23.7347,290.63,30858.2
7541443,15.0053,-23.4939,288.6,22868.0
592521,16.7908,-24.965,288.32,47317.5
264892,16.7839,-22.915,287.09,57432.3
1134638,16.165,-22.8125,286.23,40030.9
2268035,16.7775,-24.7497,285.71,33049.5
9289275,15.0333,-23.5094,285.07,21370.2
6796864,16.9286,-25.2042,284.93,23648.7
1271351,16.1381,-22.76,284.85,38832.0
8394391,16.6014,-24.2014,283.4,22085.6
1424871,15.2011,-23.1864,282.83,37652.5
1084961,16.9014,-24.9769,281.81,40510.2
7305512,15.2244,-23.1217,281.28,23103.6
417106,16.1947,-22.7753,279.36,51585.9
2046386,16.8953,-24.9472,279.19,34040.9
7050706,14.9817,-23.5125,279.11,23369.5
3657154,15.0769,-23.5319,276.83,28690.6
2474198,16.8853,-24.9561,276.52,32227.7
1998817,15.2717,-23.7239,275.92,34270.4
6367483,14.9767,-23.5183,274.92,24144.6
4985826,15.0839,-23.5175,274.76,26077.9
5520075,16.8656,-24.9083,272.99,25258.8
4847047,16.9078,-24.9814,270.66,26309.0
1899563,15.0714,-23.5436,270.52,34768.7
9342655,17.1714,-25.0883,270.49,21328.4
9513616,16.7828,-24.7519,267.8,21205.6
353944,16.7403,-24.74,267.41,53651.5
2305490,16.8958,-24.9631,266.07,32894.9
2795265,16.1197,-22.7628,266.0,31092.7
1365651,16.62,-24.2831,265.62,38091.5
10981468,15.1967,-23.6228,264.25,20221.3
5603175,15.1178,-23.5661,263.04,25142.5
2203463,15.2539,-23.7256,262.72,33325.9
9795435,16.8186,-25.0131,262.56,21003.3
8648513,16.9056,-24.9792,262.19,21871.1
11444608,16.1114,-22.7594,261.44,19945.3
4633184,15.0931,-23.7556,260.94,26681.7
8397555,16.0478,-22.7658,260.32,22082.7
4470599,15.3147,-23.7417,259.99,26978.5
1933511,15.1633,-23.5989,259.56,34594.2
5905186,15.1669,-23.5969,257.52,24731.2
320899,16.8053,-22.9797,257.31,54919.0
3157570,14.9428,-23.5486,256.39,29989.2
10238980,15.0575,-23.4867,256.18,20697.7
3972685,14.9322,-23.5825,255.05,27975.6
6399643,16.1311,-22.7672,254.64,24107.6
2371647,16.1147,-22.7528,254.32,32626.5
10452056,15.2708,-23.7122,253.14,20558.7
9576635,16.5822,-24.135,250.35,21157.4
3589487,16.1283,-22.7764,249.06,28852.3
6165597,15.2606,-23.7147,248.9,24394.0
1437124,15.2017,-23.1219,248.64,37566.1
5857724,16.9039,-24.9592,248.62,24792.9
7709344,15.0183,-23.5011,247.58,22705.8
5037101,16.945,-25.1806,246.25,25997.1
9230935,16.7961,-25.0025,246.17,21411.9
2761503,15.1656,-23.5903,246.11,31203.2
5230740,15.2286,-23.6581,246.06,25691.5
471190,15.2817,-23.1308,245.45,50081.9
2472253,15.1531,-23.5889,245.3,32235.6
2510019,17.0319,-25.0853,244.7,32091.0
4417544,16.8219,-25.0483,244.37,27079.9
3148297,15.2075,-23.1683,243.91,30016.8
7527815,16.1678,-22.8325,243.87,22881.9
3658058,15.2067,-23.1269,243.35,28688.4
3725748,15.1314,-23.7594,240.81,28528.1
1355817,16.8258,-25.0394,240.77,38165.1
7628033,16.8025,-24.9394,240.71,22784.2
7486409,16.5986,-24.2592,239.91,22920.8
4312464,16.5783,-24.2786,239.87,27281.4
5044531,16.6353,-24.2142,239.26,25984.9
7157979,16.1233,-22.775,237.73,23254.7
6144117,15.1344,-23.5744,236.57,24422.7
6483213,15.1428,-23.7594,235.62,24007.0
4920482,16.7794,-24.9778,233.43,26187.6
8789199,15.2833,-23.72,233.39,21760.1
854266,16.8386,-25.0275,233.31,43126.2
9904637,15.3153,-23.7108,232.41,20927.3
10418806,15.2878,-23.7258,232.34,20577.3
762475,16.0836,-22.8089,231.92,44398.6
1586406,16.1392,-22.7986,231.26,36560.4
5830270,15.2403,-23.6753,230.29,24831.4
5484847,14.9425,-23.6497,229.47,25311.7
1681410,14.9456,-23.5233,228.39,35973.7
11717792,15.1497,-23.5944,228.28,19791.4
8381565,16.8664,-24.9042,227.58,22097.2
8851820,16.1953,-22.7692,227.05,21707.4
7473088,16.8492,-24.9281,226.48,22934.7
4213144,15.0856,-23.5547,225.8,27476.9
9541147,16.8031,-25.0261,225.09,21184.5
8467361,16.1753,-22.8314,223.07,22025.0
11078043,16.0856,-22.7583,223.0,20164.5
1814442,16.0989,-22.8,222.42,35218.4
2714311,14.9372,-23.5394,221.88,31362.0
6190327,16.8386,-25.0744,220.94,24365.2
3284149,15.1408,-23.5903,220.81,29636.6
8755922,16.5814,-24.2861,219.69,21783.5
4631928,15.1058,-23.5903,217.48,26684.1
4980170,15.1739,-23.7586,217.05,26087.7
3596468,16.7653,-24.7464,216.74,28834.6
7777888,16.1439,-22.8,215.34,22641.2
11650038,15.2322,-23.6669,214.5,19826.7
10578281,15.0711,-23.4939,213.11,20478.0
11102966,14.9539,-23.5378,211.88,20148.7
4971576,16.8369,-24.9489,211.88,26102.3
8049753,16.92,-25.2258,211.7,22386.5
11102955,15.2103,-23.1731,210.91,20148.7
10270002,15.1064,-23.565,210.41,20676.2
7214417,14.9339,-23.5361,210.19,23197.1
10123700,15.0206,-23.4919,208.95,20774.5
4889268,16.6142,-24.2894,208.23,26238.6
6731676,17.1414,-25.2122,205.97,23721.3
11366150,16.1483,-22.7994,205.68,19993.1
6969744,15.025,-23.5169,205.65,23456.6
5882756,15.1897,-23.6225,205.56,24762.0
10128026,15.175,-23.6008,205.54,20771.5
2776484,16.8481,-24.9581,204.96,31154.1
11296567,16.8514,-25.0461,204.45,20031.3
10922903,15.0819,-23.5411,203.88,20259.1
3268590,15.1733,-23.5919,203.63,29679.5
5386726,15.0994,-23.5428,203.58,25454.8
10724593,14.9717,-23.7006,200.26,20384.5
3229991,16.6375,-24.4147,200.12,29784.5
2216274,15.2131,-23.1217,199.68,33270.5
1218584,15.2781,-23.1422,198.57,39277.3
5596288,15.0786,-23.5547,197.93,25152.6
9277901,16.1167,-22.7581,197.6,21379.1
9486095,16.6167,-24.2886,197.26,21226.6
7369045,15.2083,-23.1375,196.6,23040.0
1745809,15.1428,-23.5539,195.77,35599.8
5057689,15.1511,-23.5769,195.69,25962.8
2164398,14.9258,-23.5292,195.33,33497.6
4393605,16.1681,-22.7342,194.2,27124.5
11307019,15.235,-23.6625,193.22,20025.0
3690746,16.8336,-25.0372,193.13,28610.6
8202209,17.1647,-25.0708,193.05,22252.3
1626027,14.9144,-23.5356,188.79,36310.4
11800411,16.9194,-25.2919,188.54,19743.0
5855866,16.8644,-24.9569,188.53,24795.5
7912176,16.8097,-22.9189,188.3,22514.2
6173517,14.9408,-23.6197,187.72,24383.5
7835108,16.0978,-22.8042,187.67,22584.8
7669467,16.6028,-24.2194,187.38,22742.2
11137799,15.0892,-23.5317,185.29,20126.5
2579828,16.8606,-24.9625,185.01,31835.9
11552465,16.1125,-22.7794,184.64,19884.5
6281612,16.125,-22.7825,183.84,24249.9
10037222,16.1228,-22.7703,182.9,20835.8
3392200,15.0256,-23.475,182.87,29351.4
8416709,16.7636,-24.7531,182.54,22065.4
10391567,16.9039,-24.9911,180.09,20595.9
9126994,16.0908,-22.8081,180.02,21495.0
3561530,16.0611,-22.7481,179.87,28920.7
11557675,16.8406,-24.9253,176.85,19881.3
7216895,17.1797,-25.0619,175.07,23194.4
8970504,16.8317,-24.9483,174.12,21613.2
5000638,16.1742,-22.8431,171.97,26055.9
4688131,16.2064,-22.7639,170.32,26586.0
4433018,16.1722,-22.8044,169.29,27049.3
938934,16.7739,-22.8858,165.8,42080.8
2392677,16.0756,-22.9467,164.74,32544.4
2548588,16.0322,-22.9025,163.35,31949.7
7700994,15.2386,-23.6428,162.99,22714.2
4902485,16.1303,-22.7869,160.99,26219.2
3874221,16.8775,-24.9661,160.79,28191.1
3643638,16.7992,-24.9494,160.74,28721.7
8879743,16.9047,-24.9942,160.2,21683.9
785404,16.6964,-22.9817,159.37,44065.8
5609893,15.0875,-23.5031,158.59,25132.4
7282320,15.0839,-23.4964,156.6,23128.4
9145368,16.6042,-24.075,156.27,21480.2
7206832,15.16,-23.5789,155.43,23205.4
4033207,16.9119,-24.9739,155.08,27847.7
6888208,15.2331,-23.1617,154.76,23546.1
8284644,17.1478,-25.0206,154.35,22180.6
6340455,14.9314,-23.6258,153.73,24178.8
4872632,16.1053,-22.7856,153.06,26267.8
7603246,15.3294,-23.7269,152.73,22809.4
1978846,16.0392,-22.9247,151.78,34366.9
1667268,16.8272,-24.8756,151.01,36060.4
1818761,16.1025,-22.6775,150.99,35196.7
5563389,14.9164,-23.5394,149.06,25198.2
1455338,16.8622,-24.9961,148.54,37440.3
4186316,15.0103,-23.4642,147.48,27530.2
6522701,15.2756,-23.6944,147.2,23961.8
4628071,14.9647,-23.4933,145.55,26691.2
4142467,16.0781,-22.7792,145.21,27620.3
5403058,16.955,-25.1586,144.65,25429.7
7995764,16.1042,-22.7828,144.62,22437.6
7457107,16.1386,-22.7875,144.57,22951.4
4379633,16.8219,-24.8919,143.51,27152.7
9030342,16.1036,-22.8092,143.06,21569.0
9367960,15.2364,-23.1731,142.82,21313.4
901062,16.6222,-24.5781,141.98,42534.1
2349663,16.0203,-22.8614,141.88,32716.2
10123692,15.2278,-23.7411,141.06,20774.5
9109908,16.8292,-24.9642,140.69,21503.9
7593804,16.6131,-24.1164,140.21,22815.0
1645277,14.8383,-16.9994,139.6,36192.6
7786453,16.0539,-22.9167,139.54,22632.7
8168798,17.1233,-24.9956,138.0,22283.8
4177519,16.1681,-22.7653,136.98,27548.7
9375600,16.1294,-22.7461,135.23,21307.5
8111817,14.9314,-23.5217,134.78,22332.3
6731700,16.1514,-22.7933,134.68,23721.3
4445008,14.93,-23.4764,134.59,27025.7
2132147,16.215,-22.9125,133.97,33641.8
6799086,16.8261,-22.9008,133.6,23646.0
1099081,16.8564,-24.8639,132.65,40371.6
9354215,16.1861,-22.795,131.18,21319.4
7563724,16.8764,-24.9761,130.42,22845.7
2838052,16.1258,-22.8331,130.31,30953.1
11366204,15.2219,-23.1614,129.43,19993.1
3049985,14.6581,-16.9858,129.29,30299.9
7024033,14.7008,-16.9947,127.83,23399.5
5486454,16.8708,-24.97,126.4,25309.2
6791484,16.2067,-22.7739,125.9,23651.4
6765841,15.1314,-23.5894,125.47,23681.0
6431200,15.3242,-23.7164,125.06,24067.9
6142134,16.1872,-22.8575,124.89,24425.3
10328951,16.1647,-22.7628,124.14,20639.2
3037028,16.1414,-22.6964,123.21,30339.8
8625018,15.1942,-23.1125,122.94,21891.5
6773045,15.0783,-23.4922,122.77,23672.9
7616993,16.0153,-22.8772,122.62,22795.4
6897738,16.1817,-22.7764,121.94,23535.2
6493951,16.8836,-24.9731,121.4,23993.7
2213617,16.0161,-22.8953,120.66,33280.0
10690004,16.8014,-24.9586,120.13,20403.2
11839159,15.1858,-23.1158,119.5,19720.4
2911439,16.7675,-22.9072,119.01,30721.7
5919965,16.8572,-24.8678,118.39,24710.5
5798368,16.1131,-22.8028,118.37,24872.4
11574621,16.1594,-22.8633,117.44,19871.7
10110650,16.1472,-22.8117,116.01,20783.7
7530583,14.9783,-23.4767,115.99,22879.1
3777340,15.0864,-16.8433,114.97,28409.4
3953219,16.8731,-24.9833,114.92,28016.5
11137794,15.2069,-23.1175,114.17,20126.5
3292009,15.0931,-16.8539,113.44,29617.2
7963186,16.0767,-22.7831,113.23,22468.9
6960160,16.7461,-24.7306,112.68,23467.5
5452562,16.8894,-24.9831,110.88,25357.0
3497486,14.6311,-16.9692,110.85,29081.0
9716251,16.0642,-22.7689,107.15,21057.8
9783376,15.1231,-23.5361,106.95,21012.4
6435551,15.0944,-23.5378,106.15,24062.6
7703754,17.1197,-25.2569,105.64,22711.4
11822599,14.95,-23.6581,105.23,19730.1
3948219,16.0681,-22.8422,104.79,28027.9
9406569,16.2031,-22.7525,104.32,21283.5
1835927,14.7239,-17.5017,104.23,35102.4
4893680,16.7847,-22.9247,103.88,26231.4
5127269,16.8367,-25.0628,103.41,25849.7
2504928,16.7569,-22.9425,103.22,32110.8
9533239,16.8583,-24.9925,103.19,21190.5
7525147,14.9725,-23.4692,102.61,22884.7
5373276,16.6589,-22.8858,102.46,25472.3
3434222,14.6147,-17.0644,100.69,29240.5
10578280,15.0847,-16.8425,99.69,20478.0
3909773,16.0158,-22.9047,99.53,28111.9
3227782,16.9197,-24.9644,99.45,29790.9
4532875,15.1158,-16.8228,97.67,26864.9
11844634,14.7225,-17.1197,95.66,19717.2
9799573,15.0094,-23.4556,95.53,21000.3
8162677,15.2425,-23.1192,94.07,22289.5
6194314,14.7222,-17.495,93.47,24360.0
11633987,15.0492,-16.8428,93.34,19836.4
3127559,16.1919,-22.9119,93.23,30076.2
10293657,16.1256,-22.8581,93.04,20663.8
4509304,15.3283,-23.7119,92.93,26907.6
5023771,16.8264,-25.0556,92.89,26016.7
7737312,16.1486,-22.7106,91.94,22677.7
2028373,14.965,-24.6883,91.4,34126.9
4540300,15.3308,-23.7542,89.22,26850.7
4993494,16.7047,-22.9797,88.17,26068.1
6256995,16.9267,-25.3106,86.73,24281.4
10578279,15.1131,-16.7836,86.37,20478.0
3662498,14.8978,-24.6822,85.61,28677.3
9954577,15.2542,-23.1328,84.62,20890.8
9545108,15.1019,-16.8361,83.16,21181.5
6569166,14.5458,-17.0947,82.81,23905.9
7950314,16.1089,-22.8333,79.94,22477.4
3617586,16.7542,-24.6872,78.69,28783.7
8102595,16.8856,-25.0267,78.2,22340.9
4112884,16.9047,-24.9267,77.87,27680.2
6107846,15.0425,-24.3414,76.14,24467.0
10724358,19.2806,-15.8114,74.83,20384.5
11407729,16.7475,-22.9267,74.39,19967.6
7633581,14.5389,-17.1019,73.58,22778.6
9775237,16.6678,-22.8781,72.62,21018.5
8118002,14.9425,-23.6617,70.82,22326.6
11601651,16.0725,-22.855,70.17,19855.6
7728909,14.6069,-17.1267,68.58,22686.1
11220146,16.0494,-22.6894,66.37,20079.0
9917084,14.6719,-16.7361,64.36,20918.2
3694436,14.9658,-24.6411,64.2,28601.7
11761761,14.7031,-16.7375,63.13,19765.6
8516953,11.7758,-15.2311,59.74,21981.5
11628657,11.5183,-15.1372,59.29,19839.6
11355951,13.7331,-15.8953,56.75,19999.5
8284655,16.8908,-24.9928,56.43,22180.6
5236895,11.8506,-15.6439,55.8,25681.5
9912949,15.1772,-23.7697,55.68,20921.2
8022926,11.1819,-15.1133,54.11,22412.1
4899267,11.1986,-15.325,53.96,26221.6
11332851,15.3194,-23.7656,53.33,20009.1
5025241,11.4847,-16.0111,53.11,26014.3
5844882,11.3383,-15.4958,52.74,24810.9
9041091,13.7231,-16.3558,52.49,21560.1
9350492,11.9306,-15.5511,50.51,21322.4
9618764,11.1681,-15.1408,50.5,21130.3
9300816,11.3536,-15.2714,49.79,21361.2
11311976,19.4292,-16.1906,49.61,20021.8
5621942,11.0411,-15.6286,49.5,25114.6
5680018,11.25,-15.7006,49.18,25033.3
5690598,11.5608,-16.2917,49.12,25018.0
11276465,11.3906,-15.2553,48.33,20044.1
11612558,15.2614,-16.8086,47.97,19849.2
7709353,14.6589,-17.4397,47.74,22705.8
11596411,11.36,-15.2869,46.51,19858.9
7026579,11.1875,-15.1406,46.14,23396.8
11230593,12.0903,-16.3158,45.38,20072.6
9844739,11.4075,-15.3992,45.23,20966.9
7209413,12.2886,-16.5939,44.37,23202.6
10378012,13.6672,-15.3622,44.3,20605.2
6945894,13.5158,-15.5222,44.29,23483.7
7379589,11.2261,-15.8747,41.62,23029.0
7413751,11.3675,-15.7858,41.49,22993.0
7642010,11.495,-16.2161,40.69,22770.2
7797878,11.5581,-15.9914,40.16,22621.5
7912266,13.5594,-15.3686,39.78,22514.2
9557074,11.3892,-15.3061,39.65,21172.5
10601386,13.4942,-15.4994,39.63,20462.4
8526901,12.415,-16.7711,39.17,21972.8
8187059,11.4544,-15.7028,38.91,22266.6
8430017,11.5808,-15.5147,38.17,22053.9
8433212,11.3878,-16.1428,38.16,22051.0
11855749,18.2325,-15.7278,38.06,19710.7
8614921,11.3581,-15.8683,37.64,21900.2
8718251,11.8617,-16.2633,37.35,21815.7
9141713,13.5239,-15.3528,37.11,21483.2
8862508,11.31,-16.0964,36.95,21698.6
9030475,11.2322,-16.2433,36.51,21569.0
11307098,13.4961,-15.4386,36.33,20025.0
9134529,11.5694,-15.9247,36.24,21489.1
9266917,11.8089,-16.0522,35.9,21388.0
9278057,11.1444,-16.0761,35.87,21379.1
9588865,14.665,-17.3975,35.1,21148.4
9799687,11.1739,-16.0114,34.61,21000.3
10443150,13.4575,-15.3486,33.19,20564.9
10488477,11.1428,-15.9997,33.09,20533.9
10548907,11.5197,-15.9531,32.96,20493.6
11563157,13.5811,-15.3797,31.89,19878.1
11734201,13.4792,-15.3092,31.72,19781.7
