7,-78.4092,-85.8658,4918.81,250353.6
3932,-78.5256,-85.6175,4895.12,121805.1
1279206,-78.5264,-85.575,4866.8,38769.6
592458,-78.5317,-85.5058,4836.08,47318.9
1507838,-78.5256,-85.5467,4826.8,37077.8
404030,-78.5467,-85.6533,4786.49,51986.9
7524,-78.4633,-85.725,4732.83,111321.7
1452694,-78.5275,-85.465,4719.12,37457.4
2692334,-78.545,-85.5917,4673.14,31439.1
1286941,-78.5503,-85.525,4641.44,38705.4
42068,-78.4025,-85.9783,4638.31,84086.7
830862,-78.5583,-85.5725,4636.59,43435.3
303611,-78.4256,-85.8942,4555.48,55640.5
808272,-78.5164,-85.6942,4521.81,43740.8
689844,-78.5389,-85.4033,4509.88,45540.5
3479084,-78.5667,-85.5833,4509.61,29127.0
10020285,-78.5469,-85.71,4496.93,20848.0
447561,-78.4439,-85.8367,4493.2,50713.9
7204520,-78.5094,-85.7008,4473.46,23208.1
29581,-78.6083,-85.3075,4462.31,89516.0
4934445,-78.5942,-85.2867,4429.32,26163.3
1920977,-78.6236,-85.2658,4378.84,34658.6
4637091,-78.6178,-85.2742,4361.22,26674.5
952529,-78.6331,-85.2292,4355.35,41923.1
11778860,-78.3992,-85.9633,4300.15,19755.9
4956105,-78.6006,-85.24,4247.52,26129.1
2786133,-78.4033,-85.9475,4236.86,31121.4
2949107,-78.4036,-85.93,4200.29,30603.2
5655754,-78.5756,-85.3092,4150.41,25068.9
4097997,-78.3831,-85.9733,4138.37,27712.4
2488,-78.1483,-86.1858,4126.87,129577.2
291217,-78.1781,-86.1633,4109.53,56184.1
21533,-78.2897,-86.0883,4067.99,94604.7
6294185,-78.5783,-85.29,4064.81,24234.1
3549691,-78.3022,-86.08,4063.86,28951.5
187887,-78.3264,-86.1042,4052.3,62064.4
20850,-78.2025,-86.1658,4023.26,95075.0
937097,-78.1633,-86.1983,4002.09,42100.5
135112,-78.2244,-86.1525,3977.01,66679.6
7350835,-78.5789,-85.4017,3951.67,23059.4
10874700,-78.1583,-86.1858,3947.27,20290.5
4988837,-78.2233,-86.1617,3936.84,26073.0
9997333,-78.4506,-85.6725,3926.81,20860.2
5419255,-78.1683,-86.1792,3917.42,25404.7
138862,-78.3594,-86.0767,3897.03,66288.6
7781026,-78.225,-86.1417,3895.66,22638.4
4214382,-78.3708,-86.0233,3815.94,27474.6
371721,-78.3478,-86.1092,3798.96,53029.2
4923409,-78.2894,-86.1158,3771.57,26182.7
42923,-78.3072,-85.9158,3754.22,83787.6
1745218,-78.5108,-85.3792,3747.67,35603.4
849163,-78.2906,-86.1392,3740.29,43191.1
7413868,-78.2144,-86.1833,3735.69,22993.0
7250310,-78.4583,-85.5258,3694.25,23158.7
6014694,-78.3428,-86.0975,3691.55,24589.1
3401,-78.015,-85.9825,3681.7,124188.4
8524,-78.1203,-85.9025,3670.01,109399.8
7987010,-78.2911,-86.1158,3663.41,22446.2
7005802,-78.1156,-85.8917,3658.72,23415.8
11195334,-78.4483,-85.6533,3652.54,20094.9
753,-76.7992,-117.6592,3645.81,150360.5
2271801,-78.1058,-85.8708,3636.05,33036.0
10320602,-76.8172,-117.6733,3616.9,20645.3
455,-75.7975,-115.8133,3593.64,160368.4
647926,-78.0953,-85.8758,3592.45,46267.8
7972363,-78.6261,-85.165,3556.39,22460.4
21929,-76.7256,-117.7417,3549.98,94332.3
12120,-78.5033,-84.8792,3521.08,103648.0
331,-76.2814,-112.1267,3517.34,166816.2
22339,-78.2644,-86.16,3511.94,94010.9
14431,-78.1136,-86.2517,3506.4,100903.3
2684237,-76.7156,-117.8417,3490.85,31467.5
10470513,-78.4328,-85.7592,3490.13,20546.3
140638,-78.5544,-85.1075,3474.34,66109.6
5575180,-78.1142,-86.2608,3467.21,25180.5
8873247,-78.5594,-85.1283,3445.75,21689.8
185727,-77.9831,-85.9883,3442.3,62224.4
200633,-78.6056,-85.6233,3417.2,61156.5
4382111,-78.2189,-86.1283,3394.32,27148.0
97645,-78.4961,-85.9433,3366.38,71339.1
1730375,-78.2547,-86.12,3364.49,35689.2
6498407,-78.4306,-85.7417,3362.93,23988.4
6194456,-78.4286,-85.7292,3353.66,24360.0
5159206,-78.305,-85.975,3352.09,25800.3
2086179,-75.8125,-115.8808,3347.42,33853.2
7033915,-78.1158,-86.2183,3334.32,23388.6
747002,-78.1628,-86.035,3333.18,44629.0
5803776,-78.1669,-86.0583,3330.6,24864.8
5662702,-78.1294,-85.9367,3330.14,25058.7
61693,-77.9522,-86.0567,3317.52,78228.0
2791000,-78.4233,-85.7,3313.6,31105.0
1145363,-78.1556,-85.9958,3307.85,39928.9
3319773,-78.4944,-85.9108,3292.39,29541.8
5945813,-77.9931,-85.9758,3282.55,24679.6
2309152,-77.9417,-86.0475,3236.1,32879.4
7655,-78.6961,-85.0225,3224.33,111085.6
34379,-78.46,-84.9208,3190.11,87197.1
2030689,-78.5078,-84.9408,3183.37,34115.7
6367632,-78.6356,-85.37,3183.23,24144.6
75216,-78.6433,-85.4875,3162.42,75249.1
2378788,-78.5442,-85.0667,3160.5,32599.2
653665,-77.9292,-86.0492,3159.86,46163.0
893447,-78.2183,-86.0383,3135.05,42629.9
974251,-78.4889,-85.8675,3134.16,41677.7
3161255,-78.44,-85.5992,3125.25,29978.6
1569435,-78.0208,-86.0875,3122.53,36670.1
618980,-78.0944,-86.2192,3101.45,46803.1
452713,-78.0303,-86.1133,3094.79,50574.3
634361,-78.2431,-86.1825,3076.33,46513.6
9553366,-78.2744,-86.0217,3070.85,21175.5
11531538,-78.2194,-86.0675,3064.73,19897.3
302706,-75.8103,-116.1,3051.49,55677.1
7029109,-77.9681,-85.9775,3051.27,23394.0
20725,-78.7544,-85.0067,3049.08,95163.4
86658,-78.4933,-85.0075,3039.85,73100.0
11634411,-78.4314,-85.5658,3026.77,19836.4
226736,-78.5222,-84.9917,3025.03,59496.3
558365,-78.0761,-85.8608,3023.89,48025.9
8625328,-78.035,-86.1042,3023.23,21891.5
62394,-78.0822,-85.7017,3019.34,78054.3
2703648,-78.075,-85.6767,3014.13,31400.6
5007877,-78.0928,-86.2625,3011.22,26043.7
192792,-78.4786,-85.3008,3008.87,61707.2
8127578,-78.0433,-86.1017,3004.92,22318.1
150792,-78.0731,-86.1983,3003.54,65110.4
10655,-82.4606,-103.8889,2994.88,105687.1
970702,-78.1492,-86.3067,2993.18,41717.4
544185,-78.1931,-86.0025,2971.62,48328.7
202213,-78.4686,-85.2525,2956.35,61055.4
50367,-78.0542,-85.6967,2944.98,81321.9
1210642,-77.9239,-86.1017,2940.45,39345.4
338723,-78.1011,-85.7883,2937.46,54211.5
3727658,-78.1944,-86.0208,2925.94,28523.6
9231324,-78.4156,-85.6933,2919.38,21411.9
10587920,-78.4681,-84.95,2915.37,20471.8
1637890,-78.2,-86.0708,2910.61,36236.6
76375,-78.7294,-84.9533,2907.65,75013.3
1975705,-78.0956,-86.3358,2894.67,34383.6
3977739,-78.4325,-85.9975,2892.61,27964.2
2506999,-78.6144,-85.71,2884.46,32102.9
742458,-78.0561,-86.1158,2872.84,44697.5
58873,-78.7756,-84.8858,2872.17,78924.5
114278,-78.2944,-85.8,2864.86,69061.1
1485264,-78.5858,-85.105,2848.92,37230.5
8262918,-78.1975,-86.0492,2847.55,22200.7
807544,-78.6042,-85.0758,2845.69,43751.0
44633,-77.89,-86.155,2842.63,83176.3
248797,-76.6611,-118.1133,2832.08,58262.7
3085318,-78.0442,-85.7283,2831.09,30198.8
33505,-78.2611,-85.5633,2826.82,87595.1
5671444,-78.55,-85.9125,2821.79,25046.0
1677479,-82.4725,-103.8792,2817.26,35998.5
3744476,-78.5325,-85.0133,2816.76,28485.6
79632,-78.6725,-85.1292,2813.64,74354.7
6096044,-78.5339,-85.0342,2807.64,24482.6
10239340,-78.3828,-85.8883,2805.18,20697.7
171727,-78.3481,-85.6083,2800.49,63287.3
3055585,-78.0664,-86.15,2795.36,30283.0
198845,-77.9639,-85.8808,2790.56,61282.4
46622,-78.3664,-85.0442,2788.12,82514.9
894473,-78.2636,-85.9108,2784.78,42616.4
870097,-82.4494,-103.7056,2781.29,42921.8
3603724,-82.4717,-103.9208,2779.89,28819.1
24860,-78.1161,-85.435,2778.74,92301.1
9888214,-78.3917,-85.7058,2778.29,20939.5
6346749,-78.6528,-85.5375,2777.38,24170.9
11751225,-78.3681,-85.0517,2776.21,19772.0
1493128,-82.4378,-103.9708,2773.43,37177.4
5363839,-78.73,-85.01,2766.1,25487.3
1714896,-78.5022,-84.7667,2760.86,35778.4
744954,-78.1439,-86.4225,2756.5,44659.0
1111315,-78.5694,-85.9158,2755.73,40253.1
641640,-78.5364,-84.9625,2753.47,46383.3
1708876,-78.1258,-85.4758,2748.19,35812.2
756619,-78.3586,-85.5992,2745.01,44484.6
1411619,-78.6489,-85.5833,2741.62,37750.5
117811,-77.8708,-86.1358,2740.17,68619.7
2228512,-78.5642,-85.8667,2737.92,33214.9
2114279,-78.2847,-85.8192,2735.56,33725.0
4688239,-78.3894,-85.695,2733.35,26586.0
7809530,-82.4617,-103.7833,2732.21,22610.2
3366,-77.6114,-86.0492,2729.77,124354.5
1467422,-78.6858,-84.9583,2729.29,37353.5
226978,-78.255,-85.8625,2727.12,59482.4
126487,-78.145,-85.4383,2726.12,67607.6
549497,-82.5253,-103.5458,2725.39,48213.9
31532,-78.3281,-85.07,2715.66,88496.0
2070185,-76.6686,-118.0558,2710.61,33928.4
101780,-78.1278,-85.5942,2704.64,70731.0
2297176,-78.3817,-85.81,2704.48,32927.8
4332141,-77.8664,-86.1283,2701.63,27241.7
476171,-78.6283,-85.04,2700.92,49951.9
3734093,-78.6267,-85.02,2699.09,28508.0
93302,-78.4719,-84.6675,2698.04,71996.1
6136409,-78.27,-85.95,2696.44,24433.1
11038834,-78.3547,-86.24,2695.19,20189.7
11856354,-78.4811,-84.9917,2689.74,19710.7
52464,-77.6517,-86.0442,2681.55,80695.9
3315138,-78.6769,-85.1633,2681.26,29554.8
468222,-78.5775,-85.0067,2669.63,50160.7
1698790,-77.9567,-86.1283,2663.7,35870.8
703933,-78.3817,-85.7208,2658.54,45306.2
3057662,-76.6989,-118.0517,2658.47,30276.7
2946543,-78.2739,-85.7925,2657.49,30611.6
369482,-77.9822,-86.0933,2656.25,53107.2
2164813,-78.1483,-85.5242,2656.15,33495.7
2182885,-78.3397,-85.6517,2650.26,33415.7
280324,-78.4817,-86.0317,2649.15,56686.4
3435970,-82.5244,-103.7153,2640.38,29236.2
984739,-78.3656,-85.7108,2640.37,41559.8
77081,-78.1211,-86.6683,2639.09,74874.7
623,-75.345,-110.7367,2635.71,154291.7
106335,-80.5494,-96.6653,2632.61,70112.2
3431862,-78.3603,-85.645,2625.16,29247.1
89686,-78.1903,-85.3142,2624.78,72583.1
990302,-78.0044,-86.1258,2623.88,41498.4
5683516,-78.4486,-84.87,2621.0,25028.2
9009063,-78.3575,-85.5725,2619.61,21586.7
59434,-77.5828,-85.7092,2614.62,78783.9
1604269,-78.4692,-84.6392,2614.59,36447.0
6685711,-76.6717,-118.0308,2608.37,23772.3
431841,-78.6147,-84.9508,2608.36,51151.8
455467,-78.0381,-85.6217,2603.73,50502.4
8368838,-78.4394,-85.4675,2603.32,22108.7
427488,-78.5317,-84.905,2601.3,51278.6
111949,-78.1764,-85.3358,2600.93,69362.1
827108,-77.5742,-85.7725,2600.37,43485.1
6907311,-78.1789,-85.3525,2600.19,23524.4
315889,-78.3389,-85.5183,2598.54,55122.8
3853601,-77.5744,-85.8042,2596.92,28236.2
187865,-78.3403,-85.0275,2596.43,62065.5
226777,-78.7967,-84.9033,2595.35,59494.1
416999,-78.4267,-85.3608,2594.34,51589.6
72615,-77.8033,-86.2825,2592.65,75793.2
1148455,-78.4167,-85.3883,2589.95,39901.7
246477,-77.9236,-86.185,2588.38,58385.1
118471,-78.3281,-85.1467,2586.71,68537.9
9149449,-78.4097,-85.3908,2584.93,21477.2
2852033,-78.1486,-85.42,2581.15,30909.8
198887,-78.3842,-85.1883,2579.53,61280.3
6618265,-78.0789,-85.6317,2577.36,23849.9
1042214,-78.7058,-85.1425,2575.3,40948.2
9179053,-78.1886,-85.9708,2573.0,21453.5
196728,-78.4375,-84.8075,2572.29,61426.8
11756846,-76.8633,-117.64,2570.21,19768.8
536799,-78.6478,-85.125,2565.06,48491.9
1294943,-78.1697,-85.3083,2563.7,38639.5
2203910,-78.4019,-85.6192,2561.47,33324.0
3652547,-78.005,-86.1733,2554.51,28699.5
3803156,-78.7833,-84.8408,2551.88,28351.1
215382,-78.6144,-84.8617,2545.14,60196.8
8745865,-77.5717,-85.8267,2543.53,21792.3
335960,-77.6372,-86.0708,2542.89,54318.3
336842,-78.3928,-85.2792,2535.46,54285.4
10221912,-78.2958,-85.865,2529.68,20710.0
428669,-82.6831,-104.4403,2527.47,51243.8
299009,-78.0692,-86.3533,2526.77,55836.0
151169,-77.7892,-86.3092,2524.19,65074.2
345163,-77.8508,-86.1825,2523.94,53974.7
643149,-78.1403,-86.5017,2521.74,46354.4
5695995,-78.0667,-85.6292,2521.72,25010.4
2346846,-78.6561,-85.0958,2521.08,32727.9
4463525,-78.4553,-85.21,2519.06,26992.7
9281949,-82.3781,-103.0,2518.59,21376.1
9716596,-78.6836,-84.9058,2518.58,21057.8
3471678,-78.6714,-84.9775,2518.51,29146.7
659864,-82.6875,-104.3111,2515.74,46053.8
603788,-77.8731,-86.1883,2515.25,47094.8
11286932,-78.7378,-84.9575,2514.48,20037.7
9787764,-82.5472,-103.725,2514.2,21009.4
4719432,-78.6781,-84.985,2513.11,26528.4
211738,-78.7811,-84.7133,2512.22,60428.1
117400,-82.5819,-105.8958,2511.54,68673.5
8799611,-78.3872,-85.2783,2509.92,21751.4
837134,-82.3742,-103.5111,2508.83,43351.6
166069,-77.8281,-86.2317,2505.73,63751.7
775627,-82.6569,-103.9542,2505.01,44204.4
3944406,-78.4997,-86.0442,2501.93,28037.0
1978150,-78.5411,-84.8125,2501.63,34370.6
4550411,-82.5875,-105.8903,2501.39,26831.7
590743,-78.0614,-86.2425,2499.86,47353.9
3482363,-78.5275,-84.8558,2498.66,29118.2
8102876,-82.6814,-104.2486,2496.26,22340.9
197495,-77.8672,-86.0508,2490.76,61373.8
2545958,-78.3372,-86.2842,2489.81,31959.7
11006570,-78.5967,-84.9925,2485.87,20205.5
2720766,-78.6508,-85.08,2485.26,31341.7
35177,-81.9417,-89.8042,2483.52,86858.1
2123770,-80.6308,-96.6653,2483.26,33679.7
9913242,-80.6286,-96.6736,2482.92,20921.2
1187173,-78.4478,-85.1975,2481.01,39550.5
571898,-80.4244,-97.7944,2476.82,47741.1
158488,-77.9397,-85.7758,2476.53,64415.8
7650336,-77.6681,-86.0067,2475.13,22761.8
10829380,-77.9833,-86.0517,2474.68,20315.6
3955291,-78.5378,-84.8333,2471.6,28012.0
1366306,-78.2683,-85.76,2470.86,38086.5
8278657,-82.3833,-103.5264,2469.15,22186.4
583004,-77.8136,-86.26,2469.03,47509.7
3017949,-77.9061,-86.1142,2468.45,30396.4
5096317,-75.3264,-110.7633,2466.9,25901.4
1883302,-78.7825,-84.7692,2466.7,34854.7
6826789,-78.1333,-85.4833,2466.51,23613.6
2423264,-78.1769,-86.3967,2466.4,32424.8
337237,-75.3433,-110.8592,2464.98,54269.0
298627,-78.1619,-85.3825,2464.31,55852.0
10549132,-78.05,-85.6583,2464.11,20493.6
20143,-79.7111,-84.4025,2463.47,95617.6
1124985,-78.1072,-85.5233,2460.79,40121.5
7740370,-78.1667,-85.2825,2460.48,22674.9
4354550,-78.0614,-85.6058,2459.2,27199.6
7650335,-78.4811,-86.0792,2458.59,22761.8
6012876,-78.5769,-85.8192,2457.48,24591.6
184893,-79.6797,-84.3583,2455.33,62284.8
537339,-78.0261,-86.31,2452.69,48480.1
392667,-77.7692,-86.3283,2451.62,52343.6
5261456,-78.3364,-84.9842,2451.4,25641.8
950988,-78.1597,-85.4633,2450.71,41941.3
3742642,-78.5942,-85.7825,2450.14,28490.1
754779,-79.7156,-84.3633,2449.37,44511.8
5133790,-78.3669,-86.2242,2447.61,25842.3
289128,-78.6686,-85.5642,2447.31,56279.2
1537574,-78.0319,-86.2317,2442.78,36878.0
7993017,-78.2494,-85.8717,2442.48,22440.5
380102,-77.5753,-85.9942,2441.63,52750.9
953063,-79.6936,-84.355,2438.49,41917.0
2089335,-82.435,-104.0472,2434.78,33840.1
3928529,-82.685,-104.3792,2434.47,28073.3
1114470,-78.7247,-85.0992,2432.99,40223.0
8057257,-78.1467,-85.3942,2430.13,22383.6
2553849,-75.3317,-110.8242,2427.56,31929.8
380607,-77.9128,-86.2058,2426.21,52734.0
4256935,-78.3694,-84.9975,2425.82,27388.7
311184,-78.5214,-86.8117,2421.68,55319.0
1077052,-78.3775,-85.1167,2420.63,40587.2
425067,-77.9447,-85.8808,2420.44,51353.1
1439965,-78.4072,-85.2708,2416.46,37547.4
11740183,-78.1792,-85.385,2416.42,19778.5
4384405,-78.38,-85.1375,2414.08,27143.3
1342329,-78.4431,-85.1792,2413.29,38270.1
1015408,-78.1378,-85.8142,2410.39,41227.3
3435976,-78.6197,-84.8875,2406.91,29236.2
8687939,-81.9133,-89.6125,2406.8,21842.0
482565,-78.3103,-85.1425,2402.68,49784.6
935348,-77.7781,-86.3142,2402.41,42121.7
3382374,-78.4814,-84.7092,2402.27,29375.3
9131016,-82.4528,-104.0319,2401.22,21492.0
374919,-78.7586,-84.66,2401.19,52919.8
3920005,-78.7175,-84.86,2399.54,28089.2
4844406,-77.8539,-86.155,2394.12,26313.8
4628175,-78.7583,-85.0825,2393.26,26691.2
1753692,-77.8342,-86.1917,2387.79,35555.1
2086178,-78.18,-85.4242,2387.37,33853.2
1935662,-78.2481,-85.6508,2387.11,34585.0
2383575,-78.0883,-86.4292,2384.85,32579.6
5145672,-78.1194,-86.7283,2380.26,25822.6
175921,-77.6878,-86.0558,2378.97,62966.4
4716763,-78.1333,-85.3975,2378.82,26533.2
737208,-79.7267,-84.3167,2378.73,44775.8
672440,-78.4164,-84.935,2377.69,45836.1
7894864,-79.7242,-84.3733,2377.54,22531.2
8779026,-78.5989,-85.8333,2375.45,21768.9
1276243,-78.7628,-84.6983,2373.39,38792.6
11048737,-82.6381,-103.8014,2372.49,20183.4
4724714,-78.5189,-86.7558,2371.53,26518.8
7734711,-78.1281,-85.5225,2370.64,22680.5
1557639,-78.2631,-85.7067,2369.83,36748.2
8638634,-78.4689,-84.5758,2368.63,21879.9
1392814,-78.0164,-85.5942,2368.25,37886.9
9775607,-78.1308,-86.3842,2368.0,21018.5
756263,-77.82,-86.2408,2367.67,44490.3
37989,-76.9469,-116.8625,2366.98,85644.5
711986,-78.7042,-85.2033,2366.81,45176.7
3529895,-78.3694,-85.1317,2365.18,28999.8
808894,-78.0728,-85.5725,2364.93,43732.0
1157411,-78.2028,-85.2442,2360.23,39818.6
849281,-77.5683,-86.0075,2360.04,43189.6
842514,-77.8333,-86.1225,2358.86,43279.5
11190254,-78.2456,-85.8583,2358.66,20098.0
2749176,-78.5186,-86.6958,2357.64,31244.0
4699855,-78.4536,-85.0108,2352.99,26564.4
26306,-77.91,-85.5317,2352.94,91393.8
11526238,-78.6961,-84.8942,2352.76,19900.5
3948293,-82.5267,-103.8306,2352.36,28027.9
11552952,-77.6842,-86.0583,2350.26,19884.5
3978742,-78.2583,-85.7083,2346.86,27961.9
4817167,-78.2372,-86.3325,2346.81,26362.2
7478654,-78.4942,-86.885,2346.0,22929.2
5132276,-77.9428,-86.1475,2345.66,25844.7
1588903,-78.1847,-85.2725,2342.83,36546.5
1962907,-78.0517,-86.2533,2342.27,34446.5
2450817,-78.3297,-85.4658,2342.22,32318.5
1055086,-79.6714,-84.3375,2341.92,40815.8
6210429,-77.5644,-85.91,2340.81,24339.0
1452691,-82.5819,-105.9764,2340.3,37457.4
23436,-77.5892,-86.2967,2338.46,93217.4
245526,-78.0483,-86.5042,2338.42,58436.3
247829,-77.9222,-86.3517,2338.07,58313.0
9865535,-78.3697,-85.0875,2337.91,20951.7
704266,-77.8314,-86.0483,2337.8,45300.6
218073,-78.2128,-85.2183,2336.87,60028.3
2115493,-81.9633,-89.9208,2334.84,33719.4
442717,-81.8817,-89.3917,2332.11,50845.7
2235104,-78.7086,-85.2308,2332.09,33188.0
656516,-78.1522,-86.6825,2330.79,46113.3
2885710,-78.545,-86.8283,2330.73,30800.4
537283,-78.1497,-85.2908,2330.72,48481.4
5293272,-78.0267,-85.6017,2329.69,25594.6
6249213,-78.2389,-85.8267,2326.52,24291.9
565907,-78.5525,-84.7658,2325.37,47866.4
4152311,-78.3756,-85.3367,2324.91,27599.5
8202529,-78.7756,-84.7017,2316.56,22252.3
1586167,-78.1283,-86.5933,2315.93,36562.2
4805890,-77.8961,-86.0817,2315.6,26379.1
9820179,-78.6631,-85.3775,2312.22,20985.1
3180912,-77.7947,-86.2717,2306.44,29923.2
989522,-77.5564,-85.7708,2304.71,41507.7
10991675,-78.6764,-84.8867,2302.01,20215.0
4855314,-78.1411,-85.3592,2300.57,26294.4
5310333,-77.5506,-85.7783,2300.17,25567.2
1799044,-78.6564,-84.9033,2299.39,35303.3
11163227,-78.0231,-86.275,2299.29,20110.7
667955,-78.6622,-84.7917,2299.0,45913.9
2739410,-82.4264,-104.125,2298.96,31278.6
3698013,-76.9478,-116.9508,2294.3,28592.8
8439910,-78.2006,-85.2642,2292.66,22045.2
5929475,-78.1994,-85.2867,2292.27,24697.6
1392601,-78.1197,-85.6475,2291.32,37888.6
1399702,-78.7956,-84.9842,2289.91,37836.4
6808611,-78.6736,-84.875,2289.68,23635.2
1915560,-79.6661,-84.34,2289.23,34688.0
5329897,-82.43,-104.1153,2288.94,25539.7
6090366,-77.8383,-86.1442,2288.21,24490.4
4025174,-78.5194,-86.6267,2286.14,27866.0
5576850,-78.1347,-86.5717,2285.91,25177.9
5983586,-78.3497,-85.0583,2280.09,24627.9
881156,-78.0531,-85.5517,2280.02,42783.5
1372852,-77.7519,-86.3725,2278.98,38036.3
4718099,-78.1622,-85.4267,2278.44,26530.8
5762517,-78.7492,-84.6575,2277.59,24923.6
6140336,-77.5681,-85.9275,2276.94,24427.9
8011071,-78.0669,-85.5317,2272.88,22423.4
135272,-78.8381,-84.8642,2272.35,66660.5
3979781,-78.7103,-84.8233,2271.65,27959.6
2440822,-77.6894,-86.1033,2269.01,32355.9
10378302,-78.0992,-85.6475,2268.51,20605.2
4178667,-78.2192,-85.18,2262.96,27546.4
10016169,-77.9581,-85.8142,2259.63,20851.1
2888863,-77.7581,-86.3525,2257.18,30790.0
917077,-78.7489,-85.1483,2256.47,42338.9
1007072,-78.5333,-86.2142,2255.65,41316.9
246585,-79.3544,-86.1675,2255.43,58379.6
56366,-75.8783,-115.2142,2254.14,79582.8
468687,-77.9414,-85.7225,2252.9,50148.0
4517865,-77.8303,-86.2742,2252.15,26891.0
7544471,-78.215,-85.1942,2246.96,22865.2
8281,-79.5422,-83.6225,2246.65,109859.5
3106475,-78.0989,-85.4625,2246.53,30137.5
607911,-79.6428,-84.3483,2244.42,47013.6
3549692,-78.1131,-86.795,2242.93,28951.5
7194343,-78.1194,-86.7775,2242.69,23219.1
748045,-78.3117,-85.035,2242.45,44611.9
2341057,-75.3286,-110.9117,2241.27,32749.3
1701128,-77.9989,-86.2675,2241.1,35856.6
1407315,-78.4542,-84.6317,2239.61,37780.8
408388,-78.0311,-86.5483,2237.55,51850.7
4333264,-79.6536,-84.3417,2235.85,27239.4
11569742,-78.6628,-84.9208,2235.07,19874.9
9712424,-79.7383,-84.2442,2234.63,21060.8
3132525,-77.5867,-86.0467,2233.62,30061.3
583875,-79.3656,-86.1208,2231.85,47493.6
3451784,-78.7492,-84.7517,2229.39,29196.9
11178227,-78.525,-86.5867,2228.87,20101.2
3064885,-78.7361,-84.7367,2227.3,30257.8
1806429,-79.635,-84.3575,2226.38,35261.8
595674,-78.1861,-85.19,2225.47,47256.9
246435,-77.9108,-86.4808,2222.32,58387.3
8880101,-78.7061,-84.7975,2221.81,21683.9
10908573,-78.1003,-85.4758,2221.55,20268.5
7181776,-78.1944,-85.2258,2218.7,23232.8
2376445,-78.6847,-85.2617,2213.19,32609.0
1618005,-78.4217,-84.8075,2211.77,36361.2
4889399,-77.6981,-86.0333,2211.11,26238.6
3340162,-77.9967,-86.3392,2209.58,29487.9
809197,-78.5628,-86.1175,2208.12,43727.7
5210371,-79.6369,-84.3308,2208.08,25721.2
8264,-79.1778,-84.7325,2204.48,109886.8
8852124,-78.5239,-86.1342,2204.08,21707.4
1871070,-79.5528,-83.6167,2203.24,34918.6
10776839,-79.8089,-91.4817,2201.59,20350.0
2427587,-78.7764,-85.01,2201.3,32407.1
6859551,-75.8767,-115.265,2201.28,23575.8
1224952,-77.8328,-86.3008,2195.25,39222.1
6741012,-79.6272,-91.2783,2191.83,23710.5
233706,-77.9672,-87.2158,2190.1,59093.4
5553203,-78.6681,-84.8358,2189.23,25213.3
2019087,-77.9433,-86.2783,2185.65,34171.7
25399,-81.1244,-85.6722,2185.6,91954.6
177863,-77.7464,-85.875,2185.41,62808.3
11123384,-79.3525,-86.1508,2185.33,20136.0
241283,-77.9222,-87.41,2184.04,58668.1
89435,-78.8561,-84.8433,2183.34,72624.3
8523797,-77.6211,-85.6908,2180.42,21975.7
3109283,-79.1567,-84.7283,2175.92,30129.1
3424550,-78.3053,-85.0517,2173.29,29266.7
564129,-77.9619,-87.3542,2168.39,47903.6
8381875,-78.5378,-86.5383,2168.04,22097.2
968762,-78.8275,-84.8283,2166.75,41740.3
154726,-78.3683,-84.9158,2166.68,64754.2
871324,-78.5822,-86.08,2166.41,42906.9
2992410,-79.9797,-89.8258,2165.19,30471.8
4706356,-79.1906,-84.7158,2163.54,26552.4
81518,-75.4069,-110.4908,2163.02,74002.6
839003,-79.3036,-86.2667,2161.01,43325.1
564060,-78.68,-85.5258,2159.8,47905.0
5459322,-78.5511,-86.5092,2157.11,25346.9
3778320,-78.6794,-84.7633,2156.95,28407.2
325364,-78.2172,-85.1225,2155.9,54737.8
1319080,-77.7178,-85.9783,2154.73,38451.1
8477326,-78.795,-85.0192,2154.14,22016.3
1059841,-78.3194,-85.4308,2152.37,40765.8
2804904,-81.9706,-90.0167,2150.0,31059.9
26762,-78.2664,-85.1458,2149.62,91116.6
2928836,-78.0556,-86.44,2144.69,30665.6
2447188,-78.3344,-84.9392,2142.38,32330.3
349773,-78.0167,-86.5733,2141.51,53803.3
6003330,-78.3256,-84.9833,2140.6,24604.6
9460985,-79.1597,-84.7467,2140.5,21241.6
291282,-77.74,-86.3875,2139.0,56180.7
7043639,-78.6783,-84.795,2138.03,23377.7
536557,-78.7483,-84.5692,2134.65,48497.1
2071293,-78.0592,-85.4867,2134.38,33922.8
3917952,-77.5414,-85.8075,2133.55,28093.7
621237,-77.9261,-86.4508,2133.5,46759.5
5875524,-77.7047,-85.9975,2132.85,24772.3
875596,-79.3825,-86.1475,2131.73,42853.5
1190799,-79.2594,-86.2267,2130.56,39516.7
1584593,-79.3139,-86.3475,2128.47,36572.6
43433,-78.6072,-84.5325,2127.59,83600.4
568081,-78.0889,-85.4167,2127.22,47819.8
1173337,-77.8056,-86.41,2127.17,39672.8
79472,-79.4847,-83.7417,2126.34,74388.1
3885951,-77.5961,-86.3242,2123.12,28163.9
1639071,-78.0333,-85.5575,2121.92,36231.4
4647700,-81.8578,-89.7153,2120.07,26657.8
11178223,-79.7328,-84.4167,2119.75,20101.2
5233896,-79.3781,-86.1517,2118.9,25686.5
2787418,-77.9814,-86.2942,2113.72,31117.3
2784280,-78.1122,-86.9667,2112.45,31127.5
1723167,-78.2,-85.1767,2106.55,35730.2
3901996,-77.9653,-87.1875,2104.86,28130.0
1504382,-79.3011,-86.0675,2101.84,37100.2
6479130,-77.8108,-86.1225,2100.81,24012.3
495098,-79.4628,-83.78,2099.74,49468.7
1239129,-79.1944,-86.4817,2098.45,39101.8
7889099,-78.6486,-84.8517,2097.4,22536.8
8571966,-78.1906,-85.2042,2094.37,21938.0
1100774,-78.1675,-85.1875,2092.24,40354.2
4407785,-79.0614,-88.8783,2089.22,27096.3
7829634,-77.9219,-86.4592,2086.68,22590.5
3440270,-79.3431,-86.2317,2082.61,29227.4
240019,-78.6633,-86.2875,2081.89,58738.7
2286544,-77.8019,-86.4467,2081.57,32974.2
1765973,-79.1681,-86.6442,2078.76,35485.1
2994656,-78.0183,-86.37,2078.36,30467.6
1346004,-78.6794,-85.6425,2077.9,38241.8
4720770,-78.1294,-85.2917,2077.06,26526.0
7077906,-80.0111,-89.6528,2076.89,23339.5
6311559,-79.6678,-84.4333,2075.61,24215.7
81647,-81.1408,-85.4542,2074.74,73981.9
9141927,-78.5506,-86.4575,2074.06,21483.2
5907172,-79.3169,-86.105,2072.87,24728.6
5090393,-78.1708,-85.2075,2072.65,25911.2
5026716,-79.5361,-83.6558,2072.58,26011.8
11740184,-78.0344,-85.5825,2071.22,19778.5
4919211,-79.3458,-86.1858,2071.17,26190.0
9502130,-79.1528,-84.6833,2069.68,21214.6
3396272,-79.49,-83.7425,2069.43,29340.6
748997,-78.7975,-84.6742,2068.69,44597.6
5856066,-78.3764,-87.9867,2067.59,24795.5
461663,-78.5944,-85.9542,2066.25,50336.9
8598478,-79.535,-83.67,2066.17,21914.8
11575056,-78.5575,-84.7192,2065.58,19871.7
1730655,-78.3206,-84.9492,2064.33,35687.4
2290944,-77.6667,-86.17,2061.62,32954.9
2703647,-79.1978,-86.4433,2060.14,31400.6
358235,-78.3506,-84.9192,2058.88,53496.9
3840904,-78.4783,-84.5325,2057.89,28265.6
616414,-77.8342,-86.3708,2057.67,46850.7
583267,-79.6742,-84.5842,2055.62,47504.3
743342,-79.5608,-83.5675,2054.03,44683.2
10294053,-78.7964,-85.0492,2049.79,20663.8
245436,-79.5336,-83.7592,2048.87,58440.7
11063594,-80.0247,-89.6181,2045.96,20174.0
74933,-78.8206,-85.9217,2044.42,75304.1
3284958,-79.1775,-86.5008,2042.1,29634.4
9529703,-78.1633,-87.0,2041.64,21193.5
7361324,-78.1633,-85.1708,2040.34,23048.3
1459817,-78.3653,-84.8667,2039.68,37408.0
2694017,-78.3319,-84.91,2039.27,31433.1
1690628,-78.0389,-87.0508,2038.71,35918.8
4801907,-79.1697,-86.5325,2038.26,26386.3
359577,-77.7083,-86.5383,2037.3,53449.2
5886582,-79.7453,-84.4033,2037.19,24756.9
1857074,-77.8994,-85.9225,2037.16,34989.7
565506,-77.7164,-86.4417,2037.02,47873.0
1330765,-79.5264,-83.6633,2036.75,38359.9
8480631,-78.3672,-88.0617,2035.21,22013.4
1807389,-77.9692,-86.4567,2033.92,35256.4
1594627,-78.2647,-85.1017,2031.46,36508.1
10382805,-79.1464,-84.655,2029.51,20602.1
7762889,-78.4269,-84.745,2024.52,22652.4
7675325,-79.2372,-86.2825,2022.37,22736.6
4670975,-77.9522,-87.2525,2022.26,26614.7
30334,-79.9075,-83.1817,2022.19,89112.3
68913,-77.4744,-86.0033,2021.65,76557.6
3074432,-78.0858,-85.395,2020.62,30228.3
792243,-78.7308,-84.45,2018.44,43967.4
7449495,-79.2014,-86.4217,2018.0,22959.7
1421529,-78.4386,-84.5817,2017.81,37677.8
4181986,-78.6581,-85.6717,2016.62,27539.4
5246187,-77.5783,-86.3167,2013.71,25666.6
9088543,-77.9767,-87.24,2011.28,21521.7
9942398,-78.7683,-84.6258,2008.13,20899.9
140578,-79.3739,-83.9725,2008.07,66114.4
11021293,-78.0556,-85.46,2008.02,20196.1
9406902,-77.9528,-87.3533,2007.71,21283.5
659866,-79.6417,-84.6642,2007.41,46053.8
11088407,-78.3519,-84.9425,2005.63,20158.2
3382373,-79.4775,-83.7575,2005.22,29375.3
2671119,-78.7406,-84.4792,2000.2,31512.0
6427124,-77.9961,-87.1625,1996.34,24073.2
8246021,-78.6428,-85.7458,1995.78,22212.2
6265396,-78.0217,-87.0675,1993.47,24270.9
118186,-77.6231,-86.7217,1993.07,68572.3
8779027,-77.9706,-86.3967,1992.79,21768.9
3921007,-79.6714,-84.4783,1991.95,28086.9
2777167,-79.2886,-86.0908,1989.21,31152.1
597448,-79.5358,-85.535,1988.19,47221.8
2249756,-78.6189,-84.8025,1987.8,33126.5
498871,-78.4953,-84.4917,1987.07,49378.5
2481333,-79.6664,-84.54,1986.96,32202.0
324022,-78.5875,-84.6675,1984.97,54791.3
72802,-78.85,-85.7775,1983.89,75755.4
2120972,-78.57,-86.1675,1980.64,33692.9
1583207,-77.7175,-86.4908,1980.09,36581.4
7572158,-79.1933,-86.4333,1977.44,22837.3
1849789,-79.1569,-86.6858,1976.25,35029.7
360725,-79.4956,-83.79,1972.75,53409.9
416609,-77.5506,-86.3758,1972.62,51601.9
1076599,-78.5842,-84.63,1972.39,40591.9
9875754,-77.7078,-86.5633,1971.44,20948.6
1544164,-77.9392,-85.6667,1971.09,36834.8
7622698,-78.7408,-84.5167,1970.3,22789.8
449429,-77.5642,-86.3375,1968.84,50663.7
2281028,-77.7217,-86.4067,1968.55,32995.5
730865,-77.7997,-86.5058,1967.49,44875.3
173061,-78.7006,-85.4583,1966.84,63184.6
10488683,-79.1919,-86.4217,1966.56,20533.9
4497062,-79.395,-86.14,1966.06,26931.2
1918286,-79.4622,-85.7792,1965.48,34673.3
2639211,-77.8036,-86.4883,1964.78,31623.0
1102060,-77.9183,-86.6133,1964.42,40341.6
1157048,-79.5558,-85.4867,1963.1,39821.8
11271543,-77.9361,-87.2608,1962.55,20047.2
3315137,-78.755,-84.4367,1962.46,29554.8
9312581,-78.8161,-84.8325,1962.07,21352.3
1261849,-79.5475,-85.5292,1960.64,38912.3
4583274,-78.0039,-86.6208,1958.64,26772.3
4387855,-77.5647,-85.6942,1958.37,27136.3
415871,-77.8917,-86.6833,1957.32,51624.1
1743093,-77.8108,-86.5225,1955.29,35615.9
1546531,-77.54,-86.3675,1954.36,36819.2
3524645,-79.7192,-84.1967,1952.35,29013.0
1330379,-77.7914,-86.515,1950.97,38363.2
1366305,-79.6347,-84.6883,1950.84,38086.5
415279,-78.7125,-86.1167,1949.72,51642.6
791862,-77.8122,-86.61,1949.42,43973.2
316642,-77.6933,-86.595,1944.75,55093.9
7029110,-77.7047,-86.5225,1943.82,23394.0
4224274,-77.6944,-86.6217,1943.31,27453.7
122975,-79.8667,-82.7042,1942.2,67998.5
5344204,-78.6556,-86.2717,1941.7,25517.3
614734,-79.3814,-85.8133,1940.58,46883.3
4398357,-77.7808,-86.5392,1939.76,27115.1
1057759,-79.885,-83.15,1938.49,40786.1
2845563,-79.44,-85.8592,1938.02,30928.4
1095097,-79.4419,-83.8433,1936.47,40409.5
10028953,-79.6689,-84.2758,1935.27,20841.9
6644735,-78.3775,-84.9958,1935.27,23817.8
3906892,-78.7261,-84.425,1933.09,28118.7
1948262,-78.6731,-86.2583,1931.51,34520.4
9597035,-75.8325,-115.4692,1930.72,21142.4
4497063,-77.8828,-86.3717,1929.14,26931.2
3561604,-77.8117,-86.6367,1928.86,28920.7
188225,-77.6447,-86.6667,1928.5,62037.7
3514307,-79.4472,-83.8233,1928.13,29037.2
2772227,-79.2589,-86.1867,1926.83,31166.4
2177128,-79.8919,-83.1717,1925.95,33442.4
790999,-78.5967,-84.5992,1925.45,43984.8
11073496,-78.6572,-84.7017,1925.15,20167.6
6847818,-79.52,-83.6542,1925.03,23589.3
1278187,-78.5561,-84.5958,1923.74,38776.2
695497,-79.3628,-83.9967,1922.58,45445.2
10072658,-79.1622,-86.6767,1920.7,20811.3
6504834,-79.9144,-83.1692,1920.26,23980.4
668789,-78.7722,-86.1067,1919.32,45898.6
8090566,-79.6322,-84.6725,1918.49,22352.3
4804596,-77.6147,-86.7317,1918.05,26381.5
551520,-79.9219,-83.1175,1916.47,48170.2
4668384,-79.6247,-84.4017,1913.53,26619.5
10059064,-77.9214,-86.6508,1913.44,20820.5
1543911,-78.2297,-85.0875,1911.98,36836.5
9593039,-77.9678,-87.1408,1911.63,21145.4
5280606,-77.8061,-86.0625,1910.82,25614.5
2493196,-81.1367,-85.5389,1910.75,32154.5
9387669,-77.8119,-86.68,1909.55,21298.5
1129469,-79.5714,-83.4842,1909.35,40078.6
6204460,-77.9333,-87.2142,1907.67,24346.9
1238971,-79.2036,-84.5817,1902.67,39103.4
421399,-77.6764,-86.605,1901.65,51459.7
1935342,-79.5717,-83.5267,1901.46,34586.8
5995916,-79.9056,-83.2083,1900.46,24615.0
8568695,-77.6111,-86.7292,1900.43,21940.9
1381895,-79.6261,-84.725,1898.1,37967.6
177924,-79.1608,-86.4383,1897.55,62802.2
2178758,-77.8108,-86.7158,1896.43,33434.7
1258349,-78.7294,-86.1025,1895.42,38940.1
1275093,-79.755,-84.17,1892.71,38802.4
9164263,-79.4483,-85.8117,1891.42,21465.4
10488684,-78.8544,-85.7917,1891.38,20533.9
759718,-77.6378,-86.6842,1890.03,44438.7
11492447,-78.2825,-85.4483,1889.86,19916.5
223489,-77.6761,-85.5617,1889.69,59687.7
2709878,-78.7158,-86.2058,1889.0,31378.3
1282096,-77.8158,-86.7542,1888.78,38744.9
789202,-79.9358,-83.0558,1888.75,44010.9
3829913,-78.5914,-84.5375,1888.23,28288.1
2935668,-79.8697,-82.7375,1887.62,30646.9
1766616,-79.6222,-84.7467,1887.56,35481.5
4526846,-78.7167,-86.1808,1886.84,26876.8
3148358,-79.5356,-85.5008,1884.33,30016.8
1042664,-79.6475,-84.5108,1883.97,40943.6
198031,-79.8558,-82.9683,1882.06,61334.4
1677793,-79.3947,-85.7967,1880.92,35996.7
193540,-79.495,-83.92,1878.66,61653.5
7395431,-78.5939,-84.5642,1877.45,23012.4
413179,-78.8297,-84.6525,1877.19,51705.5
92648,-80.0386,-83.2292,1874.45,72096.9
4610198,-77.8642,-87.2958,1873.97,26724.6
577204,-79.4131,-83.8992,1873.37,47630.2
1863279,-78.7778,-84.4967,1872.54,34958.7
10507035,-77.9167,-87.2275,1872.5,20521.5
4465906,-78.9222,-87.2742,1869.17,26987.9
2389920,-79.43,-83.855,1868.85,32556.2
507213,-79.2142,-84.56,1867.22,49180.7
1432921,-79.8628,-83.0433,1866.78,37598.3
548138,-79.5714,-84.9692,1865.76,48242.9
10819801,-78.7553,-84.4917,1863.92,20321.9
2938255,-79.7125,-84.1808,1863.7,30638.6
1426595,-78.3081,-84.935,1863.21,37642.3
1154880,-79.3833,-83.9533,1863.16,39842.6
1090133,-79.6067,-84.77,1861.54,40458.3
5925662,-79.4969,-83.9525,1861.54,24702.8
3709881,-79.9261,-83.0792,1859.32,28563.8
1172774,-79.1408,-86.4383,1858.04,39677.6
181647,-79.2119,-86.0608,1856.45,62521.6
3980776,-80.0375,-83.1986,1855.7,27957.3
6923849,-77.8442,-86.4833,1855.55,23505.4
2961821,-77.8631,-87.2492,1855.16,30565.7
7723461,-78.6397,-86.3658,1854.76,22691.8
8834077,-79.4542,-83.8058,1852.48,21722.0
309331,-82.0608,-88.0375,1851.61,55396.1
1155600,-79.5656,-84.9583,1851.59,39836.2
1607804,-79.4558,-85.7292,1850.36,36426.0
4123087,-79.9128,-83.1142,1849.81,27661.8
6734222,-79.5236,-85.5683,1848.69,23718.6
10967227,-77.7753,-86.5625,1848.34,20230.7
7868860,-77.8367,-86.465,1847.11,22556.6
10169363,-78.3103,-84.945,1845.65,20746.9
370725,-79.8814,-82.725,1845.26,53064.0
320373,-79.9383,-82.9342,1845.07,54939.9
9034253,-78.6842,-86.28,1842.97,21566.0
250600,-79.3844,-85.6167,1842.76,58168.6
2211129,-79.6019,-84.7492,1841.27,33291.5
5179508,-75.8789,-115.7408,1839.56,25770.7
432187,-79.8225,-84.0033,1839.56,51141.8
10347129,-77.945,-85.5575,1839.07,20626.8
283524,-78.8392,-85.8142,1838.83,56539.0
3354968,-78.8222,-86.0117,1838.15,29446.8
298317,-79.8806,-82.8392,1834.76,55865.6
3655450,-78.7558,-86.0567,1833.93,28695.1
694942,-77.6011,-86.7617,1832.96,45455.1
6654355,-78.7614,-86.1667,1831.09,23809.8
3149095,-79.3925,-83.9225,1830.15,30014.7
7143084,-79.8697,-82.7692,1830.1,23271.2
3242080,-77.76,-85.8308,1829.89,29752.4
11450335,-77.5619,-86.3583,1828.06,19942.1
1914890,-79.1617,-84.8508,1826.19,34691.6
4206528,-78.7331,-86.1217,1824.03,27490.8
748136,-79.1314,-86.5458,1823.81,44610.4
298414,-78.8867,-84.7625,1822.61,55861.1
5057800,-78.5425,-86.255,1822.23,25962.8
85698,-79.8492,-83.2325,1821.68,73269.7
7377137,-77.6961,-86.6592,1821.22,23031.8
4159367,-77.5289,-86.385,1819.52,27588.0
835529,-79.8814,-82.8783,1818.01,43372.2
879062,-79.3397,-83.94,1816.63,42810.3
8605224,-78.7731,-84.4733,1816.19,21909.0
11276730,-79.4964,-83.8917,1814.03,20044.1
489901,-77.5886,-86.7667,1813.47,49596.1
7786707,-76.9375,-116.5533,1810.42,22632.7
10434485,-78.8464,-84.8175,1810.04,20571.1
1538354,-78.7108,-84.475,1809.06,36872.8
3881091,-79.5592,-85.395,1808.82,28175.3
628204,-77.6581,-86.6333,1808.79,46628.5
180463,-80.0797,-83.0292,1808.01,62610.2
3754731,-77.5933,-86.3742,1807.3,28461.0
4620570,-77.6036,-86.7892,1806.55,26705.5
6005304,-79.8592,-82.9992,1804.21,24602.0
6904921,-79.6367,-84.5175,1803.96,23527.1
1223509,-81.1597,-85.4903,1802.47,39235.1
6306437,-79.1406,-84.7408,1801.95,24218.3
3086019,-79.5889,-84.91,1801.41,30196.7
7502732,-78.9675,-87.1933,1801.23,22904.2
5172896,-78.7758,-86.1625,1801.14,25778.1
2057956,-77.6967,-86.7342,1800.54,33986.6
11497684,-79.8797,-83.1692,1799.55,19913.3
3463116,-79.5558,-85.4242,1798.75,29166.3
319290,-79.1311,-86.405,1798.53,54984.0
3961835,-78.1583,-85.1383,1798.14,28000.6
6902592,-77.6492,-86.6942,1797.05,23529.8
9553365,-79.3506,-84.0008,1796.63,21175.5
8378612,-79.5392,-83.8217,1796.57,22100.0
471707,-79.8458,-82.945,1796.24,50067.9
398081,-78.8728,-84.7842,1793.87,52172.9
6525061,-79.5942,-84.9142,1791.62,23959.1
10839060,-77.5311,-85.7617,1791.47,20309.3
148748,-77.4553,-86.3525,1791.3,65305.8
10739054,-79.6175,-84.4108,1790.51,20375.1
92332,-79.1583,-85.6692,1790.2,72146.4
5201200,-79.1856,-86.3875,1789.54,25736.1
4397148,-82.0653,-87.9819,1789.37,27117.5
3553172,-79.3481,-84.0275,1788.62,28942.7
7812377,-79.5622,-85.4033,1787.63,22607.4
186241,-78.7942,-84.4133,1786.43,62186.5
1594902,-79.2667,-86.1475,1785.05,36506.4
2499342,-77.9614,-85.4825,1784.71,32132.7
7229669,-79.88,-82.8992,1782.93,23180.6
5754168,-79.595,-84.8917,1782.19,24931.3
4633284,-78.8589,-85.7317,1781.59,26681.7
2124158,-77.8797,-85.8917,1781.13,33677.8
526552,-79.5386,-85.025,1780.59,48726.5
10265801,-79.7608,-84.1608,1777.49,20679.2
2653099,-78.7431,-84.3933,1777.38,31574.6
3916016,-79.1056,-86.7258,1777.33,28098.3
10081227,-75.3594,-110.5883,1776.87,20805.2
899470,-82.0608,-88.1306,1776.42,42552.1
357017,-78.7239,-85.4275,1776.26,53539.8
586970,-79.8711,-82.9333,1773.79,47429.1
81527,-79.5472,-83.2458,1773.65,74001.7
8242864,-79.615,-84.7717,1773.54,22215.1
5803775,-78.7772,-86.0475,1773.04,24864.8
5159205,-79.6886,-84.28,1773.0,25800.3
1874074,-78.7669,-86.4825,1772.82,34902.2
4677451,-79.6061,-84.425,1771.69,26602.8
7087816,-79.3986,-83.9217,1771.48,23328.6
2043614,-79.6722,-84.2158,1771.02,34054.0
8297603,-81.9547,-89.4347,1770.39,22169.1
5122925,-79.5461,-83.7308,1768.99,25857.1
10128324,-81.9492,-89.4222,1768.06,20771.5
4590946,-78.3042,-85.0075,1767.64,26758.0
10947534,-79.8681,-82.9325,1767.24,20243.3
5366982,-79.9111,-83.0783,1767.19,25482.3
1002579,-78.8667,-85.6325,1766.16,41364.7
10884309,-79.5417,-83.8492,1764.53,20284.2
1321183,-79.2039,-86.0767,1763.25,38434.5
1063012,-79.5886,-84.7175,1762.47,40731.4
2287839,-78.7808,-85.1733,1762.06,32968.4
2695103,-80.0411,-83.2583,1761.81,31429.0
1358240,-77.6936,-86.865,1761.68,38148.4
204174,-79.5642,-84.5842,1760.24,60929.0
1705922,-79.8186,-83.9675,1759.75,35830.0
346849,-78.2339,-85.0033,1759.26,53912.1
11784435,-79.4969,-83.8533,1758.59,19752.7
8565399,-81.1208,-85.6028,1757.61,21943.8
6277783,-77.7778,-86.7458,1757.18,24255.1
402297,-79.1658,-86.2417,1755.37,52039.6
999124,-79.0947,-86.5208,1754.09,41401.6
937096,-79.3922,-85.5908,1753.51,42100.5
6253199,-78.8275,-84.7842,1753.28,24286.6
2743397,-79.8661,-83.0033,1752.35,31264.4
285339,-79.1389,-86.2492,1751.79,56455.6
4206529,-77.46,-86.3567,1748.99,27490.8
3871320,-78.8706,-85.6517,1748.43,28197.9
1267384,-78.8153,-85.0617,1745.45,38866.4
1135752,-78.8317,-85.8958,1745.07,40019.7
1070777,-78.8247,-85.7017,1744.37,40651.5
3749171,-77.5772,-86.7658,1743.68,28474.4
9368260,-79.2208,-86.1217,1741.87,21313.4
7465272,-77.5978,-86.2108,1740.88,22943.1
3977738,-79.1011,-86.5133,1739.91,27964.2
887200,-79.1869,-84.8908,1739.58,42707.5
1291029,-79.2231,-84.4667,1739.45,38670.9
4453861,-77.585,-86.755,1739.21,27011.5
3500054,-82.0667,-87.9319,1738.52,29074.5
1986740,-78.4353,-84.4992,1737.61,34329.8
545594,-79.1097,-86.3833,1737.42,48298.4
2123773,-79.8378,-84.13,1737.07,33679.7
5393393,-78.8125,-84.6617,1736.44,25444.8
11701654,-79.5544,-83.7583,1736.29,19801.0
2284155,-78.8381,-85.7175,1735.68,32982.0
1417623,-79.4808,-83.9625,1734.83,37704.9
2135394,-78.7872,-86.0275,1734.05,33626.6
312149,-79.4714,-85.2542,1733.72,55278.6
2979102,-77.7061,-86.8567,1730.37,30513.6
6979556,-79.5692,-84.5825,1728.37,23445.7
584558,-79.7897,-83.8825,1728.2,47478.8
817271,-77.9703,-85.4508,1727.67,43618.2
8562086,-77.6525,-86.7075,1727.56,21946.7
1412969,-77.7392,-87.4308,1727.17,37740.3
1216002,-79.5492,-84.9892,1724.93,39300.0
6057401,-78.7189,-85.4342,1722.53,24534.6
9179051,-79.5972,-84.7442,1722.16,21453.5
468946,-78.7956,-85.8792,1721.88,50140.3
189723,-79.2553,-85.765,1721.09,61926.7
1246547,-79.6153,-84.2283,1718.51,39038.2
320345,-79.8364,-83.8117,1717.78,54941.1
1504613,-78.8067,-85.9817,1716.85,37098.4
480712,-79.8483,-83.7058,1716.53,49834.5
5196396,-78.8117,-85.9492,1714.3,25743.5
426179,-77.5369,-86.8583,1713.52,51317.1
5457639,-79.4514,-85.6833,1712.74,25349.4
7765690,-78.2319,-85.0292,1711.76,22649.6
1055499,-79.4211,-85.4467,1709.97,40811.1
6148206,-78.7886,-86.0067,1709.69,24417.4
2357171,-79.3622,-85.895,1708.83,32685.1
189210,-79.8592,-83.2083,1707.63,61964.8
5486635,-78.8614,-85.6167,1706.91,25309.2
1526277,-78.8444,-85.8675,1706.4,36953.9
2754944,-79.4697,-85.2867,1703.06,31223.6
2915388,-79.4158,-85.465,1702.7,30709.2
8725233,-79.3397,-83.885,1702.05,21809.9
2126207,-78.7964,-86.0233,1701.69,33670.2
9593037,-78.7953,-86.005,1700.25,21145.4
950319,-79.1817,-86.2683,1699.91,41947.4
108622,-79.9103,-82.0317,1698.74,69800.7
9131043,-78.7917,-84.3925,1697.79,21492.0
1101902,-77.4447,-86.3,1696.19,40343.2
4716762,-79.1183,-86.53,1696.17,26533.2
5713042,-81.1169,-85.5819,1696.17,24990.0
2300868,-77.6072,-86.3825,1693.86,32914.3
4931717,-79.1117,-86.5208,1693.83,26168.1
2412178,-80.0953,-83.0056,1693.68,32468.0
3436788,-77.6853,-86.9183,1691.22,29234.0
2008818,-79.4017,-85.5408,1689.71,34222.0
1712484,-78.8972,-84.7767,1688.02,35792.6
1514725,-77.5603,-86.45,1687.65,37029.7
1130339,-79.5556,-83.2458,1687.41,40070.6
8420255,-79.2289,-84.595,1687.0,22062.5
4463524,-79.8703,-83.0475,1685.41,26992.7
349798,-79.585,-84.1675,1684.76,53802.1
296725,-77.8247,-85.6758,1684.47,55938.6
8124520,-79.9372,-82.9833,1684.09,22320.9
4407784,-79.5583,-84.9825,1682.93,27096.3
1763279,-79.3986,-85.71,1682.36,35501.3
4224272,-79.5258,-85.4625,1682.2,27453.7
1373312,-80.0622,-83.05,1681.96,38032.9
51258,-73.6525,-94.095,1681.61,81045.6
3440268,-79.8736,-83.0692,1680.52,29227.4
261496,-80.1653,-82.8375,1679.82,57600.7
2493661,-78.785,-85.86,1678.29,32152.5
374918,-78.8989,-85.5467,1677.27,52919.8
3774629,-78.2417,-84.9742,1677.16,28416.2
10709166,-79.5439,-85.0217,1676.05,20390.7
4985929,-80.0744,-83.0306,1675.56,26077.9
6857208,-79.5556,-84.9875,1674.52,23578.5
133919,-73.5228,-94.135,1674.36,66803.7
9395318,-77.6681,-86.6392,1673.76,21292.5
454373,-77.5117,-86.765,1673.6,50530.2
8426879,-78.7769,-86.4225,1672.46,22056.8
4647713,-78.7308,-86.06,1672.24,26657.8
5296409,-77.8225,-85.9542,1670.89,25589.6
3055584,-79.3944,-85.5458,1670.82,30283.0
1032287,-79.5639,-83.2517,1670.8,41050.8
5776785,-79.8678,-82.9583,1670.78,24903.2
641490,-79.5594,-84.2267,1669.9,46386.0
1450799,-77.5419,-86.4683,1668.59,37471.0
1185991,-80.0222,-83.2,1667.83,39561.8
161123,-78.9164,-85.8758,1667.34,64181.0
1028042,-79.9556,-82.9483,1666.64,41094.2
3960872,-79.8633,-82.635,1666.61,28002.9
690909,-79.4539,-85.3625,1664.61,45522.3
9557290,-78.7986,-85.98,1664.24,21172.5
1222609,-77.47,-86.4467,1662.2,39243.3
1120767,-79.9386,-82.885,1662.19,40161.2
2509597,-79.6131,-84.5433,1661.77,32093.0
207768,-79.3567,-84.1458,1660.71,60690.1
10834226,-77.5581,-86.4267,1660.61,20312.4
1511048,-79.2428,-86.1067,1659.17,37055.5
5393394,-78.79,-85.8608,1658.89,25444.8
1261123,-79.5369,-83.2475,1658.07,38918.8
6076884,-78.8008,-85.8875,1657.88,24508.6
4557914,-79.5769,-84.185,1657.75,26817.4
3228536,-77.4517,-86.3042,1657.19,29788.8
1051688,-79.1328,-84.84,1656.6,40850.1
8474174,-79.8456,-83.1908,1656.36,22019.2
3262414,-75.8458,-115.0433,1654.38,29694.6
7318550,-77.6372,-86.28,1653.6,23089.8
5575179,-79.4094,-85.5117,1652.95,25180.5
675549,-79.8514,-82.7742,1650.88,45781.9
1493621,-78.7283,-86.0133,1650.75,37173.9
1654986,-79.5658,-83.8442,1649.95,36132.7
1581066,-79.8433,-83.2625,1649.76,36595.3
8397826,-79.455,-85.3458,1647.85,22082.7
6238321,-76.1772,-111.8233,1646.58,24302.4
5102356,-79.4503,-85.6625,1646.5,25891.5
104138,-80.305,-82.1167,1645.39,70400.6
105096,-77.3847,-86.3192,1645.36,70278.3
1684025,-78.8297,-85.8267,1644.42,35959.5
2790999,-78.7944,-86.205,1643.93,31105.0
1334043,-79.5233,-83.2492,1643.57,38333.3
8175203,-79.8569,-83.6942,1643.09,22278.1
2123379,-81.1111,-85.5583,1643.04,33681.5
1782475,-79.2778,-86.0217,1641.09,35393.4
296170,-77.4342,-86.555,1641.05,55963.6
3101983,-78.85,-85.5917,1639.73,30148.1
4084816,-79.5603,-83.245,1639.26,27737.7
4320664,-77.4672,-86.3867,1638.54,27265.1
3261635,-79.7375,-84.1275,1638.28,29696.7
2152511,-79.5728,-83.2292,1638.06,33550.8
517438,-79.2317,-85.9875,1637.33,48936.6
7517275,-79.5839,-84.725,1636.9,22893.0
3549690,-78.7542,-86.025,1634.92,28951.5
2412182,-78.8464,-85.5725,1633.36,32468.0
4689530,-79.5275,-83.2725,1633.03,26583.6
436580,-79.6108,-84.0533,1632.5,51015.8
1971186,-79.745,-84.0983,1631.12,34405.8
8470957,-79.915,-83.24,1630.54,22022.1
373858,-79.1814,-85.615,1630.19,52955.9
613493,-80.1194,-82.9889,1629.08,46906.4
2047897,-79.8389,-83.7258,1628.89,34033.4
4075324,-79.3853,-85.495,1628.45,27758.4
553347,-78.7367,-85.9633,1628.44,48131.9
11466151,-79.5628,-85.0683,1628.43,19932.5
1843726,-75.8272,-114.9258,1628.26,35060.6
5105229,-78.5047,-84.4442,1624.77,25886.6
6489785,-79.9603,-82.9358,1624.63,23999.0
531415,-78.5928,-84.4092,1624.6,48611.3
1565124,-78.7858,-84.4233,1624.5,36699.6
4759838,-78.3964,-84.7067,1623.4,26458.7
1112885,-79.8225,-83.8333,1623.38,40238.8
3672503,-78.6181,-86.3167,1623.19,28652.9
4456296,-75.835,-114.9675,1621.4,27006.8
6206483,-79.5519,-85.1242,1619.74,24344.3
6234277,-77.6164,-86.86,1619.6,24307.6
1021559,-79.1256,-84.6825,1619.21,41160.8
10351476,-80.0675,-83.0319,1618.59,20623.7
3659858,-78.3617,-84.825,1616.64,28684.0
6747860,-79.2622,-85.7658,1616.26,23702.5
5627189,-80.3011,-82.1403,1615.42,25107.0
7473331,-78.3272,-84.8308,1614.78,22934.7
9134699,-79.5564,-85.1117,1613.64,21489.1
7075463,-79.9464,-82.9767,1613.21,23342.2
11591196,-79.8233,-83.8233,1612.57,19862.1
5040133,-79.4297,-85.4225,1611.79,25992.2
443195,-79.5822,-83.3483,1609.45,50831.9
9502131,-78.8339,-84.585,1608.01,21214.6
800577,-79.5811,-83.2458,1607.34,43848.4
1248588,-79.4194,-83.5233,1607.03,39020.2
9364492,-79.5689,-83.2442,1606.9,21316.4
2562425,-77.5839,-86.8067,1606.36,31899.8
539030,-78.0933,-85.2042,1606.24,48441.9
2623655,-78.9025,-85.57,1605.29,31677.4
7478655,-77.4683,-86.4308,1605.26,22929.2
8284943,-79.305,-86.0208,1603.98,22180.6
11784436,-79.3361,-83.8658,1602.59,19752.7
2478226,-79.4122,-83.5325,1601.39,32211.9
2665414,-79.1556,-86.2708,1600.3,31532.2
6198392,-79.5428,-83.2258,1597.86,24354.7
1940431,-79.4656,-85.3217,1597.49,34559.2
2562951,-79.5783,-84.5875,1597.41,31897.8
1177861,-79.32,-85.9733,1597.13,39632.6
966350,-80.1386,-82.9403,1597.0,41766.3
2052987,-79.5894,-83.3367,1596.07,34011.0
818320,-79.2869,-85.8975,1595.72,43603.6
2116665,-77.5433,-87.0075,1595.47,33713.7
1009443,-79.8622,-83.62,1594.72,41292.2
2633690,-80.1494,-82.8833,1594.52,31643.2
8866221,-79.555,-84.5692,1594.47,21695.6
230205,-79.8694,-82.3075,1593.51,59295.7
5704150,-77.5844,-86.4275,1591.92,25002.7
2016898,-79.8569,-82.77,1591.11,34182.9
6037448,-79.5856,-83.2175,1590.95,24557.9
45900,-78.7989,-84.015,1590.5,82749.3
4620568,-79.4375,-85.4183,1589.5,26705.5
5796723,-79.1503,-86.2708,1587.4,24875.0
10977023,-78.9178,-85.8383,1586.88,20224.4
6142289,-80.1553,-82.8792,1586.87,24425.3
7549873,-79.1753,-86.4075,1586.3,22859.6
6766036,-79.5536,-84.2467,1586.12,23681.0
5349093,-79.78,-83.8842,1586.01,25509.8
5033929,-77.48,-86.2042,1584.27,25999.6
1734009,-77.4358,-86.6058,1583.61,35667.8
4047657,-79.4614,-85.3075,1583.54,27815.7
3288957,-77.5503,-86.9958,1582.93,29625.8
4612745,-79.8253,-83.9458,1581.54,26719.9
11623675,-78.8028,-85.1208,1580.55,19842.8
7282514,-79.5136,-83.5017,1579.45,23128.4
1014310,-79.2381,-85.6967,1578.85,41239.7
2492697,-79.2914,-85.995,1578.65,32156.4
920590,-79.8472,-82.7033,1578.19,42296.8
4772393,-79.3692,-85.7558,1578.09,26439.4
1158254,-73.585,-94.1733,1578.02,39810.6
1194393,-79.2464,-85.6842,1577.18,39486.0
1289260,-79.8725,-83.2492,1575.9,38685.7
2075196,-79.1789,-85.5492,1575.56,33905.9
9379958,-79.5969,-84.0967,1574.88,21304.5
339688,-79.4617,-84.6942,1574.46,54177.4
1366743,-79.5203,-84.5908,1573.68,38083.2
2700177,-79.8747,-82.2658,1572.89,31410.8
4126308,-81.2242,-86.0569,1572.36,27654.9
3113397,-79.8244,-83.7875,1570.56,30116.4
2395221,-78.0367,-85.3792,1569.78,32534.6
8704834,-79.1739,-85.5492,1569.37,21827.4
2389915,-80.1244,-82.9667,1568.96,32556.2
10429962,-78.8128,-85.7,1568.12,20574.2
1578428,-79.9639,-82.9067,1566.98,36611.0
2485713,-79.4856,-85.1583,1566.79,32184.2
7120972,-79.2289,-85.9717,1566.72,23295.8
965716,-79.1836,-85.955,1565.34,41773.9
1721398,-79.2775,-85.86,1564.88,35740.9
9395317,-79.3628,-85.8592,1564.82,21292.5
1650598,-79.5311,-84.5833,1563.84,36160.9
6271567,-79.1894,-85.935,1563.0,24263.0
4484235,-80.0519,-83.1361,1562.56,26952.5
7478653,-79.4603,-85.3408,1561.23,22929.2
4620569,-79.2528,-85.7133,1560.7,26705.5
802573,-78.8567,-86.1642,1560.33,43820.8
369255,-73.5008,-93.8908,1559.94,53115.6
751065,-79.4819,-84.6717,1559.73,44567.6
4403101,-79.3683,-85.6175,1559.63,27105.7
1303016,-79.1992,-85.9125,1559.24,38575.2
2447660,-79.1753,-85.9542,1559.05,32328.4
3280423,-79.4872,-85.1875,1558.89,29647.3
1584324,-79.7739,-83.9158,1558.71,36574.4
1325709,-79.8583,-83.5625,1556.72,38399.7
1382544,-79.5431,-84.2917,1556.27,37962.5
10753245,-79.4831,-85.2217,1556.14,20365.7
1695325,-78.4292,-84.4617,1553.49,35892.1
1275094,-79.4633,-84.0542,1553.38,38802.4
2590365,-79.5731,-83.3692,1553.16,31795.8
4656688,-79.5428,-84.56,1553.08,26641.1
9775608,-77.5669,-86.8533,1552.37,21018.5
4497061,-79.4822,-85.2017,1552.31,26931.2
2829950,-79.8408,-82.9642,1552.25,30977.8
180277,-77.3497,-86.37,1549.89,62624.5
579944,-79.8847,-82.2067,1549.66,47572.7
977882,-79.1603,-85.9808,1548.22,41636.4
8718426,-76.3156,-112.7475,1548.05,21815.7
11256388,-78.7403,-84.3408,1546.75,20056.8
924143,-73.5333,-93.7308,1546.39,42254.6
10068352,-79.8719,-83.2017,1546.06,20814.4
9954926,-79.7494,-84.065,1545.36,20890.8
2381164,-78.8942,-85.6058,1544.37,32589.4
147189,-78.0736,-84.995,1544.3,65456.8
10076905,-79.5472,-84.2725,1544.02,20808.2
379140,-80.2683,-82.2764,1543.96,52781.1
1674046,-78.8472,-86.1758,1543.74,36018.0
9720717,-79.4772,-84.6683,1543.25,21054.8
7484004,-79.4369,-85.3842,1542.45,22923.6
952386,-79.3833,-85.4592,1541.92,41924.6
8834078,-79.1439,-86.2642,1541.02,21722.0
708361,-79.29,-85.5775,1541.0,45235.9
4010999,-77.5153,-86.8125,1540.01,27893.4
123278,-80.3561,-81.7778,1539.86,67962.9
503576,-79.4314,-84.7925,1539.5,49267.4
8385065,-77.4297,-86.5383,1539.3,22094.3
2848525,-79.1294,-86.26,1537.62,30918.1
3621423,-78.8303,-86.2183,1536.18,28774.9
3498369,-79.5839,-83.5425,1535.43,29078.8
914335,-79.8614,-82.2975,1535.27,42370.5
1741885,-79.2117,-85.7192,1533.75,35623.1
9103108,-77.4442,-86.3367,1533.26,21509.8
4576958,-79.3361,-84.0775,1532.76,26784.2
2258903,-79.2858,-85.5983,1531.37,33090.0
5028156,-79.3647,-85.5933,1531.27,26009.4
352954,-79.1258,-85.4025,1530.92,53689.5
1278186,-79.3217,-84.0517,1530.06,38776.2
6766037,-77.9381,-85.4367,1529.78,23681.0
1377430,-79.2897,-85.8083,1529.07,38002.8
3685398,-80.1092,-82.9875,1528.26,28623.9
772609,-79.1075,-84.6933,1528.26,44247.6
737399,-77.4228,-86.4867,1528.24,44773.0
1135092,-79.3125,-84.0625,1527.52,40026.1
555411,-79.1622,-85.2583,1525.83,48089.5
3264967,-79.2206,-85.6917,1525.75,29690.3
5277559,-78.9225,-85.8975,1525.39,25619.4
4597216,-79.3011,-85.9642,1525.06,26746.1
5695994,-79.2856,-85.8692,1524.44,25010.4
1636246,-79.3733,-84.0875,1523.07,36247.2
5936102,-79.46,-84.0792,1522.2,24692.5
6652091,-78.8256,-84.9833,1521.64,23812.4
4291579,-79.4644,-85.2108,1520.8,27321.1
5316651,-78.9169,-85.8067,1520.28,25557.2
2827437,-79.0994,-86.3842,1519.75,30986.0
11235962,-79.2228,-85.6742,1519.63,20069.5
1271568,-79.4886,-84.6542,1518.63,38830.3
232878,-79.3997,-84.8842,1518.48,59141.9
943608,-79.9064,-81.9767,1518.27,42024.8
8942342,-79.1614,-86.1983,1518.22,21636.8
9824288,-78.9197,-85.7783,1516.57,20982.0
388402,-79.9206,-81.9383,1515.13,52478.5
5805635,-79.4642,-84.7275,1514.77,24862.2
1021139,-78.9453,-85.7917,1514.14,41165.5
447508,-78.4189,-84.38,1514.06,50715.2
4887957,-79.9586,-83.2325,1513.98,26241.1
1979627,-79.8864,-82.1592,1513.91,34363.2
9201376,-79.1614,-85.2342,1512.32,21435.6
5556588,-79.4364,-84.7817,1512.12,25208.3
4710325,-79.1717,-85.9717,1511.77,26545.2
4144718,-79.2908,-85.5392,1511.45,27615.7
3075872,-79.9194,-81.9117,1511.15,30224.1
2023164,-78.4267,-84.4283,1510.7,34151.2
1064778,-79.9142,-82.14,1510.66,40714.2
123802,-78.9439,-84.5925,1509.85,67903.8
11558174,-79.2897,-85.5575,1509.45,19881.3
1236873,-78.8928,-85.5058,1509.27,39119.7
484851,-79.8122,-83.7083,1507.15,49726.9
2537135,-79.5472,-83.1558,1506.61,31991.6
2862258,-79.2756,-85.8208,1506.54,30874.8
1032288,-79.4522,-84.72,1505.21,41050.8
11392560,-73.6022,-93.7958,1504.77,19977.2
2700178,-79.1739,-85.9317,1503.69,31410.8
509000,-79.5781,-82.9508,1502.23,49137.9
433963,-79.5889,-83.7633,1502.09,51090.7
11740182,-79.1906,-84.9408,1501.32,19778.5
112668,-78.3478,-84.4717,1500.69,69265.6
1233434,-79.1508,-85.3125,1500.24,39150.6
7835333,-79.8303,-82.8775,1499.78,22584.8
28716,-77.9894,-85.1842,1498.72,90008.6
6466381,-79.1603,-85.285,1498.54,24028.2
7191849,-79.1944,-85.5117,1497.52,23221.8
10338151,-79.1967,-85.935,1497.28,20633.0
888273,-78.0669,-85.0308,1497.24,42694.1
2516838,-79.4447,-84.775,1496.92,32067.2
2584068,-79.2825,-85.6708,1496.85,31819.8
4949076,-79.4717,-84.68,1496.12,26141.3
1471361,-79.6086,-83.7792,1495.96,37326.2
5213365,-78.8367,-86.1942,1495.89,25716.2
4799190,-79.1847,-85.4867,1494.35,26391.2
9954928,-79.535,-85.1483,1492.35,20890.8
3339330,-79.2417,-85.6217,1491.33,29490.0
3034180,-78.9475,-85.7717,1490.17,30346.1
986504,-78.9167,-84.7717,1490.06,41539.9
1974214,-79.5942,-83.2025,1489.75,34391.0
6033693,-78.3364,-84.8075,1489.37,24563.1
3167017,-79.1669,-85.53,1488.52,29961.5
3394655,-78.6331,-84.4442,1488.35,29344.9
3702537,-80.3528,-81.8167,1486.82,28581.6
786666,-79.8586,-82.4842,1484.82,44047.0
7771354,-78.9275,-85.7675,1484.69,22644.0
1181248,-79.8933,-82.0983,1484.16,39603.6
1170696,-79.3036,-84.0592,1483.92,39696.8
500911,-78.9364,-84.7192,1482.73,49330.8
925121,-79.5603,-83.015,1482.67,42242.5
130126,-79.3444,-84.2417,1482.29,67208.7
1784635,-79.1508,-85.9783,1481.94,35380.8
10889200,-79.6069,-83.77,1481.91,20281.1
10762720,-79.3822,-85.4433,1481.35,20359.4
5404827,-79.9478,-83.1592,1481.26,25427.2
8553611,-79.8581,-82.5942,1480.93,21949.6
2408370,-78.9383,-85.7783,1479.72,32483.7
5960654,-79.92,-81.8842,1479.21,24658.9
9201375,-79.8383,-83.2675,1479.19,21435.6
9422395,-79.8561,-82.5575,1478.49,21271.5
2793552,-77.3556,-86.3292,1478.48,31098.9
2244080,-77.3842,-86.3708,1476.64,33151.5
168773,-78.9325,-85.41,1476.46,63530.5
3677872,-79.0844,-86.3367,1476.05,28639.5
8368837,-79.2814,-85.6408,1475.97,22108.7
94605,-78.1836,-84.7933,1475.76,71786.9
8598479,-75.8236,-114.8133,1473.17,21914.8
71128,-75.3025,-110.635,1472.95,76097.7
1233806,-78.9333,-85.445,1472.33,39147.4
2203058,-78.9111,-84.7292,1472.22,33327.9
5062092,-79.4022,-85.415,1471.6,25955.4
548638,-79.4258,-84.865,1470.49,48233.7
1384554,-79.2256,-85.3917,1469.58,37949.1
2063322,-79.5825,-82.8892,1469.49,33962.2
5130744,-80.1706,-82.7875,1469.2,25847.2
7981093,-73.6589,-94.5217,1468.78,22451.8
1412086,-78.5975,-84.3133,1468.47,37747.1
6538638,-80.2786,-82.2486,1468.43,23943.2
7690287,-79.6186,-83.79,1468.16,22725.4
1271779,-78.9131,-85.5675,1468.0,38828.7
2440317,-77.4581,-86.1258,1467.74,32357.9
6750058,-79.9192,-83.2817,1466.87,23699.8
671584,-80.2592,-82.3319,1464.81,45850.0
6092261,-77.4211,-86.4333,1464.42,24487.8
1406679,-79.3411,-85.6333,1464.33,37785.9
5380595,-78.0692,-84.9633,1464.27,25464.8
2269409,-78.1481,-85.05,1462.99,33043.7
8011070,-79.2431,-85.6408,1462.96,22423.4
3454952,-79.3658,-84.1333,1462.91,29188.2
1405342,-79.8383,-82.62,1462.91,37796.0
938692,-78.8267,-85.5875,1462.01,42083.9
1591471,-78.6922,-86.0917,1461.23,36529.1
3903946,-79.3483,-85.6625,1460.88,28125.5
9997332,-79.3017,-84.045,1460.13,20860.2
9680131,-79.3319,-83.8267,1459.9,21085.0
1858850,-79.6031,-83.1942,1459.79,34980.6
1672910,-78.7125,-84.245,1459.47,36025.0
1047171,-78.7839,-84.065,1459.12,40896.9
8992533,-79.9147,-82.0175,1458.79,21595.6
5350698,-78.8611,-86.1492,1458.49,25507.3
3899077,-79.915,-82.1067,1458.26,28136.8
918834,-78.1464,-84.8533,1456.13,42316.4
795704,-79.4147,-84.8683,1452.73,43916.7
3784870,-80.2831,-82.2319,1451.83,28391.5
2995957,-78.0656,-85.05,1451.14,30463.4
6485510,-77.4889,-86.89,1451.11,24004.3
4660611,-79.1619,-85.61,1451.1,26633.9
11552951,-79.1697,-86.0108,1451.03,19884.5
7234756,-79.8594,-82.5,1450.38,23175.2
41714,-75.2814,-110.5342,1448.48,84213.9
403434,-79.0986,-85.8925,1448.02,52004.1
2446199,-79.2983,-84.0833,1447.89,32334.3
9925722,-77.3836,-86.3617,1446.42,20912.1
1825233,-79.595,-83.4667,1446.12,35160.4
9585018,-79.8822,-82.1717,1445.96,21151.4
2684811,-79.1692,-85.195,1445.54,31465.5
1658443,-78.9439,-85.4617,1442.89,36113.3
3858446,-79.3789,-85.425,1442.64,28225.0
11148096,-81.1475,-85.3625,1441.5,20120.2
1429610,-79.9233,-82.195,1440.98,37620.3
3368979,-79.5983,-83.335,1440.57,29412.1
5096316,-79.6039,-83.5067,1439.55,25901.4
2466876,-79.8503,-82.5517,1439.28,32257.3
6393561,-78.7161,-84.31,1438.33,24115.5
2325688,-78.9492,-84.6183,1438.16,32811.5
230984,-80.0094,-81.5153,1437.84,59252.7
4731641,-79.8639,-82.3317,1437.37,26509.2
689399,-77.4308,-85.9967,1436.55,45546.1
3596523,-79.8447,-82.7967,1436.29,28834.6
5931343,-79.5547,-83.1308,1436.13,24695.1
4566925,-78.715,-84.2708,1435.76,26803.2
292251,-79.3708,-85.3258,1433.76,56136.4
634604,-78.6097,-84.2708,1433.43,46510.8
2913431,-78.9497,-85.4483,1432.77,30715.5
7642153,-79.6,-83.51,1432.69,22770.2
5049016,-79.5814,-82.9208,1432.14,25977.5
2659797,-78.8533,-84.6117,1431.19,31550.4
557406,-79.8189,-82.5767,1431.11,48047.1
91489,-79.78,-82.7333,1430.6,72287.5
3640250,-80.3147,-82.0708,1429.65,28730.6
7577518,-77.9425,-85.2933,1429.56,22831.7
3222775,-79.3908,-84.895,1429.41,29805.9
9584995,-80.295,-82.1639,1429.22,21151.4
3580903,-78.9467,-85.4867,1429.02,28874.4
708362,-78.2003,-84.7542,1428.97,45235.9
6050699,-77.4178,-86.4208,1428.92,24539.8
1992712,-79.8597,-82.4025,1428.77,34301.9
5457640,-79.1322,-85.3792,1428.74,25349.4
8099760,-79.1781,-85.22,1428.52,22343.7
357205,-79.8625,-82.1783,1426.72,53533.8
1723770,-79.1469,-85.7,1426.16,35726.7
11520881,-79.4442,-84.1425,1425.39,19903.7
10903742,-79.5978,-83.2092,1424.83,20271.6
7737573,-78.1533,-84.8425,1424.29,22677.7
215015,-79.8169,-82.8925,1423.91,60220.1
3262413,-79.1375,-85.3692,1423.74,29694.6
5349094,-79.745,-84.0108,1422.78,25509.8
6263325,-77.4139,-86.505,1420.67,24273.5
3368978,-79.94,-82.8158,1420.67,29412.1
2537136,-73.6681,-94.6633,1420.42,31991.6
1438301,-79.3739,-85.39,1417.95,37557.6
2903686,-79.8181,-83.7425,1416.58,30744.5
2133395,-78.0861,-85.1542,1416.41,33636.1
5743522,-79.1406,-85.3642,1416.15,24946.6
10516150,-79.1619,-85.6358,1415.22,20515.3
9437772,-78.5564,-84.4992,1414.43,21259.6
2073522,-77.9964,-85.2092,1413.33,33911.5
5655753,-79.2986,-85.7742,1412.45,25068.9
6665624,-78.6417,-84.4267,1411.77,23796.4
11531539,-77.4267,-86.52,1410.45,19897.3
5905344,-79.9394,-82.8325,1409.76,24731.2
8356193,-79.8194,-82.925,1409.59,22120.2
5166809,-78.9069,-85.94,1407.04,25788.0
190524,-78.4572,-84.1875,1406.93,61871.2
9980374,-79.1931,-84.9642,1406.72,20872.4
3003185,-79.5697,-82.9692,1405.96,30440.4
10601699,-79.8939,-82.1342,1405.77,20462.4
5958811,-78.9525,-85.4258,1405.72,24661.5
6401911,-79.92,-82.1608,1405.59,24104.9
10544496,-78.9047,-85.7933,1404.68,20496.7
284340,-77.3036,-86.0775,1404.64,56502.9
1626626,-78.8189,-85.6092,1404.07,36306.9
11001528,-78.1383,-84.915,1403.71,20208.7
498922,-80.4111,-81.775,1403.32,49377.2
8269296,-79.3989,-85.3817,1402.85,22195.0
8830539,-78.7108,-84.3158,1400.46,21725.0
11455669,-79.1439,-85.3325,1399.89,19938.9
8507301,-79.3586,-85.6908,1399.24,21990.2
3836171,-79.835,-83.2967,1399.05,28276.8
4072265,-79.8961,-82.2958,1398.84,27765.2
6607276,-79.7397,-83.9883,1398.77,23863.2
4140421,-79.8614,-82.4508,1397.9,27624.9
4026199,-79.86,-82.1483,1397.16,27863.7
4085894,-79.1192,-85.3667,1397.0,27735.4
2399143,-79.8908,-82.0733,1396.43,32519.0
3071061,-80.1347,-82.8819,1396.16,30238.8
10392001,-76.7764,-93.1042,1395.12,20595.9
1613189,-79.7819,-82.775,1394.63,36392.8
5311862,-79.8792,-82.1375,1394.35,25564.7
387435,-79.9706,-81.6858,1394.06,52510.0
582945,-78.4417,-84.2842,1393.88,47511.0
1047168,-80.2625,-82.1847,1391.72,40896.9
10274669,-79.5606,-83.0767,1391.33,20673.1
1483236,-79.2775,-85.3025,1391.09,37242.4
10810285,-79.445,-85.3325,1390.3,20328.1
7328881,-79.8619,-82.4217,1390.12,23078.7
6661156,-79.8808,-82.5942,1389.36,23801.7
1999196,-78.9278,-85.4508,1388.5,34268.5
7282515,-78.1683,-84.82,1388.18,23128.4
2957880,-78.075,-85.0833,1387.73,30578.3
1267773,-78.9256,-85.5675,1387.28,38863.1
245311,-79.6669,-83.775,1387.12,58448.3
634603,-79.9697,-81.8342,1386.83,46510.8
3221297,-79.5114,-83.2858,1386.81,29810.2
7989982,-80.2589,-82.3111,1386.0,22443.3
1370804,-78.2128,-84.7192,1383.48,38053.0
6279763,-79.6067,-83.7317,1380.22,24252.5
1422652,-74.5617,-86.9158,1377.59,37669.4
8093553,-78.7772,-84.0783,1375.91,22349.4
124570,-73.4456,-93.5433,1375.23,67816.5
8945895,-78.4242,-84.3958,1374.75,21633.9
919447,-75.3886,-111.0308,1374.29,42310.3
5404828,-79.4114,-84.885,1374.29,25427.2
7880532,-78.9231,-85.5608,1374.09,22545.3
380539,-79.8411,-82.3083,1373.63,52735.2
10329337,-77.3906,-86.32,1373.6,20639.2
5139730,-77.9975,-85.13,1372.86,25832.4
99276,-76.8481,-79.5458,1371.21,71101.2
10908574,-77.5703,-109.2275,1371.16,20268.5
3230780,-78.195,-84.775,1368.37,29782.4
6210411,-80.4131,-81.8042,1367.27,24339.0
6184491,-79.3294,-83.7808,1366.93,24373.1
6451249,-79.3303,-83.8008,1366.85,24046.7
800462,-78.8292,-84.2983,1366.67,43849.9
2606615,-79.2014,-85.0733,1363.96,31737.6
1400144,-77.5142,-85.6858,1362.99,37833.1
4101120,-78.8872,-85.4792,1362.84,27705.5
1776752,-79.9236,-82.2608,1361.9,35424.0
11251267,-77.9939,-85.1642,1361.87,20059.9
98012,-79.6958,-83.5892,1360.45,71283.7
1308405,-79.2997,-85.1917,1358.98,38533.9
1707450,-79.9372,-81.8008,1358.28,35821.1
762749,-78.7597,-84.1533,1357.83,44394.3
328359,-79.3994,-85.3125,1356.72,54617.7
4509402,-79.7853,-82.8033,1355.96,26907.6
111603,-79.3414,-83.3558,1355.52,69407.1
5664451,-80.2769,-82.2069,1353.34,25056.2
7462662,-78.8458,-84.2758,1352.35,22945.8
2137848,-78.4003,-84.52,1352.18,33617.2
1085411,-79.9833,-81.7267,1350.63,40505.5
7553158,-73.5461,-94.2108,1350.33,22856.8
7279836,-80.0053,-83.1042,1349.67,23131.1
4762476,-79.53,-83.17,1349.07,26453.9
11261510,-79.2064,-85.1175,1348.96,20053.6
9055731,-79.8156,-82.8567,1348.75,21548.3
9267126,-77.3944,-86.2967,1348.2,21388.0
4028296,-79.6083,-83.1758,1346.85,27859.2
5912745,-78.9228,-84.7408,1346.49,24720.8
3835231,-79.8264,-82.5825,1346.47,28279.1
2309148,-80.2503,-82.3806,1344.82,32879.4
6292104,-81.1322,-85.3625,1344.24,24236.7
2889570,-79.8289,-82.6092,1344.15,30788.0
8913970,-79.735,-84.0042,1344.12,21660.4
3876242,-79.3419,-83.34,1343.55,28186.6
1436731,-78.4025,-84.3617,1343.43,37569.5
11563462,-81.165,-85.2986,1343.38,19878.1
1189284,-78.0942,-84.9208,1343.25,39531.2
1912371,-79.9733,-82.84,1342.71,34702.7
663211,-79.9917,-81.64,1341.67,45994.3
7981089,-77.4481,-86.0233,1339.93,22451.8
1794521,-79.8706,-82.1808,1338.66,35326.8
9316401,-79.9264,-81.83,1338.46,21349.3
2077123,-79.3133,-83.8442,1338.37,33896.5
1400587,-78.4147,-84.31,1337.51,37829.7
6281785,-79.4211,-84.2258,1336.75,24249.9
3938388,-79.4142,-84.2617,1336.2,28050.6
1597092,-79.4356,-85.2683,1335.17,36494.2
321095,-79.7956,-82.6967,1335.05,54910.9
1373082,-79.9636,-81.725,1333.79,38034.6
837136,-78.3711,-84.42,1333.73,43351.6
5431335,-78.3989,-84.3508,1333.7,25389.6
855976,-79.705,-83.5558,1333.18,43102.5
720552,-78.6958,-84.3567,1332.83,45038.3
4706348,-80.0483,-82.9986,1331.49,26552.4
6607277,-79.4392,-85.2958,1330.69,23863.2
10620217,-79.2969,-84.115,1330.5,20450.0
11241018,-78.2444,-85.3125,1330.35,20066.3
6037449,-79.2839,-84.065,1330.01,24557.9
1982662,-79.9261,-82.3025,1329.99,34350.2
6803970,-79.9397,-81.8517,1329.8,23640.6
1204521,-78.3789,-84.4717,1329.09,39398.8
1388689,-79.8722,-83.5075,1327.96,37917.2
284615,-79.8175,-83.13,1327.86,56489.4
2459676,-78.3817,-84.5033,1327.84,32283.0
11178224,-79.4303,-85.375,1323.21,20101.2
6074924,-79.2878,-85.285,1321.65,24511.2
490560,-80.4256,-81.4875,1319.28,49580.7
2005143,-79.8508,-82.2942,1318.99,34240.6
5016680,-79.1147,-85.4542,1318.76,26029.0
3242830,-79.9914,-81.7108,1317.4,29750.3
1237836,-79.1047,-84.89,1317.02,39113.2
8992534,-75.8672,-87.035,1315.24,21595.6
5616925,-79.9742,-81.8875,1315.22,25122.2
3332864,-77.3247,-86.4258,1314.61,29505.1
1835262,-74.3483,-76.08,1313.22,35106.0
3702546,-79.9717,-82.7975,1312.22,28581.6
2245829,-79.4064,-85.335,1310.85,33143.8
1404427,-79.9772,-81.9633,1310.77,37802.8
9156893,-79.9742,-81.9167,1309.11,21471.3
6156021,-78.0908,-84.9592,1308.69,24407.0
3305770,-80.42,-81.5361,1308.44,29578.5
4041504,-80.43,-81.4764,1308.15,27829.4
5185687,-78.7083,-84.2,1307.68,25760.8
282446,-78.8181,-84.0167,1307.52,56589.7
4406603,-78.7356,-84.2633,1305.07,27098.7
8227404,-77.3278,-86.4375,1304.71,22229.4
11033870,-79.1267,-85.0092,1304.23,20192.9
11701657,-77.0542,-104.3942,1298.83,19801.0
11281821,-76.6189,-93.795,1298.81,20040.9
1872423,-79.3625,-83.6942,1297.5,34911.3
10033359,-79.9311,-81.82,1297.45,20838.8
11563464,-80.0164,-81.4972,1295.82,19878.1
541916,-80.0558,-82.6236,1293.79,48378.8
192372,-75.3106,-110.3067,1292.28,61738.2
222149,-77.3936,-86.0267,1289.71,59773.0
9820178,-79.1111,-85.4758,1288.88,20985.1
1441139,-79.6475,-83.7625,1288.52,37538.9
1065498,-79.8253,-83.1242,1287.7,40706.4
889295,-75.2806,-110.9025,1287.69,42680.7
10839061,-77.0239,-105.5125,1287.55,20309.3
4159366,-79.4003,-84.2867,1287.28,27588.0
1452240,-79.7106,-83.5275,1286.68,37460.8
10699810,-76.9214,-103.9925,1286.64,20397.0
1888011,-79.9383,-81.7117,1283.4,34829.1
7308266,-78.7539,-84.1317,1283.35,23100.8
10558326,-77.42,-86.0258,1283.13,20487.3
7263919,-78.695,-84.3375,1280.88,23147.6
10195475,-78.9358,-85.5542,1278.97,20728.5
10810286,-79.0953,-85.8642,1278.1,20328.1
6787049,-78.2744,-85.3417,1277.17,23656.7
8859086,-79.45,-85.2825,1277.01,21701.5
1988288,-78.9094,-84.6858,1276.99,34322.4
7255299,-78.0797,-85.1333,1273.29,23153.1
5094821,-79.3925,-84.3017,1273.09,25903.8
7947550,-76.8808,-109.5658,1272.95,22480.2
9460986,-79.0953,-84.7275,1272.27,21241.6
5256752,-79.4542,-84.6325,1269.65,25649.3
4909508,-80.3936,-81.7764,1267.61,26207.1
9055733,-78.7075,-84.3967,1267.58,21548.3
7789471,-79.6142,-83.1758,1265.56,22629.9
11729110,-75.7108,-116.9192,1265.33,19784.9
7234757,-79.8394,-82.2575,1264.75,23175.2
1017192,-79.43,-84.6558,1263.18,41207.3
1673194,-79.7247,-83.4875,1262.72,36023.3
955358,-77.29,-86.0392,1261.87,41891.2
8770010,-76.6472,-110.4883,1261.63,21771.8
7636602,-78.4486,-84.2375,1261.55,22775.8
10839026,-80.0161,-81.5694,1260.47,20309.3
5256753,-78.7567,-84.2075,1256.73,25649.3
1795200,-79.3742,-84.8408,1253.32,35323.2
11053787,-76.7439,-110.1417,1253.13,20180.3
2342497,-78.9722,-85.3542,1252.53,32743.5
3454128,-73.9394,-90.7942,1249.85,29190.4
1669791,-79.4,-83.4325,1249.31,36044.5
2209807,-79.8317,-82.3267,1248.47,33297.2
6399843,-79.8758,-83.2875,1248.1,24107.6
708992,-79.6906,-83.5083,1247.87,45224.6
2826176,-79.3964,-83.3642,1247.12,30990.1
301846,-78.7269,-84.0708,1246.52,55717.2
5002167,-78.9767,-85.3592,1246.49,26053.4
8834075,-79.9964,-81.5608,1243.84,21722.0
8078457,-79.8292,-83.3133,1243.81,22363.7
624759,-80.2344,-82.2292,1243.45,46689.9
2396191,-78.9628,-85.3108,1241.98,32530.7
9171575,-79.6864,-83.4792,1241.74,21459.4
1662120,-80.4061,-81.5889,1240.46,36090.4
3659857,-78.9486,-84.695,1240.29,28684.0
4441456,-77.4003,-86.0267,1239.63,27032.8
10578668,-77.3047,-86.4883,1237.42,20478.0
3006493,-78.0025,-85.2475,1233.39,30430.0
1287131,-73.5197,-94.3708,1232.99,38703.8
1188567,-78.4917,-84.06,1232.68,39537.6
3401924,-80.4033,-81.6083,1231.85,29325.4
794632,-77.735,-85.3783,1231.41,43934.1
4203307,-78.9619,-85.3858,1230.65,27497.8
9600974,-79.8292,-82.5475,1230.63,21139.4
6435705,-78.7342,-84.2275,1230.23,24062.6
7435984,-79.6103,-83.67,1229.92,22973.6
5983587,-77.3328,-86.2133,1227.91,24627.9
1562290,-73.5194,-94.2983,1227.44,36717.0
432929,-79.2672,-84.0717,1226.42,51120.6
2440319,-73.5181,-94.3317,1224.96,32357.9
4133879,-78.3617,-84.5017,1224.1,27638.7
2667208,-79.3514,-84.2158,1223.42,31526.2
2815896,-80.3928,-81.6083,1222.16,31025.0
5981651,-78.96,-85.3983,1221.53,24630.5
11317738,-79.1214,-85.0367,1220.8,20018.6
10819804,-74.1328,-96.6467,1218.92,20321.9
119365,-80.3361,-81.3583,1218.88,68424.4
4019452,-78.76,-84.1142,1218.59,27875.2
5366962,-80.3325,-81.4153,1218.37,25482.3
4297232,-80.4025,-81.6403,1218.35,27309.5
7538859,-77.3258,-86.1767,1215.21,22870.7
6661157,-77.0378,-78.2817,1214.25,23801.7
3876243,-78.4753,-84.075,1214.17,28186.6
7841175,-78.9561,-85.2983,1212.51,22579.2
3890701,-79.8514,-82.435,1211.21,28152.6
6681307,-79.4311,-83.4017,1211.09,23777.6
7068008,-78.4686,-84.1433,1211.03,23350.4
4811362,-78.6394,-84.3917,1211.01,26369.4
2604517,-79.8114,-83.1308,1210.83,31745.7
2217969,-74.3506,-79.04,1209.63,33262.8
5339453,-79.4989,-83.2842,1207.37,25524.8
307834,-75.1867,-114.9442,1206.77,55461.6
3364092,-80.4294,-81.6444,1202.8,29425.1
3042580,-79.8156,-82.49,1202.45,30323.0
813257,-80.0339,-81.3792,1202.32,43672.3
10516151,-78.7053,-84.1692,1200.62,20515.3
8728629,-80.0239,-83.0569,1197.67,21806.9
2355281,-77.3331,-86.1308,1195.77,32692.9
5523554,-77.2486,-86.495,1194.17,25253.7
2260630,-79.3911,-84.7967,1186.43,33082.3
1051110,-79.6531,-83.6425,1184.55,40856.3
172286,-79.3119,-83.3617,1180.58,63247.0
843567,-79.8067,-82.94,1178.83,43266.3
3790543,-79.9808,-81.9858,1178.37,28378.0
527802,-77.4944,-85.675,1178.35,48696.4
239720,-79.2528,-84.045,1177.93,58754.9
1746767,-79.5858,-82.7308,1176.0,35594.5
4360405,-79.8019,-83.6967,1172.84,27187.9
5581911,-77.4278,-86.2725,1170.6,25170.4
9604903,-77.2392,-86.4725,1169.42,21136.3
8066286,-80.0436,-82.6986,1167.91,22375.1
8181222,-79.9294,-81.7167,1167.44,22272.3
5124446,-77.2264,-86.3592,1166.97,25854.6
221215,-79.8597,-81.9367,1165.47,59833.7
1782476,-75.1564,-114.56,1164.51,35393.4
5538241,-77.4886,-85.6542,1158.93,25236.1
2591934,-79.8481,-82.1942,1157.75,31789.8
949951,-78.9131,-85.395,1157.43,41951.9
10544495,-79.9011,-81.865,1151.13,20496.7
2479212,-80.4356,-81.3944,1151.13,32207.9
8530433,-79.8472,-82.1792,1150.15,21969.9
6859547,-79.7183,-83.475,1147.71,23575.8
7525352,-79.8086,-83.7567,1145.6,22884.7
9884052,-78.3514,-84.3983,1140.58,20942.5
9248525,-79.8222,-83.0875,1138.84,21402.9
8284944,-77.7064,-85.41,1137.8,22180.6
343424,-79.705,-83.4167,1137.52,54039.6
433221,-77.3992,-85.8633,1133.02,51111.9
5972133,-79.8106,-82.7983,1131.33,24643.4
5620324,-77.2619,-86.07,1128.0,25117.1
2527669,-79.8061,-82.5025,1125.35,32025.4
3930417,-80.1567,-82.6931,1125.1,28068.8
6269521,-79.8136,-82.455,1120.89,24265.6
10772215,-79.1831,-84.4592,1117.67,20353.2
2830582,-78.7289,-84.1375,1116.47,30975.7
8124498,-80.3414,-81.3139,1110.37,22320.9
99482,-75.2897,-109.9958,1108.71,71071.6
1782181,-79.6803,-83.6558,1108.32,35395.2
5455993,-79.6203,-83.3033,1106.9,25351.9
8845254,-79.8619,-81.89,1104.81,21713.2
8935296,-79.8267,-82.3117,1104.74,21642.7
11773296,-79.8386,-82.2175,1104.51,19759.1
1127038,-77.4417,-85.8517,1104.47,40100.8
4325358,-80.3014,-81.9167,1104.01,27255.7
355860,-79.6561,-82.9217,1102.96,53580.2
11696256,-78.7936,-83.9342,1101.63,19804.2
8970844,-79.7244,-83.4342,1100.77,21613.2
6585347,-80.2933,-81.9444,1099.54,23889.9
4841632,-77.665,-85.4675,1098.74,26318.6
5615255,-74.2342,-76.6158,1098.06,25124.8
267557,-79.7308,-83.1983,1096.66,57299.0
4363032,-79.9281,-81.695,1093.87,27183.2
9019865,-79.8894,-81.8875,1093.79,21577.8
4500708,-74.6742,-76.7817,1092.49,26924.1
7502709,-80.1483,-82.7,1092.39,22904.2
3995617,-79.805,-82.7517,1091.77,27927.7
6320248,-74.2311,-76.6258,1091.17,24205.2
140834,-79.2392,-83.545,1089.53,66092.2
8332633,-80.2292,-82.25,1089.34,22137.5
905426,-79.6419,-82.9967,1088.77,42480.2
1165788,-77.3217,-85.9942,1088.65,39741.8
1693296,-79.3675,-83.4817,1087.82,35904.6
1547101,-79.0033,-85.0458,1086.66,36817.5
10050511,-76.1786,-110.4808,1081.1,20826.6
11839592,-76.205,-109.7967,1081.05,19720.4
1746466,-80.4594,-81.3056,1079.58,35596.3
482070,-79.8469,-82.0233,1079.15,49798.6
1446425,-79.0186,-84.9842,1076.12,37499.9
8963801,-79.8881,-81.9333,1075.18,21619.1
10479675,-79.3661,-83.4533,1074.75,20540.1
1931499,-74.6897,-77.03,1074.19,34605.2
6389486,-75.3086,-110.665,1074.05,24120.8
8837592,-80.05,-81.4111,1073.85,21719.1
4247034,-74.215,-76.5225,1072.35,27409.6
2762181,-79.7322,-83.4667,1071.89,31201.1
7036399,-78.7331,-84.1875,1071.86,23385.9
5315047,-79.8239,-82.2808,1069.57,25559.7
8272477,-78.7,-84.2633,1068.09,22192.1
208593,-78.9728,-84.5283,1068.02,60633.4
10709167,-76.3989,-107.1392,1067.38,20390.7
941987,-75.2317,-114.8767,1065.0,42043.0
529528,-78.9581,-84.5042,1061.19,48654.5
5029603,-78.4053,-84.2383,1059.67,26006.9
596185,-79.9833,-81.4767,1059.64,47246.1
8341955,-80.3961,-81.5389,1057.32,22128.9
388714,-79.2839,-83.5158,1056.39,52468.8
5347435,-79.5333,-82.9333,1055.7,25512.3
601538,-74.1567,-76.3383,1055.01,47140.8
538723,-79.3056,-83.4683,1052.75,48448.5
638090,-75.2681,-110.94,1051.98,46447.8
238079,-78.51,-83.9258,1050.98,58844.9
7043640,-78.45,-84.1142,1049.56,23377.7
1019858,-79.7464,-83.47,1045.96,41179.4
2169043,-79.6289,-82.9683,1045.62,33476.6
1592507,-79.7858,-82.5933,1045.37,36522.1
5758884,-76.1683,-106.72,1042.86,24928.7
10502535,-79.7053,-83.4392,1042.84,20524.6
4297231,-80.4664,-81.2764,1042.7,27309.5
7536181,-75.2942,-110.5608,1035.92,22873.5
1273178,-79.2269,-83.5558,1032.45,38818.9
1194219,-77.8636,-85.3267,1030.19,39487.6
5662701,-79.7883,-82.625,1029.91,25058.7
6725086,-76.7783,-83.14,1029.56,23729.3
9537533,-77.4428,-85.8958,1028.56,21187.5
1367984,-79.2925,-83.4992,1027.63,38073.1
10889202,-76.2742,-94.855,1027.58,20281.1
745575,-74.035,-77.49,1025.3,44649.0
3963820,-79.6589,-82.9708,1025.11,27996.0
49158,-75.1539,-113.9033,1019.56,81689.3
4878136,-78.3978,-84.1592,1018.59,26258.1
9849166,-76.1403,-105.9,1017.86,20963.8
3888791,-79.8653,-81.9833,1016.68,28157.2
5785773,-75.3067,-109.9875,1014.78,24890.4
2091282,-79.7208,-83.2125,1013.99,33830.6
2069797,-80.3161,-81.6056,1010.1,33930.3
6073044,-78.9644,-84.4917,1006.38,24513.8
932358,-74.0622,-77.3467,1005.9,42158.0
1874073,-79.6644,-82.8992,1005.51,34902.2
11163173,-80.3142,-81.6278,1004.4,20110.7
8304057,-79.6247,-83.0167,1003.53,22163.4
689257,-79.8178,-83.3383,1002.85,45548.9
9700374,-79.8211,-82.2333,1000.9,21069.9
682056,-75.2547,-110.465,999.27,45670.4
1421062,-79.8392,-82.0358,997.06,37681.2
9304883,-80.3211,-81.5722,996.86,21358.2
11639815,-79.7375,-83.4892,991.38,19833.2
6352900,-79.5667,-82.7475,989.61,24163.0
7486656,-79.5406,-82.8742,986.78,22920.8
3855556,-79.5386,-82.855,985.24,28231.7
85786,-74.8019,-99.2358,981.63,73252.3
6039275,-80.3494,-81.2681,976.68,24555.4
3218399,-79.7967,-82.4392,973.17,29818.7
344180,-80.0153,-81.2694,970.43,54011.3
4379746,-79.8525,-81.9042,968.54,27152.7
251542,-79.8147,-82.03,968.17,58118.2
1529235,-75.3119,-110.2075,964.56,36933.2
1658162,-79.71,-83.2817,964.17,36115.1
6277786,-74.1008,-77.4908,964.11,24255.1
11569741,-79.7881,-82.5842,962.33,19874.9
3152002,-79.1458,-84.4892,962.21,30006.2
11563519,-75.2619,-110.4817,960.51,19878.1
1032133,-78.98,-84.4542,959.0,41052.4
147179,-79.7919,-81.0142,956.04,65457.8
7247693,-79.8658,-81.8117,955.36,23161.4
2644520,-80.0433,-81.2778,953.47,31602.9
9055732,-79.7183,-83.23,952.79,21548.3
186862,-79.7903,-81.1017,950.22,62140.4
2101899,-79.8203,-82.0083,947.17,33781.6
2704833,-79.2175,-83.6592,946.84,31396.6
3298951,-80.0222,-81.2806,942.7,29597.8
5731106,-74.9239,-76.0117,941.0,24964.5
429370,-79.8422,-81.7817,939.1,51223.9
3003838,-80.0056,-81.3667,935.78,30438.3
10549135,-75.9797,-104.6,933.82,20493.6
898503,-79.3594,-83.1167,931.8,42564.1
11241021,-76.0194,-105.5925,930.55,20066.3
1584325,-79.2069,-83.6542,928.32,36574.4
5366983,-79.7953,-82.9792,925.52,25482.3
3322871,-80.4586,-80.6806,922.09,29533.2
9816090,-75.9186,-104.8375,921.18,20988.1
3721215,-80.4522,-80.7153,920.93,28539.2
5890303,-77.5456,-85.5858,919.6,24751.8
5709564,-80.04,-81.2278,919.19,24995.1
9879951,-75.9736,-106.3383,918.99,20945.6
10128354,-79.8428,-81.8267,917.94,20771.5
652473,-79.7761,-82.4917,911.5,46183.7
1150108,-75.1936,-113.9142,910.68,39885.8
2203057,-79.8469,-81.7025,909.97,33327.9
3887873,-74.9192,-76.0317,907.43,28159.4
398857,-79.8472,-81.1992,905.79,52148.4
4305734,-74.8814,-98.0867,901.88,27295.5
10324989,-75.3881,-111.1175,901.45,20642.2
8093554,-75.1994,-113.955,897.08,22349.4
780394,-73.9239,-100.1892,894.94,44135.2
6007166,-80.4633,-80.6458,892.99,24599.4
2104202,-77.3936,-85.5775,890.52,33770.3
7457349,-75.2592,-110.9058,888.69,22951.4
7678159,-79.8114,-82.0675,886.92,22733.8
9643686,-79.2439,-83.5058,883.51,21112.2
9525742,-79.8483,-81.6808,882.35,21196.5
2354808,-79.7847,-81.1983,882.16,32694.8
1509880,-79.6036,-82.6867,880.73,37064.1
8513807,-77.3814,-85.9717,880.56,21984.4
3464984,-74.0572,-77.2208,879.74,29164.2
3384743,-79.7814,-81.1533,878.36,29368.8
6391506,-78.5217,-84.3558,876.1,24118.2
1850426,-79.6756,-82.9117,875.37,35026.1
1213371,-73.7353,-80.4242,874.45,39321.1
281630,-77.8994,-82.6317,873.41,56628.0
1859934,-79.7969,-81.0558,873.15,34977.0
1233433,-79.8317,-81.7142,871.35,39150.6
5294842,-79.7931,-82.4108,868.6,25592.1
2785527,-75.2786,-110.8242,868.29,31123.4
110630,-75.0864,-113.1058,865.22,69533.7
2089338,-78.3081,-84.5117,863.98,33840.1
9160512,-75.6664,-112.5308,862.65,21468.3
3559929,-79.8328,-81.99,860.41,28925.1
7489290,-79.7403,-83.2192,860.28,22918.1
572339,-79.8889,-81.7192,860.07,47731.8
8121382,-80.0411,-81.0875,859.0,22323.8
1967175,-75.0319,-113.1642,858.24,34424.3
1262580,-79.6194,-82.6542,858.02,38905.7
6950881,-75.3106,-111.0342,856.03,23478.3
15189,-74.7528,-110.4117,853.69,100088.0
7786706,-79.7892,-81.1692,852.01,22632.7
359037,-79.6403,-82.455,851.81,53468.3
1005614,-79.8375,-81.5658,849.51,41332.3
8813222,-75.0592,-113.1008,845.91,21739.6
6052649,-77.4386,-85.51,845.52,24537.2
1770357,-73.9992,-99.9983,843.88,35461.8
318388,-74.9944,-113.2725,841.87,55021.0
4767833,-74.9906,-113.3517,841.59,26444.2
7462661,-79.6772,-82.9292,840.55,22945.8
7452137,-75.5319,-110.7183,838.68,22956.9
9604904,-75.1756,-113.8558,838.6,21136.3
1759643,-80.0114,-80.7528,834.32,35522.8
4475590,-74.5431,-98.3317,833.29,26969.1
5236983,-79.8067,-82.2317,832.72,25681.5
199083,-74.5494,-99.1325,831.61,61264.7
8063315,-73.4383,-94.0683,829.96,22377.9
3958868,-79.8425,-81.5783,828.58,28007.4
8433372,-79.2611,-83.9983,826.49,22051.0
4815794,-79.8394,-81.8583,825.9,26364.6
4367728,-79.8536,-81.8567,825.57,27173.8
8196364,-75.605,-112.4792,825.3,22258.0
5328293,-75.1331,-113.8708,825.09,25542.2
1402367,-79.8244,-81.385,823.6,37816.2
15210,-72.2389,-99.0633,819.58,100062.5
4396001,-79.8453,-81.6,819.42,27119.8
4072251,-80.0256,-80.8958,818.43,27765.2
1069853,-72.1922,-99.0133,818.08,40660.9
398858,-72.1603,-99.295,817.97,52148.4
9304916,-79.9917,-81.3675,816.93,21358.2
97992,-79.7475,-78.535,815.16,71287.3
10648373,-75.8711,-95.0017,813.3,20431.3
2205608,-79.3508,-83.0833,811.32,33316.4
1026117,-74.7881,-110.46,810.06,41112.8
6112052,-73.4256,-93.4842,809.61,24461.8
9577012,-79.7814,-81.2175,808.5,21157.4
11850693,-75.595,-112.775,808.0,19714.0
529649,-72.3453,-97.7675,807.33,48651.9
9030656,-80.0333,-80.8972,806.41,21569.0
1279205,-78.8964,-83.9417,803.37,38769.6
10601700,-79.8483,-82.095,802.1,20462.4
1094178,-79.8192,-81.77,800.56,40418.9
1161277,-79.6197,-82.56,798.55,39783.4
2441308,-78.5253,-83.8283,797.67,32354.0
643499,-73.2344,-98.75,794.01,46347.6
7915335,-79.8131,-81.7917,791.11,22511.4
840777,-74.8236,-98.8783,789.41,43303.1
156217,-73.5142,-77.7767,788.83,64614.3
165223,-72.1308,-100.52,788.45,63823.6
1089565,-72.2433,-98.4892,788.14,40464.6
3195522,-79.8236,-81.4517,786.99,29882.8
5673214,-79.6386,-82.4292,786.74,25043.5
5282199,-80.0169,-80.7083,786.14,25612.0
10160592,-75.8247,-106.7333,784.96,20753.1
734369,-73.3775,-79.5558,780.56,44819.9
332211,-74.8711,-99.4858,778.04,54469.4
725453,-79.7567,-81.34,777.07,44960.4
884322,-79.7772,-81.3283,776.88,42743.3
1534312,-79.9483,-81.5233,776.87,36900.4
4797875,-79.8372,-81.5058,776.44,26393.6
1088646,-79.3078,-83.1908,773.85,40474.1
423992,-79.7608,-81.07,773.66,51384.1
3136833,-79.7486,-81.3517,772.84,30048.6
1908223,-79.7972,-82.0158,772.8,34724.7
2520949,-79.6675,-82.805,772.58,32051.3
2441307,-79.75,-81.0808,769.02,32354.0
4723400,-75.1603,-113.9808,768.02,26521.2
6224292,-73.9611,-100.5167,767.29,24320.7
559501,-75.2489,-110.5158,763.78,48000.6
392521,-79.3172,-81.6542,763.28,52348.4
2620846,-79.8556,-81.1308,763.1,31687.4
1290040,-72.2528,-98.275,762.22,38679.1
1227885,-73.4375,-79.3758,755.51,39197.8
4050803,-79.8036,-81.2075,754.77,27808.8
3373660,-79.7864,-82.3783,750.28,29399.1
1471602,-79.6289,-82.4358,750.23,37324.5
6226397,-79.8519,-81.13,749.87,24318.1
1698239,-72.38,-96.365,748.95,35874.4
8996096,-79.3481,-83.0358,747.21,21592.6
10643703,-79.2969,-81.4867,746.19,20434.4
7723463,-72.1269,-100.5558,745.54,22691.8
176165,-74.6381,-110.4583,743.75,62948.2
7743226,-79.2981,-81.465,743.65,22672.1
9212292,-79.8017,-81.1925,741.49,21426.7
717080,-74.9994,-112.9292,741.35,45094.8
11200311,-79.8847,-81.77,740.24,20091.7
3125425,-79.7753,-81.3008,739.07,30082.5
1864921,-72.1911,-99.5933,737.99,34949.6
9110276,-77.6917,-85.3592,734.37,21503.9
9692246,-73.435,-94.0575,733.62,21076.0
11058752,-78.8233,-83.8383,731.87,20177.1
6972343,-72.3761,-96.9808,727.41,23453.9
5634055,-79.8064,-81.2458,726.17,25096.8
6344742,-79.8186,-81.4883,724.52,24173.6
6567191,-79.9083,-81.7342,724.07,23908.6
1535090,-79.6175,-82.4517,720.5,36895.2
2928190,-78.535,-83.7917,719.62,30667.7
4289358,-79.9389,-81.5025,719.08,27325.8
1845998,-79.2978,-81.4008,718.24,35047.9
2724670,-79.6153,-82.4742,718.02,31327.5
8423577,-75.6897,-108.2275,717.95,22059.6
280278,-74.3519,-111.3508,717.34,56688.7
2248906,-72.1108,-100.6475,717.26,33130.4
465535,-72.1517,-98.8917,716.62,50231.7
663435,-74.5536,-110.6733,716.07,45990.1
2562948,-80.0358,-80.4222,715.63,31897.8
3385574,-72.31,-97.4083,714.95,29366.6
4173318,-75.0103,-112.9758,714.65,27557.9
5720480,-72.2156,-98.94,711.65,24979.8
7514635,-79.2972,-81.4417,710.63,22895.8
8184194,-72.2386,-98.4908,709.97,22269.5
5371874,-72.2369,-98.5017,702.61,25474.8
85720,-73.1439,-102.3883,702.39,73264.5
6962753,-75.2519,-110.9317,701.71,23464.7
4255780,-79.8728,-81.13,700.9,27391.0
10957287,-72.2167,-98.9242,699.35,20237.0
2082632,-75.4444,-111.3683,694.39,33870.2
4211019,-72.0711,-100.9333,693.16,27481.6
1318291,-74.8039,-114.35,685.43,38457.7
9791851,-74.2075,-100.0083,683.99,21006.3
4043594,-78.5578,-84.4083,680.02,27824.8
381087,-74.6083,-111.4075,673.37,52718.3
5454367,-72.15,-100.5933,669.65,25354.5
623533,-74.2767,-114.5033,668.71,46714.5
1265210,-74.7242,-110.99,667.57,38882.8
3130401,-73.1603,-101.1017,666.75,30067.7
207449,-73.5286,-77.2442,663.4,60709.0
2757990,-72.1781,-99.9383,663.24,31215.4
5966463,-72.1825,-99.9358,662.17,24651.2
8057258,-74.7733,-114.2592,660.87,22383.6
1565662,-74.4703,-110.9608,660.83,36696.1
580583,-75.2389,-110.9567,654.91,47559.3
401765,-75.3694,-111.2942,654.88,52056.7
34420,-72.905,-90.9908,652.57,87179.5
1351187,-75.3897,-111.2383,651.82,38201.8
11707318,-72.1453,-100.5975,651.26,19797.8
11328104,-75.4811,-112.6,650.72,20012.3
10414663,-74.3978,-99.1625,648.06,20580.4
7850427,-75.4992,-112.8142,647.15,22570.7
9012565,-75.5253,-103.8942,645.77,21583.7
5834101,-75.4794,-111.4508,645.41,24826.3
9244768,-74.6133,-110.5983,644.13,21405.9
5778602,-75.0244,-114.8883,643.13,24900.6
2825022,-72.0511,-101.5533,639.36,30994.2
572031,-73.7742,-102.185,637.66,47738.4
2919309,-72.8608,-102.8875,636.59,30696.8
3979783,-72.1133,-100.4792,635.21,27959.6
4464715,-72.2375,-98.2567,634.9,26990.3
1267191,-72.7244,-91.1617,632.74,38868.1
5805636,-74.9056,-98.7558,628.03,24862.2
7184301,-72.0642,-101.5567,626.1,23230.1
696843,-78.5458,-83.7733,624.7,45422.8
5302514,-74.6381,-110.3667,624.02,25579.6
2745653,-79.6481,-82.3883,621.13,31256.2
1065367,-72.1369,-98.9,620.46,40707.9
5616927,-74.4617,-99.0825,619.87,25122.2
3266432,-74.0997,-114.71,619.64,29686.0
5583658,-73.8706,-99.8275,607.51,25167.8
2196269,-78.9422,-83.8267,605.63,33356.5
6285865,-74.015,-77.48,592.59,24244.6
8266084,-79.9475,-81.4383,591.92,22197.8
7303144,-72.1753,-100.03,591.76,23106.3
10072659,-78.5392,-83.8942,585.11,20811.3
1596572,-74.8389,-114.0617,584.47,36497.7
43774,-72.58,-94.7217,583.93,83485.2
10438940,-75.5025,-112.1375,580.14,20568.0
77724,-71.9292,-97.7292,575.55,74739.3
1043822,-73.35,-78.9125,574.51,40931.1
3135390,-75.4917,-99.1667,572.93,30052.8
527740,-74.7867,-99.7908,572.25,48697.7
8681246,-75.5008,-111.9167,568.23,21847.8
8517125,-75.5828,-107.5733,566.52,21981.5
4554121,-72.1403,-98.9033,565.54,26824.6
6186506,-72.3181,-96.065,563.22,24370.4
206808,-73.5875,-76.7883,558.34,60752.0
387995,-73.0361,-88.9008,557.65,52491.8
9942365,-80.0225,-80.1639,556.41,20899.9
4784444,-72.1461,-98.8992,555.12,26417.7
4125296,-74.7969,-114.1375,554.63,27657.2
5269287,-72.1319,-99.3133,552.53,25629.4
1693002,-72.5275,-97.9892,550.45,35906.3
49378,-72.6906,-78.0258,549.78,81632.3
3968782,-72.3889,-95.8133,549.28,27984.7
7720707,-72.5939,-94.8917,549.25,22694.6
6292119,-79.7408,-81.1717,540.22,24236.7
222150,-75.3294,-111.31,539.13,59773.0
66603,-73.9969,-116.7567,532.51,77056.2
622284,-75.025,-113.6375,525.05,46737.7
5843233,-75.2578,-110.9908,524.84,24813.5
605809,-74.9867,-113.7225,523.2,47055.6
7219639,-72.6192,-95.0892,520.49,23191.6
3276407,-72.8425,-88.7675,520.09,29658.1
5162221,-75.4639,-98.4808,517.18,25795.4
2062065,-74.3761,-100.815,514.86,33966.0
778245,-71.9733,-96.5833,510.72,44165.5
4351112,-72.0344,-96.7883,507.84,27206.6
5750633,-72.1525,-101.1992,506.38,24936.4
9950755,-74.9847,-113.6975,502.6,20893.8
2987740,-74.8614,-99.7808,500.15,30486.4
7569395,-73.5853,-76.8017,498.28,22840.1
1789707,-75.2303,-110.9783,497.98,35353.8
4251423,-74.8264,-114.0325,497.06,27400.3
8218242,-75.4017,-109.2008,494.81,22238.0
10298612,-74.6778,-111.6892,491.11,20660.8
6589705,-72.0078,-101.6883,490.03,23884.6
9179055,-74.5853,-111.8725,487.56,21453.5
1229610,-72.9611,-78.875,486.92,39183.1
7036401,-72.5306,-96.1483,484.78,23385.9
11602130,-75.4136,-109.0167,476.36,19855.6
738528,-74.9639,-113.4767,474.14,44757.3
900695,-71.9147,-98.68,473.57,42538.6
11682996,-74.9728,-113.3875,469.12,19807.5
9437773,-75.4283,-112.1575,463.69,21259.6
721423,-72.1761,-95.9042,463.49,45025.5
88281,-72.6767,-99.535,459.82,72824.0
1306950,-74.8633,-114.0158,457.53,38545.4
6831450,-75.4719,-105.1808,457.42,23608.2
6813215,-74.6708,-111.7033,457.05,23629.8
2194602,-75.1744,-103.1633,455.87,33364.2
6389485,-75.3592,-104.43,439.95,24120.8
8785896,-72.0444,-98.44,435.06,21763.1
8802908,-73.8458,-83.8983,432.66,21748.4
11256390,-75.5244,-107.38,431.6,20056.8
9399286,-74.3286,-110.5642,426.87,21289.5
9510052,-75.4328,-104.68,425.53,21208.6
7644876,-74.5486,-111.865,424.39,22767.4
84266,-73.1408,-104.8183,424.22,73522.3
6923850,-74.6622,-111.7192,413.74,23505.4
4471955,-72.5386,-97.9667,412.86,26976.1
127925,-72.9897,-89.7283,412.55,67449.1
6346751,-72.2075,-96.0142,400.72,24170.9
1895541,-72.0161,-102.0008,399.67,34790.7
9934175,-75.4878,-107.23,391.58,20906.0
9954931,-75.5033,-100.6433,389.05,20890.8
128086,-73.2367,-78.0033,385.09,67431.1
7358643,-72.5911,-95.105,381.1,23051.1
10539864,-75.3222,-112.305,380.18,20499.8
11158307,-72.12,-98.9217,378.51,20113.9
8196365,-72.4258,-78.9292,377.43,22258.0
4050804,-74.5478,-111.9033,376.86,27808.8
531482,-71.8317,-98.315,363.5,48610.0
5382190,-72.2653,-96.4983,362.66,25462.3
7812378,-73.8033,-83.8242,346.84,22607.4
692049,-73.0525,-90.1508,346.04,45502.7
8974351,-75.4053,-107.91,343.65,21610.3
3368982,-72.0144,-97.6633,342.97,29412.1
11497686,-75.3286,-104.6575,337.5,19913.3
7148219,-75.4006,-107.6275,332.29,23265.7
10863178,-71.9275,-98.2058,322.93,20293.6
2497309,-72.0081,-102.0267,320.25,32140.6
2043616,-71.8958,-100.1983,308.61,34054.0
10767498,-73.6358,-84.7917,299.72,20356.3
2698443,-74.5889,-99.4575,297.39,31416.8
10329340,-75.3536,-105.2258,296.58,20639.2
11178233,-73.3736,-87.8575,293.96,20101.2
3775569,-75.2064,-110.4608,290.31,28413.9
10858363,-76.0156,-76.9275,286.38,20296.8
8827078,-75.2792,-112.1958,285.14,21727.9
11845071,-76.1297,-76.4817,283.34,19717.2
4152312,-75.3928,-105.5975,281.02,27599.5
740033,-74.8558,-100.4183,280.33,44734.5
8057259,-74.4431,-100.0325,272.65,22383.6
407867,-72.5831,-93.2575,253.21,51867.9
405588,-72.8711,-93.9517,252.85,51936.7
5046152,-75.2744,-109.4217,251.13,25982.4
10479676,-73.7319,-83.9067,249.9,20540.1
3763979,-75.2661,-104.7792,249.57,28438.6
10657770,-75.2181,-103.905,241.12,20425.0
10059065,-75.2908,-105.2892,240.27,20820.5
11460921,-75.3628,-105.7867,239.99,19935.7
6130430,-73.6308,-84.5475,234.03,24440.9
11596672,-75.4419,-106.0617,225.74,19858.9
8227405,-75.4153,-106.31,220.43,22229.4
10461491,-73.8742,-77.235,211.92,20552.5
626906,-74.4917,-102.3542,198.27,46651.7
620558,-72.69,-97.9125,198.08,46770.4
8297624,-72.5992,-93.3417,195.6,22169.1
795172,-73.1119,-90.31,195.07,43925.4
7350839,-73.2364,-87.7833,190.28,23059.4
4230129,-75.26,-108.8108,185.92,27444.4
7844580,-75.2164,-105.1017,184.18,22576.4
7585776,-75.1544,-102.2242,182.73,22823.3
812524,-72.5528,-93.0833,181.71,43682.5
630453,-74.17,-103.5858,170.33,46587.5
11356293,-73.2503,-88.24,158.77,19999.5
5360563,-75.1617,-112.1192,158.42,25492.3
8464345,-75.2697,-111.7992,155.69,22027.9
6991434,-71.8967,-100.6942,155.23,23432.1
10558328,-73.7197,-83.4925,154.39,20487.3
771964,-74.0667,-105.2217,153.72,44257.7
5943923,-75.2872,-108.5558,153.54,24682.2
4318372,-75.1678,-104.9175,152.77,27269.8
9331589,-75.1653,-104.5867,150.21,21337.3
2541784,-74.3381,-117.2792,150.17,31973.6
2529407,-74.7061,-113.18,148.81,32021.4
828167,-74.1233,-103.3,148.3,43470.5
8880103,-75.3547,-108.4825,142.28,21683.9
7987013,-71.9258,-99.9908,141.12,22446.2
10874702,-75.3167,-106.7858,138.24,20290.5
7043643,-75.0183,-112.2517,137.17,23377.7
8677904,-75.2144,-105.4975,130.72,21850.7
5585366,-75.0278,-111.45,127.91,25165.3
7377139,-75.0128,-112.06,126.86,23031.8
1180319,-74.14,-103.6675,123.14,39611.7
7897858,-74.8631,-112.3833,121.8,22528.3
4385580,-73.1453,-96.2592,119.82,27141.0
8284946,-73.7617,-82.7617,115.77,22180.6
9123707,-75.2956,-107.0442,115.4,21498.0
8635326,-73.4789,-85.315,115.08,21882.8
2394234,-72.2097,-95.5425,114.06,32538.5
5315048,-73.1375,-96.1283,112.67,25559.7
5530355,-74.805,-111.87,112.2,25243.7
7859013,-75.3053,-107.0942,110.44,22562.2
2864158,-72.8956,-90.3133,110.43,30868.6
3544544,-73.0258,-97.6442,110.18,28964.7
9270823,-75.2803,-106.69,108.02,21385.1
3309460,-75.2758,-106.4967,106.13,29567.7
5508437,-74.7125,-100.3075,106.03,25276.4
6163760,-74.9083,-113.0075,105.34,24396.6
7984047,-75.1286,-101.935,104.87,22449.0
1680290,-74.1236,-103.4483,101.6,35980.8
1693869,-74.4678,-102.3492,101.15,35901.0
9771539,-75.2697,-106.715,100.07,21021.5
6352902,-75.2794,-106.5058,99.91,24163.0
1747938,-74.4369,-102.5125,99.39,35587.3
1761757,-72.7083,-103.4342,98.96,35510.2
8588517,-75.2775,-106.5342,98.64,21923.5
6777821,-75.2553,-106.7692,98.17,23667.5
10610951,-74.7061,-100.025,98.07,20456.2
6232243,-75.215,-106.4925,98.02,24310.2
4148027,-73.1619,-85.8783,97.09,27608.8
6914334,-73.2097,-94.0442,97.07,23516.3
11655949,-74.9667,-111.0133,96.85,19823.5
6094170,-75.2408,-106.76,96.69,24485.2
5391743,-73.0378,-97.1608,96.22,25447.3
7533442,-74.7125,-100.9942,95.72,22876.3
7444163,-75.245,-106.475,94.97,22965.3
6635939,-75.2631,-106.4842,94.82,23828.5
11828583,-75.2594,-106.7358,94.09,19726.9
7924115,-75.1539,-101.9967,94.07,22502.9
10191098,-74.9339,-112.7583,93.39,20731.6
7726266,-73.1919,-96.7275,93.2,22689.0
8910468,-73.18,-96.9242,92.74,21663.3
9263413,-75.2453,-106.5467,92.14,21391.0
7972366,-72.9536,-86.4883,91.71,22460.4
7680946,-73.0656,-91.9617,91.45,22731.0
8866224,-73.1525,-95.8367,91.12,21695.6
9635705,-73.1492,-95.9808,90.65,21118.2
2079492,-74.3903,-102.6508,90.11,33885.2
6741013,-73.0697,-97.7508,90.1,23710.5
8391370,-73.07,-97.6717,89.55,22088.5
5637472,-73.6606,-101.3358,89.13,25091.8
11103388,-73.68,-81.0683,88.75,20148.7
7446815,-73.0986,-92.335,88.05,22962.5
6933300,-73.6117,-101.3825,87.63,23494.6
6444951,-75.2675,-106.4458,87.58,24054.7
9861448,-73.1614,-96.9225,86.82,20954.7
9732839,-75.2414,-106.6875,86.51,21045.7
10748546,-73.1892,-94.3083,86.35,20368.8
6909561,-72.9908,-87.4242,85.73,23521.7
7740371,-74.8164,-105.5417,85.61,22674.9
10316177,-75.2403,-106.6242,85.46,20648.4
7558495,-74.6333,-101.5567,85.41,22851.2
8397827,-73.36,-100.5092,85.24,22082.7
10378303,-73.0414,-91.94,85.19,20605.2
11508232,-73.1628,-92.7875,84.34,19906.9
10324990,-75.2322,-106.5725,84.19,20642.2
11286933,-73.0364,-87.4083,83.88,20037.7
9208704,-73.1578,-95.71,83.36,21429.7
9476508,-73.0553,-97.6917,83.01,21229.6
7690289,-73.0094,-96.4892,82.92,22725.4
5407978,-75.2447,-106.4608,82.29,25422.2
7760070,-73.0808,-93.2292,82.21,22655.2
11220577,-73.005,-96.705,82.17,20079.0
2723002,-74.1358,-103.5042,80.92,31333.6
10128356,-73.1228,-92.2725,80.88,20771.5
9464872,-73.0456,-97.6333,80.71,21238.6
10307509,-73.7006,-100.3533,80.18,20654.6
5493310,-75.2808,-106.4367,79.72,25299.1
10511584,-73.7422,-82.7608,79.5,20518.4
10853663,-73.1631,-93.3617,79.0,20299.9
6069122,-75.2106,-106.5875,78.43,24519.0
2682361,-73.9653,-104.1842,77.73,31471.5
7628305,-72.9517,-95.6542,77.69,22784.2
10226344,-73.1614,-87.1325,77.25,20707.0
11246135,-73.2183,-94.7125,75.62,20063.1
9227655,-72.9839,-96.0717,75.56,21414.8
10884313,-72.8189,-92.3942,74.53,20284.2
2941502,-74.3428,-102.8258,73.62,30628.2
7743227,-75.2567,-106.4533,73.41,22672.1
9716597,-75.1322,-103.65,73.14,21057.8
11817491,-72.9678,-87.21,73.01,19733.3
4211018,-75.2597,-106.4217,72.99,27481.6
10762721,-73.0692,-85.8517,72.93,20359.4
11563522,-72.7247,-92.3983,72.17,19878.1
8820163,-74.9447,-101.37,71.54,21733.8
9037764,-73.1022,-85.8033,71.17,21563.1
11558179,-72.9461,-93.2808,70.44,19881.3
8591822,-72.7058,-92.56,70.06,21920.6
4930368,-75.2581,-106.3808,69.79,26170.6
3284959,-74.1381,-103.6383,68.92,29634.4
8332660,-75.3233,-99.8817,68.59,22137.5
10767499,-73.6169,-76.0492,68.22,20356.3
8945897,-74.4656,-102.125,67.15,21633.9
11650469,-73.0778,-92.38,66.15,19826.7
10329342,-73.0492,-93.3608,65.51,20639.2
4981712,-75.0222,-105.9708,64.72,26085.2
8611781,-75.3333,-99.8983,63.87,21903.1
11834047,-74.8531,-100.9792,63.7,19723.6
10829381,-74.6839,-109.8317,62.61,20315.6
5103807,-75.1378,-109.5158,60.61,25889.1
4174375,-74.6731,-105.75,59.59,27555.6
5406340,-75.0128,-105.995,59.07,25424.7
5115461,-74.8156,-109.1808,58.7,25869.4
6773231,-75.2656,-106.39,57.98,23672.9
11178229,-75.3467,-100.1083,57.85,20101.2
6406080,-74.8383,-109.2683,57.85,24099.7
9009065,-74.8428,-109.1858,54.86,21586.7
10615513,-74.8383,-109.2258,54.66,20453.1
9626918,-74.8083,-109.5275,53.8,21124.3
6212439,-75.2433,-106.395,52.93,24336.4
8938808,-74.6497,-109.7292,52.52,21639.8
8078458,-74.8336,-109.3925,52.48,22363.7
11526241,-74.6631,-109.435,51.95,19900.5
11734542,-74.7781,-109.6633,49.28,19781.7
6371809,-74.8003,-109.2775,49.08,24139.3
7072998,-74.8103,-109.2792,48.02,23345.0
10932826,-74.7433,-109.6917,47.28,20252.8
7153209,-74.8247,-109.3683,46.64,23260.2
10438941,-74.8117,-109.3783,45.55,20568.0
6412411,-72.7106,-103.3942,45.55,24091.7
10093880,-74.6586,-109.5758,45.38,20796.0
9879954,-74.9186,-110.8075,45.12,20945.6
11558176,-74.7969,-108.7042,45.04,19881.3
6560542,-74.515,-102.4442,44.89,23916.6
7549875,-74.8139,-109.3567,44.64,22859.6
11266596,-74.6792,-109.4692,44.24,20050.4
7972364,-75.0903,-110.3283,43.43,22460.4
11718242,-74.7564,-108.7358,43.23,19791.4
11450336,-74.6667,-109.5575,43.01,19942.1
7158217,-74.5108,-102.4392,42.44,23254.7
7530759,-74.1722,-103.1525,41.08,22879.1
10434488,-75.1331,-109.5733,38.96,20571.1
11038835,-74.9333,-110.8492,38.6,20189.7
9549392,-75.1258,-109.62,38.18,21178.5
8732122,-72.7031,-103.5042,37.31,21804.0
9244770,-72.7139,-103.4283,35.96,21405.9
9569092,-74.0894,-105.1733,35.15,21163.4
9857419,-73.6028,-103.0292,34.47,20957.7
