388677,-73.0531,60.5925,2402.73,52470.0
239680,-72.9539,61.02,2352.45,58757.1
200671,-72.875,75.0667,2338.96,61153.4
23258,-73.1844,62.81,2315.54,93332.8
952387,-72.8442,75.355,2314.95,41924.6
744243,-72.8928,75.0583,2306.33,44670.4
1500813,-73.0714,60.5308,2304.77,37125.9
4996449,-72.8919,75.0258,2254.87,26063.2
241051,-72.7942,75.0367,2241.76,58681.1
940799,-72.9011,75.1842,2241.53,42058.1
3819468,-72.7961,75.0242,2233.26,28312.9
19789,-73.1553,63.1375,2227.34,95917.0
4397158,-72.9219,75.1542,2221.73,27117.5
5575181,-72.9122,75.1533,2219.17,25180.5
627231,-73.135,61.1067,2218.96,46646.3
10805574,-72.9183,75.1517,2212.41,20331.3
77314,-70.1944,64.8,2208.16,74822.0
5112481,-72.8256,75.4025,2207.3,25874.3
8510539,-73.1322,61.085,2205.38,21987.3
2584070,-73.0653,60.6425,2202.77,31819.8
547534,-72.9347,61.1625,2199.37,48256.1
2902444,-73.0706,60.6742,2195.16,30748.6
8903367,-73.3986,61.7967,2187.23,21669.2
3786766,-73.1161,60.7975,2186.94,28387.0
3418127,-72.9508,60.9333,2184.4,29284.1
3889744,-72.825,75.3833,2182.19,28154.9
5953137,-72.9294,61.1975,2180.02,24669.2
11661523,-73.0339,60.5292,2178.88,19820.3
74904,-71.0136,65.1467,2176.7,75310.0
2987088,-73.1114,60.9867,2172.3,30488.5
87070,-70.4731,64.8925,2160.12,73030.2
3292074,-69.8978,64.3083,2156.02,29617.2
153070,-69.7011,64.8717,2154.4,64898.7
6919034,-72.9253,60.6517,2150.79,23510.9
699785,-72.9156,61.2783,2150.03,45375.1
159688,-73.3942,62.0817,2144.52,64309.9
5232401,-73.1197,61.035,2139.86,25689.0
9123709,-73.1058,60.9425,2137.77,21498.0
235706,-70.2047,64.4992,2128.51,58977.9
9138353,-70.4731,64.82,2124.86,21486.1
6156025,-70.2047,64.4858,2121.77,24407.0
10535336,-73.0772,60.7117,2117.97,20502.9
4044627,-70.6489,64.0117,2117.93,27822.5
586368,-69.6772,64.7606,2112.2,47441.2
67529,-70.4475,65.1992,2108.92,76854.2
1585667,-72.7778,75.17,2106.56,36565.7
282713,-69.6997,64.8294,2098.44,56576.2
1615310,-72.7708,75.0667,2093.98,36378.8
9541531,-72.7731,75.06,2093.02,21184.5
748570,-72.9378,61.3875,2092.14,44603.3
1969060,-73.3928,61.6175,2090.68,34416.9
894925,-73.0061,61.3167,2090.37,42610.4
10800867,-72.9094,75.0558,2090.18,20334.4
1952896,-70.7006,64.1942,2089.16,34496.4
464547,-72.7942,74.7017,2087.0,50259.6
10307558,-69.6756,64.7522,2084.35,20654.6
1257384,-69.6744,64.6811,2078.27,38948.3
5824928,-72.4825,75.5575,2077.63,24839.1
2293201,-70.3464,64.0008,2077.34,32945.2
3433472,-72.8603,75.1133,2071.01,29242.7
10007692,-70.4522,64.8817,2068.13,20857.2
4784443,-72.9475,61.1217,2066.53,26417.7
5593043,-70.5719,64.34,2066.39,25157.7
3296026,-69.6675,64.7122,2066.05,29606.5
5999575,-72.9964,74.9042,2062.96,24609.8
8917578,-70.4653,64.9317,2062.86,21657.4
2043615,-72.9994,61.1992,2054.38,34054.0
699724,-73.0239,61.4183,2051.97,45376.5
1321396,-70.4517,64.6033,2051.14,38432.9
4897947,-70.3636,63.975,2050.41,26224.1
755785,-72.8739,74.9592,2050.27,44497.5
2734687,-72.7931,74.6825,2050.23,31292.9
10387438,-72.9528,75.0025,2050.02,20599.0
413141,-70.4492,64.6575,2048.05,51706.7
4081572,-69.6853,64.745,2045.38,27744.6
11569744,-73.0572,60.6608,2045.21,19874.9
2693455,-70.4917,64.48,2044.38,31435.1
1752253,-72.9739,74.8367,2043.25,35564.0
11712720,-72.9147,61.3258,2041.99,19794.6
4043595,-70.6911,64.22,2038.79,27824.8
1125266,-70.3217,64.1917,2037.68,40118.3
1401252,-73.2036,62.7575,2035.07,37824.7
2886347,-70.4431,64.5108,2034.05,30798.3
523787,-71.1467,64.7592,2033.76,48790.5
1713402,-70.4697,64.6192,2032.08,35787.3
1208311,-70.3256,64.2342,2031.39,39366.5
4161539,-70.4547,64.545,2030.16,27583.4
5350709,-69.6672,64.7372,2029.48,25507.3
5697833,-69.6364,64.3561,2027.86,25007.8
3503414,-70.4703,64.575,2026.0,29065.7
2477183,-73.1714,63.0667,2023.25,32215.8
1180511,-70.4903,64.5817,2022.14,39610.1
2066691,-72.9258,74.99,2021.14,33945.3
11655954,-70.3306,64.2258,2020.32,19823.5
6527151,-69.8975,64.3639,2017.29,23956.5
636178,-71.0281,64.6508,2016.95,46482.1
579404,-70.6742,64.29,2014.54,47584.7
1328526,-71.1375,64.7542,2012.82,38376.5
962142,-73.3667,61.575,2010.09,41813.5
809101,-73.0283,61.48,2009.79,43729.1
2225553,-73.3731,61.595,2008.88,33228.3
324172,-70.2189,64.9992,2007.51,54785.5
432930,-70.3242,64.5775,2006.86,51120.6
10401011,-70.445,64.485,2006.15,20589.7
3305774,-72.7411,74.93,2005.24,29578.5
1616362,-73.0908,61.1475,2004.93,36371.8
5850532,-70.3344,64.2617,2003.84,24803.2
10819805,-72.7856,75.1492,2001.13,20321.9
8072350,-69.6594,64.7144,1998.16,22369.4
3798906,-73.1875,63.0408,1997.17,28357.8
10796046,-73.0333,74.5067,1995.06,20337.5
3744477,-71.2153,64.4017,1992.94,28485.6
1215637,-70.4903,64.8975,1992.02,39303.3
364978,-70.19,64.9117,1991.19,53261.8
379291,-70.4269,65.2667,1990.31,52776.3
10874706,-70.4528,65.1567,1988.34,20290.5
375968,-70.195,64.7008,1987.12,52886.0
4403104,-70.4511,63.965,1986.72,27105.7
892862,-72.7494,74.7733,1985.93,42635.8
677770,-71.04,64.745,1985.8,45744.3
189113,-71.0525,65.3742,1977.09,61972.0
7838225,-70.3269,64.1217,1976.55,22582.0
684394,-72.8933,74.2017,1974.48,45629.9
244561,-70.8714,65.1242,1973.31,58488.7
10903744,-73.1019,61.0583,1971.75,20271.6
307654,-70.2353,65.0233,1971.54,55468.5
122647,-70.2169,65.1083,1968.86,68036.0
2149568,-70.6533,64.3292,1968.39,33562.2
7336755,-72.7936,74.6592,1967.97,23070.4
8224321,-70.4281,64.4958,1967.11,22232.3
8645452,-70.655,64.3208,1964.92,21874.0
3853604,-70.4933,64.8942,1962.63,28236.2
442024,-70.5031,64.7033,1961.82,50864.5
4817169,-70.15,64.2792,1961.54,26362.2
8297628,-70.3247,64.1133,1960.57,22169.1
3675188,-70.4217,65.2783,1957.7,28646.2
906486,-70.4839,64.665,1957.68,42466.7
6245214,-71.0414,64.6433,1956.01,24297.1
7001065,-69.8703,64.5083,1955.1,23421.3
2067505,-71.1933,64.6433,1953.96,33941.6
2503444,-70.1878,64.3983,1950.99,32116.8
203463,-70.4933,64.9342,1950.19,60973.9
112001,-70.1689,64.9658,1948.29,69356.6
3137531,-70.1797,64.3742,1947.91,30046.5
2135395,-70.1839,64.4325,1945.31,33626.6
4193506,-70.4867,64.68,1943.13,27518.6
1747635,-70.6792,64.3158,1942.42,35589.1
179799,-70.8956,65.4233,1942.02,62658.0
2474661,-69.9503,64.5444,1941.58,32225.7
7428112,-70.3336,64.3033,1940.85,22981.9
3447002,-70.2111,64.4575,1940.81,29210.0
1670589,-70.1836,64.4592,1940.55,36039.2
8181223,-72.8697,74.9683,1940.31,22272.3
10625008,-70.6608,64.3108,1936.84,20446.9
2486665,-70.4956,64.8858,1934.12,32180.2
1609714,-73.1831,61.9017,1933.06,36413.8
2043617,-71.0311,64.6958,1932.89,34054.0
2206444,-72.4956,74.9317,1931.13,33312.6
409458,-72.4706,74.5433,1929.26,51817.5
188468,-70.1881,65.0475,1927.63,62019.3
2154568,-70.2106,64.5383,1923.87,33541.3
1240060,-70.4344,65.25,1921.7,39093.6
5683519,-70.6778,64.2983,1920.78,25028.2
6355024,-70.1861,64.4108,1919.56,24160.4
7369288,-69.6942,64.8828,1916.27,23040.0
3369775,-70.4725,64.6558,1916.22,29410.0
3289759,-71.2206,64.6708,1914.76,29623.7
463986,-69.6844,64.9483,1913.76,50274.9
1660748,-70.3156,64.3842,1913.44,36099.2
2372151,-72.9089,74.9042,1912.81,32624.6
11569745,-72.9831,74.5117,1912.5,19874.9
231610,-70.3042,65.1358,1910.84,59215.1
9106730,-73.0972,61.1917,1909.59,21506.9
5499911,-70.3086,64.2217,1907.93,25289.0
3812656,-71.225,64.685,1906.92,28328.6
1097536,-70.2017,64.7308,1905.51,40387.4
182246,-70.5022,65.2475,1901.07,62475.7
1803227,-70.2181,64.5717,1900.81,35279.8
8381880,-70.1794,64.44,1900.78,22097.2
6838493,-70.3356,64.32,1900.71,23600.1
313864,-71.0758,65.3917,1899.57,55209.5
647387,-69.69,64.9167,1898.77,46277.4
965587,-70.2011,64.9692,1894.73,41775.4
1989010,-72.9117,74.1117,1890.73,34318.7
92245,-70.4983,65.5658,1886.14,72162.3
3305004,-70.2022,64.7842,1885.65,29580.6
3909860,-70.2011,64.54,1885.61,28111.9
3916019,-70.4956,64.685,1883.89,28098.3
5294843,-70.8628,65.17,1883.15,25592.1
436882,-70.4883,64.9933,1880.26,51008.3
5506744,-73.1375,61.9117,1880.18,25279.0
5630617,-70.3158,64.305,1879.84,25101.9
2662528,-69.6919,64.8794,1877.31,31540.3
10757947,-69.6931,64.9211,1876.89,20362.6
115571,-70.4822,65.5975,1876.7,68894.0
2031075,-70.6075,64.3667,1875.55,34113.8
338767,-70.4242,65.1517,1873.42,54210.3
5830442,-69.9789,64.6067,1871.35,24831.4
156638,-69.8783,65.3117,1870.12,64576.9
5047588,-71.1642,64.7142,1869.31,25980.0
4173319,-70.3161,64.335,1867.78,27557.9
5370239,-72.7203,74.7375,1867.05,25477.3
7821034,-72.5011,74.9092,1866.44,22598.9
11602196,-69.6956,64.805,1865.3,19855.6
2192546,-69.7278,64.8533,1863.61,33373.7
10996615,-70.6094,64.3392,1861.33,20211.8
2949108,-73.365,61.73,1858.9,30603.2
1035035,-70.3175,64.8892,1858.36,41021.3
9227657,-70.4872,64.8642,1853.82,21414.8
5313483,-69.6675,64.7639,1851.46,25562.2
293185,-70.5156,65.2733,1850.58,56094.4
8615104,-70.3414,64.3967,1850.48,21900.2
2109399,-71.0144,64.8075,1847.18,33745.8
8304059,-72.8911,74.2142,1845.46,22163.4
2336410,-70.8878,65.1042,1843.93,32768.8
8813223,-73.0122,61.5533,1843.34,21739.6
4811380,-69.9533,64.5989,1843.13,26369.4
641800,-70.4222,64.8742,1842.48,46380.5
2552850,-70.4278,64.685,1841.14,31933.8
325336,-70.2194,65.1808,1840.81,54738.9
6462152,-70.1875,64.7808,1840.06,24033.5
3169244,-70.9828,65.1858,1838.37,29955.2
9857421,-70.4581,65.1433,1828.54,20957.7
2092815,-71.1369,64.835,1828.1,33823.1
1238577,-70.4728,65.1008,1824.79,39106.6
7101281,-71.2367,64.71,1824.63,23317.7
1311692,-70.4397,64.8942,1822.73,38509.1
5132279,-71.0211,64.7725,1819.47,25844.7
1915226,-69.8814,64.9356,1818.96,34689.8
3247429,-69.8761,64.9233,1818.25,29737.4
5175933,-70.6639,64.35,1817.05,25773.2
9379965,-70.4311,64.68,1816.66,21304.5
3156917,-70.1906,64.875,1812.01,29991.3
3689869,-70.4983,64.7258,1809.21,28612.8
4540405,-69.6364,64.8933,1808.43,26850.7
9300988,-73.155,63.235,1807.66,21361.2
1525763,-69.5722,65.0961,1806.17,36957.4
11817490,-73.1839,63.1133,1805.71,19733.3
7723464,-70.1919,64.8658,1804.88,22691.8
8038054,-69.8794,64.93,1804.87,22397.9
6186507,-70.4967,64.7425,1803.66,24370.4
7058302,-70.1958,64.9433,1797.59,23361.3
2465856,-73.1933,63.13,1795.73,32261.3
4297244,-70.465,65.1158,1794.02,27309.5
396518,-71.0608,65.4242,1793.69,52222.9
1032423,-70.4906,64.9583,1789.21,41049.2
11128382,-70.4636,65.1217,1789.04,20132.9
7395433,-72.4017,74.7325,1787.58,23012.4
78935,-70.6914,66.115,1782.46,74495.1
8075339,-73.1875,63.1167,1782.21,22366.5
3063507,-72.5792,62.835,1781.63,30262.0
1417625,-70.9942,65.2975,1781.49,37704.9
8988918,-70.1983,64.8517,1779.98,21598.5
1348065,-70.2789,65.0233,1779.05,38225.1
9659739,-70.1714,64.4892,1777.07,21100.1
9635708,-71.1311,64.8458,1776.65,21118.2
3116148,-70.1953,64.5625,1768.82,30107.9
5667946,-70.4922,64.9217,1763.67,25051.1
6485513,-71.0003,65.29,1761.92,24004.3
6635941,-70.8869,65.4125,1761.56,23828.5
409506,-70.2064,65.115,1759.29,51816.3
10041929,-69.9878,64.7222,1756.3,20832.7
3302802,-70.4783,65.1108,1755.8,29587.1
838094,-70.5233,65.2817,1754.81,43338.4
1031218,-71.0061,65.4408,1752.99,41060.1
5079680,-69.0467,64.6022,1751.78,25926.0
5634058,-70.6756,64.3533,1751.52,25096.8
96531,-70.7767,66.3492,1750.32,71505.9
3035475,-70.6561,64.3933,1748.93,30341.9
538444,-70.1606,65.0283,1748.56,48455.1
6395630,-70.4378,64.905,1747.73,24112.9
1300200,-70.195,65.0158,1746.85,38598.3
3309462,-70.1686,64.9908,1743.62,29567.7
1214764,-70.5389,65.1442,1743.56,39311.4
913502,-70.5317,65.1758,1742.89,42381.1
83596,-73.1517,63.9258,1742.57,73634.0
3403495,-70.4314,64.8783,1741.87,29321.0
302647,-70.7583,65.7833,1740.36,55680.6
498716,-70.4172,65.3433,1733.22,49382.4
3092203,-70.9111,65.2717,1733.04,30177.7
179396,-70.7042,65.945,1730.99,62689.5
701028,-71.1419,65.5742,1730.71,45355.4
32749,-70.5886,66.8183,1728.48,87931.2
8883651,-69.6958,64.9156,1725.45,21680.9
1267774,-70.5344,65.265,1724.38,38863.1
827109,-70.9994,65.4883,1722.58,43485.1
10597082,-73.0378,62.1725,1717.81,20465.6
289430,-70.4767,65.425,1717.01,56264.5
475941,-70.7792,65.6992,1711.99,49958.3
536136,-70.3278,65.2567,1710.54,48506.3
910508,-70.4283,64.9592,1709.99,42417.1
9712429,-70.4894,65.02,1708.11,21060.8
2807238,-70.2306,65.0508,1706.56,31051.7
7050,-73.0786,66.3183,1705.16,112360.7
3342582,-70.2011,65.0075,1704.43,29481.4
1616363,-70.2244,65.0675,1703.57,36371.8
1581326,-69.8892,64.9956,1702.96,36593.5
11558181,-71.0758,65.38,1702.39,19881.3
3733196,-70.8944,65.3375,1700.19,28510.2
6328419,-71.0119,65.4108,1697.83,24194.6
1847731,-73.1769,63.1983,1696.21,35038.8
640754,-71.0847,65.6342,1688.15,46398.4
709816,-70.2389,65.2392,1686.27,45211.9
11683000,-70.4222,64.965,1684.0,19807.5
838200,-73.1142,66.2617,1682.66,43336.9
250148,-70.7664,66.1417,1682.21,58191.6
1978151,-70.1756,64.9292,1678.97,34370.6
11487233,-70.1625,65.0108,1678.72,19919.7
1372213,-70.8797,65.4608,1677.86,38041.3
3350335,-71.0206,65.4233,1677.79,29459.8
651438,-70.4858,65.3942,1674.19,46204.4
6538659,-71.0386,65.3567,1672.35,23943.2
5279028,-70.5058,65.2383,1668.73,25616.9
2424251,-70.1642,64.9342,1668.54,32420.9
17605,-73.0406,65.7783,1667.78,97759.8
3632414,-70.5339,65.215,1663.82,28750.5
3204509,-73.0986,66.2725,1662.42,29857.2
533500,-71.2181,65.6775,1662.16,48564.1
10971,-71.5344,67.405,1657.25,105221.3
8044019,-70.3244,65.245,1657.02,22392.2
48818,-70.5917,66.6217,1656.22,81796.8
4412886,-70.2394,65.195,1654.63,27089.3
287866,-72.7358,64.245,1654.23,56334.7
9861498,-69.5839,65.1494,1652.37,20954.7
5078157,-71.1464,65.605,1652.31,25928.4
5596412,-73.0903,66.2892,1652.23,25152.6
7070537,-70.2858,65.0767,1651.34,23347.7
4869957,-70.1747,64.8642,1651.18,26272.6
44841,-73.1039,64.8975,1648.36,83106.6
5069281,-71.0072,65.4592,1644.27,25943.2
693962,-70.5019,65.5308,1642.99,45470.5
3403496,-70.3183,65.2208,1638.43,29321.0
335188,-70.4356,65.4658,1637.25,54350.0
83870,-70.7269,67.2867,1634.35,73590.8
862188,-70.5042,65.6217,1632.62,43022.6
7428111,-70.4922,65.2575,1629.4,22981.9
296409,-70.1589,65.4408,1629.34,55952.2
7935798,-70.7722,66.155,1629.07,22491.5
911690,-70.1422,65.1133,1627.68,42403.6
583556,-73.3242,68.62,1626.72,47500.3
6533909,-70.4231,65.33,1626.14,23948.5
2738258,-73.2042,63.0667,1625.62,31282.7
6130431,-73.1217,66.2317,1620.19,24440.9
3279644,-70.6933,65.9375,1618.44,29649.5
2020909,-70.4819,65.2792,1618.25,34162.4
5611782,-70.1906,65.01,1618.17,25129.8
359817,-70.2361,65.5558,1617.89,53440.9
2701423,-70.2822,65.21,1615.86,31408.7
147028,-70.4867,65.8092,1615.0,65472.4
270059,-70.7892,66.3458,1614.71,57178.8
1844029,-73.1567,62.9108,1614.24,35058.8
2346382,-70.4522,65.0008,1613.47,32729.9
3986817,-71.0903,65.6083,1610.99,27943.7
2179592,-70.8106,65.6333,1609.63,33430.9
1352009,-73.2078,68.7183,1608.2,38195.1
1078973,-72.7406,64.1275,1608.08,40570.0
2254186,-71.1036,65.6067,1607.48,33107.3
8169114,-70.4381,64.9417,1607.24,22283.8
649380,-73.0508,68.57,1606.48,46241.6
303612,-70.4158,65.6517,1602.44,55640.5
625215,-71.5514,67.4233,1602.36,46681.8
3767706,-72.7225,64.1417,1601.97,28429.6
2815902,-70.7344,67.2717,1600.74,31025.0
425256,-70.2556,65.5883,1597.34,51346.9
9285795,-72.8033,63.3033,1595.16,21373.1
321126,-70.2894,65.64,1594.66,54909.8
8014105,-70.8117,65.6375,1594.24,22420.6
7082800,-70.8139,65.6217,1594.2,23334.1
194621,-70.7081,67.1508,1594.13,61575.9
4997880,-71.0394,65.39,1593.42,26060.8
3016612,-70.7506,65.7667,1593.08,30400.6
6188513,-70.8631,65.6033,1593.01,24367.8
119863,-70.4217,65.8508,1590.53,68364.8
826698,-70.7333,65.8458,1590.46,43491.0
8278677,-70.9244,65.6625,1589.61,22186.4
2314758,-70.9575,65.8058,1585.78,32858.1
10147465,-70.4231,65.3142,1584.73,20762.3
4168949,-70.7083,67.1375,1582.46,27567.2
1350994,-73.1714,63.97,1578.01,38203.4
213081,-70.1567,65.6183,1574.76,60340.6
2362007,-70.2053,65.1683,1573.93,32667.5
10884312,-73.1572,63.9683,1570.9,20284.2
33145,-71.2458,67.1442,1570.47,87752.8
706006,-70.2258,65.5175,1569.54,45273.9
364184,-73.1614,63.805,1567.55,53288.1
306961,-70.7583,66.2833,1567.5,55497.2
3085320,-70.5186,65.3142,1566.85,30198.8
1589127,-72.9917,69.0625,1566.56,36544.8
2080658,-70.4797,65.3658,1565.52,33879.6
7038857,-70.3131,65.2283,1563.3,23383.2
1277026,-70.5103,65.3467,1563.27,38786.0
4706357,-71.2544,67.1508,1562.34,26552.4
990568,-70.1967,65.2192,1561.21,41495.4
10653148,-70.8103,65.6008,1560.77,20428.2
11526244,-70.4778,65.3608,1560.7,19900.5
870752,-71.1872,65.8067,1559.38,42912.9
3066244,-73.1294,66.215,1557.97,30253.6
701614,-73.1747,63.7758,1555.21,45345.6
3793341,-71.0528,65.5,1554.89,28371.3
1047014,-71.1644,65.8192,1551.47,40898.4
10767505,-71.0511,65.5033,1550.59,20356.3
593459,-70.7183,67.1617,1548.81,47298.7
505410,-71.2367,66.0892,1548.09,49223.4
4151246,-73.1731,68.8183,1547.56,27601.8
2341058,-73.0103,68.9183,1546.01,32749.3
1210458,-70.7242,65.8625,1545.08,39347.0
2037436,-70.5278,65.5725,1543.82,34082.1
11476784,-72.9817,69.0758,1542.59,19926.1
115525,-70.59,66.9217,1539.44,68898.6
1104951,-70.7108,67.3167,1538.95,40314.8
9506148,-71.0475,65.5075,1538.36,21211.6
137676,-71.2189,66.4442,1537.4,66411.5
1193514,-70.7808,66.1733,1536.09,39494.1
1169020,-70.46,65.4325,1534.6,39711.3
3617679,-70.5067,65.39,1533.46,28783.7
931303,-73.17,63.6717,1533.17,42171.6
1347416,-70.4497,65.595,1532.13,38230.1
1321184,-70.5911,66.9442,1525.96,38434.5
525621,-70.3058,65.625,1525.16,48748.7
5159209,-70.4294,65.4917,1524.46,25800.3
80111,-70.4089,66.4967,1523.97,74268.1
11048771,-70.1458,65.095,1523.64,20183.4
202997,-70.2325,65.7775,1521.91,61006.3
1150110,-71.5633,67.46,1521.02,39885.8
181932,-71.2567,66.315,1521.02,62499.2
3680638,-70.4594,65.4042,1516.67,28632.8
148880,-70.6106,66.7758,1515.14,65294.1
306053,-70.7003,67.095,1512.8,55536.2
2443248,-70.7319,65.915,1511.83,32346.1
622478,-72.9508,68.4058,1511.14,46733.6
8169112,-70.4986,65.3942,1511.1,22283.8
6322312,-71.1689,65.7375,1509.9,24202.5
261819,-70.6722,67.1525,1507.62,57585.2
10653145,-73.0922,68.4333,1506.02,20428.2
9622983,-71.1764,65.7125,1505.85,21127.3
333101,-70.415,65.9275,1504.8,54434.3
2012856,-70.4508,65.4708,1499.49,34201.5
193653,-70.2711,65.79,1498.49,61645.2
278002,-70.4403,65.9867,1496.29,56799.8
2419506,-70.2689,65.4625,1494.91,32440.5
162010,-70.805,67.5758,1494.6,64103.5
4467035,-70.4653,65.5858,1492.56,26985.6
2470792,-73.0472,69.0592,1491.77,32241.5
8417054,-70.4783,65.3875,1487.38,22065.4
325789,-70.6803,67.0633,1484.47,54721.5
720173,-71.5303,67.585,1484.46,45043.9
941518,-70.4161,65.8883,1484.29,42049.0
10191105,-70.7817,65.9092,1483.53,20731.6
11387433,-70.4181,65.6117,1482.99,19980.4
1094179,-70.8075,66.2583,1479.36,40418.9
693886,-71.1978,66.3917,1479.18,45471.9
4862844,-70.2764,65.3175,1477.51,26284.7
1083620,-70.47,65.6867,1475.51,40524.4
3250294,-70.7239,65.9808,1471.88,29728.9
1093254,-70.8208,66.2425,1470.85,40428.4
207691,-73.0731,64.8617,1470.52,60695.3
147710,-70.4,66.3967,1469.11,65409.1
365283,-70.65,67.1033,1468.71,53251.0
221511,-70.6989,66.3592,1467.91,59813.5
11230908,-73.0772,64.8642,1466.89,20072.6
143244,-70.6114,66.5292,1466.56,65847.9
1482520,-70.7675,66.3842,1464.1,37247.6
3369776,-70.1864,65.3325,1462.99,29410.0
499330,-68.0956,62.3745,1461.93,49366.9
10810295,-70.5964,66.8292,1459.83,20328.1
8725234,-70.23,65.3042,1454.47,21809.9
2532028,-73.15,63.8625,1451.11,32011.5
2531049,-70.2625,65.8042,1450.71,32015.5
1376989,-70.155,65.5133,1450.54,38006.1
459072,-70.7361,66.4933,1450.2,50402.7
5103808,-70.4053,66.52,1449.07,25889.1
6549581,-70.8069,66.1583,1448.96,23929.9
5005050,-70.8069,66.2767,1446.95,26048.6
9747137,-71.28,65.8542,1446.86,21039.7
6784703,-70.7636,65.9458,1446.79,23659.4
4188621,-70.4725,65.6725,1445.98,27525.6
4084819,-70.8344,66.2283,1445.25,27737.7
6782428,-68.1597,62.3939,1445.22,23662.1
386817,-70.4256,65.75,1443.82,52529.5
8913972,-70.8036,66.2542,1443.42,21660.4
648714,-70.7064,66.3867,1441.62,46254.0
5499909,-71.1703,65.8575,1441.32,25289.0
6761399,-73.1711,63.8883,1441.25,23686.3
8474178,-70.1592,65.3092,1441.12,22019.2
1578429,-70.4383,65.605,1440.67,36611.0
10558329,-73.2811,68.5067,1439.81,20487.3
5696013,-68.1467,62.4122,1439.27,25010.4
1424042,-70.7289,66.51,1438.44,37659.2
600096,-70.2881,65.7,1437.59,47170.5
1271781,-70.675,67.0325,1436.9,38828.7
6602983,-70.7097,66.1083,1436.14,23868.6
3268643,-70.7414,66.4808,1435.62,29679.5
252407,-70.6194,66.7258,1433.9,58072.2
216856,-72.7644,68.4417,1433.82,60100.4
592068,-71.2361,66.27,1432.63,47326.9
2356241,-72.9961,68.3792,1431.99,32689.0
7680949,-70.2675,65.5558,1430.1,22731.0
2959135,-68.1394,62.3983,1427.25,30574.1
1228675,-70.6764,67.1125,1426.39,39191.3
1003538,-71.2883,66.1125,1424.85,41353.9
465021,-71.1847,66.2242,1424.54,50245.7
11266600,-70.7119,66.0983,1424.39,20050.4
1061091,-70.7406,66.445,1424.25,40751.7
1566164,-71.1772,66.1142,1423.16,36692.7
881825,-70.4278,65.7908,1422.31,42774.6
10243924,-68.1353,62.4006,1421.44,20694.6
690004,-71.5464,67.3583,1420.57,45537.7
1513513,-70.7233,66.5458,1420.32,37038.3
9684160,-70.2694,65.7825,1420.17,21082.0
1619067,-70.765,66.4317,1416.3,36354.2
4639720,-72.9056,68.865,1414.89,26669.7
476710,-70.4647,65.9392,1414.51,49936.6
1131538,-70.7025,66.3267,1413.66,40059.5
8628642,-70.8086,67.5542,1413.35,21888.6
3242833,-71.2908,66.0942,1411.83,29750.3
9708348,-71.2261,67.1267,1411.17,21063.9
8638639,-70.7278,66.5433,1407.48,21879.9
301056,-70.7433,66.845,1406.62,55746.9
4952021,-71.5133,67.45,1406.16,26136.5
1713405,-67.9811,61.1255,1406.06,35787.3
352763,-70.4103,66.4483,1404.46,53696.6
10932828,-72.1339,65.2042,1403.45,20252.8
430973,-70.7056,66.7008,1402.11,51176.7
3666151,-71.2486,66.1408,1401.7,28668.4
1721400,-71.1631,66.1725,1400.67,35740.9
6533908,-72.9703,68.3558,1398.95,23948.5
4514165,-70.4053,66.445,1398.59,26898.1
5835928,-71.1981,66.0608,1397.13,24823.7
3284960,-71.2681,66.0808,1396.08,29634.4
4755748,-71.0547,66.2758,1394.92,26465.9
74629,-71.8025,66.9725,1394.61,75365.8
755609,-71.2281,66.5017,1392.9,44500.3
2154956,-71.5514,67.3858,1392.74,33539.4
2694020,-70.6542,67.155,1392.24,31433.1
3264194,-71.4167,65.6208,1391.07,29692.4
844137,-70.7319,66.3608,1389.62,43258.9
10405579,-70.3061,65.5908,1388.99,20586.6
3669807,-70.4614,65.6767,1388.66,28659.5
262988,-70.2625,65.87,1386.94,57526.5
5252213,-70.4639,65.7067,1386.9,25656.7
611620,-70.7358,66.7075,1383.14,46941.7
2750918,-71.3017,65.9883,1382.68,31237.9
1352218,-70.4611,65.8067,1382.64,38193.4
923629,-70.22,65.7617,1381.93,42260.6
5110974,-71.5367,67.475,1380.34,25876.8
536319,-72.7464,68.6325,1379.99,48502.4
11552955,-71.1003,66.1675,1378.66,19884.5
387579,-70.3983,66.0017,1376.92,52505.2
5921957,-70.4339,65.765,1375.17,24708.0
5313469,-70.6567,67.1283,1374.72,25562.2
857481,-71.535,67.675,1373.69,43084.8
5005049,-71.3078,65.9975,1372.08,26048.6
4291582,-71.1631,66.1433,1371.94,27321.1
142882,-67.93,62.4872,1371.29,65880.8
3763044,-72.8469,68.8133,1370.88,28440.8
11650525,-68.1256,62.4039,1369.12,19826.7
453660,-71.2869,67.1033,1367.09,50550.4
757632,-70.6311,66.7192,1363.99,44468.8
113476,-70.6125,67.4592,1363.28,69163.5
1128015,-72.7772,68.2617,1362.16,40092.9
6787051,-70.6458,67.1575,1361.18,23656.7
1678607,-71.2286,66.2183,1357.12,35991.4
294951,-70.6303,66.8533,1357.01,56019.4
2391797,-70.6867,66.0117,1355.65,32548.3
1901299,-70.6447,67.1917,1355.06,34759.5
5743523,-73.1206,68.2042,1354.6,24946.6
599698,-67.8694,60.7717,1352.28,47177.3
1915562,-70.2297,65.6425,1351.6,34688.0
3417331,-70.7289,66.7242,1350.95,29286.2
124359,-71.4967,66.675,1350.1,67841.8
987277,-71.2069,66.2792,1349.79,41530.7
2347753,-71.1972,66.2275,1347.73,32724.0
1422194,-70.4786,65.7142,1346.82,37672.8
665856,-72.8131,68.425,1345.55,45948.6
334547,-70.4031,66.3175,1344.11,54374.6
4302287,-72.7111,68.2292,1342.81,27302.5
9395319,-70.4603,65.715,1340.65,21292.5
3032172,-70.7869,67.215,1340.11,30352.4
4638435,-72.7867,68.3683,1339.18,26672.1
753295,-71.0514,66.8192,1338.69,44534.7
41825,-72.0083,66.8442,1337.57,84175.3
1239130,-71.0308,66.8,1337.21,39101.8
35614,-70.5444,67.2125,1336.87,86678.9
6667867,-71.5356,67.6483,1336.6,23793.7
7868891,-67.9306,62.4783,1336.57,22556.6
9635709,-70.7508,66.3683,1336.42,21118.2
368822,-70.6128,67.3967,1331.9,53131.2
489498,-70.8406,67.6967,1330.69,49607.6
3695363,-72.6947,68.2008,1330.49,28599.4
3573926,-70.5833,66.8625,1330.06,28892.0
1536592,-71.0178,66.785,1329.95,36884.9
5250688,-70.5936,66.8592,1329.72,25659.2
9215995,-70.7111,66.3967,1327.75,21423.8
245901,-70.7008,66.8425,1327.18,58418.9
1592508,-70.2803,65.6733,1324.16,36522.1
7263924,-70.7575,66.4317,1323.94,23147.6
7345641,-72.8339,68.9908,1323.03,23064.9
902248,-70.4475,65.6825,1322.76,42519.1
1316265,-70.7731,66.7092,1322.53,38472.6
1321000,-70.7036,66.7283,1321.27,38436.2
5603306,-72.8172,68.7133,1318.76,25142.5
77939,-70.9108,67.6842,1318.42,74700.1
921770,-70.7039,66.5008,1317.69,42281.7
387704,-72.9411,68.7092,1316.19,52501.5
974521,-71.2706,67.1017,1315.48,41674.6
5181102,-70.7475,66.4225,1313.64,25768.2
490728,-73.0711,64.7783,1313.13,49576.8
6269548,-68.1128,62.3772,1313.06,24265.6
3334389,-70.4617,65.7742,1310.48,29500.8
479492,-70.395,66.0992,1310.13,49865.1
980362,-72.6425,68.4983,1309.83,41608.8
2940854,-71.5747,67.4683,1309.09,30630.3
4380982,-70.6111,67.4167,1308.95,27150.4
6667865,-72.8867,68.6608,1308.07,23793.7
5766057,-72.8272,68.4192,1302.62,24918.5
543628,-70.6164,66.8392,1302.53,48341.9
1850427,-72.7628,64.7733,1302.39,35026.1
3250295,-70.6967,66.7458,1300.7,29728.9
5725786,-73.0206,65.82,1299.88,24972.1
2635902,-71.8011,66.8808,1298.83,31635.1
885842,-72.9086,68.7125,1298.64,42725.4
1466055,-70.8078,67.4958,1298.09,37363.7
2248908,-70.7969,66.8208,1296.09,33130.4
963551,-71.3311,66.2825,1293.68,41798.3
1169730,-72.7697,68.145,1293.66,39706.5
3746391,-70.7847,66.6275,1293.25,28481.1
5339454,-70.8222,66.745,1293.14,25524.8
9084914,-71.2203,66.1258,1288.79,21524.6
7666860,-70.6206,66.8258,1288.53,22745.0
286238,-71.5067,67.7392,1288.14,56413.8
7832527,-71.2386,67.0875,1287.53,22587.6
1974951,-70.445,65.7575,1285.79,34387.3
5868893,-68.0831,62.3578,1285.05,24777.5
2836912,-70.8397,67.7333,1284.86,30957.2
51856,-72.5164,66.5492,1282.41,80875.7
1124305,-71.13,66.4908,1281.47,40127.8
9490430,-71.2125,66.1567,1280.44,21223.6
2658678,-70.7083,66.7408,1280.13,31554.4
412566,-71.7928,66.7658,1277.53,51724.0
2414625,-70.4033,66.5692,1277.39,32458.2
9938279,-71.0636,66.4408,1276.79,20902.9
4242,-72.14,68.74,1274.17,120677.4
4476820,-70.7186,66.6825,1273.38,26966.7
4650323,-70.7886,66.7267,1270.37,26653.0
5796727,-71.4958,66.6367,1270.27,24875.0
1614031,-70.6308,66.6592,1269.8,36387.5
68044,-71.4494,67.7775,1266.54,76743.0
1114471,-72.8247,68.5775,1265.93,40223.0
4427276,-70.6975,66.7042,1264.46,27061.0
3405169,-70.4072,66.0125,1263.36,29316.7
786288,-67.9833,62.46,1262.17,44052.8
413102,-70.5356,67.185,1260.42,51708.0
9913278,-70.7842,67.0183,1260.25,20921.2
8770012,-73.1322,66.2592,1260.06,21771.8
6216367,-70.7289,66.6792,1258.06,24331.2
6701462,-68.0653,62.37,1257.16,23753.5
4532964,-70.8131,67.4817,1256.9,26864.9
8823673,-71.2778,67.1142,1255.92,21730.8
2265411,-70.395,66.04,1255.33,33061.1
8391373,-70.4564,65.9275,1255.24,22088.5
1468340,-70.7503,66.7633,1254.95,37346.6
7850429,-72.7044,68.525,1254.67,22570.7
2957881,-70.6297,67.4042,1254.4,30578.3
325129,-70.655,67.2733,1253.4,54748.2
2198365,-67.9853,62.4806,1252.66,33347.0
7473332,-70.2225,65.7933,1251.45,22934.7
3390683,-70.7614,67.0008,1250.78,29355.8
6685712,-73.1486,68.1067,1250.52,23772.3
4436677,-70.7706,66.9625,1250.18,27042.2
1426357,-70.6517,67.4233,1249.89,37644.0
4788429,-70.8394,67.7583,1248.96,26410.5
5606636,-70.6456,67.2725,1245.7,25137.4
358046,-71.0269,67.0108,1244.66,53502.9
1173171,-70.3989,66.25,1244.57,39674.4
8728660,-72.6797,68.5442,1244.2,21806.9
4017377,-71.3367,66.2092,1242.03,27879.7
2803116,-71.2328,67.0558,1241.14,31066.1
3339333,-71.4422,67.8092,1240.39,29490.0
9231329,-70.2483,65.7567,1238.83,21411.9
5315049,-70.7486,66.7267,1236.41,25559.7
4153391,-72.8058,68.1492,1233.57,27597.2
4227929,-71.0358,67.0067,1231.4,27449.1
9289589,-70.7775,66.9708,1229.7,21370.2
428559,-72.84,68.2792,1228.69,51247.6
506458,-67.9481,62.4639,1226.72,49197.5
183335,-72.2139,68.6392,1226.37,62398.2
9339176,-70.9189,67.6475,1225.35,21331.4
11118404,-71.1842,66.2692,1225.08,20139.2
1740351,-70.7128,67.4067,1224.92,35632.0
5687109,-70.7575,66.7117,1224.77,25023.1
610316,-72.1761,68.6925,1221.56,46967.5
268566,-72.9769,65.9167,1221.54,57253.4
7145638,-70.7247,66.9975,1221.11,23268.4
5616929,-70.6297,67.2075,1219.89,25122.2
4302296,-68.0508,63.0033,1219.4,27302.5
7282519,-71.4983,66.6183,1219.3,23128.4
1173338,-72.8494,68.5833,1217.43,39672.8
11366602,-70.8131,67.6067,1215.87,19993.1
837647,-72.0419,66.93,1215.55,43344.2
679208,-70.6247,67.325,1214.91,45719.2
5498258,-70.6264,67.1892,1213.08,25291.6
6156022,-72.8275,68.3792,1211.97,24407.0
4915002,-70.8522,67.6242,1207.0,26197.3
4915003,-70.6117,66.585,1206.58,26197.3
1318917,-72.1953,68.66,1206.44,38452.8
4540397,-70.7075,66.78,1205.64,26850.7
819350,-70.9069,67.7742,1205.49,43589.0
3426917,-72.7758,68.52,1204.93,29260.1
3740525,-70.445,66.1925,1204.47,28492.3
2454744,-70.395,66.1533,1203.31,32302.7
1956056,-71.5747,67.4275,1202.05,34479.8
8401059,-68.0514,63.0272,1201.76,22079.9
1357603,-67.9375,62.4944,1201.71,38153.4
356325,-72.7019,68.0867,1200.52,53563.6
3456604,-70.7569,66.7475,1200.34,29183.8
699953,-71.2794,66.9467,1198.46,45372.3
4971720,-71.4414,67.7733,1197.54,26102.3
3942381,-70.7458,66.7942,1191.34,28041.5
2626361,-68.0175,62.4722,1189.86,31667.3
586179,-70.9989,67.0842,1188.13,47445.3
842188,-70.6761,67.2533,1187.41,43283.9
10191102,-72.6292,68.4508,1186.75,20731.6
749172,-71.1086,66.8425,1184.49,44594.7
9339218,-68.0425,63.0394,1182.87,21331.4
1683450,-70.43,66.4975,1181.18,35963.1
8341978,-72.8247,68.6258,1180.16,22128.9
3845877,-71.0178,66.9983,1177.71,28254.3
798124,-70.8681,67.6058,1173.77,43883.3
150668,-67.8211,62.5567,1172.95,65121.1
7150674,-71.2447,67.0142,1172.49,23263.0
976044,-71.9975,66.7617,1171.98,41657.8
11596678,-70.8561,67.58,1171.12,19858.9
5059241,-68.0453,62.6878,1170.74,25960.4
3056976,-70.3953,66.2008,1169.68,30278.8
776334,-70.7925,67.8008,1167.33,44194.3
747948,-72.1644,68.7425,1167.15,44613.3
57374,-71.2564,67.5483,1166.58,79306.2
1726724,-67.9886,62.7461,1165.09,35708.8
4787089,-67.9819,62.4889,1164.95,26412.9
11450387,-68.0222,62.4678,1162.93,19942.1
2017640,-71.2664,66.9325,1162.52,34179.1
9103144,-68.0133,62.4756,1160.39,21509.8
1943943,-70.9525,66.9717,1159.57,34540.7
1897198,-71.2953,66.9158,1159.11,34781.5
8848675,-70.9922,66.9017,1156.23,21710.3
1338772,-72.0278,67.0225,1156.2,38298.4
9164266,-70.5514,67.1875,1154.46,21465.4
433097,-71.0239,67.0883,1153.18,51115.6
7279877,-67.9903,62.4422,1152.96,23131.1
181052,-72.1947,66.4375,1152.67,62564.4
536559,-72.24,68.5925,1152.61,48497.1
1862948,-71.4328,67.8225,1151.71,34960.6
2314757,-71.0022,67.1325,1149.95,32858.1
995036,-70.9822,67.0133,1149.45,41446.2
1237464,-71.3283,66.4583,1147.03,39116.4
7398057,-71.0814,66.8142,1144.14,23009.6
4637093,-71.0511,66.8667,1144.03,26674.5
10434491,-70.2564,65.8567,1140.18,20571.1
2244938,-72.8172,68.2883,1139.21,33147.7
6722747,-70.9786,66.9175,1135.68,23732.0
3825092,-67.9514,62.475,1133.77,28299.3
4252541,-71.5022,66.5742,1132.56,27398.0
2230827,-70.7786,67.8808,1126.78,33207.2
3917953,-72.6992,68.1458,1126.05,28093.7
235409,-67.8575,62.5172,1124.24,58996.2
1228674,-72.7364,68.0617,1123.08,39191.3
1671197,-72.2278,68.6342,1118.92,36035.6
1365459,-70.6008,67.3083,1117.9,38093.2
25050,-70.5503,67.65,1117.82,92185.8
1522018,-70.6294,67.2767,1116.3,36981.5
6230401,-70.7078,66.9908,1114.83,24312.9
2926913,-71.0819,66.9042,1114.63,30671.9
3188201,-70.9872,67.1358,1111.71,29902.0
302782,-71.1439,67.725,1111.58,55673.7
4129747,-70.9378,67.0858,1110.74,27648.0
915310,-70.7236,67.6392,1110.44,42360.0
51605,-72.6194,68.215,1109.08,80943.4
3307219,-70.5933,66.5683,1106.11,29574.2
634827,-71.5869,67.3592,1104.46,46506.7
2959751,-70.6158,67.2808,1104.08,30572.0
5261458,-73.1553,68.56,1098.89,25641.8
4515415,-71.0769,66.875,1097.93,26895.7
1435201,-72.9633,65.5575,1097.3,37581.3
1200878,-71.5617,67.3,1097.12,39429.5
3961837,-70.5411,67.6358,1093.12,28000.6
320844,-70.5322,67.2975,1092.22,54921.4
7795147,-70.9917,67.0542,1089.13,22624.3
5711304,-70.6067,67.28,1088.75,24992.5
2274951,-70.9794,67.0933,1088.62,33022.5
3293691,-67.9667,62.7394,1088.33,29612.9
7282537,-67.9483,62.4917,1086.14,23128.4
8193289,-72.6997,68.4683,1085.41,22260.9
1851447,-71.7992,66.6783,1083.69,35020.6
8967408,-72.6525,68.3692,1082.86,21616.2
1152161,-67.8639,62.5155,1082.53,39866.6
9231358,-67.8661,61.09,1081.93,21411.9
567384,-71.4717,67.8025,1081.68,47833.1
2702016,-71.4694,67.785,1081.16,31406.7
7930047,-72.0008,66.7733,1081.13,22497.2
3927529,-71.4647,67.8208,1079.62,28075.6
550018,-71.2028,67.6233,1079.0,48202.0
7938656,-72.8547,68.2358,1077.22,22488.7
1787113,-67.9478,62.7161,1075.05,35366.4
1319943,-70.9464,67.2975,1071.09,38444.5
199121,-70.5875,67.6292,1070.81,61261.6
11403018,-67.9931,62.7328,1069.3,19970.8
1913499,-72.1531,68.765,1067.84,34699.0
10270365,-67.8539,62.5183,1067.13,20676.2
5047586,-72.8661,68.7108,1065.73,25980.0
4890756,-67.9431,62.7261,1065.51,26236.2
239204,-70.5486,67.5875,1060.17,58783.1
9160545,-67.9572,62.7317,1059.51,21468.3
462401,-72.5856,68.2642,1056.32,50317.9
7369264,-70.5803,67.6183,1056.0,23040.0
7331495,-70.9308,67.6367,1052.79,23076.0
11645126,-72.525,66.6142,1049.02,19830.0
3743568,-70.9361,67.2833,1043.64,28487.8
747521,-72.1969,68.7642,1040.21,44620.4
11434537,-71.1281,67.7858,1038.11,19951.7
1137671,-70.6239,67.8417,1033.14,40002.2
8728661,-72.0258,66.85,1032.68,21806.9
717753,-67.8539,62.8672,1029.92,45083.5
300711,-70.5389,67.7742,1026.25,55761.8
970166,-70.7219,67.75,1025.06,41723.5
624107,-67.8342,62.5372,1014.92,46703.6
2041380,-70.895,67.5525,1014.47,34065.2
995861,-67.8456,62.5267,1013.59,41437.0
5026717,-72.2214,68.5842,1010.38,26011.8
3739604,-72.2047,68.7567,1008.73,28494.5
6923871,-67.9183,62.76,1007.73,23505.4
8190212,-72.5775,68.2892,1005.02,22263.8
441438,-67.7844,62.5822,999.62,50882.0
6705949,-70.595,67.6633,999.3,23748.1
2550253,-67.8594,62.86,998.9,31943.7
4361838,-72.6719,68.1425,997.77,27185.5
4707672,-72.5736,68.2975,997.57,26550.0
1444544,-72.8656,68.1667,995.44,37513.4
10147464,-70.5511,67.13,994.84,20762.3
1471129,-70.5611,67.1442,994.18,37327.9
2059460,-72.1833,68.7733,992.82,33979.1
1895547,-67.8447,62.8694,989.85,34790.7
9680138,-72.1736,68.78,988.7,21085.0
7628307,-71.7747,66.8267,985.44,22784.2
7247695,-72.8792,68.5842,983.33,23161.4
4047673,-67.8575,62.8678,982.7,27815.7
8635328,-70.5619,67.165,981.66,21882.8
1172428,-71.5808,67.5708,979.57,39680.8
8404157,-67.9081,62.7706,976.8,22077.0
1672629,-71.155,67.775,974.8,36026.8
8546940,-71.5814,67.5908,973.26,21955.4
464586,-70.6758,67.7017,973.15,50258.4
3581792,-71.5517,67.5567,971.33,28872.1
4908134,-67.8958,62.4961,971.09,26209.5
8162929,-70.8683,67.6425,969.36,22289.5
11773299,-72.8603,68.1967,968.49,19759.1
3818526,-67.8922,62.7611,967.07,28315.1
11575061,-72.2044,66.5008,966.87,19871.7
1567938,-67.8342,62.8467,966.76,36680.5
4475593,-70.5975,67.7275,966.54,26969.1
2724159,-67.8094,61.1744,966.35,31329.5
3745441,-70.9042,67.83,958.53,28483.4
11828640,-67.8922,62.7561,952.47,19726.9
2475159,-67.8408,62.8556,951.47,32223.7
3520396,-70.8981,67.5833,950.92,29024.0
3807809,-72.0247,66.8242,948.85,28339.8
1849468,-67.8869,62.7417,948.76,35031.6
5655757,-70.9333,67.565,947.32,25068.9
9009095,-67.8947,62.7478,939.46,21586.7
8297661,-67.8281,62.8589,934.47,22169.1
4638449,-67.8839,62.7844,931.1,26672.1
3681563,-67.8072,62.5756,920.29,28630.6
6993844,-67.8244,62.8611,917.54,23429.4
2404634,-67.7947,62.5828,912.95,32499.4
2500333,-70.9725,67.3408,912.81,32128.7
3230786,-67.8206,62.8706,912.66,29782.4
8648852,-67.875,62.7939,907.63,21871.1
1526768,-67.8133,62.8745,903.74,36950.5
4905371,-67.8047,62.1861,900.49,26214.3
7390092,-67.8669,62.7872,897.55,23017.9
4224283,-67.7917,62.5706,896.99,27453.7
219303,-67.7886,62.8189,896.42,59951.8
202732,-67.7022,63.0583,888.68,61024.1
523389,-67.7481,62.2139,884.99,48798.4
3976779,-67.7844,62.8233,880.2,27966.4
5571904,-67.7392,62.2167,879.24,25185.5
10996657,-67.8661,62.4978,879.14,20211.8
11575060,-72.5317,66.6017,878.84,19871.7
7569414,-68.0447,66.09,878.23,22840.1
6571369,-71.8078,67.0533,877.0,23903.2
6175664,-67.7817,62.8261,860.68,24380.9
6629240,-67.6978,63.0556,856.05,23836.5
9327777,-70.5394,67.6042,846.15,21340.3
5272321,-70.9858,67.3708,844.8,25624.4
1989380,-67.7886,62.7994,844.63,34316.8
8190211,-72.9108,68.6417,842.03,22263.8
683898,-67.8269,62.8122,838.31,45638.3
3166279,-67.8389,62.8083,828.42,29963.7
1749589,-67.8122,62.8556,824.84,35580.1
6348800,-67.7303,62.225,820.7,24168.3
1646726,-67.7736,62.8317,816.9,36183.8
1252393,-71.5931,67.5192,816.12,38989.2
432301,-70.6742,67.8983,815.15,51138.1
624621,-72.6564,68.1767,804.61,46692.7
2742812,-67.7731,62.5972,796.63,31266.4
7897881,-67.7861,62.1828,791.8,22528.3
1654437,-67.7969,62.8822,790.66,36136.3
3888792,-72.6083,68.1992,786.47,28157.2
10320605,-71.5972,67.4875,784.23,20645.3
1204883,-71.575,67.6375,776.62,39395.6
9643718,-67.7781,62.1861,775.68,21112.2
9767461,-70.8569,67.8867,754.35,21024.5
7103771,-67.7717,62.8133,753.57,23314.9
939458,-67.7144,63.0367,736.71,42074.8
3887882,-67.8017,62.8072,700.13,28159.4
1450342,-67.7608,62.8422,689.67,37474.4
458849,-70.5425,67.4342,682.54,50409.0
10360491,-67.7092,63.0494,676.5,20617.5
3178736,-67.7644,62.8322,673.94,29929.6
9141931,-70.6808,67.8242,671.05,21483.2
3778326,-67.73,63.0539,669.99,28407.2
5568621,-70.8589,67.92,641.72,25190.6
7680973,-67.7064,63.03,633.47,22731.0
400585,-69.8203,68.5394,615.0,52094.7
2945923,-67.8603,66.0894,608.61,30613.7
514362,-72.6494,68.0492,595.83,49008.1
3392264,-73.0125,66.5125,594.23,29351.4
7232211,-67.8697,66.0711,582.38,23177.9
999129,-67.8333,66.2428,568.92,41401.6
10681224,-73.0094,66.46,563.63,20409.4
2728764,-72.635,68.0708,550.48,31313.2
3399528,-67.8636,66.2372,549.6,29331.9
76362,-70.4469,71.785,546.32,75016.7
5685355,-73.0036,66.495,534.57,25025.7
2832590,-67.8442,66.2406,516.34,30971.6
8575276,-70.5636,71.8742,510.28,21935.1
2251061,-67.6869,63.0178,469.65,33120.7
3628939,-67.8317,66.635,467.98,28759.4
696521,-72.54,68.3592,449.37,45428.4
1699091,-72.6033,68.1383,426.63,35869.1
3584314,-72.5436,68.3417,417.08,28865.5
2547080,-68.9639,69.2011,408.3,31955.7
5050492,-69.2286,69.2228,406.5,25975.1
1317894,-67.7947,66.7189,398.46,38461.1
5920158,-67.5825,83.6356,392.6,24710.5
1520515,-67.7983,66.865,385.5,36991.8
1284770,-67.7875,66.735,384.52,38721.9
7470696,-73.2431,66.825,382.65,22937.5
10347131,-70.9181,68.2442,382.27,20626.8
4799206,-67.7953,66.8772,338.91,26391.2
4457514,-67.7917,66.7278,331.44,27004.5
6953324,-73.2589,67.1175,325.16,23475.6
7993021,-73.2694,67.1367,319.71,22440.5
2392719,-67.4961,60.9822,318.34,32544.4
2660325,-70.8581,68.1767,304.05,31548.4
5630638,-67.4728,60.9517,292.93,25101.9
9339216,-69.6283,68.8311,289.92,21331.4
7334121,-67.4717,60.9794,282.23,23073.2
2461735,-67.7858,66.8878,279.14,32275.1
937492,-69.7892,74.4011,277.78,42096.0
4149151,-67.4653,60.7811,274.45,27606.5
1166976,-70.5078,72.5242,271.81,39730.5
245198,-67.4744,61.1217,268.16,58454.9
10016171,-70.5036,72.5725,265.9,20851.1
10493324,-72.9769,66.8667,264.23,20530.8
10351514,-72.9831,66.8492,263.09,20623.7
10405576,-72.9511,66.9267,262.27,20586.6
11251270,-72.9806,66.8575,261.95,20059.9
9569094,-72.9964,66.7958,259.48,21163.4
3975780,-67.5683,61.4561,257.76,27968.7
11828585,-73.0003,66.7608,254.5,19726.9
7160793,-69.8433,75.6633,245.19,23252.0
1536125,-71.7433,67.7183,244.83,36888.3
4406605,-70.5022,72.6183,238.76,27098.7
1601358,-69.7525,74.3978,233.34,36466.2
5625491,-70.4853,72.5908,232.64,25109.5
680606,-70.5614,72.1158,232.27,45696.9
3474994,-69.8647,74.4317,231.3,29137.9
2006722,-72.2997,68.4333,229.15,34233.2
1420134,-71.0961,71.5867,228.97,37688.0
2580949,-70.6306,71.9592,227.04,31831.9
7549899,-67.4728,61.1411,223.89,22859.6
1174971,-71.4122,70.9892,222.92,39659.9
2697856,-70.5258,67.8675,222.9,31418.9
10239343,-70.4775,72.4425,221.85,20697.7
11418711,-70.4653,72.5408,221.61,19961.2
6824518,-72.2153,68.8192,217.51,23616.3
1747634,-71.0956,71.515,217.23,35589.1
10392038,-67.4747,60.9139,217.02,20595.9
2235992,-70.825,68.105,214.88,33184.2
2294032,-71.0972,71.5375,212.61,32941.4
8112042,-70.3725,68.775,212.01,22332.3
4090625,-70.5186,72.5675,210.97,27728.5
11307427,-71.4083,70.9925,208.93,20025.0
3916980,-72.3042,68.4375,206.38,28096.0
3703469,-71.0911,71.6475,204.3,28579.4
11261513,-72.3067,68.4275,203.92,20053.6
4398358,-71.755,67.6875,202.72,27115.1
9285799,-70.8244,68.0408,197.75,21373.1
10178048,-70.5175,72.5917,197.24,20740.8
8169113,-70.4589,72.5833,195.33,22283.8
3129679,-71.0628,71.495,190.46,30069.8
3765849,-70.0375,72.855,190.31,28434.1
4032268,-71.0564,71.5458,186.1,27850.0
7343011,-69.8597,74.4433,185.2,23067.7
11200315,-71.0592,71.5117,183.58,20091.7
7395434,-71.7597,67.7183,181.92,23012.4
3584315,-72.4842,68.7692,180.97,28865.5
10257019,-71.0517,71.5342,178.55,20685.4
5767855,-70.8106,68.4008,178.43,24915.9
10405578,-72.3292,68.3708,177.43,20586.6
3248828,-71.1,71.6183,176.99,29733.2
4076386,-70.5144,68.0008,173.28,27756.1
6803999,-69.9108,73.2017,170.33,23640.6
2818303,-70.4317,72.5308,167.36,31016.8
1028745,-72.4906,68.705,164.93,41086.5
9808123,-68.5558,78.5294,163.94,20994.2
3129685,-67.4844,61.0155,163.88,30069.8
4159369,-72.1167,68.665,163.32,27588.0
4359198,-71.0989,71.4533,162.22,27190.2
9224038,-70.1786,67.68,161.12,21417.8
9545409,-70.5017,72.0108,160.79,21181.5
3929463,-71.0275,71.5408,160.61,28071.0
3459034,-71.7333,67.7317,158.88,29177.3
4612747,-71.5283,68.715,158.29,26719.9
2952711,-70.5239,72.525,158.2,30594.9
4068210,-68.5983,78.5211,157.8,27774.4
3938399,-69.8675,75.1861,156.6,28050.6
2341555,-68.605,78.5011,155.65,32747.4
5132292,-68.5572,78.4933,155.64,25844.7
5521916,-70.5239,67.89,155.26,25256.3
7085291,-68.6075,78.5317,153.98,23331.3
4347619,-67.4803,61.1133,153.62,27213.6
5716923,-68.6067,78.515,153.21,24984.9
1764750,-69.4261,76.1044,153.14,35492.3
6020416,-68.5547,78.5161,152.92,24581.3
3853611,-68.5881,78.5289,152.64,28236.2
4354562,-67.5078,61.1433,152.58,27199.6
3990445,-70.0083,72.9825,152.39,27939.1
6361338,-68.5506,78.5072,151.69,24152.5
11261553,-68.5989,78.5528,150.56,20053.6
6236269,-68.5947,78.5267,150.38,24305.0
4050814,-68.6231,78.4517,149.71,27808.8
1803529,-68.5914,78.4039,149.49,35278.0
5290047,-70.4353,72.5083,149.24,25599.5
9084935,-68.5928,78.5317,149.15,21524.6
2477729,-68.4664,78.4322,148.56,32213.9
2740585,-68.4681,78.4494,148.1,31274.6
11246137,-70.8692,67.9167,147.3,20063.1
2894172,-69.4489,76.1311,147.17,30775.6
3757559,-68.5525,78.47,147.05,28454.3
2281034,-69.3939,76.4022,146.04,32995.5
5163731,-68.5519,78.4583,145.79,25792.9
8802909,-70.1536,72.5958,144.65,21748.4
4957553,-71.9306,69.8225,144.38,26126.7
10796087,-68.5578,78.4561,144.15,20337.5
8992571,-69.4364,76.0789,143.87,21595.6
3435984,-68.5661,78.4322,143.79,29236.2
9476510,-70.6467,72.1925,143.77,21229.6
9244772,-70.9056,71.6975,143.77,21405.9
3894207,-68.5856,78.5,143.72,28148.1
11502980,-68.5886,78.5539,143.31,19910.1
5105243,-68.9136,77.9478,143.1,25886.6
1482771,-68.5342,78.3222,141.83,37245.8
6914352,-67.4797,61.0128,141.39,23516.3
2571269,-68.5461,78.345,141.29,31865.9
6699152,-68.4689,78.4233,140.84,23756.2
6106086,-68.4586,78.4906,140.08,24469.6
7558523,-69.405,76.3583,140.04,22851.2
11108427,-68.4706,78.4272,140.01,20145.5
5916448,-68.5858,78.5161,140.01,24715.7
4730376,-68.4647,78.4433,140.0,26511.6
7245090,-68.625,78.4461,139.22,23164.2
2110198,-68.5589,78.3839,139.21,33742.0
2989732,-68.5678,78.2967,138.53,30480.2
1551346,-68.5775,78.1983,138.46,36788.0
2190472,-68.5761,78.31,138.14,33383.2
10274713,-68.5775,78.5139,137.92,20673.1
5460983,-70.9753,71.5133,137.9,25344.4
10814966,-70.9697,71.5242,137.6,20325.0
3442806,-68.5439,78.3745,137.49,29220.9
3881103,-68.6147,78.4589,137.1,28175.3
1661013,-68.5247,78.4622,136.79,36097.5
5563519,-68.5661,78.3105,135.82,25198.2
4903952,-68.5481,78.4011,135.81,26216.8
4569367,-68.5358,78.3378,135.72,26798.4
990930,-68.8833,77.9222,135.1,41490.8
2219692,-68.5244,78.4445,134.85,33255.1
6694674,-68.6111,78.4828,134.56,23761.5
11445131,-68.4681,78.4383,134.32,19945.3
9836762,-68.6164,78.4772,134.27,20972.9
4547918,-68.5594,78.3228,134.01,26836.4
4364272,-68.5344,78.3956,133.9,27180.8
8035050,-69.4,76.3378,133.82,22400.7
1871073,-69.7497,74.5217,133.77,34918.6
2483819,-68.4661,78.4095,133.52,32192.1
6502717,-68.5447,78.3817,133.29,23983.1
6692489,-68.4564,78.465,132.74,23764.2
8362638,-68.5925,78.4961,132.15,22114.5
2041383,-68.5258,78.3917,132.02,34065.2
3195528,-68.5861,78.2528,131.76,29882.8
4685229,-68.5631,78.2761,131.29,26588.4
6474909,-68.5628,78.4472,131.27,24017.6
8642110,-68.6225,78.435,131.15,21876.9
11445130,-68.5969,78.5383,131.15,19945.3
9732882,-68.6108,78.4594,131.09,21045.7
1582656,-69.3803,76.295,131.07,36584.8
4302294,-68.5567,78.3628,130.55,27302.5
9900842,-68.5889,78.515,130.33,20930.4
9052129,-68.5528,78.3944,130.26,21551.3
8880148,-68.5328,78.3344,130.22,21683.9
6152203,-68.5619,78.4767,129.61,24412.2
10713855,-68.5931,78.4,128.88,20387.6
2716615,-68.6006,78.4083,128.74,31353.9
5023918,-68.5717,78.5305,128.54,26016.7
11215517,-68.6122,78.4894,127.69,20082.2
1110560,-67.5597,62.9283,127.21,40261.0
2638678,-68.4861,78.4383,127.14,31625.0
7416527,-68.4722,78.4572,126.04,22990.2
7209586,-68.5778,78.3217,125.69,23202.6
9171615,-68.4614,78.46,125.65,21459.4
9308766,-68.5661,78.285,125.63,21355.2
10316226,-68.4525,78.4867,125.28,20648.4
8487263,-70.4444,72.5383,125.07,22007.6
1405114,-68.5161,78.2644,124.97,37797.7
6148225,-68.555,78.3378,124.96,24417.4
9316451,-68.465,78.5045,124.45,21349.3
5434638,-68.5319,78.4128,124.45,25384.6
4823892,-68.6258,78.4122,124.11,26350.1
6222296,-70.0569,72.7967,124.0,24323.3
2721857,-68.5864,78.1606,124.0,31337.7
3972767,-68.59,78.1417,123.78,27975.6
5802020,-68.5703,78.2556,123.68,24867.3
5921971,-69.4261,76.0839,123.52,24708.0
4383270,-68.5992,78.4817,123.17,27145.7
4868505,-68.4864,78.4289,123.13,26275.0
8099794,-68.5614,78.3111,122.92,22343.7
4784459,-68.5794,78.1789,122.11,26417.7
9476544,-68.5406,78.4206,121.95,21229.6
5598141,-68.5589,78.3495,121.86,25150.1
4803285,-68.5425,78.3061,121.82,26383.9
4259255,-69.4014,76.3728,121.44,27384.0
7266540,-68.5456,78.3278,121.16,23144.9
11502981,-68.5256,78.3856,120.78,19910.1
7113614,-69.4106,76.0967,120.7,23304.0
4660624,-68.5706,78.4483,120.54,26633.9
6255212,-68.5675,78.4695,120.53,24284.0
6950906,-68.5917,78.3822,120.48,23478.3
7594082,-69.8519,75.0167,120.35,22815.0
5037247,-68.5803,78.2611,120.08,25997.1
7564006,-68.5789,78.2689,120.01,22845.7
3019257,-68.5611,78.4005,119.76,30392.2
5543249,-68.5708,78.4122,119.71,25228.5
7287653,-68.4636,78.4161,119.56,23122.9
8494243,-70.9539,71.535,119.47,22001.8
5169891,-68.4661,78.4589,119.44,25783.0
10373927,-68.5822,78.3033,119.13,20608.3
11718297,-68.5586,78.5111,118.83,19791.4
9023411,-68.5408,78.3311,118.66,21574.9
6640345,-68.9211,77.9322,118.57,23823.1
10199947,-68.5283,78.54,118.53,20725.4
9414731,-69.4256,76.0695,118.04,21277.5
5366995,-68.5769,78.5,117.76,25482.3
5669710,-68.5647,78.5133,117.47,25048.6
9525794,-68.5856,78.4028,117.36,21196.5
11016477,-69.4236,76.0661,117.09,20199.2
10620266,-69.4142,76.0989,117.0,20450.0
3473328,-68.585,78.1817,116.83,29142.3
2527683,-69.7428,74.5183,116.39,32025.4
6549596,-69.8444,75.0194,116.35,23929.9
3491787,-69.3894,76.3167,116.19,29096.4
3610722,-68.5722,78.1378,116.13,28801.4
11650524,-69.4125,76.0817,115.74,19826.7
11811945,-68.5942,78.5039,115.28,19736.6
5958830,-68.59,78.4406,115.15,24661.5
3043274,-69.3969,76.3294,114.73,30320.9
1998507,-68.5097,78.4567,114.72,34272.2
6808635,-67.5531,61.3383,114.6,23635.2
1349795,-68.8897,77.8189,114.6,38213.4
9614962,-70.5617,72.0667,114.31,21133.3
2302775,-68.6114,78.2689,114.23,32906.5
4399554,-68.5786,78.2394,113.83,27112.8
5216426,-69.3764,76.3039,113.74,25711.3
7975203,-68.6136,78.275,113.73,22457.5
9502167,-68.9894,78.005,113.51,21214.6
1374856,-69.3936,76.2617,113.45,38021.2
5732829,-69.4167,76.0639,112.92,24961.9
6520756,-68.5664,78.3467,112.59,23964.5
11718298,-68.5197,78.4072,112.58,19791.4
2775356,-68.4603,78.4217,112.23,31158.2
8742446,-68.5875,78.1533,111.97,21795.2
10128390,-68.5528,78.4478,111.87,20771.5
7191874,-68.5383,78.4139,111.68,23221.8
7631118,-68.5856,78.2789,111.55,22781.4
7930082,-68.5619,78.52,111.36,22497.2
7704060,-68.5336,78.4361,111.19,22711.4
10401059,-68.5331,78.425,111.19,20589.7
11613072,-68.6256,78.3983,111.12,19849.2
2173266,-69.5894,75.5422,111.11,33457.6
8550362,-68.5844,78.2872,110.61,21952.5
3374501,-69.7431,73.7089,110.57,29397.0
8852163,-69.3919,76.3795,110.43,21707.4
6813237,-69.3936,76.3272,110.37,23629.8
10325030,-67.6336,82.3717,110.22,20642.2
7285108,-69.3889,76.4083,109.9,23125.6
8413868,-69.3883,76.3917,109.89,22068.3
4328787,-68.555,78.4095,109.28,27248.7
9457159,-68.5614,78.3405,109.11,21244.6
10908614,-68.5647,78.2656,109.09,20268.5
9472582,-69.0819,69.7495,109.07,21232.6
10011968,-68.5636,78.3239,108.68,20854.1
8497660,-68.9172,77.92,108.35,21998.9
4791053,-68.4644,78.3994,108.26,26405.6
5526942,-68.5342,78.3761,108.19,25248.7
7087832,-68.5728,78.4294,108.18,23328.6
10033396,-69.5925,75.55,107.77,20838.8
6683555,-68.4811,78.4428,107.71,23774.9
4038364,-68.5117,78.44,107.53,27836.3
7371880,-68.5889,78.1678,107.5,23037.3
9663820,-68.5736,78.5144,107.37,21097.1
6192500,-68.4903,78.405,106.87,24362.6
3702558,-68.5719,78.3911,106.76,28581.6
8796278,-68.5397,78.2928,106.58,21754.3
8262956,-68.6078,78.2417,106.55,22200.7
11487281,-68.5353,78.3067,106.42,19919.7
9549429,-69.4214,76.1928,106.25,21178.5
10583364,-68.5575,78.4467,106.0,20474.9
8190235,-68.5742,78.3405,105.8,22263.8
8338918,-69.3792,76.3128,105.61,22131.7
4896531,-68.5394,78.3633,105.26,26226.5
8329521,-68.5708,78.1967,105.02,22140.4
3473329,-68.5714,78.1106,105.01,29142.3
7080319,-68.7347,70.1728,104.9,23336.8
9938323,-68.8528,77.9428,104.87,20902.9
8069363,-68.5197,78.4161,104.77,22372.2
4560331,-67.4392,60.7817,104.4,26812.7
6854848,-68.5314,78.31,103.96,23581.2
4905370,-68.6106,78.2967,103.91,26214.3
10081265,-68.5719,78.2944,103.22,20805.2
8960229,-69.3961,76.4156,102.74,21622.1
6575738,-68.5458,78.2867,102.35,23897.9
3745452,-68.5069,78.5272,102.0,28483.4
4714238,-68.5881,78.1017,101.85,26538.0
10165065,-68.5878,78.2617,101.7,20750.0
10106718,-69.35,76.5917,101.49,20786.8
7465304,-69.2667,76.7105,101.4,22943.1
11476834,-68.4636,78.4561,101.07,19926.1
5269302,-68.6028,78.335,100.94,25629.4
1815080,-69.4106,76.1844,100.6,35214.8
8701581,-68.4833,78.4233,100.39,21830.3
5613536,-68.5242,78.3583,100.35,25127.3
7712295,-67.6394,81.6872,98.82,22703.0
3886974,-68.5842,78.3167,98.74,28161.7
8410638,-68.5242,78.4289,98.59,22071.2
8050055,-68.5819,78.4806,98.46,22386.5
8035051,-68.4739,78.4367,98.21,22400.7
2987095,-68.8906,77.9044,97.85,30488.5
4736835,-68.5528,78.2789,97.82,26499.6
6676897,-69.4044,76.0855,97.53,23783.0
3990453,-68.5047,78.445,97.42,27939.1
4302295,-68.52,78.3795,97.4,27302.5
3804095,-68.6089,78.2122,97.07,28348.8
7140718,-67.4508,60.8156,97.04,23273.9
9804000,-68.5861,78.4589,96.88,20997.2
3380042,-67.4953,61.1733,96.82,29381.8
9027100,-69.385,76.3017,96.76,21571.9
10762770,-68.5728,78.1239,96.66,20359.4
7536205,-68.5744,78.1583,96.44,22873.5
11143178,-69.4386,76.0328,96.3,20123.4
7701237,-68.5817,78.4344,96.27,22714.2
3866483,-68.4969,78.4428,96.13,28209.1
7295333,-68.5781,78.1517,96.03,23114.6
7927125,-68.5981,78.0589,95.66,22500.0
11078543,-68.5994,78.4333,95.54,20164.5
7204541,-68.5803,78.2289,95.48,23208.1
8272508,-68.4806,78.4817,95.38,22192.1
5981670,-68.8867,77.9178,95.37,24630.5
3993593,-68.6025,78.01,95.32,27932.2
4566933,-68.8786,77.9183,95.29,26803.2
5235452,-68.5322,78.3683,95.27,25684.0
7063222,-68.5947,78.045,95.18,23355.9
7353457,-68.5208,78.4605,94.98,23056.6
3393048,-68.5144,78.3183,94.93,29349.3
9663818,-68.8794,77.9217,94.22,21097.1
8799645,-69.4006,76.1089,94.19,21751.4
7438731,-68.5006,78.4417,93.77,22970.8
6090382,-68.6047,78.3806,93.38,24490.4
4441470,-68.5056,78.51,92.81,27032.8
7087831,-69.9983,73.015,92.63,23328.6
11828639,-68.5986,78.3944,92.61,19726.9
2437920,-68.6017,78.1922,92.57,32367.8
6194480,-67.46,60.96,92.33,24360.0
11403017,-68.5494,78.4522,92.1,19970.8
4167851,-68.4675,78.3917,91.86,27569.5
7847437,-68.4789,78.4539,91.84,22573.5
11482061,-68.4833,78.4628,91.33,19922.9
2311377,-68.5572,78.1078,91.3,32869.7
9259736,-69.9,73.1828,91.09,21394.0
10239376,-68.5836,78.2367,91.08,20697.7
6092280,-68.5686,78.4745,90.8,24487.8
5941932,-68.5133,78.2961,90.72,24684.7
11801053,-68.5986,78.38,90.65,19743.0
3940386,-68.5294,78.4322,90.4,28046.1
3209552,-68.5764,78.41,90.33,29842.2
6387271,-68.4736,78.4011,89.31,24123.4
6661179,-69.7383,74.4556,89.16,23801.7
3920015,-68.5661,78.2339,88.7,28089.2
11011553,-68.6033,78.285,88.67,20202.4
5596429,-69.4056,76.2528,88.35,25152.6
8967439,-68.5736,78.3044,88.29,21616.2
2538174,-68.475,78.3128,87.84,31987.6
5556599,-68.5564,78.1222,87.63,25208.3
6629239,-69.7511,73.7044,87.54,23836.5
2208907,-69.47,75.8372,87.03,33301.1
4694734,-68.8508,77.915,86.56,26574.0
2253746,-69.5311,75.7133,86.03,33109.2
2267617,-69.5094,75.8011,85.73,33051.4
8985288,-68.5733,78.2294,85.71,21601.5
6150195,-68.5111,78.4278,85.59,24414.8
3319781,-68.55,78.1939,85.58,29541.8
9208738,-68.5947,78.3694,85.39,21429.7
10443495,-68.5747,78.2239,84.9,20564.9
7906573,-68.48,78.4017,84.79,22519.8
7990033,-67.3972,60.4878,84.63,22443.3
5217983,-68.5422,78.445,84.63,25708.8
8063336,-68.4886,78.3839,84.5,22377.9
10169404,-68.5344,78.4772,84.49,20746.9
8691474,-68.5842,78.0528,84.45,21839.0
5148718,-68.6181,78.1678,84.36,25817.6
9364528,-68.645,78.2828,84.26,21316.4
2337801,-69.5344,75.7011,84.24,32762.9
11683049,-68.6081,78.3117,84.03,19807.5
7261384,-68.4225,78.4917,83.77,23150.4
10805617,-69.2047,77.0261,83.55,20331.3
6273689,-69.7272,74.2539,83.3,24260.4
4555350,-69.4353,75.9956,82.96,26822.2
2400576,-68.81,77.8022,82.96,32513.1
5043239,-68.6086,78.1394,82.72,25987.3
3173751,-68.8097,77.8405,82.57,29944.5
7561202,-68.6311,78.3705,82.53,22848.5
10695175,-68.6131,78.1917,81.92,20400.1
8323061,-68.6156,78.3355,81.92,22146.1
4286099,-68.5169,78.3506,81.75,27332.8
8433401,-67.6019,82.405,81.7,22051.0
4754374,-68.4875,78.2728,81.63,26468.3
9569116,-68.6339,78.3661,80.88,21163.4
2526649,-69.3839,76.5094,80.51,32029.4
5585383,-68.4781,78.4189,80.49,25165.3
8127612,-68.635,78.3394,80.2,22318.1
2549706,-68.8619,77.9017,80.09,31945.7
11634472,-68.4992,78.4544,79.92,19836.4
10535396,-68.5939,78.4561,79.9,20502.9
5120025,-68.52,78.2417,79.57,25862.0
2580427,-69.4344,75.7383,79.53,31833.9
2586708,-69.0092,76.97,79.41,31809.8
11011505,-70.6172,68.1933,79.33,20202.4
7413899,-68.8028,78.0161,79.24,22993.0
4446305,-68.8103,77.8589,78.82,27023.3
6950905,-68.6125,78.1417,78.72,23478.3
10274714,-68.4797,78.3022,78.57,20673.1
10634419,-67.3797,81.7522,78.51,20440.6
3817569,-68.8681,77.915,78.3,28317.4
5901308,-68.5092,78.2578,78.12,24736.3
9942446,-68.625,78.3145,78.02,20899.9
5743545,-68.5164,78.3711,77.95,24946.6
10430007,-68.505,78.5183,77.94,20574.2
10204376,-68.6019,78.0706,77.93,20722.3
3604685,-68.5381,78.0811,77.91,28816.9
7433375,-68.5486,78.1489,77.88,22976.4
5341046,-68.605,77.955,77.71,25522.3
6928629,-68.815,77.8428,76.73,23500.0
7001066,-68.5086,78.4189,76.72,23421.3
6230415,-69.3933,76.2294,76.15,24312.9
7024259,-68.5878,78.2178,76.09,23399.5
9993218,-68.5836,78.1278,75.78,20863.3
9301020,-68.6497,78.2167,75.42,21361.2
6279790,-68.6222,78.0317,75.36,24252.5
11158306,-72.4994,68.7258,75.23,20113.9
8533715,-68.5983,78.2889,74.74,21967.0
8372120,-68.5553,78.1661,74.71,22105.8
4789762,-68.8675,77.9005,74.0,26408.1
6385249,-68.4922,78.2989,73.99,24126.1
8457931,-68.5664,78.2161,73.53,22033.6
9331627,-68.6342,78.2755,73.07,21337.3
7295334,-68.4647,78.3117,72.79,23114.6
4570594,-68.8519,77.9239,72.75,26796.0
6921479,-68.5467,78.2078,72.72,23508.2
5960676,-68.8139,77.8339,72.68,24658.9
11683050,-68.4894,78.3767,72.62,19807.5
3310215,-68.4981,78.0956,72.39,29565.5
3031502,-69.7211,74.3728,72.31,30354.5
3784886,-68.4897,78.1139,72.28,28391.5
7358665,-68.5147,78.4633,72.18,23051.1
5949509,-68.6111,78.0117,72.05,24674.4
3055591,-69.4794,75.6589,71.97,30283.0
3995631,-68.485,78.3472,71.69,27927.7
9138385,-68.815,77.8622,71.45,21486.1
11834097,-67.4686,61.025,71.35,19723.6
7452160,-67.4367,60.8083,71.15,22956.9
3115469,-68.8703,77.8917,71.15,30110.0
11361478,-67.5467,63.0728,71.07,19996.3
10932888,-68.5136,78.4728,71.06,20252.8
9437806,-68.5953,77.9867,70.95,21259.6
5165273,-68.65,78.0011,70.93,25790.5
5955023,-68.5672,78.4872,70.91,24666.7
7033936,-68.5694,78.4967,70.59,23388.6
5630637,-68.5739,78.4733,70.35,25101.9
3197072,-68.8294,77.9456,70.06,29878.5
6092281,-67.4314,60.8144,69.94,24487.8
5618656,-68.9131,77.9172,69.89,25119.7
7008276,-68.6003,78.2133,69.6,23413.1
8008034,-68.5267,78.4778,69.48,22426.3
11784487,-69.2344,76.8806,69.25,19752.7
11297119,-68.5022,78.5089,69.19,20031.3
7111148,-68.5486,78.2661,68.63,23306.7
3322092,-68.8114,77.9183,68.46,29535.4
7583102,-66.6978,81.3772,67.91,22826.1
8423616,-68.5622,78.2511,67.36,22059.6
9426349,-69.5519,75.7355,67.31,21268.6
9533635,-68.5386,78.0961,66.75,21190.5
11672318,-69.4667,75.8511,66.65,19813.9
3546274,-69.5094,75.7283,65.82,28960.3
11230952,-68.8439,77.945,65.73,20072.6
3568505,-69.4536,75.7583,65.56,28903.0
3585206,-69.3814,76.1189,65.38,28863.3
3607246,-67.4881,61.0517,65.14,28810.3
3616770,-69.4706,75.7222,65.03,28786.0
3617685,-69.3558,76.3294,65.02,28783.7
4635822,-68.8983,77.855,64.84,26676.9
10294081,-68.5497,78.1756,64.66,20663.8
3653438,-69.3728,76.1378,64.63,28697.3
3667116,-67.4939,61.1411,64.49,28666.2
8963845,-68.6044,78.2344,64.49,21619.1
11241070,-68.5297,78.4833,64.43,20066.3
3691745,-69.7061,73.8639,64.23,28608.3
9282009,-67.4786,61.0983,64.22,21376.1
4214395,-69.7203,73.7444,64.07,27474.6
3717524,-68.8367,77.8228,63.96,28548.2
3729489,-67.4558,60.9578,63.83,28519.1
9422433,-69.4736,76.0555,63.78,21271.5
7430751,-68.8181,77.8411,63.59,22979.1
3787715,-69.3758,76.235,63.23,28384.8
7476009,-68.6136,78.4017,63.2,22932.0
5075146,-68.5261,78.28,62.7,25933.3
9892428,-69.3778,76.3661,62.45,20936.4
3921015,-69.4156,76.0317,61.91,28086.9
3946345,-69.7189,74.1861,61.67,28032.4
3964797,-69.3797,76.2189,61.5,27993.8
6743317,-68.8353,77.925,61.49,23707.9
4750119,-68.5381,78.2511,61.42,26475.5
8504039,-69.3844,76.3445,61.34,21993.1
11078541,-69.3817,76.3839,61.29,20164.5
5747092,-69.4322,75.6978,61.28,24941.5
3987851,-69.3814,76.1628,61.27,27941.4
8184223,-68.6456,77.9889,61.15,22269.5
4018432,-69.3483,76.2189,60.99,27877.5
5059240,-69.455,75.7767,60.87,25960.4
6993841,-68.4925,78.3244,60.85,23429.4
6820054,-68.475,78.2111,60.79,23621.7
10932887,-68.5953,78.2167,60.55,20252.8
4072276,-69.4483,75.6528,60.5,27765.2
7130769,-69.3708,76.1467,60.49,23284.9
11225775,-67.4547,60.9772,60.38,20075.8
11707375,-68.4703,78.2178,60.32,19797.8
6322328,-68.8361,77.9372,60.3,24202.5
11418759,-69.3978,76.1394,59.95,19961.2
4134968,-69.1719,77.0356,59.94,27636.4
10320646,-68.6122,77.9639,59.86,20645.3
4164683,-68.555,77.9072,59.68,27576.4
4172242,-68.8311,77.8206,59.61,27560.3
4836127,-67.4883,61.1306,59.59,26328.3
4193515,-67.4442,60.9733,59.43,27518.6
7065686,-69.4258,76.0389,59.28,23353.2
4245935,-69.5319,75.65,58.97,27411.9
8294499,-68.4783,78.225,58.96,22172.0
7186833,-69.4361,75.7072,58.85,23227.3
10530786,-67.4983,61.1311,58.85,20506.0
4264336,-68.7825,77.7656,58.82,27377.0
8845282,-69.3672,76.1389,58.8,21713.2
4277959,-67.4344,60.9928,58.7,27349.1
4531790,-68.8897,77.8922,58.68,26867.3
5308788,-69.5056,75.9406,58.41,25569.7
4385590,-69.7239,74.1583,57.81,27141.0
4386690,-68.9011,77.7994,57.8,27138.6
4392577,-69.2008,76.7267,57.75,27126.9
9422434,-67.6203,81.3422,57.65,21271.5
4407794,-69.5044,75.7417,57.62,27096.3
4428440,-68.83,77.6994,57.46,27058.7
4452705,-67.4394,60.995,57.27,27013.9
4505671,-67.43,61.0,56.85,26914.7
6729616,-68.8167,77.9078,56.26,23724.0
4594725,-68.5431,77.9095,56.16,26750.8
7622726,-68.5294,78.1978,55.87,22789.8
4638448,-68.46,78.3411,55.83,26672.1
8830573,-68.5194,78.4978,55.68,21725.0
4673586,-69.38,76.1839,55.57,26609.9
9430202,-69.2303,76.8733,55.55,21265.6
6171662,-68.4461,78.4033,55.5,24386.1
5093384,-69.4725,75.665,55.26,25906.3
4719448,-69.435,75.7572,55.23,26528.4
7310933,-68.5933,78.2889,55.19,23098.0
8550363,-68.4667,78.3417,55.11,21952.5
4763836,-69.3972,76.0622,54.91,26451.5
7835362,-68.8847,77.815,54.75,22584.8
4792347,-67.6083,62.5,54.71,26403.2
10516192,-68.8658,77.9328,54.69,20515.3
5789469,-68.4425,78.3661,54.59,24885.2
4809988,-68.8319,77.6022,54.58,26371.8
7631117,-68.8208,77.6889,54.39,22781.4
7786726,-69.1725,77.05,54.37,22632.7
4843018,-68.8208,77.6694,54.35,26316.2
4848594,-69.4581,75.7517,54.31,26306.5
9175396,-69.58,75.4028,54.19,21456.4
8662339,-68.5144,78.4489,54.13,21859.5
5475891,-68.8739,77.8917,53.94,25321.8
7031573,-67.5339,61.6739,53.87,23391.3
10333871,-69.5328,75.665,53.73,20636.1
11103430,-68.6072,78.4533,53.71,20148.7
4966024,-68.8594,77.9139,53.51,26112.1
4967441,-69.2192,76.7522,53.5,26109.6
8093580,-68.4881,78.0989,53.43,22349.4
7065687,-68.4833,78.1339,53.38,23353.2
5006461,-69.4447,75.7178,53.24,26046.1
10098205,-68.4708,78.2039,53.16,20792.9
5037246,-69.4394,75.9806,53.04,25997.1
7321156,-69.51,75.9472,52.91,23087.0
7821064,-68.4769,78.3556,52.79,22598.9
10028988,-68.5556,78.285,52.78,20841.9
5135275,-69.3992,76.0161,52.4,25839.8
5168356,-69.4322,75.7844,52.18,25785.5
5181115,-68.5219,78.1961,52.11,25768.2
10089519,-69.4325,76.0083,52.07,20799.1
10186836,-68.5072,78.3978,51.75,20734.6
5247712,-67.4,60.6711,51.69,25664.2
5249179,-67.4306,60.8,51.68,25661.7
5310352,-67.5508,61.4683,51.3,25567.2
10466111,-68.8175,77.8978,51.12,20549.4
5342578,-69.7311,74.38,51.11,25519.8
10261389,-68.4736,78.2794,51.09,20682.3
5349109,-68.9144,77.8833,51.07,25509.8
5370250,-69.3292,76.6094,50.94,25477.3
5371886,-67.5767,62.895,50.93,25474.8
5429726,-68.5375,78.0,50.6,25392.1
8096688,-68.4492,78.3389,50.35,22346.6
6665649,-68.49,78.24,50.31,23796.4
5498268,-69.1911,77.015,50.2,25291.6
10796086,-68.9003,77.7839,50.13,20337.5
5523572,-68.61,77.9145,50.05,25253.7
5532295,-69.4092,76.0039,50.0,25241.1
8533714,-68.8028,77.8456,49.99,21967.0
5539864,-68.5633,77.9322,49.97,25233.6
6218460,-69.7922,74.8544,49.92,24328.6
7031572,-68.4947,78.3878,49.89,23391.3
7300579,-69.4389,75.7006,49.86,23109.1
5570257,-67.4156,61.0322,49.79,25188.1
6371826,-68.8078,77.7789,49.7,24139.3
8708299,-69.4369,75.7633,49.67,21824.5
10303183,-68.6458,77.9445,49.63,20657.7
10690476,-67.4414,60.9845,49.56,20403.2
7060802,-67.4294,60.7911,49.53,23358.6
5630636,-69.4711,75.8656,49.45,25101.9
9514047,-68.5242,78.2617,49.38,21205.6
10124083,-67.5353,61.6911,49.33,20774.5
5659229,-69.47,76.0478,49.3,25063.8
5673226,-68.8547,77.8828,49.22,25043.5
5692483,-69.4561,75.6061,49.11,25015.5
8725268,-69.3947,76.1289,48.99,21809.9
5722255,-69.5364,75.6689,48.96,24977.2
5732830,-67.4272,60.9861,48.9,24961.9
8385095,-68.8017,77.8739,48.85,22094.3
9680182,-68.4756,78.1639,48.78,21085.0
5861557,-68.8981,77.87,48.22,24787.8
11497732,-68.5236,78.2533,48.06,19913.3
5897670,-69.7078,73.7478,48.04,24741.5
5941931,-69.3786,76.1494,47.82,24684.7
9030712,-69.5861,75.4639,47.62,21569.0
10261388,-68.6331,78.1161,47.42,20682.3
6024253,-68.7992,77.8906,47.4,24576.1
6028123,-68.5817,77.87,47.38,24570.9
7271656,-68.6367,78.0756,46.84,23139.4
7558524,-68.6344,77.9239,46.82,22851.2
7400706,-69.7178,74.1544,46.79,23006.8
10928108,-68.7972,77.905,46.77,20255.9
6154104,-68.7992,77.9239,46.76,24409.6
11460974,-67.4381,61.0,46.71,19935.7
6603007,-67.4247,60.6978,46.57,23868.6
6232255,-67.5903,62.8172,46.38,24310.2
6245223,-68.8681,77.9272,46.33,24297.1
10767545,-68.6322,77.9395,46.14,20356.3
6306462,-69.42,76.0211,46.03,24218.3
6334533,-68.8917,77.7833,45.91,24186.7
6338587,-68.7919,77.8967,45.89,24181.5
6363446,-68.8053,77.8967,45.77,24149.8
6371825,-68.8286,77.8128,45.73,24139.3
6446958,-69.3522,76.31,45.4,24052.0
7963449,-69.4039,76.0067,44.97,22468.9
7085292,-67.4308,60.9872,44.95,23331.3
6560562,-68.9478,77.9372,44.89,23916.6
9263440,-68.8464,77.7556,44.87,21391.0
11639857,-68.82,77.825,44.52,19833.2
11271616,-68.9506,77.9445,44.5,20047.2
6658974,-68.4956,78.2172,44.47,23804.4
6667888,-68.9464,77.8717,44.43,23793.7
6690222,-69.4953,75.9422,44.33,23766.9
7829661,-68.8528,77.8922,43.98,22590.5
6789353,-69.4589,76.0672,43.91,23654.0
6804000,-68.7822,78.0572,43.86,23640.6
6836081,-69.355,76.1406,43.72,23602.8
8540436,-68.6289,78.0878,43.61,21961.2
10913522,-68.5089,78.4867,43.42,20265.3
9824328,-68.5014,78.2195,43.3,20982.0
11429372,-68.4383,78.4256,43.14,19954.9
11281871,-68.8456,77.8,43.07,20040.9
8348405,-69.7056,73.8556,42.96,22123.1
7031570,-69.7222,74.4033,42.94,23391.3
7055866,-68.7669,77.7472,42.84,23364.1
7058319,-69.3494,76.3011,42.83,23361.3
7101300,-69.3842,76.2161,42.67,23317.7
10405613,-68.5158,78.2094,42.45,20586.6
7204540,-68.8969,77.7228,42.27,23208.1
8464384,-68.8092,77.8967,42.27,22027.9
7214629,-69.5864,75.5267,42.23,23197.1
7214630,-68.6608,77.8755,42.23,23197.1
10606253,-67.5467,61.4683,42.16,20459.3
7266541,-68.4942,78.2033,42.04,23144.9
10378341,-67.4311,61.0067,41.9,20605.2
8880149,-68.5208,78.1306,41.88,21683.9
7334120,-68.5375,78.1567,41.78,23073.2
8121432,-66.8792,82.6728,41.77,22323.8
7336777,-69.4444,75.7828,41.77,23070.4
7377160,-68.6078,78.0911,41.63,23031.8
8109078,-69.7192,74.1761,41.62,22335.2
7413900,-67.5206,61.6039,41.49,22993.0
7502765,-68.8303,77.755,41.17,22904.2
7511915,-68.7861,77.9678,41.15,22898.6
11011554,-68.4803,78.3917,41.14,20202.4
7514660,-68.765,78.0911,41.14,22895.8
7538879,-68.8564,77.7122,41.05,22870.7
7541706,-68.8214,77.7545,41.04,22868.0
7547181,-68.7997,77.8189,41.02,22862.4
7574869,-69.4842,75.835,40.92,22834.5
8356221,-68.8294,77.6056,40.91,22120.2
7580337,-67.5189,61.6939,40.9,22828.9
7625494,-68.3561,78.5461,40.75,22787.0
7695760,-68.8842,77.76,40.51,22719.8
7706767,-67.4436,60.9639,40.47,22708.6
7709581,-68.8389,77.9506,40.46,22705.8
8032117,-69.5122,75.8067,40.15,22403.5
11173318,-69.6975,74.65,40.14,20104.4
7809580,-67.3753,61.1544,40.12,22610.2
7812398,-68.7939,77.8378,40.11,22607.4
10704563,-68.8103,77.9567,40.08,20393.8
11078544,-68.4397,78.3933,39.9,20164.5
7883487,-68.7914,77.86,39.88,22542.5
7886293,-69.6658,74.0794,39.87,22539.6
7918246,-67.5514,61.4444,39.76,22508.5
7924146,-68.8775,77.5972,39.74,22502.9
7932908,-68.8603,77.5645,39.71,22494.4
7947574,-68.5481,77.8911,39.66,22480.2
7987032,-69.3575,76.3439,39.54,22446.2
8823692,-68.8344,77.7333,39.48,21730.8
8087570,-68.8375,77.6483,39.22,22355.1
8106012,-68.7697,77.6972,39.16,22338.0
8175225,-69.5233,75.73,38.95,22278.1
8193321,-67.3875,61.105,38.89,22260.9
8215138,-68.7936,77.9378,38.82,22240.9
8236695,-68.7997,77.625,38.75,22220.8
9614995,-68.6247,77.9217,38.62,21133.3
11740253,-66.8825,82.6555,38.39,19778.5
11328150,-68.6303,77.8894,38.36,20012.3
8372119,-68.8286,77.9578,38.35,22105.8
8443346,-68.8683,77.5233,38.13,22042.3
9514046,-68.8636,77.71,37.98,21205.6
8504040,-68.7642,77.8961,37.96,21993.1
8575305,-68.6297,77.8495,37.76,21935.1
8638667,-68.8944,77.7306,37.57,21879.9
8691473,-68.7856,77.92,37.43,21839.0
11536929,-68.5,78.275,37.38,19894.1
8745898,-69.3792,76.2656,37.27,21792.3
8756246,-67.5553,62.3217,37.24,21783.5
11266656,-68.6531,78.0983,37.12,20050.4
8806414,-68.7803,77.91,37.11,21745.5
8848699,-68.825,77.8728,36.99,21710.3
8848700,-67.4867,61.06,36.99,21710.3
8859125,-68.9019,77.7094,36.96,21701.5
10007721,-68.6428,77.8378,36.93,20857.2
10620265,-69.7936,74.8372,36.8,20450.0
9005575,-69.335,76.5506,36.58,21589.7
9019898,-69.5206,75.7156,36.54,21577.8
9145779,-68.8725,77.7845,36.21,21480.2
11063709,-68.5892,77.9533,36.2,20174.0
9156927,-69.5122,75.7117,36.18,21471.3
9201422,-68.8214,77.8661,36.06,21435.6
9216026,-69.1906,77.1028,36.02,21423.8
9282008,-67.55,62.9772,35.86,21376.1
9297229,-68.6603,77.8867,35.82,21364.2
11338493,-69.3606,76.3011,35.68,20005.9
9399316,-69.4561,75.6422,35.57,21289.5
9418575,-68.8639,77.7172,35.52,21274.5
9506188,-68.8497,77.86,35.31,21211.6
9521958,-68.8256,77.8944,35.27,21199.5
9573112,-67.605,62.7878,35.14,21160.4
10894048,-69.735,74.3822,34.97,20277.9
9680181,-68.5036,77.9567,34.89,21085.0
9712464,-68.6644,77.8394,34.81,21060.8
9820218,-67.5286,61.6011,34.56,20985.1
9836764,-67.5358,62.9817,34.52,20972.9
9849197,-68.8228,77.8478,34.49,20963.8
9909237,-68.5339,77.9489,34.36,20924.3
9917431,-69.4542,75.63,34.34,20918.2
10016212,-68.7869,77.9239,34.12,20851.1
10093918,-68.6497,78.0711,33.94,20796.0
10257060,-68.7522,77.875,33.58,20685.4
11801052,-68.8308,77.6139,33.56,19743.0
10351552,-68.9094,77.8589,33.38,20623.7
10382858,-67.5083,61.5994,33.31,20602.1
11113499,-68.8636,77.9322,33.28,20142.4
10834267,-69.4497,75.6761,32.38,20312.4
10952545,-68.9017,77.9233,32.15,20240.2
10996656,-69.7244,74.3856,32.06,20211.8
11098499,-68.835,77.7628,31.87,20151.8
11138255,-68.6461,77.8739,31.79,20126.5
11153210,-68.5292,78.1261,31.76,20117.0
11200356,-69.5075,75.61,31.68,20091.7
11256445,-68.8,77.7411,31.57,20056.8
11261552,-68.7925,77.815,31.56,20053.6
11382295,-69.3528,76.1889,31.34,19983.6
11471463,-67.5253,61.6283,31.17,19929.3
11482060,-68.91,77.8206,31.15,19922.9
11591245,-68.8672,77.7322,30.96,19862.1
11591246,-68.8581,77.7895,30.96,19862.1
11596723,-69.7319,74.4011,30.95,19858.9
11667016,-68.4131,78.495,30.82,19817.1
11718299,-68.4217,78.3844,30.74,19791.4
11773365,-69.4597,75.7645,30.64,19759.1
11806538,-68.6472,77.8289,30.58,19739.8
11817550,-68.3772,78.4145,30.56,19733.3
11845133,-67.5914,62.8944,30.51,19717.2
11856407,-68.8061,77.9517,30.49,19710.7
