357977,-74.6583,-10.9283,2744.98,53505.2
201697,-74.7608,-11.625,2699.16,61086.7
1432166,-74.7467,-11.4042,2691.27,37601.7
818743,-74.7903,-11.5233,2674.32,43597.8
2156968,-74.7708,-11.5825,2663.46,33529.9
1495386,-74.8489,-11.3842,2641.03,37161.9
4851302,-74.7956,-11.4908,2627.56,26301.7
10419165,-74.7942,-11.4808,2612.82,20577.3
2854514,-74.8286,-11.3033,2610.49,30901.6
3680636,-74.8758,-10.4942,2598.11,28632.8
887561,-74.7478,-11.5958,2593.86,42703.0
523673,-74.8389,-11.4492,2580.4,48793.1
9270824,-74.7406,-11.6233,2402.69,21385.1
4453862,-74.8675,-11.4033,2387.28,27011.5
9201378,-74.6136,-11.0408,2278.02,21435.6
728944,-74.9389,-11.8392,2261.79,44903.7
329512,-74.8619,-11.6033,2234.42,54575.7
233565,-74.74,-11.6892,2219.46,59102.0
1789047,-74.9278,-11.8817,2216.53,35357.4
153480,-75.1158,-12.77,2207.12,64860.4
2615967,-75.0533,-12.3275,2201.6,31705.5
10874703,-74.9539,-11.825,2197.79,20290.5
4807214,-74.9319,-11.855,2186.45,26376.7
251523,-74.9661,-12.4217,2169.75,58119.3
829658,-74.9931,-12.3208,2130.38,43449.9
1863280,-75.0508,-12.3858,2126.32,34958.7
2946544,-74.8444,-11.5525,2123.86,30611.6
8598481,-75.0469,-12.3975,2115.38,21914.8
379652,-75.06,-12.6283,2101.26,52766.6
1722853,-74.6233,-10.7075,2087.0,35732.0
1639372,-74.6217,-10.6858,2080.42,36229.6
11508230,-75.0058,-12.1842,2076.2,19906.9
10429967,-74.9992,-12.2642,2071.31,20574.2
9215986,-74.9867,-12.36,2056.06,21423.8
6277784,-74.6311,-10.7083,2055.06,24255.1
15972,-83.3819,-51.3833,2035.98,99287.8
2208127,-75.1067,-12.7142,2033.97,33304.9
1171583,-83.3067,-50.5083,2031.77,39688.8
1312680,-74.9422,-12.3992,2029.45,38500.8
2826178,-75.0672,-12.6008,2023.15,30990.1
1380817,-75.0336,-12.4067,2023.09,37975.9
2656461,-74.7286,-11.6408,2021.68,31562.5
2178754,-83.3653,-51.0139,2018.15,33434.7
132244,-83.2364,-50.8806,2000.64,66978.9
11386,-82.6031,-52.3222,2000.56,104661.5
677470,-74.7397,-11.7742,1998.06,45749.9
8704800,-83.2889,-50.5917,1995.86,21827.4
2008452,-74.9406,-12.3608,1994.85,34223.8
3324413,-74.7428,-11.745,1993.9,29528.9
663989,-74.9303,-12.15,1979.49,45980.4
832025,-75.0958,-12.7842,1978.95,43419.1
330752,-82.6175,-52.6667,1971.24,54524.3
6251180,-82.6278,-52.6375,1956.2,24289.3
2018383,-75.1367,-12.7533,1951.45,34175.4
10606184,-82.6117,-52.625,1950.16,20459.3
7743228,-74.7331,-11.7867,1937.52,22672.1
11006517,-83.2461,-50.9181,1934.79,20205.5
9942364,-83.2342,-50.9306,1933.61,20899.9
10592449,-83.2633,-50.9028,1904.73,20468.7
1541222,-74.5903,-10.8133,1904.11,36855.5
11850652,-83.2178,-14.6306,1896.07,19714.0
4171115,-83.3853,-50.3167,1895.13,27562.6
64722,-80.6578,-24.6667,1894.42,77497.3
9030655,-83.3142,-50.9889,1891.65,21569.0
1530768,-74.5925,-10.88,1858.36,36922.9
87981,-80.5503,-27.5264,1850.11,72876.5
5604948,-83.2714,-50.8181,1848.04,25140.0
9113939,-74.7656,-11.6958,1825.4,21500.9
536558,-74.6867,-11.3442,1825.13,48497.1
1964004,-82.6236,-52.7708,1818.98,34441.0
3833213,-75.0242,-12.45,1818.14,28283.6
8483836,-83.2239,-50.5139,1815.47,22010.5
4583266,-83.2164,-50.4778,1809.98,26772.3
4052874,-83.38,-50.1917,1808.2,27804.2
10382804,-79.7192,-10.8483,1804.08,20602.1
2064806,-80.6544,-24.4639,1793.8,33954.7
6387241,-82.6031,-52.4722,1788.11,24123.4
10638963,-81.2936,-15.3667,1771.82,20437.5
303075,-80.7203,-27.3931,1771.63,55662.3
1627487,-76.9892,-22.635,1771.3,36301.6
181723,-80.6567,-23.7292,1768.25,62515.5
3887868,-83.2056,-50.4764,1766.78,28159.4
6090367,-74.6906,-11.4092,1764.32,24490.4
421440,-80.6731,-24.4153,1761.96,51458.5
925506,-80.6575,-23.9014,1761.51,42238.0
9410764,-80.6719,-23.5986,1758.39,21280.5
9622977,-78.3717,-15.145,1754.78,21127.3
475530,-83.3958,-51.7208,1753.23,49969.8
10054768,-74.6936,-11.4033,1752.15,20823.5
858084,-74.8556,-12.2192,1749.36,43077.4
2060552,-80.6525,-23.7917,1741.93,33973.5
1133008,-74.5725,-11.0183,1741.02,40046.8
2437408,-80.6831,-23.6375,1735.03,32369.7
3618550,-83.3794,-51.4736,1733.13,28781.5
10757868,-81.2031,-16.7972,1728.6,20362.6
11178231,-75.0794,-12.7317,1728.26,20101.2
3583506,-74.8708,-12.2425,1727.55,28867.7
4196667,-74.86,-12.2233,1723.95,27511.7
11271542,-79.2844,-12.3625,1719.93,20047.2
8480608,-82.1247,-24.7625,1717.89,22013.4
3024030,-74.695,-11.3542,1717.22,30377.6
6483378,-74.8989,-12.235,1698.77,24007.0
379290,-83.2681,-51.2778,1695.5,52776.3
2452297,-75.0964,-12.84,1689.0,32312.6
7692961,-80.6608,-23.4403,1679.67,22722.6
4505650,-80.7189,-27.2319,1676.09,26914.7
6018500,-83.2147,-50.7361,1665.14,24583.9
2523019,-83.3544,-51.6806,1663.55,32043.3
1447220,-82.6147,-52.7778,1661.72,37496.5
3535813,-74.9278,-12.3633,1655.51,28984.5
1589677,-80.645,-18.532,1655.08,36541.3
9553333,-80.6475,-24.0292,1654.57,21175.5
1768547,-80.6214,-25.0167,1650.73,35472.5
1983409,-75.0242,-12.7442,1644.31,34346.5
230031,-80.6889,-24.7917,1644.1,59305.4
676341,-80.5983,-20.4958,1643.69,45768.0
1236688,-80.6706,-23.2736,1643.12,39121.3
9751224,-80.6364,-23.6847,1642.25,21036.6
2896710,-83.0897,-50.4083,1640.02,30767.3
428973,-80.7778,-26.8764,1634.73,51236.4
1651105,-80.6731,-24.7236,1633.37,36157.4
5222591,-75.0492,-12.6725,1631.48,25701.4
5707716,-83.3181,-51.4389,1630.96,24997.6
10378268,-83.0836,-50.5194,1627.76,20605.2
8892858,-74.5656,-11.04,1626.04,21678.0
11317702,-83.3797,-51.6583,1624.55,20018.6
461380,-74.55,-11.1283,1624.37,50344.5
6485494,-80.6622,-23.375,1620.79,24004.3
9316402,-79.5119,-13.6217,1615.64,21349.3
1523352,-82.6225,-52.8528,1614.01,36974.6
3755667,-80.7647,-27.0069,1613.4,28458.7
4459950,-83.1414,-49.1806,1611.04,26999.8
8023070,-80.6264,-24.8111,1609.97,22412.1
487926,-83.1997,-51.2542,1608.47,49648.7
109444,-80.7028,-24.3417,1603.38,69686.5
2509069,-83.1353,-49.0667,1600.92,32095.0
721843,-80.5892,-21.3542,1600.85,45018.5
9240985,-81.3156,-17.5111,1595.05,21408.9
9506144,-78.6231,-17.2158,1595.01,21211.6
158048,-80.72,-23.4972,1591.42,64452.4
574261,-80.6864,-24.7264,1590.63,47690.4
11083418,-80.7097,-18.0444,1589.55,20161.3
3123746,-83.2633,-51.1042,1588.68,30084.6
928539,-80.6444,-25.0694,1587.19,42203.3
6192487,-74.6825,-11.155,1585.99,24362.6
1367370,-80.7764,-27.1347,1583.98,38078.1
10063255,-80.6394,-24.0847,1582.66,20817.4
296912,-74.5883,-11.1483,1582.63,55929.5
380662,-80.3967,-25.5111,1581.79,52731.6
11718197,-83.2231,-51.0653,1580.8,19791.4
974775,-80.645,-25.9583,1580.15,41671.6
8615097,-74.7119,-11.6475,1578.72,21900.2
477002,-83.1964,-49.2708,1576.54,49930.2
4522774,-83.2697,-51.3458,1576.2,26881.5
1037940,-80.7078,-23.5278,1571.01,40991.8
11108384,-75.0194,-12.765,1569.78,20145.5
3177295,-80.6453,-24.1847,1564.68,29933.9
1266372,-80.5675,-21.9889,1563.12,38873.0
4376284,-75.015,-12.79,1559.34,27159.7
1170874,-80.7633,-27.2861,1558.83,39695.2
9803940,-83.3264,-49.9625,1558.36,20997.2
1648653,-80.5378,-21.0958,1558.0,36173.3
5299368,-75.0164,-12.8175,1556.34,25584.6
6874439,-80.6564,-19.7681,1550.3,23562.3
11058751,-79.0028,-16.1758,1547.38,20177.1
10729564,-80.7872,-27.1653,1546.84,20381.3
10136973,-80.6339,-25.6292,1545.08,20765.3
3186763,-74.7081,-11.8042,1543.2,29906.2
394209,-74.5883,-11.22,1541.66,52294.8
7336729,-80.6464,-24.1264,1540.66,23070.4
3045322,-83.2064,-51.3514,1538.57,30314.6
9909192,-79.3578,-14.5908,1536.73,20924.3
5593023,-80.7019,-22.6778,1536.69,25157.7
7191831,-83.3767,-49.9625,1533.72,23221.8
2975797,-80.7042,-25.6806,1527.9,30524.0
6993797,-80.6467,-24.157,1523.48,23429.4
10089452,-80.6953,-22.9736,1522.7,20799.1
2626907,-74.56,-11.08,1520.95,31665.3
6393562,-74.6733,-11.3658,1517.69,24115.5
4459951,-80.6892,-25.7417,1516.8,26999.8
9513967,-80.7089,-22.6681,1509.63,21205.6
7217114,-80.6311,-24.0861,1502.32,23194.4
5373429,-80.6353,-26.3639,1501.68,25472.3
3453388,-80.7506,-27.5972,1501.21,29192.5
7606260,-79.4444,-15.0433,1499.97,22806.6
3141715,-83.2344,-51.6444,1498.42,30033.8
590804,-80.7039,-24.8903,1497.76,47352.5
424457,-80.7236,-24.7222,1491.95,51370.5
431843,-74.565,-11.2633,1489.5,51151.8
7996029,-80.6428,-28.5597,1485.54,22437.6
10089451,-80.7017,-25.9542,1482.04,20799.1
8718424,-79.51,-15.3392,1481.98,21815.7
9921537,-80.6392,-20.6236,1481.62,20915.1
2177914,-80.3769,-25.4875,1477.42,33438.5
6635920,-80.7381,-27.4139,1476.82,23828.5
6708165,-74.5561,-11.0967,1472.89,23745.5
10729563,-81.6631,-21.8819,1471.12,20381.3
10629608,-79.5736,-15.6308,1469.54,20443.8
11434533,-79.3094,-16.2917,1469.16,19951.7
1939741,-80.6736,-23.9347,1467.67,34562.8
5344193,-83.2225,-51.6875,1465.41,25517.3
617053,-80.7161,-22.9958,1460.56,46839.8
10303097,-80.6331,-21.032,1459.54,20657.7
3607231,-80.5042,-28.1306,1458.57,28810.3
2875639,-80.4683,-24.8792,1458.3,30833.5
662983,-80.7292,-24.9833,1455.19,45998.5
1539891,-80.4639,-22.4611,1451.25,36864.1
9759361,-80.6689,-23.9236,1446.89,21030.6
1306948,-80.6992,-24.8028,1443.82,38545.4
3699852,-74.5669,-11.2367,1438.04,28588.3
11712669,-83.0631,-50.3208,1438.03,19794.6
6803954,-83.1797,-51.1625,1434.1,23640.6
4415286,-83.2006,-51.4028,1429.79,27084.6
10853619,-82.625,-52.9042,1428.75,20299.9
911086,-80.4561,-22.3083,1415.74,42409.6
3165586,-74.5939,-11.1167,1413.44,29965.8
939456,-80.6839,-25.0917,1412.68,42074.8
6449064,-81.5722,-21.9944,1410.54,24049.4
7036381,-80.6381,-25.2708,1409.83,23385.9
8385036,-83.0375,-50.0861,1409.63,22094.3
8540386,-80.7142,-24.7472,1408.82,21961.2
7416497,-79.5225,-16.2008,1407.33,22990.2
7173133,-74.59,-11.1817,1405.33,23238.3
3380844,-82.6003,-52.6278,1402.53,29379.6
5336257,-80.3992,-25.2292,1400.18,25529.8
5432969,-80.3881,-25.1861,1398.6,25387.1
7874657,-80.6586,-25.0167,1396.54,22550.9
5040123,-80.7319,-23.5625,1393.32,25992.2
8845235,-83.2822,-49.9819,1392.63,21713.2
1425616,-80.7133,-22.8722,1388.86,37649.1
163947,-80.4453,-28.3389,1384.31,63935.3
5727571,-80.53,-28.4625,1382.36,24969.6
10373881,-79.3989,-16.8825,1381.47,20608.3
4240083,-83.1214,-49.0819,1379.89,27423.5
324366,-81.5236,-28.7333,1379.64,54777.3
4997870,-80.5117,-19.1875,1379.42,26060.8
7428086,-80.7106,-28.4403,1376.77,22981.9
2829313,-80.5217,-20.4361,1376.31,30979.8
4099024,-80.7422,-25.6014,1371.88,27710.1
8368818,-80.5203,-19.1333,1369.67,22108.7
4367721,-83.14,-48.9472,1363.89,27173.8
2603969,-80.6908,-24.625,1362.72,31747.7
11261511,-78.8569,-24.32,1360.54,20053.6
4630744,-80.5481,-19.6083,1360.01,26686.5
6332480,-80.7206,-22.8639,1358.19,24189.4
7600680,-80.4603,-22.4139,1357.02,22812.2
1745214,-80.4414,-21.8917,1355.93,35603.4
10853621,-80.4572,-27.9097,1353.32,20299.9
7748725,-78.9494,-25.5892,1352.83,22666.5
224938,-82.6317,-53.1722,1351.75,59603.3
7709542,-83.31,-49.9083,1350.34,22705.8
936314,-80.7519,-29.4889,1343.82,42109.6
10016136,-80.7403,-28.0069,1341.13,20851.1
828965,-80.7289,-29.6764,1338.95,43460.2
2230824,-80.3617,-25.1181,1335.85,33207.2
589770,-82.5628,-51.7014,1328.22,47374.0
3408328,-82.5708,-51.6847,1327.87,29308.0
4985928,-82.5856,-52.0111,1326.03,26077.9
1176823,-80.53,-28.6278,1323.39,39642.2
8732095,-80.67,-29.0945,1320.08,21804.0
1060273,-80.5856,-28.9486,1317.81,40761.1
1069540,-81.5125,-28.2361,1317.66,40664.1
1109610,-80.7144,-23.2167,1313.31,40270.5
3045330,-74.5328,-11.4433,1309.41,30314.6
7398035,-81.485,-23.275,1309.2,23009.6
4410548,-80.5008,-19.2264,1309.01,27094.0
758932,-82.5342,-51.1806,1308.61,44450.2
7467973,-80.6275,-29.1278,1307.26,22940.3
8385067,-74.6806,-11.92,1305.38,22094.3
7505452,-74.5536,-11.2725,1302.75,22901.4
246050,-80.31,-24.9819,1300.76,58410.2
4838871,-82.5236,-51.1597,1299.94,26323.5
4200049,-80.7117,-23.9597,1298.28,27504.7
10213200,-80.7358,-26.0194,1298.23,20716.2
11205288,-80.7322,-25.7986,1297.54,20088.5
752839,-80.5553,-28.9875,1296.13,44541.8
6378867,-80.3683,-25.1097,1295.13,24134.0
5622029,-80.7011,-23.9611,1295.11,25114.6
9684125,-80.6817,-23.9625,1294.31,21082.0
6273660,-74.6717,-11.9733,1292.64,24260.4
6220365,-79.3769,-18.1517,1288.5,24326.0
4455072,-80.7517,-29.625,1285.9,27009.2
9027042,-80.5339,-28.6694,1283.75,21571.9
4539182,-80.7267,-24.1111,1280.36,26853.1
7092750,-80.4472,-21.9514,1279.72,23323.1
8899804,-80.7225,-24.3333,1278.9,21672.1
8816682,-82.5928,-52.6778,1277.99,21736.7
3895197,-80.7128,-23.7847,1277.84,28145.8
7678137,-80.7081,-23.7625,1276.75,22733.8
1415867,-80.375,-25.65,1272.4,37718.4
384121,-80.3378,-25.0083,1272.05,52619.1
9584994,-80.4167,-25.5403,1271.24,21151.4
1064210,-80.7294,-30.0069,1269.25,40720.4
3811720,-80.4939,-28.3528,1267.36,28330.8
3641133,-80.6361,-29.3792,1265.27,28728.4
3916009,-80.6567,-29.3833,1265.17,28098.3
6184473,-80.5058,-28.3528,1258.14,24373.1
1394519,-80.4333,-21.9319,1255.67,37873.5
1695927,-80.7178,-29.775,1250.73,35888.6
6914311,-80.7203,-29.45,1248.82,23516.3
4549149,-80.6111,-29.0097,1246.06,26834.1
455551,-80.6544,-30.0514,1245.4,50499.9
1138657,-79.0825,-27.2275,1244.03,39992.7
7577498,-80.4403,-25.7847,1237.36,22831.7
5951317,-79.3506,-19.0842,1236.85,24671.8
3701605,-80.6686,-30.0375,1234.4,28583.8
829550,-80.5356,-29.2625,1233.42,43451.4
9293309,-82.5589,-51.7667,1226.8,21367.2
4225377,-81.5378,-28.5736,1224.2,27451.4
1261121,-80.6689,-29.8681,1222.99,38918.8
1325289,-80.4197,-25.6306,1221.33,38403.0
8896367,-81.5775,-28.407,1220.27,21675.1
1126061,-80.6739,-29.9722,1220.18,40110.4
1574545,-80.6947,-29.8056,1219.81,36637.0
3347122,-80.4164,-23.2597,1218.81,29468.4
4412875,-82.8364,-48.468,1217.72,27089.3
2876897,-80.7317,-29.7875,1217.43,30829.3
6376802,-81.4672,-26.4,1216.99,24136.6
229564,-82.8333,-53.5222,1216.05,59330.1
11011465,-80.6625,-30.0472,1215.84,20202.4
564189,-80.4286,-27.9597,1214.36,47902.3
8175169,-80.5722,-28.9972,1210.67,22278.1
1714574,-74.6169,-14.3692,1210.5,35780.1
387958,-80.4586,-29.1736,1208.81,52493.1
424102,-80.3442,-25.6806,1208.72,51380.4
3750972,-80.5811,-29.075,1206.66,28469.9
898075,-78.1072,-33.1642,1204.16,42570.0
4674829,-80.545,-29.0764,1203.41,26607.6
305067,-80.6678,-30.2236,1201.99,55578.7
1398851,-80.5256,-29.1875,1199.15,37843.2
1525760,-80.6522,-29.8361,1198.99,36957.4
3169236,-80.6808,-29.8958,1197.5,29955.2
4682602,-80.5178,-28.6833,1197.3,26593.2
1622312,-80.4006,-25.8292,1196.82,36335.0
1008272,-80.4911,-29.1139,1196.62,41303.0
2295807,-81.4864,-28.1889,1193.55,32933.6
538907,-80.4458,-29.2681,1191.96,48444.6
1786797,-80.52,-29.1153,1190.9,35368.2
1276241,-80.5414,-29.3472,1188.72,38792.6
5943913,-80.6717,-30.1472,1186.33,24682.2
2544323,-82.6394,-52.3375,1185.19,31963.7
11063593,-83.3894,-49.4944,1180.57,20174.0
7720688,-80.5214,-29.1625,1178.52,22694.6
8313547,-80.5367,-29.0875,1176.95,22154.8
3728549,-81.5031,-28.3403,1167.38,28521.4
8148937,-82.5775,-52.1889,1167.06,22298.1
2863522,-80.5078,-28.5403,1164.79,30870.6
7384880,-80.5386,-28.9792,1158.49,23023.5
1915923,-80.5075,-29.1431,1158.14,34686.1
1475816,-82.5692,-52.1806,1157.23,37293.7
11423948,-79.2558,-19.9017,1156.86,19958.1
1058194,-80.4658,-29.093,1150.16,40781.4
1921341,-80.4981,-28.6819,1148.05,34656.7
88036,-73.36,-14.1175,1147.71,72866.9
7561158,-81.5094,-28.65,1147.64,22848.5
5504988,-80.3336,-25.7306,1146.66,25281.5
388183,-80.5928,-29.9236,1146.24,52485.8
417393,-82.7981,-53.5125,1139.17,51578.4
1191922,-80.4811,-29.1417,1137.68,39508.6
6466384,-74.6167,-14.6633,1136.46,24028.2
2852028,-81.4931,-28.4625,1131.8,30909.8
945259,-80.3756,-27.4319,1131.69,42005.1
132650,-82.6,-53.1222,1131.19,66936.1
4595970,-83.3411,-49.3861,1130.77,26748.5
3812654,-79.1817,-28.1775,1130.5,28328.6
2573967,-82.4919,-50.8556,1128.97,31855.9
7090300,-80.3536,-25.45,1124.32,23325.9
195696,-79.2008,-28.765,1123.34,61503.5
4847166,-80.5992,-29.9167,1122.89,26309.0
2987737,-80.4,-26.8528,1117.0,30486.4
2804903,-82.8231,-53.4875,1116.79,31059.9
3845871,-80.7447,-29.9486,1115.28,28254.3
6953308,-81.6703,-30.825,1113.86,23475.6
2076715,-80.3439,-25.4861,1111.26,33898.4
615499,-82.7672,-53.3514,1109.98,46868.4
5002151,-80.4675,-29.0375,1108.22,26053.4
1490331,-82.8475,-53.2486,1108.21,37194.5
9692215,-82.4936,-50.9014,1106.17,21076.0
8715054,-80.3219,-24.9931,1101.0,21818.6
701694,-73.4664,-14.6483,1100.34,45344.2
2974497,-80.6714,-29.7597,1097.27,30528.2
3107167,-80.4483,-29.1458,1095.05,30135.4
3569391,-74.6061,-14.4917,1094.37,28900.8
800898,-80.3436,-28.2792,1094.03,43845.5
1723164,-80.4317,-29.3306,1087.37,35730.2
827416,-80.3078,-25.6875,1084.96,43480.7
9156862,-80.4417,-27.9528,1082.78,21471.3
309219,-80.2681,-25.5903,1081.59,55400.7
2393715,-82.7783,-53.3236,1081.51,32540.5
3566813,-80.4078,-21.5444,1080.73,28907.4
9457078,-81.3172,-27.4986,1078.94,21244.6
8635324,-79.1356,-28.1808,1078.84,21882.8
272032,-82.5775,-52.8375,1076.68,57081.8
315184,-82.7764,-53.5556,1074.63,55152.9
11016431,-79.1267,-28.32,1073.61,20199.2
9354516,-82.5133,-51.1972,1070.67,21319.4
8530434,-79.6914,-19.8042,1067.72,21969.9
741234,-80.6042,-29.8,1066.09,44717.4
8172181,-80.355,-25.7083,1062.44,22280.9
5210362,-80.3864,-27.4264,1060.38,25721.2
3421382,-82.8311,-53.1972,1057.33,29275.4
4817154,-80.3661,-27.4417,1055.7,26362.2
2629061,-82.8894,-48.5514,1055.64,31657.2
7566661,-82.5761,-52.8028,1055.53,22842.9
5202695,-82.5761,-52.7514,1052.98,25733.6
5188746,-82.8878,-48.5125,1050.58,25755.8
7603465,-79.0989,-28.2583,1050.14,22809.4
3109284,-78.9906,-27.1442,1050.01,30129.1
7377135,-79.3472,-20.6125,1048.03,23031.8
10169337,-83.1836,-48.9861,1045.46,20746.9
10429915,-82.5769,-52.7806,1041.91,20574.2
9688225,-80.6075,-29.8347,1041.13,21079.0
2421398,-80.3489,-27.4319,1035.95,32432.6
3844878,-80.4983,-29.2917,1035.58,28256.5
7944551,-82.5856,-52.5236,1033.44,22483.0
9521891,-81.2178,-31.6333,1027.63,21199.5
2138279,-80.6075,-30.0222,1025.84,33615.3
6602980,-79.2464,-21.0075,1023.75,23868.6
1674691,-80.3306,-25.3833,1022.34,36016.2
4773780,-80.3206,-23.9847,1019.99,26437.0
9335334,-83.0392,-48.843,1018.81,21334.4
254451,-80.5936,-30.1194,1016.27,57963.4
3625062,-80.61,-29.9695,1016.13,28766.0
3339321,-80.6344,-30.0681,1014.53,29490.0
325839,-80.5681,-30.1167,1013.93,54719.1
2862253,-80.3794,-28.5583,1013.36,30874.8
1625012,-79.1828,-28.7483,1013.31,36317.4
1367983,-80.5819,-29.9097,1012.24,38073.1
1775836,-80.3386,-28.1736,1008.19,35429.4
4126307,-82.7928,-53.4319,1004.81,27654.9
2922435,-82.7369,-48.1167,1000.82,30686.4
6024219,-80.3514,-28.1361,999.96,24576.1
316113,-80.5519,-30.2694,999.82,55113.6
1645293,-82.9322,-48.4347,997.74,36192.6
4107578,-82.7975,-53.5833,995.94,27691.7
6414400,-80.3714,-21.9667,995.27,24089.1
469108,-82.7736,-53.7361,994.74,50135.3
5175916,-82.8261,-48.3458,993.42,25773.2
6470576,-80.3017,-24.8583,992.28,24022.9
5279023,-82.8617,-53.35,992.11,25616.9
4281453,-80.3981,-28.5736,992.08,27342.1
1068074,-80.3056,-25.3014,991.87,40678.2
576435,-80.2869,-25.282,988.33,47646.3
896708,-80.2761,-25.4819,988.12,42588.0
6088402,-82.8322,-53.5764,986.57,24493.0
4288320,-82.5822,-52.7528,985.77,27328.1
2915385,-81.4856,-33.2195,984.95,30709.2
3619604,-82.5478,-51.7847,983.97,28779.3
935476,-78.9164,-27.1233,981.31,42120.2
3322076,-82.5736,-52.6917,979.88,29535.4
8963772,-82.8272,-48.3792,979.63,21619.1
1184367,-80.2564,-25.5278,978.04,39574.7
77483,-82.4808,-51.2069,977.47,74788.7
5892141,-80.4372,-29.0639,975.36,24749.2
1566412,-80.4211,-29.3556,971.69,36690.9
4743449,-82.8244,-48.3236,965.18,26487.6
7266502,-83.135,-48.875,965.01,23144.9
883494,-80.2958,-27.6708,964.15,42753.7
2431909,-80.3044,-25.3514,964.07,32389.4
7891983,-82.4542,-41.4597,960.79,22534.0
8834048,-80.5717,-30.1667,958.87,21722.0
5313466,-78.9814,-27.5458,957.84,25562.2
164088,-80.4689,-29.4625,956.5,63923.4
9224033,-79.4011,-21.2158,953.86,21417.8
3073769,-82.65,-52.9417,953.46,30230.4
3288950,-82.7744,-53.6778,950.94,29625.8
1369269,-79.1225,-28.4525,949.3,38063.1
539858,-80.2428,-25.2569,946.86,48424.8
883046,-80.3217,-28.4292,946.67,42759.7
8809865,-74.2053,-12.5933,946.5,21742.6
8618400,-79.6256,-20.805,945.33,21897.3
2385000,-78.9919,-27.9658,943.09,32573.8
977470,-82.61,-53.0153,939.61,41641.0
8236636,-82.4917,-50.9736,938.74,22220.8
5096297,-80.3211,-25.3222,937.55,25901.4
1695037,-80.2469,-25.4931,937.54,35893.9
723647,-80.6,-30.2431,936.91,44988.7
2945242,-80.265,-25.5361,935.42,30615.7
2424249,-79.0744,-27.9517,933.74,32420.9
1358036,-80.2833,-27.7931,933.55,38150.0
3449273,-81.6492,-36.3111,930.07,29203.5
2013246,-80.3061,-27.4083,929.67,34199.6
1200168,-80.5681,-30.2361,927.88,39436.0
1202787,-79.0442,-27.9833,925.89,39415.0
843332,-80.31,-28.7278,925.84,43267.7
3037763,-78.9728,-27.3667,923.35,30337.7
3090819,-80.2789,-27.7472,921.39,30181.9
231256,-80.4486,-29.4597,919.81,59235.5
2880096,-82.2519,-41.2792,919.62,30819.0
5259942,-80.41,-29.3486,919.06,25644.3
5549900,-79.7561,-21.1758,917.9,25218.4
3600168,-80.5381,-30.3083,917.67,28828.0
3473319,-73.4278,-14.0342,916.84,29142.3
3078695,-80.55,-30.1792,916.45,30215.6
248158,-82.0531,-41.3139,915.48,58295.5
570654,-80.5417,-30.1097,915.22,47767.8
1919957,-80.3253,-28.6514,911.61,34664.1
7075442,-82.7486,-48.1458,911.56,23342.2
11387378,-80.4158,-29.3819,911.45,19980.4
671738,-80.4031,-29.475,910.61,45847.2
389910,-80.3858,-29.6611,910.43,52429.9
9775606,-79.0517,-28.345,908.19,21018.5
1705341,-80.3239,-28.5278,905.56,35833.5
10351474,-81.2342,-33.025,902.62,20623.7
4912223,-80.3308,-28.4167,902.2,26202.2
6852505,-80.2656,-26.8139,900.5,23583.9
8362610,-79.0239,-28.03,898.62,22114.5
464047,-80.3961,-29.6,898.05,50273.6
1075576,-80.2617,-27.7903,897.15,40602.9
323768,-80.3819,-29.9528,897.04,54800.6
15116,-79.5661,-45.6133,893.15,100164.4
9604865,-80.58,-30.1139,893.08,21136.3
2404169,-80.4019,-29.343,892.53,32501.3
9557262,-81.1547,-32.9833,892.3,21172.5
3029409,-78.7844,-26.635,891.41,30360.8
2504452,-82.4869,-51.1792,891.2,32112.8
200015,-73.2297,-13.8367,891.06,61199.2
9123708,-74.5847,-14.3417,890.18,21498.0
6609441,-80.2586,-26.9458,888.05,23860.5
870958,-80.4069,-29.6667,887.1,42909.9
11163226,-79.7492,-21.6025,886.54,20110.7
3682477,-82.5519,-51.9417,886.12,28628.4
972136,-82.5383,-51.7403,885.96,41702.1
3383949,-80.2369,-25.2167,882.8,29371.0
2527164,-82.5764,-47.9736,882.7,32027.4
792718,-80.4481,-29.5458,878.66,43960.2
6969914,-82.4422,-50.5417,877.66,23456.6
11618345,-78.7944,-26.6108,874.85,19846.0
10776800,-80.2719,-27.7653,874.44,20350.0
4917826,-80.2328,-26.7514,871.83,26192.5
6575701,-80.485,-29.2278,870.07,23897.9
2760986,-80.5036,-29.4986,868.01,31205.2
726346,-80.3036,-28.9417,865.9,44944.8
4656677,-80.2972,-27.4,862.7,26641.1
1705049,-82.2544,-41.3847,860.03,35835.3
6489772,-82.5308,-51.7125,859.89,23999.0
5383742,-80.2761,-25.2722,858.34,25459.8
2591931,-80.2044,-26.8417,852.2,31789.8
11542088,-82.6017,-53.0486,851.32,19890.9
1118288,-78.9958,-28.0192,847.22,40186.5
4076375,-80.255,-25.2625,845.48,27756.1
7043638,-78.8847,-27.25,843.18,23377.7
2274947,-80.2889,-24.9708,840.97,33022.5
742885,-80.2847,-28.3306,840.31,44690.3
1719546,-82.1925,-41.7403,836.98,35749.9
8638608,-80.5844,-29.4472,836.95,21879.9
2786122,-80.2031,-26.782,833.26,31121.4
2928835,-79.6414,-22.7867,830.6,30665.6
1462905,-82.4583,-50.875,825.37,37387.6
11575007,-80.2536,-27.0028,824.76,19871.7
6911947,-82.5442,-51.5458,821.44,23519.0
3233047,-80.3253,-28.8403,820.58,29776.0
1079759,-82.6153,-53.4042,815.6,40562.1
8060330,-80.3794,-28.7,815.17,22380.8
887331,-80.2897,-28.5778,814.89,42706.0
7033916,-73.6758,-14.5742,810.06,23388.6
3724001,-82.4689,-50.8639,809.88,28532.5
1230685,-78.9678,-27.7883,808.08,39173.4
4667026,-80.4278,-29.4569,804.0,26621.9
7847410,-73.39,-13.91,803.32,22573.5
6928582,-80.4069,-29.5333,800.84,23500.0
4801893,-80.2522,-24.8764,799.23,26386.3
3094939,-80.2636,-27.6555,792.02,30169.2
1844981,-82.1308,-41.5806,791.01,35053.4
2009173,-82.5489,-52.2528,790.57,34220.1
442588,-80.1222,-25.7389,790.47,50849.4
1223510,-80.3844,-29.8764,790.26,39235.1
6249197,-82.4289,-50.5347,788.33,24291.9
2126203,-80.2697,-27.8542,788.03,33670.2
7214588,-82.0908,-41.0361,787.28,23197.1
9063024,-80.3817,-29.7236,785.61,21542.4
6679055,-82.0564,-41.4111,783.96,23780.3
6238322,-73.6914,-14.7717,783.35,24302.4
3884938,-73.7075,-14.9533,779.45,28166.2
3139654,-82.4225,-50.5611,779.08,30040.1
7611799,-80.3286,-28.2236,777.01,22801.0
7130719,-82.1339,-41.5417,772.84,23284.9
8375256,-81.0806,-34.025,771.9,22102.9
4759828,-82.1547,-41.6417,766.99,26458.7
4501972,-80.415,-29.6514,765.52,26921.8
170141,-73.7447,-14.76,762.0,63418.1
697004,-79.1581,-28.7083,760.06,45420.0
3410723,-80.2997,-28.5542,759.16,29301.5
6338556,-82.4731,-51.2653,755.21,24181.5
2754366,-82.4378,-50.6403,754.61,31225.6
9414648,-82.5889,-42.6125,749.26,21277.5
9113899,-82.6767,-42.8583,748.7,21500.9
2235988,-82.5006,-51.7528,748.6,33184.2
6118851,-82.5567,-42.6931,746.83,24456.6
6029926,-73.7078,-14.8867,742.27,24568.3
2021656,-73.7281,-15.0408,742.24,34158.6
2454242,-82.4233,-50.6083,733.9,32304.7
4494612,-80.2567,-27.85,733.31,26936.0
2926908,-82.5364,-42.7306,727.02,30671.9
5805623,-80.4458,-29.3986,723.19,24862.2
749970,-78.32,-46.3125,723.1,44584.7
8014080,-82.6672,-42.8986,722.74,22420.6
4340634,-80.3828,-29.8014,721.08,27227.7
220634,-73.7739,-14.9642,719.79,59869.9
11634361,-82.6017,-42.6958,719.09,19836.4
1299399,-80.125,-25.5945,718.08,38604.9
3491778,-73.72,-14.7358,715.01,29096.4
2077490,-73.7367,-14.9817,707.0,33894.6
5138271,-82.5117,-42.6458,700.17,25834.9
10629573,-82.7656,-53.5514,697.51,20443.8
3188193,-82.5003,-51.3139,696.63,29902.0
6369671,-82.2158,-41.9625,696.31,24141.9
5416075,-73.7236,-14.7075,696.01,25409.7
878123,-80.4025,-29.8153,693.96,42820.7
1109608,-82.4508,-51.375,693.52,40270.5
4834750,-73.7231,-14.6892,692.99,26330.7
1733065,-82.4558,-51.2292,683.76,35673.1
4266609,-82.1236,-41.5625,673.88,27372.4
209158,-73.7842,-14.8717,671.98,60595.5
1775515,-82.4622,-51.3306,670.45,35431.2
5352307,-80.18,-27.025,656.18,25504.8
8208754,-73.7319,-15.1108,654.82,22246.6
9092188,-82.4508,-51.2347,633.64,21518.7
4580666,-82.6072,-53.5083,633.27,26777.0
757539,-73.7722,-15.1167,633.09,44470.3
1920978,-73.7753,-15.0617,621.34,34658.6
7212032,-78.9997,-28.0792,617.74,23199.9
278846,-73.0347,-13.4217,599.31,56757.2
11215453,-73.205,-13.8158,595.83,20082.2
8109054,-73.7289,-14.73,594.87,22335.2
1580807,-73.7828,-15.0292,575.1,36597.0
2082631,-79.0056,-28.1158,563.54,33870.2
2181667,-73.7508,-14.7283,552.32,33421.4
10164983,-82.5417,-42.8625,548.54,20750.0
9327770,-73.7831,-15.01,547.6,21340.3
322039,-73.8953,-15.6225,544.71,54872.6
11655894,-81.1825,-35.3056,543.79,19823.5
4996448,-73.7558,-14.7208,514.37,26063.2
330039,-73.8056,-14.9208,510.67,54553.5
11103387,-73.7989,-14.9233,504.28,20148.7
5538242,-73.7433,-14.9583,471.98,25236.1
1673195,-73.9167,-15.7283,459.18,36023.3
1245732,-73.9147,-15.6517,453.4,39044.7
1580036,-73.9231,-15.6433,449.34,36602.2
11856355,-73.9192,-15.64,437.09,19710.7
4954777,-73.8883,-15.6825,417.83,26131.6
9971773,-81.1592,-36.7292,416.36,20878.5
5546585,-80.9739,-35.6139,412.76,25223.5
10466058,-73.9108,-15.6375,399.67,20549.4
3763980,-73.9242,-15.7575,396.52,28438.6
9549393,-73.9219,-15.66,378.85,21178.5
8281816,-73.9247,-15.7742,351.84,22183.5
5615256,-73.7608,-14.7442,351.08,25124.8
4941527,-73.9208,-15.5942,334.4,26151.1
9667838,-82.6686,-46.0778,332.72,21094.1
8568675,-81.0392,-37.0847,313.74,21940.9
331921,-74.4161,-20.5883,285.79,54478.8
1756478,-74.0431,-20.9958,274.39,35538.9
9865512,-80.6467,-33.8958,268.96,20951.7
7956427,-80.8611,-35.6278,243.15,22471.7
11845020,-80.9044,-35.8403,238.29,19717.2
514783,-72.6394,-16.2967,236.06,48997.7
1125619,-72.1092,-12.76,169.9,40115.1
4046644,-77.8644,-49.36,109.82,27818.0
7026686,-73.9669,-17.3783,104.03,23396.8
6667862,-77.8469,-49.3192,99.34,23793.7
4399541,-77.8078,-49.0767,87.02,27112.8
10199909,-72.76,-13.0633,85.48,20725.4
8789473,-75.7669,-23.9208,83.5,21760.1
6113954,-75.7494,-23.6033,83.33,24459.2
6787050,-72.7572,-17.6717,82.75,23656.7
9589168,-77.8211,-49.0933,81.66,21148.4
4492152,-75.7461,-23.5975,81.51,26940.7
9824290,-77.7569,-48.8017,78.38,20982.0
9027065,-73.5625,-20.5258,78.02,21571.9
7669693,-78.1611,-44.1158,76.44,22742.2
11450337,-73.9644,-17.4592,74.97,19942.1
11073499,-72.5644,-15.0492,74.81,20167.6
10239341,-73.9544,-17.4558,73.84,20697.7
7013486,-75.7456,-23.7992,73.52,23407.7
9106729,-75.8697,-25.2925,70.14,21506.9
6768669,-75.5156,-20.6942,68.86,23678.3
10573975,-75.5142,-20.6383,67.78,20481.1
6542953,-75.8225,-24.8308,65.55,23937.9
8032084,-75.7375,-23.6058,62.74,22403.5
7111116,-73.9203,-17.3283,62.63,23306.7
10329339,-75.8703,-25.2733,62.1,20639.2
11038836,-73.9172,-17.3183,60.63,20189.7
11445083,-75.0642,-18.6275,60.53,19945.3
8284945,-75.4511,-26.2867,59.63,22180.6
6958065,-75.7497,-23.9725,57.34,23470.2
10729609,-73.9556,-17.4258,55.91,20381.3
8109053,-75.4367,-20.0167,55.46,22335.2
8215118,-75.7311,-23.9883,55.3,22240.9
8631949,-75.7894,-24.6467,54.94,21885.7
10908576,-75.7292,-23.6558,54.05,20268.5
7514637,-75.7511,-24.2458,52.8,22895.8
8949495,-75.8775,-25.5717,51.98,21630.9
10767495,-75.905,-25.7325,51.74,20356.3
10889203,-75.7,-23.9433,51.57,20281.1
11356291,-75.4381,-20.0333,51.13,19999.5
7555805,-75.8322,-25.0008,51.11,22854.0
8169108,-75.7617,-24.1583,51.03,22283.8
9921574,-75.7003,-23.0783,50.88,20915.1
7160763,-74.4344,-20.8658,50.08,23252.0
10918376,-75.6383,-22.61,49.96,20262.2
7861848,-75.8775,-25.6358,49.84,22559.4
8038024,-75.8189,-24.9592,49.42,22397.9
7981091,-75.6797,-23.2942,49.09,22451.8
11178228,-75.7647,-24.6975,48.76,20101.2
9816091,-75.4578,-21.2783,48.46,20988.1
9252254,-75.8244,-24.9458,47.88,21400.0
10819803,-75.75,-24.1967,47.67,20321.9
11408241,-75.7764,-24.6483,47.44,19967.6
10208769,-75.8267,-24.8242,47.37,20719.3
7889101,-74.3358,-20.925,47.23,22536.8
8109052,-75.8411,-25.0083,46.82,22335.2
8883620,-75.8369,-24.9425,46.58,21680.9
9009064,-75.7814,-24.5467,46.2,21586.7
8020106,-74.3953,-20.8792,45.95,22414.9
10962221,-75.6481,-24.2917,44.84,20233.9
11471410,-75.7383,-24.255,44.0,19929.3
10324988,-75.7269,-24.2925,43.86,20642.2
11563518,-75.8094,-24.97,42.88,19878.1
9884053,-74.3222,-20.925,42.84,20942.5
11834046,-75.7347,-24.3467,42.42,19723.6
9403131,-74.2975,-20.9483,42.24,21286.5
10810287,-75.7586,-24.5225,41.06,20328.1
10662324,-74.3728,-20.8917,40.66,20421.9
10169364,-75.8325,-24.9167,39.63,20746.9
