186,-77.0403,-126.0958,4268.02,178526.0
7263921,-77.0458,-126.055,4188.48,23147.6
753,-76.7992,-117.6592,3645.81,150360.5
10320602,-76.8172,-117.6733,3616.9,20645.3
455,-75.7975,-115.8133,3593.64,160368.4
21929,-76.7256,-117.7417,3549.98,94332.3
331,-76.2814,-112.1267,3517.34,166816.2
2842521,-77.0539,-126.2217,3496.03,30938.7
2684237,-76.7156,-117.8417,3490.85,31467.5
2456,-76.0558,-135.8242,3466.56,129821.4
7128,-76.5164,-125.7533,3392.33,112170.6
6446941,-76.5156,-125.7758,3389.72,24052.0
4330999,-76.5169,-125.81,3374.05,27244.1
7113593,-76.5133,-125.8317,3369.58,23304.0
17826,-77.1722,-126.9217,3359.14,97564.1
2086179,-75.8125,-115.8808,3347.42,33853.2
4459964,-76.5089,-125.8583,3334.59,26999.8
5054859,-76.0525,-135.8942,3306.08,25967.7
9888215,-76.0597,-135.8875,3291.09,20939.5
10819802,-77.1747,-126.8833,3262.88,20321.9
76,-73.4425,-126.7508,3195.14,199524.7
8581889,-76.0447,-135.9333,3116.99,21929.3
9403,-76.0272,-135.0567,3071.28,107711.9
302706,-75.8103,-116.1,3051.49,55677.1
313770,-76.4419,-126.0258,3051.0,55214.1
598535,-77.0786,-126.6725,3035.61,47200.2
10655,-82.4606,-103.8889,2994.88,105687.1
1210456,-76.045,-136.0283,2979.21,39347.0
4804,-75.8211,-132.3067,2967.67,118629.5
1159955,-75.78,-132.2858,2962.76,39796.2
7470694,-77.105,-126.8067,2949.19,22937.5
5936103,-77.0897,-126.215,2940.48,24692.5
4967429,-76.4956,-125.955,2940.36,26109.6
746023,-76.0506,-134.7217,2929.66,44641.8
4899329,-77.1028,-126.6033,2924.58,26221.6
3594860,-77.1008,-126.19,2910.1,28839.0
83691,-76.8294,-126.0283,2906.02,73621.9
258289,-75.7136,-132.215,2898.45,57769.7
7441390,-75.8236,-132.37,2890.63,22968.0
6472786,-75.7794,-132.3408,2861.99,24020.2
26458,-75.8583,-128.6417,2847.52,91305.9
10329338,-77.0872,-125.9467,2846.16,20639.2
9836718,-77.1072,-126.155,2844.8,20972.9
248797,-76.6611,-118.1133,2832.08,58262.7
7644874,-76.8244,-125.95,2832.03,22767.4
1677479,-82.4725,-103.8792,2817.26,35998.5
24376,-76.0058,-132.5025,2783.51,92616.7
870097,-82.4494,-103.7056,2781.29,42921.8
3603724,-82.4717,-103.9208,2779.89,28819.1
3633303,-76.0086,-132.6383,2775.13,28748.3
1493128,-82.4378,-103.9708,2773.43,37177.4
8618401,-77.1217,-126.0825,2764.36,21897.3
2563506,-76.8544,-126.0225,2742.17,31895.8
3293679,-75.8506,-128.6308,2740.01,29612.9
7809530,-82.4617,-103.7833,2732.21,22610.2
549497,-82.5253,-103.5458,2725.39,48213.9
2070185,-76.6686,-118.0558,2710.61,33928.4
631968,-75.8856,-128.6492,2708.02,46558.8
256098,-76.6711,-125.8242,2702.56,57880.9
8345170,-77.0575,-126.4,2688.73,22126.0
11256389,-77.0089,-125.8008,2685.46,20056.8
24174,-75.7269,-129.0892,2683.76,92747.3
5985414,-76.6844,-125.8792,2680.96,24625.3
1463868,-76.0456,-134.2833,2674.18,37380.7
3057662,-76.6989,-118.0517,2658.47,30276.7
5224160,-76.695,-125.8325,2646.53,25698.9
3435970,-82.5244,-103.7153,2640.38,29236.2
623,-75.345,-110.7367,2635.71,154291.7
6777820,-75.8589,-128.6992,2613.68,23667.5
6685711,-76.6717,-118.0308,2608.37,23772.3
11756846,-76.8633,-117.64,2570.21,19768.8
428669,-82.6831,-104.4403,2527.47,51243.8
9281949,-82.3781,-103.0,2518.59,21376.1
659864,-82.6875,-104.3111,2515.74,46053.8
9787764,-82.5472,-103.725,2514.2,21009.4
117400,-82.5819,-105.8958,2511.54,68673.5
837134,-82.3742,-103.5111,2508.83,43351.6
775627,-82.6569,-103.9542,2505.01,44204.4
229857,-75.9397,-125.8525,2501.44,59315.0
4550411,-82.5875,-105.8903,2501.39,26831.7
1534030,-76.0569,-124.1067,2500.26,36902.2
8102876,-82.6814,-104.2486,2496.26,22340.9
7207048,-76.1228,-124.2192,2495.73,23205.4
1415871,-76.0508,-124.3958,2494.27,37718.4
331741,-75.9131,-128.5425,2475.15,54485.8
8278657,-82.3833,-103.5264,2469.15,22186.4
5096317,-75.3264,-110.7633,2466.9,25901.4
337237,-75.3433,-110.8592,2464.98,54269.0
4621819,-76.0358,-134.0883,2461.48,26703.2
4738159,-75.7364,-129.1717,2457.62,26497.2
918130,-76.0003,-133.0458,2445.0,42325.4
2089335,-82.435,-104.0472,2434.78,33840.1
3928529,-82.685,-104.3792,2434.47,28073.3
2553849,-75.3317,-110.8242,2427.56,31929.8
6907312,-76.0603,-123.8025,2422.37,23524.4
9131016,-82.4528,-104.0319,2401.22,21492.0
11048737,-82.6381,-103.8014,2372.49,20183.4
37989,-76.9469,-116.8625,2366.98,85644.5
23593,-75.6092,-132.4158,2360.54,93115.5
3948293,-82.5267,-103.8306,2352.36,28027.9
7966368,-77.2031,-127.0425,2349.23,22466.0
11356289,-77.2094,-126.9533,2347.05,19999.5
2581957,-75.9036,-128.6792,2346.39,31827.9
1452691,-82.5819,-105.9764,2340.3,37457.4
5469219,-75.8267,-128.525,2312.83,25331.8
4430744,-75.7475,-129.1892,2306.25,27054.0
10767496,-75.8319,-128.5617,2301.73,20356.3
2739410,-82.4264,-104.125,2298.96,31278.6
3698013,-76.9478,-116.9508,2294.3,28592.8
5329897,-82.43,-104.1153,2288.94,25539.7
3383958,-75.9094,-128.73,2284.89,29371.0
56366,-75.8783,-115.2142,2254.14,79582.8
2341057,-75.3286,-110.9117,2241.27,32749.3
9167909,-75.7378,-129.2233,2223.52,21462.4
11281822,-76.5769,-133.0383,2214.21,20040.9
7706744,-75.82,-128.5475,2201.97,22708.6
6859551,-75.8767,-115.265,2201.28,23575.8
4455081,-75.8075,-128.5925,2172.98,27009.2
7150671,-75.805,-132.5475,2171.89,23263.0
81518,-75.4069,-110.4908,2163.02,74002.6
10178046,-77.1442,-126.0367,2160.37,20740.8
4348798,-75.7572,-128.1992,2072.62,27211.3
602533,-75.6686,-129.3142,1985.83,47121.9
10434487,-75.6622,-129.3108,1952.53,20571.1
9597035,-75.8325,-115.4692,1930.72,21142.4
3853602,-75.6467,-132.3817,1841.71,28236.2
5179508,-75.8789,-115.7408,1839.56,25770.7
7786707,-76.9375,-116.5533,1810.42,22632.7
10081227,-75.3594,-110.5883,1776.87,20805.2
3262414,-75.8458,-115.0433,1654.38,29694.6
6238321,-76.1772,-111.8233,1646.58,24302.4
11718241,-76.4172,-141.6933,1645.5,19791.4
1843726,-75.8272,-114.9258,1628.26,35060.6
4456296,-75.835,-114.9675,1621.4,27006.8
10932824,-75.5506,-127.7542,1614.74,20252.8
8601859,-76.0453,-136.5525,1567.12,21911.9
8718426,-76.3156,-112.7475,1548.05,21815.7
8598479,-75.8236,-114.8133,1473.17,21914.8
71128,-75.3025,-110.635,1472.95,76097.7
41714,-75.2814,-110.5342,1448.48,84213.9
919447,-75.3886,-111.0308,1374.29,42310.3
10908574,-77.5703,-109.2275,1371.16,20268.5
1878479,-76.8622,-143.4917,1303.55,34878.5
11701657,-77.0542,-104.3942,1298.83,19801.0
192372,-75.3106,-110.3067,1292.28,61738.2
889295,-75.2806,-110.9025,1287.69,42680.7
10839061,-77.0239,-105.5125,1287.55,20309.3
10699810,-76.9214,-103.9925,1286.64,20397.0
1163383,-76.8811,-143.5208,1281.06,39762.6
7947550,-76.8808,-109.5658,1272.95,22480.2
7428108,-76.8681,-143.2108,1270.76,22981.9
11729110,-75.7108,-116.9192,1265.33,19784.9
8770010,-76.6472,-110.4883,1261.63,21771.8
11053787,-76.7439,-110.1417,1253.13,20180.3
4837501,-77.2944,-141.7792,1237.57,26325.9
3149097,-77.3111,-141.7992,1227.19,30014.7
224231,-75.2192,-134.4108,1209.32,59645.0
307834,-75.1867,-114.9442,1206.77,55461.6
901888,-76.4161,-143.4492,1203.82,42523.6
311528,-76.2975,-144.0308,1196.02,55304.0
175603,-76.9969,-143.8517,1193.0,62991.7
940798,-76.9419,-143.6242,1173.52,42058.1
2940202,-76.8078,-143.8025,1172.88,30632.4
4776518,-76.4294,-143.3533,1171.65,26432.2
1383215,-77.2483,-142.2175,1171.1,37959.2
11317739,-76.7978,-143.5825,1171.1,20018.6
4517866,-76.8147,-143.7167,1169.71,26891.0
1197103,-76.9364,-143.66,1169.03,39463.4
1782476,-75.1564,-114.56,1164.51,35393.4
7906546,-77.2764,-142.0792,1161.27,22519.8
8674546,-73.3475,-126.4558,1157.06,21853.6
4479259,-76.2903,-143.4125,1156.12,26962.0
821416,-75.41,-137.9008,1155.32,43561.2
1493864,-76.3061,-143.9992,1154.35,37172.2
1522273,-77.3094,-142.1125,1153.89,36979.8
412881,-76.5128,-144.1608,1152.86,51714.1
9346848,-76.2883,-143.4108,1150.04,21325.4
95916,-74.9933,-135.4517,1148.48,71596.8
4016187,-76.9325,-143.7075,1145.55,27882.0
8830541,-76.4225,-143.37,1145.5,21725.0
11382232,-77.2606,-142.0983,1145.02,19983.6
482960,-77.5067,-143.5083,1142.1,49776.9
2620847,-78.0275,-143.8283,1139.26,31687.4
1302229,-76.3142,-144.2233,1135.95,38581.8
890450,-76.8586,-144.095,1135.38,42667.2
684239,-77.4892,-143.22,1133.35,45632.7
10191097,-76.8244,-143.8558,1132.24,20731.6
466692,-75.2617,-135.39,1130.34,50201.3
2247178,-76.9464,-143.54,1128.67,33138.1
5241589,-76.8714,-143.6542,1127.26,25674.1
1058657,-76.8072,-144.0117,1127.0,40776.7
7318551,-76.2839,-143.4042,1123.91,23089.8
1373989,-76.9517,-143.6925,1119.94,38027.9
4207676,-76.2878,-143.4825,1119.25,27488.5
254060,-75.9822,-140.7358,1108.91,57987.6
99482,-75.2897,-109.9958,1108.71,71071.6
8348368,-77.3022,-142.0908,1101.57,22123.1
5211905,-77.5153,-143.515,1099.66,25718.7
5475885,-76.3014,-144.3967,1095.85,25321.8
9771537,-77.6378,-142.8183,1095.42,21021.5
2730531,-76.2836,-144.0633,1090.82,31307.1
10115445,-75.0,-135.1083,1090.17,20780.7
472439,-77.2614,-143.3417,1089.76,50050.0
1772122,-77.2147,-143.0508,1089.46,35451.0
10748545,-76.9414,-143.5933,1088.03,20368.8
3604671,-76.8353,-144.1475,1085.77,28816.9
2589317,-76.8758,-143.8842,1084.97,31799.8
10996611,-76.3144,-144.3342,1084.05,20211.8
3913077,-77.2164,-142.8367,1082.43,28105.1
2016899,-77.215,-144.3733,1081.67,34182.9
10050511,-76.1786,-110.4808,1081.1,20826.6
11839592,-76.205,-109.7967,1081.05,19720.4
5587112,-77.2786,-142.1617,1079.05,25162.8
4883729,-76.8833,-143.6842,1077.74,26248.3
985246,-75.8419,-142.72,1076.0,41553.7
6389486,-75.3086,-110.665,1074.05,24120.8
62807,-74.9914,-134.7525,1073.84,77951.4
1517706,-77.5019,-143.3958,1072.49,37010.8
760771,-77.01,-143.8025,1070.3,44423.0
1106403,-77.2589,-143.1592,1069.49,40300.5
3418923,-75.2617,-133.525,1067.67,29281.9
9472545,-77.2661,-142.2842,1067.5,21232.6
10709167,-76.3989,-107.1392,1067.38,20390.7
941987,-75.2317,-114.8767,1065.0,42043.0
6076885,-75.9178,-142.7275,1063.38,24508.6
67140,-75.0511,-133.7567,1056.11,76942.0
638090,-75.2681,-110.94,1051.98,46447.8
2659215,-76.2261,-143.8383,1050.78,31552.4
2010696,-76.5064,-144.3717,1046.22,34212.7
5758884,-76.1683,-106.72,1042.86,24928.7
4540396,-75.3131,-133.6267,1041.82,26850.7
2601806,-75.1733,-133.4725,1038.86,31755.7
7055832,-76.5061,-144.3833,1038.27,23364.1
3210984,-76.5064,-144.2892,1037.32,29838.0
7536181,-75.2942,-110.5608,1035.92,22873.5
2731645,-77.2628,-143.1225,1032.44,31303.1
359174,-77.0919,-144.0275,1027.54,53464.7
5365402,-76.4586,-143.7167,1026.9,25484.8
2750340,-76.5225,-144.1567,1023.98,31239.9
5707734,-75.3064,-133.6417,1022.28,24997.6
49158,-75.1539,-113.9033,1019.56,81689.3
7043641,-76.9564,-143.7392,1018.98,23377.7
8159883,-76.3267,-144.1283,1018.24,22292.4
9849166,-76.1403,-105.9,1017.86,20963.8
672057,-77.1808,-144.2858,1016.46,45841.7
267625,-77.1908,-144.0267,1015.76,57295.7
5785773,-75.3067,-109.9875,1014.78,24890.4
79559,-75.8742,-140.9617,1013.92,74371.9
5349095,-75.5206,-139.2942,1006.2,25509.8
5632330,-77.2536,-143.2275,1005.1,25099.4
1569974,-75.3583,-138.2275,1004.29,36666.6
7438708,-76.8469,-144.1883,1004.29,22970.8
837355,-75.6589,-140.0225,1002.71,43348.7
5536519,-76.4522,-143.7617,1001.37,25238.6
7533441,-77.1728,-144.285,1000.22,22876.3
682056,-75.2547,-110.465,999.27,45670.4
3075874,-76.2242,-143.8742,998.84,30224.1
2918695,-76.9881,-143.7892,994.04,30698.9
1839220,-77.2872,-143.1258,992.27,35086.1
6838491,-76.5106,-144.2642,989.27,23600.1
7158216,-76.9447,-143.7108,987.88,23254.7
3615030,-76.9569,-143.765,987.35,28790.4
493865,-75.0669,-136.1375,986.0,49499.6
8221274,-77.1311,-143.4067,968.95,22235.1
1529235,-75.3119,-110.2075,964.56,36933.2
7484005,-75.38,-138.2458,964.12,22923.6
2916772,-75.0106,-134.7875,962.92,30705.1
1697346,-77.2844,-143.3125,962.65,35879.7
11563519,-75.2619,-110.4817,960.51,19878.1
1622838,-76.9683,-143.8983,952.41,36331.4
2867264,-77.2569,-143.3883,936.07,30858.2
10549135,-75.9797,-104.6,933.82,20493.6
1260500,-77.0906,-143.9825,932.31,38922.1
4973100,-73.3906,-126.3033,930.7,26099.9
11241021,-76.0194,-105.5925,930.55,20066.3
3692667,-77.1478,-143.4208,930.54,28606.1
11696257,-77.0919,-143.9742,927.67,19804.2
7903670,-76.8147,-144.175,922.1,22522.7
9816090,-75.9186,-104.8375,921.18,20988.1
870959,-77.18,-144.1258,920.55,42909.9
9879951,-75.9736,-106.3383,918.99,20945.6
3857510,-76.9642,-143.8525,917.07,28227.2
8906948,-77.2561,-143.4108,915.79,21666.2
224645,-75.5742,-142.05,912.84,59620.4
313093,-75.8025,-141.0258,912.0,55240.6
1150108,-75.1936,-113.9142,910.68,39885.8
4887958,-77.4925,-143.5742,909.98,26241.1
2180870,-75.8372,-140.98,906.78,33425.2
10324989,-75.3881,-111.1175,901.45,20642.2
2771060,-77.5289,-143.5633,899.95,31170.5
5494956,-77.4781,-143.5842,898.22,25296.6
8093554,-75.1994,-113.955,897.08,22349.4
3152003,-75.3258,-138.3042,896.96,30006.2
6921451,-77.1819,-144.0708,890.03,23508.2
7457349,-75.2592,-110.9058,888.69,22951.4
2803114,-76.9133,-144.2525,884.64,31066.1
2581958,-75.795,-141.1,879.65,31827.9
5841382,-77.2261,-143.3508,872.47,24816.0
11063646,-77.2867,-143.2808,869.79,20174.0
2785527,-75.2786,-110.8242,868.29,31123.4
3937418,-77.1319,-143.97,867.9,28052.9
110630,-75.0864,-113.1058,865.22,69533.7
9160512,-75.6664,-112.5308,862.65,21468.3
9917393,-77.1508,-143.4492,861.39,20918.2
1967175,-75.0319,-113.1642,858.24,34424.3
347626,-75.8933,-140.9483,857.79,53883.8
6950881,-75.3106,-111.0342,856.03,23478.3
6120770,-77.0969,-144.045,854.89,24454.0
15189,-74.7528,-110.4117,853.69,100088.0
6845427,-75.0397,-133.765,853.45,23592.0
10182338,-77.1872,-144.155,849.56,20737.7
3148359,-75.1683,-133.6175,848.04,30016.8
9799907,-75.6408,-139.9292,847.44,21000.3
8813222,-75.0592,-113.1008,845.91,21739.6
7242551,-75.4628,-139.5992,843.93,23166.9
318388,-74.9944,-113.2725,841.87,55021.0
4767833,-74.9906,-113.3517,841.59,26444.2
7452137,-75.5319,-110.7183,838.68,22956.9
9604904,-75.1756,-113.8558,838.6,21136.3
439709,-75.0203,-134.8025,837.6,50929.6
1349125,-75.6333,-142.2408,827.84,38216.8
4443929,-77.1658,-144.2542,826.22,27028.1
8196364,-75.605,-112.4792,825.3,22258.0
5328293,-75.1331,-113.8708,825.09,25542.2
9771538,-75.2917,-138.4392,820.06,21021.5
6188512,-76.8433,-144.345,819.48,24367.8
208398,-75.1506,-137.6158,812.21,60647.0
4079486,-77.1964,-144.1575,810.2,27749.2
1026117,-74.7881,-110.46,810.06,41112.8
11850693,-75.595,-112.775,808.0,19714.0
5680096,-77.1308,-143.9983,805.9,25033.3
5544907,-75.0328,-134.8217,803.37,25226.0
2967627,-75.0306,-133.7125,802.48,30547.0
5285404,-76.9789,-143.7767,801.49,25607.0
958882,-75.6553,-142.3992,790.58,41851.6
1382773,-75.1633,-134.4575,789.64,37960.8
10160592,-75.8247,-106.7333,784.96,20753.1
1997076,-77.1342,-144.0817,775.89,34279.6
5909040,-77.1689,-144.1267,769.46,24726.0
4723400,-75.1603,-113.9808,768.02,26521.2
5063467,-75.4592,-139.6267,766.81,25953.0
666024,-75.0975,-133.7633,766.77,45945.8
559501,-75.2489,-110.5158,763.78,48000.6
7631094,-77.1325,-144.0517,756.77,22781.4
8684576,-75.1003,-133.7858,744.93,21844.9
176165,-74.6381,-110.4583,743.75,62948.2
717080,-74.9994,-112.9292,741.35,45094.8
3794268,-75.0594,-134.8558,740.71,28369.1
1255302,-74.8614,-136.0175,735.97,38966.3
11502892,-81.9189,-130.8542,727.65,19910.1
4599676,-77.0967,-144.075,722.69,26741.3
8423577,-75.6897,-108.2275,717.95,22059.6
280278,-74.3519,-111.3508,717.34,56688.7
2248906,-72.1108,-100.6475,717.26,33130.4
145641,-75.02,-134.2192,716.63,65607.5
663435,-74.5536,-110.6733,716.07,45990.1
4173318,-75.0103,-112.9758,714.65,27557.9
8823670,-75.9122,-140.8592,714.37,21730.8
4654124,-75.6897,-140.3025,710.39,26645.8
11088408,-77.16,-144.3308,709.12,20158.2
85720,-73.1439,-102.3883,702.39,73264.5
6962753,-75.2519,-110.9317,701.71,23464.7
7661310,-75.2008,-135.8433,699.62,22750.6
2082632,-75.4444,-111.3683,694.39,33870.2
9339173,-77.1697,-144.3483,693.91,21331.4
4211019,-72.0711,-100.9333,693.16,27481.6
2719647,-75.3572,-139.1875,685.51,31345.8
1318291,-74.8039,-114.35,685.43,38457.7
191135,-74.9736,-134.1567,683.19,61824.8
381087,-74.6083,-111.4075,673.37,52718.3
2054159,-75.0161,-133.725,672.18,34005.3
9252253,-77.1286,-144.115,669.19,21400.0
623533,-74.2767,-114.5033,668.71,46714.5
1265210,-74.7242,-110.99,667.57,38882.8
3130401,-73.1603,-101.1017,666.75,30067.7
2601807,-75.0028,-133.7417,665.37,31755.7
8430176,-75.0789,-134.7392,661.51,22053.9
8057258,-74.7733,-114.2592,660.87,22383.6
1565662,-74.4703,-110.9608,660.83,36696.1
38679,-73.9889,-121.5925,657.99,85359.1
11281820,-77.1556,-144.3492,656.51,20040.9
580583,-75.2389,-110.9567,654.91,47559.3
401765,-75.3694,-111.2942,654.88,52056.7
1351187,-75.3897,-111.2383,651.82,38201.8
11328104,-75.4811,-112.6,650.72,20012.3
2836909,-75.0253,-134.2192,649.4,30957.2
7850427,-75.4992,-112.8142,647.15,22570.7
9012565,-75.5253,-103.8942,645.77,21583.7
5834101,-75.4794,-111.4508,645.41,24826.3
9244768,-74.6133,-110.5983,644.13,21405.9
5778602,-75.0244,-114.8883,643.13,24900.6
2825022,-72.0511,-101.5533,639.36,30994.2
572031,-73.7742,-102.185,637.66,47738.4
2919309,-72.8608,-102.8875,636.59,30696.8
7184301,-72.0642,-101.5567,626.1,23230.1
5302514,-74.6381,-110.3667,624.02,25579.6
3266432,-74.0997,-114.71,619.64,29686.0
5925664,-74.8322,-135.3458,613.0,24702.8
1779082,-82.9461,-139.9611,610.01,35413.2
2173679,-75.5986,-141.855,608.17,33455.7
1596572,-74.8389,-114.0617,584.47,36497.7
10438940,-75.5025,-112.1375,580.14,20568.0
8681246,-75.5008,-111.9167,568.23,21847.8
8517125,-75.5828,-107.5733,566.52,21981.5
198379,-74.0864,-124.6117,557.59,61313.6
4125296,-74.7969,-114.1375,554.63,27657.2
2918696,-75.0769,-136.495,552.2,30698.9
7043642,-75.0869,-136.23,540.43,23377.7
222150,-75.3294,-111.31,539.13,59773.0
66603,-73.9969,-116.7567,532.51,77056.2
67791,-74.4136,-132.7017,532.32,76797.8
1818785,-75.0111,-134.2175,526.77,35196.7
622284,-75.025,-113.6375,525.05,46737.7
5843233,-75.2578,-110.9908,524.84,24813.5
605809,-74.9867,-113.7225,523.2,47055.6
6188509,-79.5903,-138.6317,521.57,24367.8
2062065,-74.3761,-100.815,514.86,33966.0
434576,-74.4222,-132.55,510.09,51073.2
7636604,-75.0389,-133.8,510.0,22775.8
5750633,-72.1525,-101.1992,506.38,24936.4
9950755,-74.9847,-113.6975,502.6,20893.8
83530,-74.4564,-131.8383,499.02,73647.0
1789707,-75.2303,-110.9783,497.98,35353.8
4251423,-74.8264,-114.0325,497.06,27400.3
8218242,-75.4017,-109.2008,494.81,22238.0
10298612,-74.6778,-111.6892,491.11,20660.8
9095908,-79.6725,-138.7125,490.98,21515.7
6589705,-72.0078,-101.6883,490.03,23884.6
9179055,-74.5853,-111.8725,487.56,21453.5
11602130,-75.4136,-109.0167,476.36,19855.6
9577013,-75.0594,-136.6308,474.66,21157.4
738528,-74.9639,-113.4767,474.14,44757.3
11682996,-74.9728,-113.3875,469.12,19807.5
4309106,-74.9889,-134.19,468.35,27288.5
9437773,-75.4283,-112.1575,463.69,21259.6
1306950,-74.8633,-114.0158,457.53,38545.4
6831450,-75.4719,-105.1808,457.42,23608.2
6813215,-74.6708,-111.7033,457.05,23629.8
3210985,-74.9967,-134.1942,456.36,29838.0
2194602,-75.1744,-103.1633,455.87,33364.2
900311,-73.4006,-126.12,455.62,42543.1
8096664,-74.9528,-136.4675,446.36,22346.6
8362589,-80.8439,-139.0792,443.37,22114.5
8294466,-79.7864,-140.385,443.01,22172.0
11645125,-74.9547,-130.7333,440.72,19830.0
6389485,-75.3592,-104.43,439.95,24120.8
5591385,-75.0436,-134.2483,434.14,25160.2
11256390,-75.5244,-107.38,431.6,20056.8
115632,-73.9303,-119.235,431.47,68887.5
2105027,-74.4739,-131.295,427.96,33766.6
9399286,-74.3286,-110.5642,426.87,21289.5
9510052,-75.4328,-104.68,425.53,21208.6
7644876,-74.5486,-111.865,424.39,22767.4
84266,-73.1408,-104.8183,424.22,73522.3
6399846,-73.7931,-122.4842,422.54,24107.6
6923850,-74.6622,-111.7192,413.74,23505.4
136312,-74.4517,-127.7267,411.75,66557.2
9048536,-79.8742,-141.2275,411.47,21554.2
1895541,-72.0161,-102.0008,399.67,34790.7
9934175,-75.4878,-107.23,391.58,20906.0
9954931,-75.5033,-100.6433,389.05,20890.8
6414412,-79.7314,-142.06,387.49,24089.1
11123386,-74.4233,-131.7225,381.21,20136.0
10539864,-75.3222,-112.305,380.18,20499.8
4050804,-74.5478,-111.9033,376.86,27808.8
11281824,-74.9856,-136.5925,362.53,20040.9
11225733,-79.6928,-142.9608,349.8,20075.8
8974351,-75.4053,-107.91,343.65,21610.3
11497686,-75.3286,-104.6575,337.5,19913.3
7148219,-75.4006,-107.6275,332.29,23265.7
2497309,-72.0081,-102.0267,320.25,32140.6
5931344,-74.3911,-132.5742,297.55,24695.1
10329340,-75.3536,-105.2258,296.58,20639.2
9967619,-73.3089,-126.2617,294.14,20881.6
3775569,-75.2064,-110.4608,290.31,28413.9
7620013,-73.3042,-126.4842,288.91,22792.6
3500062,-74.9717,-136.6367,287.27,29074.5
8827078,-75.2792,-112.1958,285.14,21727.9
4152312,-75.3928,-105.5975,281.02,27599.5
6567192,-74.8656,-130.8058,259.02,23908.6
5046152,-75.2744,-109.4217,251.13,25982.4
3763979,-75.2661,-104.7792,249.57,28438.6
303301,-74.7444,-140.315,243.07,55653.1
10657770,-75.2181,-103.905,241.12,20425.0
10059065,-75.2908,-105.2892,240.27,20820.5
11460921,-75.3628,-105.7867,239.99,19935.7
11596672,-75.4419,-106.0617,225.74,19858.9
8227405,-75.4153,-106.31,220.43,22229.4
1575291,-73.5392,-127.4358,214.66,36631.8
626906,-74.4917,-102.3542,198.27,46651.7
6468496,-73.5081,-125.67,192.51,24025.5
3676958,-74.3817,-132.5542,187.89,28641.7
5208892,-74.7711,-136.7358,187.88,25723.7
4230129,-75.26,-108.8108,185.92,27444.4
7844580,-75.2164,-105.1017,184.18,22576.4
7585776,-75.1544,-102.2242,182.73,22823.3
630453,-74.17,-103.5858,170.33,46587.5
647927,-73.3714,-125.6533,168.0,46267.8
5360563,-75.1617,-112.1192,158.42,25492.3
8464345,-75.2697,-111.7992,155.69,22027.9
1496109,-75.3975,-143.0242,155.66,37156.8
6991434,-71.8967,-100.6942,155.23,23432.1
771964,-74.0667,-105.2217,153.72,44257.7
5943923,-75.2872,-108.5558,153.54,24682.2
4318372,-75.1678,-104.9175,152.77,27269.8
11767702,-74.8117,-124.1942,151.33,19762.4
9331589,-75.1653,-104.5867,150.21,21337.3
2541784,-74.3381,-117.2792,150.17,31973.6
2529407,-74.7061,-113.18,148.81,32021.4
828167,-74.1233,-103.3,148.3,43470.5
11413526,-74.6622,-119.6033,147.62,19964.4
8880103,-75.3547,-108.4825,142.28,21683.9
4551650,-74.6769,-120.1517,138.58,26829.3
10874702,-75.3167,-106.7858,138.24,20290.5
7043643,-75.0183,-112.2517,137.17,23377.7
7031541,-74.6997,-120.4775,132.21,23391.3
9896650,-75.4206,-143.0733,130.89,20933.4
8677904,-75.2144,-105.4975,130.72,21850.7
4159368,-74.7558,-136.8133,129.41,27588.0
3454127,-74.7589,-130.6258,129.15,29190.4
10452408,-74.7856,-123.3983,129.04,20558.7
5585366,-75.0278,-111.45,127.91,25165.3
7377139,-75.0128,-112.06,126.86,23031.8
1180319,-74.14,-103.6675,123.14,39611.7
7897858,-74.8631,-112.3833,121.8,22528.3
10191099,-74.7022,-127.0692,120.05,20731.6
10791276,-74.7589,-126.0392,118.4,20340.7
8008001,-74.7194,-134.3133,116.65,22426.3
10767497,-74.215,-120.3342,116.36,20356.3
9123707,-75.2956,-107.0442,115.4,21498.0
7303142,-74.6508,-125.1008,113.4,23106.3
9252255,-74.6667,-124.8367,112.26,21400.0
5530355,-74.805,-111.87,112.2,25243.7
7859013,-75.3053,-107.0942,110.44,22562.2
6754531,-73.8736,-124.0875,109.76,23694.4
11271544,-74.5958,-132.2808,109.58,20047.2
9270823,-75.2803,-106.69,108.02,21385.1
3309460,-75.2758,-106.4967,106.13,29567.7
6163760,-74.9083,-113.0075,105.34,24396.6
7984047,-75.1286,-101.935,104.87,22449.0
1680290,-74.1236,-103.4483,101.6,35980.8
1693869,-74.4678,-102.3492,101.15,35901.0
9771539,-75.2697,-106.715,100.07,21021.5
6352902,-75.2794,-106.5058,99.91,24163.0
1747938,-74.4369,-102.5125,99.39,35587.3
1761757,-72.7083,-103.4342,98.96,35510.2
8588517,-75.2775,-106.5342,98.64,21923.5
6777821,-75.2553,-106.7692,98.17,23667.5
6232243,-75.215,-106.4925,98.02,24310.2
6930925,-75.0475,-137.4742,97.87,23497.3
11655949,-74.9667,-111.0133,96.85,19823.5
6094170,-75.2408,-106.76,96.69,24485.2
7533442,-74.7125,-100.9942,95.72,22876.3
7444163,-75.245,-106.475,94.97,22965.3
6635939,-75.2631,-106.4842,94.82,23828.5
11828583,-75.2594,-106.7358,94.09,19726.9
7924115,-75.1539,-101.9967,94.07,22502.9
11795380,-74.1689,-120.1125,94.04,19746.2
10191098,-74.9339,-112.7583,93.39,20731.6
9263413,-75.2453,-106.5467,92.14,21391.0
2079492,-74.3903,-102.6508,90.11,33885.2
5637472,-73.6606,-101.3358,89.13,25091.8
6933300,-73.6117,-101.3825,87.63,23494.6
6444951,-75.2675,-106.4458,87.58,24054.7
9732839,-75.2414,-106.6875,86.51,21045.7
11773298,-74.4281,-132.9058,86.03,19759.1
7740371,-74.8164,-105.5417,85.61,22674.9
10316177,-75.2403,-106.6242,85.46,20648.4
7558495,-74.6333,-101.5567,85.41,22851.2
7486657,-73.7719,-120.81,85.34,22920.8
10324990,-75.2322,-106.5725,84.19,20642.2
5407978,-75.2447,-106.4608,82.29,25422.2
2723002,-74.1358,-103.5042,80.92,31333.6
5493310,-75.2808,-106.4367,79.72,25299.1
6069122,-75.2106,-106.5875,78.43,24519.0
2682361,-73.9653,-104.1842,77.73,31471.5
9875755,-75.44,-141.6017,73.94,20948.6
2941502,-74.3428,-102.8258,73.62,30628.2
7743227,-75.2567,-106.4533,73.41,22672.1
9716597,-75.1322,-103.65,73.14,21057.8
4211018,-75.2597,-106.4217,72.99,27481.6
8820163,-74.9447,-101.37,71.54,21733.8
7232187,-75.4236,-141.5892,70.37,23177.9
4930368,-75.2581,-106.3808,69.79,26170.6
3284959,-74.1381,-103.6383,68.92,29634.4
8823671,-75.4097,-141.5892,68.83,21730.8
10863177,-75.3964,-141.6208,67.45,20293.6
8945897,-74.4656,-102.125,67.15,21633.9
11356292,-74.8658,-130.4425,66.13,19999.5
4981712,-75.0222,-105.9708,64.72,26085.2
7809551,-75.4075,-141.5542,63.91,22610.2
11834047,-74.8531,-100.9792,63.7,19723.6
10173624,-75.3719,-141.6367,63.08,20743.8
10829381,-74.6839,-109.8317,62.61,20315.6
10977027,-75.3947,-141.5858,60.62,20224.4
5103807,-75.1378,-109.5158,60.61,25889.1
9186521,-74.8628,-129.7458,60.24,21447.5
4174375,-74.6731,-105.75,59.59,27555.6
9030686,-75.3964,-141.5467,59.57,21569.0
5406340,-75.0128,-105.995,59.07,25424.7
11639818,-75.4064,-141.48,58.76,19833.2
5115461,-74.8156,-109.1808,58.7,25869.4
6773231,-75.2656,-106.39,57.98,23672.9
6406080,-74.8383,-109.2683,57.85,24099.7
9037763,-75.3356,-141.655,56.99,21563.1
9892386,-75.385,-141.5542,55.16,20936.4
9009065,-74.8428,-109.1858,54.86,21586.7
10615513,-74.8383,-109.2258,54.66,20453.1
11138208,-75.3408,-141.5767,54.07,20126.5
9651768,-75.3364,-141.6883,53.92,21106.2
9626918,-74.8083,-109.5275,53.8,21124.3
6212439,-75.2433,-106.395,52.93,24336.4
8938808,-74.6497,-109.7292,52.52,21639.8
8078458,-74.8336,-109.3925,52.48,22363.7
11526241,-74.6631,-109.435,51.95,19900.5
11173277,-74.3186,-129.0608,50.47,20104.4
7470695,-75.3286,-141.935,50.14,22937.5
11672257,-75.3911,-141.4108,50.13,19813.9
6644736,-75.3131,-141.9475,49.52,23817.8
11734542,-74.7781,-109.6633,49.28,19781.7
6371809,-74.8003,-109.2775,49.08,24139.3
7072998,-74.8103,-109.2792,48.02,23345.0
10452407,-75.3497,-141.8175,47.86,20558.7
10932826,-74.7433,-109.6917,47.28,20252.8
11251268,-75.3458,-141.3875,46.87,20059.9
7153209,-74.8247,-109.3683,46.64,23260.2
10387437,-74.3306,-129.1375,46.63,20599.0
10438941,-74.8117,-109.3783,45.55,20568.0
6412411,-72.7106,-103.3942,45.55,24091.7
10396487,-75.3161,-141.365,45.4,20592.8
10093880,-74.6586,-109.5758,45.38,20796.0
9879954,-74.9186,-110.8075,45.12,20945.6
11558176,-74.7969,-108.7042,45.04,19881.3
6560542,-74.515,-102.4442,44.89,23916.6
7549875,-74.8139,-109.3567,44.64,22859.6
11266596,-74.6792,-109.4692,44.24,20050.4
7972364,-75.0903,-110.3283,43.43,22460.4
11718242,-74.7564,-108.7358,43.23,19791.4
11450336,-74.6667,-109.5575,43.01,19942.1
7158217,-74.5108,-102.4392,42.44,23254.7
10583336,-75.3253,-141.4383,41.62,20474.9
7530759,-74.1722,-103.1525,41.08,22879.1
9145740,-75.3917,-142.6008,40.44,21480.2
10434488,-75.1331,-109.5733,38.96,20571.1
11038835,-74.9333,-110.8492,38.6,20189.7
9549392,-75.1258,-109.62,38.18,21178.5
8732122,-72.7031,-103.5042,37.31,21804.0
9244770,-72.7139,-103.4283,35.96,21405.9
9569092,-74.0894,-105.1733,35.15,21163.4
9857419,-73.6028,-103.0292,34.47,20957.7
