latitude_O,longitude_O,elevation_O,prominence_O,latitude_T,longitude_T,elevation_T,prominence_T,distance
27.9892,86.9256,8737.79,8737.79,23.9639,86.1286,1380.91,1035.44,454622.8382498881
27.9892,86.9256,8737.79,8737.79,25.4617,90.3222,1418.95,1073.83,439025.5301109827
27.7028,88.1475,8564.29,3900.82,23.9639,86.1286,1380.91,1035.44,462219.2711701827
27.7028,88.1475,8564.29,3900.82,25.5308,91.8497,1962.31,1368.31,440163.69449035777
27.8914,87.0886,8242.92,2151.02,23.9639,86.1286,1380.91,1035.44,447138.4526235508
27.8914,87.0886,8242.92,2151.02,25.4617,90.3222,1418.95,1073.83,419743.0434612207
28.6981,83.4894,8135.91,3328.8,30.3133,79.7775,7112.27,1590.72,401576.79215523467
35.2386,74.5894,8104.31,4592.91,34.0386,69.9019,4754.71,2297.78,449064.9351247275
36.2544,71.8417,7695.1,3904.74,38.4428,67.3525,3916.15,1325.14,465404.4301601847
36.2544,71.8417,7695.1,3904.74,39.1981,68.1953,5457.35,2235.05,458160.7976034698
36.2544,71.8417,7695.1,3904.74,39.0744,68.1456,4869.08,1063.14,451772.1048159871
36.2544,71.8417,7695.1,3904.74,39.1503,68.3186,5300.24,1259.53,446869.18504958646
36.2544,71.8417,7695.1,3904.74,38.3844,67.5581,3805.9,1392.14,446669.1952128187
36.2544,71.8417,7695.1,3904.74,39.0728,68.5625,4864.64,1085.84,425999.1589322052
36.2544,71.8417,7695.1,3904.74,39.1756,68.98,4754.96,1406.08,410889.3042918862
36.2544,71.8417,7695.1,3904.74,39.0933,69.0186,4632.23,1060.57,401674.8606885912
38.5944,75.315,7597.78,3528.51,36.5219,80.3145,5464.83,2335.93,497208.7436829388
36.4328,71.83,7460.3,1985.4,38.4428,67.3525,3916.15,1325.14,454045.1562812435
36.4328,71.83,7460.3,1985.4,39.1981,68.1953,5457.35,2235.05,443194.2176404128
36.4328,71.83,7460.3,1985.4,39.0744,68.1456,4869.08,1063.14,437191.7702686084
36.4328,71.83,7460.3,1985.4,38.3844,67.5581,3805.9,1392.14,435196.7652397521
36.4328,71.83,7460.3,1985.4,39.1503,68.3186,5300.24,1259.53,431799.11698480434
36.4328,71.83,7460.3,1985.4,39.0728,68.5625,4864.64,1085.84,410668.8403818734
42.0356,80.1245,7419.46,4126.96,43.8364,84.6028,4881.46,1301.26,415853.6304028782
36.3761,71.8975,7383.07,1073.05,38.4428,67.3525,3916.15,1325.14,462470.17769797466
36.3761,71.8975,7383.07,1073.05,38.3844,67.5581,3805.9,1392.14,443636.1395755388
29.6392,95.0653,7354.89,3665.94,25.5975,94.0664,3019.2,1560.96,460058.0976429361
29.6392,95.0653,7354.89,3665.94,25.74,95.037,3833.69,2883.6,433580.0012121904
29.6392,95.0653,7354.89,3665.94,25.8236,94.5992,2660.54,1111.95,426746.4062659159
27.7769,86.9811,7280.48,1263.51,23.9639,86.1286,1380.91,1035.44,432474.9583711671
29.8186,94.9608,7144.14,2786.44,25.74,95.037,3833.69,2883.6,453581.3196158454
29.8186,94.9608,7144.14,2786.44,26.1942,94.9145,2693.91,1214.42,403040.3187066647
36.5556,71.9894,7063.19,1565.27,39.1981,68.1953,5457.35,2235.05,444027.652967282
36.5556,71.9894,7063.19,1565.27,39.1503,68.3186,5300.24,1259.53,432492.1723899344
36.5556,71.9894,7063.19,1565.27,39.0728,68.5625,4864.64,1085.84,410991.5116145804
42.2111,80.1761,7053.61,1783.99,43.8364,84.6028,4881.46,1301.26,402608.8710793631
27.8725,92.5297,7029.02,2168.35,27.0397,96.875,3349.98,1137.79,438610.6664151422
27.8725,92.5297,7029.02,2168.35,27.7014,96.9442,4514.76,1574.92,434659.1242978375
27.8725,92.5297,7029.02,2168.35,29.1669,96.7231,6817.01,2406.15,434213.6495963057
27.8725,92.5297,7029.02,2168.35,28.2647,96.8825,5191.24,1129.34,429278.9212975591
27.8725,92.5297,7029.02,2168.35,27.2094,96.6342,2597.3,1100.61,411320.525523974
27.9714,86.4305,6974.27,1426.41,23.9639,86.1286,1380.91,1035.44,446633.6147581401
-32.6533,-70.0117,6915.52,6915.52,-31.9878,-64.9364,2786.06,2224.98,482570.15388761513
27.9372,92.6664,6913.09,1612.12,27.0397,96.875,3349.98,1137.79,426942.2488759895
27.9372,92.6664,6913.09,1612.12,27.7014,96.9442,4514.76,1574.92,421487.8681093317
27.9372,92.6664,6913.09,1612.12,29.1669,96.7231,6817.01,2406.15,419123.6055929631
27.9372,92.6664,6913.09,1612.12,28.2647,96.8825,5191.24,1129.34,415123.7207523272
27.9561,86.3367,6909.34,1400.15,23.9639,86.1286,1380.91,1035.44,444399.1036912788
28.0619,92.6636,6853.93,1233.62,27.0397,96.875,3349.98,1137.79,430431.5764177467
28.0619,92.6636,6853.93,1233.62,29.1669,96.7231,6817.01,2406.15,414846.30655288073
28.0619,92.6636,6853.93,1233.62,27.2094,96.6342,2597.3,1100.61,402440.76899906574
36.1786,70.9831,6849.26,2876.17,39.1981,68.1953,5457.35,2235.05,415768.3397502151
36.1786,70.9831,6849.26,2876.17,38.4428,67.3525,3916.15,1325.14,407966.0476387096
36.1786,70.9831,6849.26,2876.17,39.0744,68.1456,4869.08,1063.14,407536.9052434408
36.1786,70.9831,6849.26,2876.17,39.1503,68.3186,5300.24,1259.53,405163.88188876456
27.7547,86.5733,6848.81,1200.3,23.9639,86.1286,1380.91,1035.44,423858.2029679686
27.91,92.6264,6848.49,1192.39,27.0397,96.875,3349.98,1137.79,430139.23384836025
27.91,92.6264,6848.49,1192.39,27.7014,96.9442,4514.76,1574.92,425290.9831349327
27.91,92.6264,6848.49,1192.39,29.1669,96.7231,6817.01,2406.15,423853.9168801827
27.91,92.6264,6848.49,1192.39,28.2647,96.8825,5191.24,1129.34,419357.7922222085
27.91,92.6264,6848.49,1192.39,27.2094,96.6342,2597.3,1100.61,402664.99015020666
27.8581,86.5536,6819.26,1096.98,23.9639,86.1286,1380.91,1035.44,435095.0807188274
29.1669,96.7231,6817.01,2406.15,28.1767,92.7672,6619.64,1078.79,401312.3808607567
29.8325,94.8672,6750.61,1371.37,25.74,95.037,3833.69,2883.6,455371.24874440295
29.8325,94.8672,6750.61,1371.37,26.1942,94.9145,2693.91,1214.42,404586.9402096384
27.7556,86.8225,6687.89,1040.85,23.9639,86.1286,1380.91,1035.44,427292.84468873113
27.5781,88.2164,6630.67,1685.55,25.5308,91.8497,1962.31,1368.31,427072.462368604
28.1767,92.7672,6619.64,1078.79,27.0397,96.875,3349.98,1137.79,424014.23203082266
28.1767,92.7672,6619.64,1078.79,27.7014,96.9442,4514.76,1574.92,413694.1508700141
28.1767,92.7672,6619.64,1078.79,28.2647,96.8825,5191.24,1129.34,403305.8056522546
36.2944,78.7547,6443.32,1171.49,41.0594,77.6839,5875.08,2572.04,537921.9101248963
36.2944,78.7547,6443.32,1171.49,41.0036,77.6167,5864.22,1348.35,532867.782566121
36.2944,78.7547,6443.32,1171.49,40.0297,78.4433,2700.79,1116.59,416236.6464845192
36.6892,77.7342,6436.98,1499.99,41.0594,77.6839,5875.08,2572.04,485963.3202661626
36.6892,77.7342,6436.98,1499.99,41.0281,77.3353,5749.17,1140.97,483696.4641336344
36.6892,77.7342,6436.98,1499.99,41.0036,77.6167,5864.22,1348.35,479846.92169065855
36.6892,77.7342,6436.98,1499.99,40.4494,75.0872,5025.18,1190.04,477199.0406311389
36.6892,77.7342,6436.98,1499.99,40.7906,76.6681,4875.68,1238.19,465322.15727944527
36.6892,77.7342,6436.98,1499.99,40.685,77.9506,4048.94,1121.26,444708.83114501665
36.6892,77.7342,6436.98,1499.99,40.3206,78.3875,3084.68,1072.3,407771.18781795574
-32.0828,-70.0181,6377.33,1202.23,-29.0139,-67.8264,6100.21,2777.82,400593.6938962164
36.4844,77.4847,6359.64,1176.21,41.0594,77.6839,5875.08,2572.04,509009.12211888237
36.4844,77.4847,6359.64,1176.21,41.0281,77.3353,5749.17,1140.97,505401.9527895373
36.4844,77.4847,6359.64,1176.21,41.0036,77.6167,5864.22,1348.35,502642.05982928467
36.4844,77.4847,6359.64,1176.21,40.685,77.9506,4048.94,1121.26,468835.0937169846
36.4844,77.4847,6359.64,1176.21,40.0297,78.4433,2700.79,1116.59,402998.72820139746
36.2683,78.8139,6307.91,1002.17,41.0036,77.6167,5864.22,1348.35,536694.0075082714
36.2683,78.8139,6307.91,1002.17,40.0297,78.4433,2700.79,1116.59,419500.7208634371
29.6178,96.0558,6292.68,1621.02,25.74,95.037,3833.69,2883.6,442700.1553352926
36.4783,76.8606,6284.57,1407.62,40.0297,78.4433,2700.79,1116.59,418359.83395805384
36.5378,76.5786,6277.34,1371.03,41.0281,77.3353,5749.17,1140.97,503581.57433054544
37.9136,87.3892,6262.6,2048.13,41.4725,88.2547,2740.4,1410.43,402593.95069756696
36.6761,78.3578,6201.24,1300.3,40.4494,75.0872,5025.18,1190.04,506765.14039512735
36.6761,78.3578,6201.24,1300.3,41.0281,77.3353,5749.17,1140.97,491942.4705772024
36.6761,78.3578,6201.24,1300.3,41.0594,77.6839,5875.08,2572.04,490875.02910644066
36.6761,78.3578,6201.24,1300.3,41.0036,77.6167,5864.22,1348.35,485451.8958643344
36.6761,78.3578,6201.24,1300.3,40.7906,76.6681,4875.68,1238.19,480385.05399452866
36.6761,78.3578,6201.24,1300.3,39.885,75.2064,4352.07,1301.64,450463.8624344921
36.6761,78.3578,6201.24,1300.3,40.685,77.9506,4048.94,1121.26,447166.62672434986
36.6761,78.3578,6201.24,1300.3,40.3206,78.3875,3084.68,1072.3,405257.95330048184
63.0694,-151.0061,6179.93,6179.93,61.7317,-143.4383,4987.8,3588.03,416961.9923425355
63.0694,-151.0061,6179.93,6179.93,62.3775,-143.1,2213.86,1122.81,409889.7099277742
36.4131,82.3147,6118.83,1462.27,37.8264,86.5122,5367.09,1144.25,403935.33341978077
-29.0139,-67.8264,6100.21,2777.82,-32.3039,-69.6806,5662.55,1619.71,406533.7590150981
36.6097,76.7411,6092.83,1075.08,41.0594,77.6839,5875.08,2572.04,501467.621766536
36.6097,76.7411,6092.83,1075.08,41.0036,77.6167,5864.22,1348.35,494426.5980436819
36.6097,76.7411,6092.83,1075.08,41.0281,77.3353,5749.17,1140.97,493989.1198744499
36.6097,76.7411,6092.83,1075.08,40.3206,78.3875,3084.68,1072.3,436797.1299645552
36.6097,76.7411,6092.83,1075.08,40.0297,78.4433,2700.79,1116.59,408228.2273982001
36.48,82.5483,6077.79,1147.63,37.795,86.8108,5819.68,1357.64,405097.9023623792
36.6497,78.0708,6044.48,1103.99,41.0594,77.6839,5875.08,2572.04,491477.57673033455
36.6497,78.0708,6044.48,1103.99,41.0281,77.3353,5749.17,1140.97,490999.5652209714
36.6497,78.0708,6044.48,1103.99,41.0036,77.6167,5864.22,1348.35,485724.58183206274
36.6497,78.0708,6044.48,1103.99,40.7906,76.6681,4875.68,1238.19,476236.3184400235
36.6497,78.0708,6044.48,1103.99,40.3206,78.3875,3084.68,1072.3,409114.062041228
-33.0158,-69.455,5955.58,1437.16,-31.9878,-64.9364,2786.06,2224.98,438853.5530920341
-33.0158,-69.455,5955.58,1437.16,-29.6322,-67.6153,3389.8,1344.66,414817.05480847973
60.5678,-140.405,5930.7,5224.11,61.4375,-147.7517,3985.53,3253.53,407410.73658162565
41.0594,77.6839,5875.08,2572.04,36.9447,77.7306,5368.39,1225.78,457551.3224961044
41.0594,77.6839,5875.08,2572.04,36.9617,77.5408,5039.05,1222.74,455810.74589680624
41.0594,77.6839,5875.08,2572.04,37.0103,77.2261,5298.15,1187.19,451969.9872762713
41.0594,77.6839,5875.08,2572.04,37.1406,76.8453,4242.05,1045.32,441711.45903931285
41.0594,77.6839,5875.08,2572.04,37.2483,76.4483,5382.5,1405.04,436947.8765229934
41.0594,77.6839,5875.08,2572.04,37.5086,75.8644,5629.14,1421.11,424723.3862604164
41.0036,77.6167,5864.22,1348.35,36.9447,77.7306,5368.39,1225.78,451436.13227863976
41.0036,77.6167,5864.22,1348.35,36.9617,77.5408,5039.05,1222.74,449486.38277865684
41.0036,77.6167,5864.22,1348.35,37.0103,77.2261,5298.15,1187.19,445313.7522121366
41.0036,77.6167,5864.22,1348.35,37.1406,76.8453,4242.05,1045.32,434671.2501367375
41.0036,77.6167,5864.22,1348.35,37.2483,76.4483,5382.5,1405.04,429548.3666113437
39.2514,93.6964,5826.41,2525.67,43.3817,93.3558,4312.23,2097.5,460146.98256232654
39.2514,93.6964,5826.41,2525.67,43.0742,94.3472,4881.32,3238.84,428548.5110065802
37.795,86.8108,5819.68,1357.64,41.4725,88.2547,2740.4,1410.43,427185.5985098061
36.1525,70.6697,5803.94,1365.45,39.1981,68.1953,5457.35,2235.05,402588.19490659126
29.4678,96.0489,5799.69,1117.93,25.74,95.037,3833.69,2883.6,426328.6623884506
29.3986,94.8992,5772.87,1538.19,25.74,95.037,3833.69,2883.6,407044.11446490383
28.2628,92.9583,5752.09,1077.32,27.0397,96.875,3349.98,1137.79,409019.6068053236
41.0281,77.3353,5749.17,1140.97,36.9447,77.7306,5368.39,1225.78,455335.183810619
41.0281,77.3353,5749.17,1140.97,36.9617,77.5408,5039.05,1222.74,452511.03574051335
41.0281,77.3353,5749.17,1140.97,37.0103,77.2261,5298.15,1187.19,446858.23855752556
41.0281,77.3353,5749.17,1140.97,37.1406,76.8453,4242.05,1045.32,434331.7118728548
41.0281,77.3353,5749.17,1140.97,37.2483,76.4483,5382.5,1405.04,427192.2413688885
38.0381,95.3239,5738.86,1483.07,37.6936,90.618,5679.28,1347.65,414824.05873649416
10.8389,-73.6861,5697.91,5506.06,6.7786,-75.6925,3376.28,1468.85,502417.5102205191
10.8389,-73.6861,5697.91,5506.06,7.1031,-75.9692,3752.9,1605.26,485197.7618790358
10.8389,-73.6861,5697.91,5506.06,9.5275,-70.1133,3560.33,1540.68,417313.65838234324
29.3236,94.7489,5696.28,1355.66,25.5975,94.0664,3019.2,1560.96,419756.4488113578
39.1947,95.2942,5664.78,1341.7,43.0742,94.3472,4881.32,3238.84,438601.43480001413
-13.2317,-73.0911,5658.39,1214.5,-10.4306,-75.4225,3629.09,1757.89,401718.2672616492
35.5864,70.1639,5651.36,1102.65,39.1756,68.98,4754.96,1406.08,412569.718306182
35.5864,70.1639,5651.36,1102.65,39.0933,69.0186,4632.23,1060.57,402868.8565771686
43.3525,42.438,5632.35,4735.56,40.5222,38.1539,3104.88,1128.26,473817.5540020348
43.3525,42.438,5632.35,4735.56,40.3953,39.065,3323.63,1444.94,431337.5290575567
36.5219,80.3145,5464.83,2335.93,38.5669,75.7433,5308.74,1320.04,462656.0084494252
36.5219,80.3145,5464.83,2335.93,37.0967,85.0739,5234.55,1088.07,428457.82787205395
36.5219,80.3145,5464.83,2335.93,38.2158,76.0558,4845.05,1073.05,420787.5644626243
39.1981,68.1953,5457.35,2235.05,35.4858,69.61,5108.45,1466.45,431300.62021691503
39.1981,68.1953,5457.35,2235.05,35.3686,68.7953,5067.99,1388.72,429113.36675935565
29.3775,94.8172,5444.54,1027.17,25.5975,94.0664,3019.2,1560.96,426787.31941334094
29.3775,94.8172,5444.54,1027.17,25.74,95.037,3833.69,2883.6,405050.9499417429
37.2483,76.4483,5382.5,1405.04,40.685,77.9506,4048.94,1121.26,403593.27769817685
36.9447,77.7306,5368.39,1225.78,40.4494,75.0872,5025.18,1190.04,452154.80971023755
36.9447,77.7306,5368.39,1225.78,40.7906,76.6681,4875.68,1238.19,437414.9725483644
36.9447,77.7306,5368.39,1225.78,40.685,77.9506,4048.94,1121.26,416338.28464679694
29.3967,95.8708,5364.36,1063.73,25.74,95.037,3833.69,2883.6,414824.37626336643
43.7897,88.4111,5337.77,4014.31,47.3572,90.4989,3858.37,1115.67,428640.31981808733
43.7897,88.4111,5337.77,4014.31,47.0489,85.5664,3832.71,3240.49,424940.6710302274
62.9606,-151.3994,5313.18,2219.27,61.7317,-143.4383,4987.8,3588.03,432654.79252248496
62.9606,-151.3994,5313.18,2219.27,62.0233,-143.62,4106.5,1412.66,412618.4446282655
62.9606,-151.3994,5313.18,2219.27,62.3025,-143.5061,2827.45,1010.61,409793.5562174385
39.1503,68.3186,5300.24,1259.53,35.1544,68.4764,4962.85,1046.26,444543.39377251914
39.1503,68.3186,5300.24,1259.53,35.4858,69.61,5108.45,1466.45,423159.5920747702
39.1503,68.3186,5300.24,1259.53,35.3686,68.7953,5067.99,1388.72,422614.5615148831
37.0103,77.2261,5298.15,1187.19,40.685,77.9506,4048.94,1121.26,413391.94407780864
4.8939,-75.3236,5286.36,2022.08,7.6597,-72.9628,4018.35,1185.72,403306.2412390959
4.8939,-75.3236,5286.36,2022.08,7.8467,-73.2256,3568.69,1192.24,401926.6447819275
43.4381,86.0855,5242.01,2568.07,45.1936,90.9055,3313.66,2072.49,430201.29261004657
43.4381,86.0855,5242.01,2568.07,47.0489,85.5664,3832.71,3240.49,403551.372865195
37.6928,101.5061,5237.24,1481.87,38.8342,105.9494,3543.21,2105.98,408112.15338381793
4.6592,-75.3297,5219.34,1241.28,7.6597,-72.9628,4018.35,1185.72,423992.3702203932
4.6592,-75.3297,5219.34,1241.28,7.8467,-73.2256,3568.69,1192.24,423909.1812007622
28.2647,96.8825,5191.24,1129.34,26.1467,93.5067,1370.27,1183.93,408519.3364463186
39.3289,70.0447,5189.77,1598.4,35.3686,68.7953,5067.99,1388.72,453987.9659271831
43.05,43.2128,5125.73,1937.75,40.3953,39.065,3323.63,1444.94,453367.5926620304
43.05,43.2128,5125.73,1937.75,40.2789,46.3586,3710.0,1371.0,403954.12423922593
35.4858,69.61,5108.45,1466.45,39.0744,68.1456,4869.08,1063.14,419523.0534048419
43.0,43.11,5100.58,1258.34,40.3953,39.065,3323.63,1444.94,443379.77384269173
43.0,43.11,5100.58,1258.34,40.2789,46.3586,3710.0,1371.0,405430.2949361074
35.3686,68.7953,5067.99,1388.72,39.335,69.7539,5037.67,1324.34,449100.03435439937
35.3686,68.7953,5067.99,1388.72,39.1756,68.98,4754.96,1406.08,423633.93655422877
35.3686,68.7953,5067.99,1388.72,39.0933,69.0186,4632.23,1060.57,414638.65944921935
35.3686,68.7953,5067.99,1388.72,38.8861,70.2903,3687.84,1051.44,412955.74965823104
35.3686,68.7953,5067.99,1388.72,39.0728,68.5625,4864.64,1085.84,412403.053224787
39.5719,69.5844,5066.93,1110.9,41.5703,73.6225,4331.04,1351.98,407001.6291946749
36.9617,77.5408,5039.05,1222.74,40.685,77.9506,4048.94,1121.26,415529.5948220222
-34.3986,-69.5797,5009.09,1380.0,-31.1069,-67.4433,2794.37,1416.49,416965.4235252008
61.7317,-143.4383,4987.8,3588.03,62.9494,-151.0922,4396.96,1374.83,417338.29554914276
35.1544,68.4764,4962.85,1046.26,39.1756,68.98,4754.96,1406.08,449355.6071291328
35.1544,68.4764,4962.85,1046.26,39.0933,69.0186,4632.23,1060.57,440612.7973077964
35.1544,68.4764,4962.85,1046.26,39.0728,68.5625,4864.64,1085.84,435772.8075436163
35.1544,68.4764,4962.85,1046.26,38.6978,70.1533,3507.9,1191.22,421238.13239600824
35.1544,68.4764,4962.85,1046.26,38.7597,69.5297,3588.29,1033.14,411660.9567349168
43.5258,86.1203,4957.76,1023.72,45.1936,90.9055,3313.66,2072.49,423124.9954001054
-34.9186,-69.9942,4924.76,1531.7,-33.0622,-66.2069,2224.75,1321.47,405575.11853770254
8.5494,-70.9964,4877.42,3854.0,9.8706,-67.5153,1924.41,1401.01,409350.2946919048
27.2756,90.3778,4853.26,1454.07,25.1683,93.91,2689.85,1014.3,423107.61039207416
27.2756,90.3778,4853.26,1454.07,25.5975,94.0664,3019.2,1560.96,411915.1161425705
27.2756,90.3778,4853.26,1454.07,25.3569,93.8997,2838.24,1670.61,410746.55611732655
38.2669,47.8367,4805.46,3274.67,41.9594,46.3928,3569.0,1031.0,428534.5853136978
38.2669,47.8367,4805.46,3274.67,41.9594,46.9217,4131.0,1838.0,417887.0905421917
36.3753,50.9608,4775.25,1794.2,37.0933,55.6314,2565.48,1045.6,423754.13787683373
36.3753,50.9608,4775.25,1794.2,32.8817,52.4017,3320.3,1242.89,410216.0239370182
34.0386,69.9019,4754.71,2297.78,33.7503,74.4667,4732.84,1919.33,422509.22314345906
27.25,89.7044,4715.51,1602.21,25.5975,94.0664,3019.2,1560.96,471583.7317464513
43.1275,42.665,4642.25,1170.11,40.5222,38.1539,3104.88,1128.26,472791.44707386836
43.1275,42.665,4642.25,1170.11,40.3953,39.065,3323.63,1444.94,425895.5835989155
45.9425,7.8703,4542.39,2067.07,42.3792,8.9458,2669.49,2669.49,405391.13904508244
-28.2575,-66.0378,4526.01,2670.39,-31.9878,-64.9364,2786.06,2224.98,428093.7154047931
43.3075,86.4297,4513.8,1062.43,45.1936,90.9055,3313.66,2072.49,413514.2270105231
43.1947,42.5147,4441.38,1079.74,40.5222,38.1539,3104.88,1128.26,467578.81272572005
43.4628,86.4278,4382.07,1054.11,45.1936,90.9055,3313.66,2072.49,404756.4925189027
43.4628,86.4278,4382.07,1054.11,47.0489,85.5664,3832.71,3240.49,404408.8114813527
15.0433,-91.9036,4212.15,3976.07,16.2147,-96.1819,3724.69,2159.61,476275.4009175978
19.4942,-97.1475,4185.31,1312.19,16.765,-94.4517,2283.54,1495.74,416208.39102229074
36.5117,50.6986,4170.56,1182.94,37.0933,55.6314,2565.48,1045.6,443871.2006000196
-28.8672,-67.1269,4151.82,2911.39,-31.9878,-64.9364,2786.06,2224.98,405576.6289038782
43.4258,86.5297,4149.62,1051.71,47.0489,85.5664,3832.71,3240.49,409860.6930180775
-6.3108,147.09,4107.42,1696.88,-9.6661,149.0083,3668.56,2924.56,428724.2696856012
15.1325,-92.1083,4085.37,1056.55,16.2147,-96.1819,3724.69,2159.61,452403.4344749884
15.1325,-92.1083,4085.37,1056.55,16.5819,-95.8039,2826.46,1672.22,426869.3263909805
44.9225,6.3581,4021.1,1963.2,42.3833,2.1169,2906.19,1328.3,442778.8631013243
-78.0603,162.6883,4001.3,2169.83,-74.35,164.6908,2725.1,1748.72,415908.278201624
42.9203,42.5561,3988.66,1381.33,40.5222,38.1539,3104.88,1128.26,452215.23868756345
42.9203,42.5561,3988.66,1381.33,40.3953,39.065,3323.63,1444.94,403596.02874114184
6.4569,-76.1222,3944.16,2175.95,2.3797,-77.4325,3875.96,1850.63,476058.52821476205
47.0489,85.5664,3832.71,3240.49,43.3703,87.2631,3458.31,1017.09,430065.83993402164
43.2831,41.5067,3810.56,1029.45,40.5222,38.1539,3104.88,1128.26,413740.59959068353
-77.5297,167.1667,3788.36,3763.58,-73.4211,166.3017,3471.06,1980.53,457479.1920217683
-77.5297,167.1667,3788.36,3763.58,-80.8847,158.0264,2979.03,1018.22,417680.9168403579
-77.5297,167.1667,3788.36,3763.58,-73.9661,162.635,3752.65,1435.52,414926.2255223869
-3.6336,136.9231,3763.94,1353.43,-1.1558,133.9794,2946.82,2775.07,427607.194622772
7.1031,-75.9692,3752.9,1605.26,9.4744,-73.1981,2875.27,1383.03,403091.72226322023
-73.9661,162.635,3752.65,1435.52,-77.5106,168.5717,3283.53,1794.51,425867.2599218975
-75.7975,-115.8133,3593.64,2018.32,-73.4425,-126.7508,3195.14,3124.25,414402.2666921633
40.3953,39.065,3323.63,1444.94,43.9972,39.9292,2800.19,1309.2,406783.6335460009
-77.5106,168.5717,3283.53,1794.51,-74.1714,162.3808,3007.7,1024.14,407196.0616104046
42.9883,41.8683,3215.61,1097.36,40.5222,38.1539,3104.88,1128.26,412388.84849294793
43.7972,40.2111,3211.19,1299.45,40.5222,38.1539,3104.88,1128.26,401670.74309367454
46.2897,11.8303,3137.15,1219.9,42.8244,13.275,2474.11,1460.44,401946.4407790383
40.5222,38.1539,3104.88,1128.26,43.9972,39.9292,2800.19,1309.2,413071.7341117187
40.5222,38.1539,3104.88,1128.26,42.8747,41.9061,2785.31,1074.97,406709.85841159767
40.5222,38.1539,3104.88,1128.26,43.2483,41.3983,2964.67,1093.42,404928.5731584856
