id,latitude,longitude,elevation,MHD
0.0,27.9892,86.9256,8737.79,360410.9
1.0,35.8817,76.5125,8613.95,357847.8
2.0,35.8808,76.5125,8570.56,356945.4
3.0,30.3758,79.9703,7804.02,340609.2
4.0,29.6325,95.0542,7781.85,340125.0
5.0,29.5967,101.8783,7555.99,335152.8
6.0,42.035,80.1283,7438.95,332547.0
7.0,29.595,101.8792,7437.52,332515.0
8.0,42.0356,80.1245,7419.46,332111.0
9.0,29.6392,95.0653,7354.89,330662.7
10.0,36.4128,87.3831,6981.64,322163.2
11.0,36.4125,87.385,6972.91,321961.7
12.0,-32.6533,-70.0125,6961.94,321708.3
13.0,33.9233,89.2108,6929.02,320946.8
14.0,-32.6533,-70.0117,6915.52,320634.0
15.0,-27.11,-68.5425,6893.05,320112.7
16.0,-27.1097,-68.5414,6886.62,319963.3
17.0,-9.1208,-77.605,6768.08,317197.6
18.0,-9.1208,-77.605,6736.75,316462.6
19.0,-18.1083,-68.8833,6548.93,312019.9
20.0,-18.1083,-68.8828,6544.06,311903.9
21.0,-15.5461,-72.6603,6417.98,308884.7
22.0,-15.5458,-72.6608,6405.07,308573.8
23.0,34.7975,99.4625,6309.25,306257.0
24.0,34.7917,99.4675,6281.93,305593.2
25.0,-1.4675,-78.8175,6266.99,305229.6
26.0,-1.4689,-78.8178,6262.51,305120.5
27.0,35.6583,94.2617,6224.02,304181.4
28.0,63.0692,-151.0067,6190.49,303361.0
29.0,63.0694,-151.0061,6179.93,303102.1
30.0,35.6525,94.2505,6179.61,303094.3
31.0,60.5675,-140.4058,5956.1,297562.5
32.0,60.5678,-140.405,5930.7,296927.3
33.0,-3.0767,37.3542,5895.14,296035.8
34.0,-3.0764,37.3536,5886.79,295826.1
35.0,38.5006,97.7245,5819.03,294118.6
36.0,38.5,97.725,5807.96,293838.7
37.0,10.8392,-73.6867,5729.94,291858.4
38.0,10.8389,-73.6861,5697.91,291041.5
39.0,43.3542,42.4358,5641.85,289606.3
40.0,19.0308,-97.27,5636.06,289457.6
41.0,43.3525,42.438,5632.35,289362.3
42.0,35.9558,52.11,5610.15,288791.5
43.0,35.9544,52.1105,5598.75,288497.9
44.0,19.0303,-97.2703,5591.6,288313.7
45.0,43.8017,88.3333,5444.95,284507.8
46.0,6.495,-72.2967,5409.9,283590.6
47.0,2.9233,-76.0283,5390.08,283070.6
48.0,2.9239,-76.0269,5377.59,282742.4
49.0,43.7897,88.4111,5337.77,281693.7
50.0,6.4944,-72.2975,5336.45,281658.8
51.0,39.7033,44.2992,5137.1,276347.9
52.0,39.7022,44.2983,5111.0,275645.0
53.0,0.3858,29.8733,5109.06,275592.7
54.0,0.3856,29.8725,5024.42,273300.3
55.0,-78.535,-85.5708,5018.84,273148.5
56.0,-78.5255,-85.6171,4918.81,270412.8
57.0,-4.0783,137.1583,4884.12,269457.5
58.0,56.0578,160.6439,4845.56,268391.7
59.0,45.8328,6.8647,4810.72,267425.1
60.0,45.8325,6.865,4810.05,267406.5
61.0,-4.0833,137.185,4803.99,267238.0
62.0,-4.7083,140.2892,4757.01,265928.1
63.0,56.0558,160.6417,4752.75,265809.0
64.0,13.2367,38.3683,4550.05,260079.0
65.0,32.3675,50.0867,4547.92,260018.1
66.0,-84.3325,166.4308,4528.11,259451.2
67.0,13.2361,38.3683,4523.76,259326.5
68.0,-84.3278,166.45,4510.99,258960.2
69.0,-5.78,145.03,4508.91,258900.5
70.0,49.805,86.5908,4505.86,258813.0
71.0,29.5117,57.2717,4500.07,258646.6
72.0,29.5117,57.2711,4489.62,258346.1
73.0,-5.7858,145.0325,4474.72,257917.1
74.0,49.8075,86.59,4449.31,257183.7
75.0,36.5783,-118.2925,4418.99,256305.9
76.0,36.5785,-118.2924,4410.8,256068.3
77.0,30.9519,51.4361,4402.27,255820.6
78.0,6.8258,39.8175,4400.09,255757.2
79.0,39.1178,-106.4453,4399.18,255730.8
80.0,39.1175,-106.445,4399.18,255730.8
81.0,46.8525,-121.76,4392.47,255535.7
82.0,46.8529,-121.7604,4392.47,255535.7
83.0,6.8267,39.8189,4388.19,255411.2
84.0,41.4092,-122.195,4316.58,253318.6
85.0,41.409,-122.1949,4316.58,253318.6
86.0,-77.04,-126.0517,4284.88,252386.7
87.0,-77.0403,-126.0958,4268.02,251889.7
88.0,19.5633,-103.6083,4259.88,251649.4
89.0,19.5628,-103.6083,4244.59,251197.3
90.0,15.0433,-91.9033,4219.96,250467.5
91.0,43.1843,-109.6543,4212.95,250259.4
92.0,15.0433,-91.9036,4212.15,250235.6
93.0,43.1842,-109.6542,4207.46,250096.2
94.0,46.6175,93.5945,4206.65,250072.2
95.0,19.8207,-155.468,4205.02,250023.7
96.0,19.8208,-155.4683,4205.02,250023.7
97.0,31.06,-7.915,4166.92,248888.5
98.0,-71.7892,168.7492,4166.01,248861.3
99.0,31.06,-7.915,4158.45,248635.4
100.0,-71.7867,168.7508,4153.54,248488.5
101.0,6.075,116.5583,4094.99,246730.9
102.0,-80.37,77.2542,4092.85,246666.5
103.0,-80.3667,77.3542,4086.32,246469.6
104.0,-46.595,-73.3458,4058.11,245617.4
105.0,6.075,116.5583,4057.26,245591.6
106.0,4.2183,9.1733,4040.12,245072.3
107.0,-8.8925,147.5333,4037.99,245007.7
108.0,4.2181,9.1733,4029.2,244740.9
109.0,-78.0608,162.685,4024.88,244609.7
110.0,-46.5958,-73.3444,4022.63,244541.3
111.0,51.3733,-125.2633,4019.09,244433.7
112.0,-78.0603,162.6883,4001.3,243892.1
113.0,38.9858,-114.3139,3981.6,243291.0
114.0,38.9858,-114.3142,3981.6,243291.0
115.0,53.1108,-119.1567,3959.05,242601.0
116.0,44.995,100.2308,3956.91,242535.5
117.0,44.9947,100.2308,3952.39,242396.9
118.0,23.4708,120.9583,3952.04,242386.2
119.0,51.3756,-125.2667,3940.63,242036.0
120.0,23.47,120.9572,3936.62,241912.8
121.0,38.5317,35.4508,3916.98,241308.6
122.0,53.1108,-119.1569,3915.64,241267.3
123.0,38.5317,35.4469,3890.73,240498.7
124.0,35.3464,-111.678,3850.54,239253.3
125.0,35.3467,-111.6783,3850.54,239253.3
126.0,9.4842,-83.4892,3819.14,238275.8
127.0,9.4842,-83.4886,3812.35,238063.9
128.0,-77.2575,39.155,3810.0,237990.5
129.0,-1.6967,101.2642,3805.12,237838.1
130.0,35.3608,138.7275,3775.86,236921.8
131.0,-1.6975,101.2644,3775.39,236907.1
132.0,35.3606,138.7272,3768.41,236688.0
133.0,-8.41,116.4575,3725.88,235348.6
134.0,-43.595,170.1425,3724.05,235290.8
135.0,24.8714,-100.2328,3720.6,235181.8
136.0,25.3633,-100.5575,3720.08,235165.3
137.0,28.2725,-16.6425,3717.95,235098.0
138.0,28.2728,-16.6425,3705.99,234719.6
139.0,-8.4117,116.4581,3704.66,234677.4
140.0,68.9183,-29.8992,3693.57,234325.9
141.0,68.8397,-29.9211,3691.63,234264.4
142.0,-8.1075,112.9225,3675.89,233764.4
143.0,-8.1078,112.9219,3672.99,233672.2
144.0,15.28,43.9783,3666.13,233453.9
145.0,15.28,43.9778,3664.37,233397.8
146.0,-43.5953,170.1419,3658.09,233197.8
147.0,51.7192,100.5967,3490.87,227805.4
148.0,-29.4683,29.2692,3482.04,227517.1
149.0,51.7189,100.5972,3481.97,227514.8
150.0,-29.4683,29.2692,3480.01,227450.8
151.0,37.0533,-3.3117,3478.99,227417.4
152.0,-3.385,120.0242,3478.07,227387.4
153.0,37.0533,-3.3117,3472.3,227198.7
154.0,3.7975,97.2192,3465.88,226988.5
155.0,3.7975,97.2189,3459.96,226794.6
156.0,19.7939,18.5522,3446.97,226368.5
157.0,19.7925,18.5467,3444.85,226298.8
158.0,-3.385,120.0242,3432.75,225901.1
159.0,-7.2392,109.22,3428.09,225747.7
160.0,-72.1267,26.0783,3425.04,225647.2
161.0,-7.2386,109.22,3424.58,225632.1
162.0,42.6308,0.6567,3404.01,224953.4
163.0,66.9356,-36.7856,3394.74,224646.9
164.0,66.935,-36.7875,3390.9,224519.8
165.0,42.6311,0.6564,3364.9,223657.4
166.0,-73.4558,61.4642,3354.93,223325.8
167.0,23.2058,-104.9442,3351.89,223224.6
168.0,23.2061,-104.9442,3334.75,222653.1
169.0,37.755,14.9953,3323.78,222286.6
170.0,37.75,14.995,3322.93,222258.2
171.0,36.2808,59.0492,3314.09,221962.4
172.0,36.2808,59.0494,3314.01,221959.7
173.0,25.9558,-107.0475,3303.12,221594.7
174.0,25.9561,-107.0478,3299.94,221488.0
175.0,8.8753,34.8153,3276.06,220685.1
176.0,-75.0142,123.5675,3265.93,220343.7
177.0,72.5275,-37.4533,3237.89,219395.8
178.0,72.5531,-37.58,3230.71,219152.4
179.0,-69.7981,-64.4544,3212.04,218518.2
180.0,-73.4622,61.8783,3211.2,218489.6
181.0,-71.3583,-63.4483,3183.94,217560.3
182.0,-4.0158,103.1283,3172.97,217185.2
183.0,-4.0156,103.1281,3154.84,216563.8
184.0,-71.8758,6.6617,3143.71,216181.4
185.0,-71.8764,6.67,3143.5,216174.2
186.0,-88.1517,-171.0383,3142.79,216149.8
187.0,22.3033,103.775,3141.88,216118.5
188.0,-71.3606,-63.4275,3125.06,215539.2
189.0,22.3036,103.7755,3113.48,215139.5
190.0,31.4483,110.3042,3105.0,214846.3
191.0,31.4403,110.3072,3103.07,214779.6
192.0,19.0233,-70.9975,3097.99,214603.7
193.0,30.9925,-115.375,3094.94,214498.0
194.0,19.0319,-71.0053,3093.98,214464.8
195.0,28.2525,-107.595,3080.92,214011.6
196.0,28.2528,-107.5944,3080.65,214002.3
197.0,21.2336,93.903,3077.34,213887.3
198.0,56.8642,117.575,3072.08,213704.4
199.0,-21.0992,55.48,3070.86,213661.9
200.0,36.5933,30.15,3069.95,213630.3
201.0,36.6053,30.1206,3062.94,213386.2
202.0,39.0806,113.567,3061.85,213348.3
203.0,21.2342,93.9017,3060.8,213311.7
204.0,39.08,113.5675,3058.97,213247.9
205.0,30.9903,-115.3739,3051.87,213000.3
206.0,22.2739,-102.6072,3049.35,212912.3
207.0,-21.0989,55.48,3045.5,212777.9
208.0,12.9342,24.23,3041.9,212652.1
209.0,22.2733,-102.6075,3034.89,212406.9
210.0,-3.1733,129.4556,3031.82,212299.5
211.0,0.5775,120.205,3030.02,212236.4
212.0,-3.1733,129.455,3026.97,212129.6
213.0,57.3467,-124.0925,3023.92,212022.7
214.0,-82.4667,-103.9,3022.09,211958.5
215.0,23.2383,57.2633,3018.13,211819.6
216.0,12.9436,24.2344,3010.89,211565.4
217.0,-72.15,23.2608,3010.24,211542.5
218.0,65.1858,146.04,3002.89,211284.1
219.0,-15.9492,35.5925,3001.98,211252.1
220.0,17.9286,43.2655,2995.85,211036.3
221.0,-82.4606,-103.8889,2994.88,211002.2
222.0,0.805,-66.0067,2994.05,210972.9
223.0,-15.9494,35.5931,2992.36,210913.4
224.0,23.2375,57.2642,2988.9,210791.4
225.0,-9.0783,34.0208,2980.03,210478.4
226.0,56.8775,117.5047,2980.02,210478.0
227.0,57.3464,-124.0928,2977.14,210376.3
228.0,65.1772,146.0117,2976.51,210354.0
229.0,-8.9075,125.4942,2962.96,209874.7
230.0,-9.0775,34.0225,2960.63,209792.2
231.0,62.58,140.8975,2959.0,209734.4
232.0,6.9875,125.2708,2954.12,209561.4
233.0,63.4314,-130.3244,2953.42,209536.5
234.0,63.4317,-130.3242,2951.99,209485.8
235.0,-8.9064,125.4933,2951.92,209483.3
236.0,62.6044,140.9411,2948.64,209366.9
237.0,6.9875,125.2708,2946.19,209279.9
238.0,-54.45,-36.5242,2931.87,208770.7
239.0,-54.4497,-36.5236,2925.46,208542.3
240.0,42.18,23.585,2924.86,208521.0
241.0,73.0908,-28.6183,2922.73,208445.0
242.0,16.5978,120.8989,2922.57,208439.3
243.0,16.5975,120.8992,2922.12,208423.3
244.0,42.1792,23.5853,2921.37,208396.5
245.0,0.0792,99.9842,2919.07,208314.5
246.0,40.0858,22.3583,2916.94,208238.4
247.0,42.4692,13.5658,2912.06,208064.2
248.0,-74.1633,-3.6608,2909.93,207988.1
249.0,23.2892,5.5333,2908.1,207922.7
250.0,0.0786,99.9839,2899.83,207626.8
251.0,-72.5492,0.6542,2899.31,207608.2
252.0,-20.4358,-41.7975,2897.12,207529.8
253.0,-41.9958,173.6625,2884.93,207092.7
254.0,23.2886,5.5339,2882.21,206995.1
255.0,42.4697,13.5644,2878.17,206849.9
256.0,63.1606,-44.7867,2877.23,206816.2
257.0,-20.4342,-41.7964,2877.21,206815.4
258.0,-41.9958,173.6628,2876.73,206798.2
259.0,-14.0225,48.9675,2876.09,206775.2
260.0,-14.0222,48.9669,2876.05,206773.7
261.0,63.1392,-44.8367,2875.79,206764.4
262.0,54.755,-163.9708,2869.39,206534.2
263.0,54.7553,-163.9708,2850.86,205866.2
264.0,54.6217,110.4558,2840.13,205478.4
265.0,18.9808,103.1517,2830.07,205114.2
266.0,14.95,-24.3425,2828.85,205070.0
267.0,18.9808,103.1517,2824.95,204928.6
268.0,3.6633,-65.4083,2821.4,204799.8
269.0,5.1408,-60.7633,2809.95,204383.8
270.0,-85.0442,-90.8458,2809.95,204383.8
271.0,48.4656,107.4128,2800.79,204050.4
272.0,-22.4283,-44.8425,2798.06,203950.9
273.0,54.6225,110.4572,2793.97,203801.8
274.0,-22.4281,-44.8428,2793.44,203782.5
275.0,48.4658,107.4125,2787.7,203573.0
276.0,-64.6242,-63.4383,2787.41,203562.4
277.0,14.95,-24.3425,2781.54,203348.0
278.0,17.5625,38.0058,2780.08,203294.6
279.0,10.5433,-66.7825,2765.15,202748.0
280.0,17.5622,38.0056,2762.02,202633.2
281.0,-64.6217,-63.4575,2760.88,202591.4
282.0,54.4183,-127.7442,2759.05,202524.2
283.0,-53.1036,73.5175,2750.4,202206.5
284.0,10.5428,-66.7825,2749.86,202186.6
285.0,-53.105,73.5133,2745.03,202009.0
286.0,41.9933,128.0775,2744.11,201975.1
287.0,69.2775,-144.91,2743.81,201964.1
288.0,41.9933,128.0778,2737.78,201742.1
289.0,-85.0464,-90.9639,2733.42,201581.4
290.0,69.2025,-143.8011,2720.8,201115.5
291.0,-5.905,154.995,2714.85,200895.4
292.0,-5.905,154.9953,2713.9,200860.3
293.0,-3.3008,126.22,2699.92,200342.3
294.0,5.4439,-61.0228,2695.54,200179.7
295.0,10.1708,77.0633,2695.04,200161.1
296.0,-3.3003,126.2197,2692.67,200073.1
297.0,10.1697,77.0614,2680.17,199608.2
298.0,-80.61,-96.7675,2674.92,199412.6
299.0,20.7794,40.798,2659.24,198827.3
300.0,-22.195,46.885,2657.86,198775.7
301.0,49.1642,20.1342,2653.89,198627.2
302.0,-7.0925,37.6183,2652.98,198593.1
303.0,-22.1947,46.8853,2648.58,198428.3
304.0,43.1975,-4.8525,2648.1,198410.4
305.0,20.7792,40.7983,2646.88,198364.7
306.0,-7.0908,37.6208,2645.7,198320.4
307.0,-19.3492,47.2433,2642.92,198216.2
308.0,-19.3494,47.2433,2639.33,198081.5
309.0,-80.5494,-96.6653,2632.61,197829.2
310.0,28.51,33.955,2628.9,197689.8
311.0,28.5094,33.9556,2628.35,197669.1
312.0,-54.6631,-69.5925,2623.49,197486.3
313.0,18.81,97.0375,2623.11,197472.0
314.0,18.8097,97.0375,2621.08,197395.5
315.0,-12.4625,15.1742,2620.06,197357.1
316.0,-12.4628,15.1736,2618.28,197290.1
317.0,81.915,-75.0092,2616.1,197207.9
318.0,49.1639,20.1339,2603.93,196748.7
319.0,15.0692,107.975,2598.12,196529.1
320.0,15.0692,107.9753,2593.8,196365.6
321.0,-18.3,32.8417,2592.02,196298.2
322.0,40.2458,-5.2975,2591.1,196263.4
323.0,43.1739,-4.8572,2586.76,196098.9
324.0,81.915,-75.0097,2584.03,195995.4
325.0,-18.3006,32.8419,2581.99,195918.0
326.0,-54.6592,-69.5967,2580.13,195847.5
327.0,-21.1492,14.5775,2573.12,195581.2
328.0,27.8817,108.6817,2570.07,195465.3
329.0,27.8817,108.6814,2566.56,195331.8
330.0,-21.1497,14.5775,2564.32,195246.5
331.0,61.8933,171.1858,2562.15,195163.9
332.0,40.2483,-5.2997,2536.89,194199.4
333.0,7.0,80.7742,2524.05,193707.4
334.0,7.0008,80.7736,2523.12,193671.7
335.0,67.4125,-154.9658,2522.52,193648.7
336.0,56.2192,-159.2975,2506.98,193051.2
337.0,-31.7592,24.54,2503.02,192898.7
338.0,-81.9417,-89.8042,2483.52,192145.8
339.0,-7.5039,29.9867,2481.97,192085.9
340.0,-22.65,17.1792,2478.94,191968.6
341.0,-22.6497,17.1831,2477.84,191926.0
342.0,-7.5042,29.9867,2477.72,191921.3
343.0,67.4128,-154.965,2473.85,191771.4
344.0,61.6367,8.3125,2468.88,191578.7
345.0,76.4694,-25.6433,2460.85,191266.9
346.0,10.735,47.245,2460.04,191235.4
347.0,61.6361,8.3128,2459.01,191195.3
348.0,35.2275,24.7708,2456.08,191081.4
349.0,35.2264,24.7708,2452.65,190947.9
350.0,-31.7586,24.5397,2452.0,190922.6
351.0,10.7364,47.2442,2445.49,190669.0
352.0,61.8886,171.17,2429.29,190036.4
353.0,67.5817,128.14,2409.14,189246.6
354.0,55.8967,130.4533,2379.88,188093.9
355.0,23.9767,39.2825,2378.66,188045.7
356.0,67.5822,128.1439,2370.86,187737.1
357.0,55.8975,130.4539,2370.77,187733.5
358.0,53.6067,134.575,2370.12,187707.8
359.0,-11.7575,43.3658,2360.98,187345.5
360.0,53.6075,134.5764,2356.52,187168.5
361.0,-11.7589,43.3669,2356.42,187164.5
362.0,-5.0508,151.3311,2351.54,186970.6
363.0,38.4683,-28.3992,2350.92,186946.0
364.0,-23.3514,16.2153,2348.05,186831.8
365.0,23.9767,39.2825,2347.87,186824.7
366.0,40.9761,110.6189,2345.63,186735.5
367.0,-9.7033,160.0617,2335.07,186314.7
368.0,38.4689,-28.3992,2334.84,186305.5
369.0,-5.0508,151.3317,2333.85,186266.0
370.0,40.9758,110.6192,2331.72,186181.0
371.0,-25.2092,30.15,2331.11,186156.7
372.0,-74.1519,-66.4733,2328.22,186041.2
373.0,35.3183,6.6367,2328.06,186034.8
374.0,-25.2094,30.1497,2328.02,186033.2
375.0,-9.7036,160.0622,2326.27,185963.3
376.0,-33.3983,21.3675,2325.01,185912.9
377.0,35.3183,6.6369,2322.6,185816.5
378.0,-33.3981,21.3681,2313.19,185439.7
379.0,-0.6597,112.6886,2310.88,185347.1
380.0,36.4475,4.2283,2307.95,185229.6
381.0,-61.285,-54.1458,2300.02,184911.1
382.0,-66.7867,54.165,2300.02,184911.1
383.0,-0.6592,112.6883,2300.02,184911.1
384.0,71.4011,-51.8358,2299.6,184894.2
385.0,36.4478,4.2281,2299.22,184878.9
386.0,43.6633,142.8542,2290.88,184543.3
387.0,43.6636,142.8542,2287.95,184425.3
388.0,71.08,-8.1792,2276.86,183977.8
389.0,71.0819,-8.1767,2262.19,183384.1
390.0,1.82,115.2725,2250.03,182890.6
391.0,1.8197,115.2725,2245.61,182710.9
392.0,-17.6233,-149.4767,2240.89,182518.7
393.0,32.9117,-0.4675,2236.39,182335.4
394.0,-36.4558,148.2633,2228.09,181996.7
395.0,-36.4561,148.2636,2226.46,181930.1
396.0,32.9117,-0.4675,2224.74,181859.8
397.0,66.7706,-65.1583,2216.91,181539.5
398.0,-70.1944,64.8,2208.16,181180.9
399.0,-27.1808,18.7292,2201.88,180923.1
400.0,-27.18,18.7286,2196.24,180691.2
401.0,66.0383,-52.255,2191.82,180509.3
402.0,4.6325,102.235,2189.99,180433.9
403.0,4.6328,102.2344,2182.17,180111.5
404.0,64.2175,133.5594,2179.41,179997.6
405.0,66.0394,-52.2544,2175.01,179815.8
406.0,-67.3731,164.7556,2171.67,179677.7
407.0,27.8608,117.7842,2169.87,179603.2
408.0,27.8603,117.7833,2156.67,179056.1
409.0,-82.6233,-52.8125,2150.06,178781.5
410.0,53.1258,-168.6942,2149.14,178743.2
411.0,14.6731,48.7808,2144.98,178570.1
412.0,66.5467,-65.4292,2143.05,178489.8
413.0,-19.6153,17.6203,2142.59,178470.6
414.0,26.3133,114.0367,2140.0,178362.7
415.0,-24.4708,27.5925,2134.82,178146.7
416.0,-19.615,17.62,2128.72,177892.0
417.0,-84.8553,-65.0333,2126.92,177816.8
418.0,25.8667,110.4128,2121.63,177595.5
419.0,11.3258,49.7483,2119.88,177522.3
420.0,16.1714,99.0367,2117.6,177426.8
421.0,26.3133,114.04,2116.41,177376.9
422.0,64.0142,-16.6775,2110.13,177113.5
423.0,11.3264,49.7486,2107.06,176984.7
424.0,67.9008,18.5167,2105.86,176934.3
425.0,64.0139,-16.6783,2091.51,176330.4
426.0,67.9008,18.5172,2088.27,176193.7
427.0,-24.4706,27.5892,2084.12,176018.6
428.0,53.1264,-168.6953,2080.47,175864.4
429.0,13.4667,98.805,2072.03,175507.3
430.0,-17.2008,13.0208,2068.98,175378.1
431.0,-17.1997,13.0208,2068.13,175342.1
432.0,-37.1117,-12.2892,2060.14,175003.0
433.0,-25.2706,15.7547,2059.21,174963.5
434.0,42.615,117.7958,2053.74,174731.0
435.0,42.6156,117.7958,2050.75,174603.7
436.0,13.4667,98.805,2050.69,174601.2
437.0,-25.2708,15.755,2043.99,174315.7
438.0,-37.1117,-12.2889,2040.09,174149.3
439.0,-66.7003,54.84,2039.64,174130.1
440.0,35.765,-82.265,2037.28,174029.4
441.0,35.7649,-82.2651,2037.28,174029.4
442.0,-83.3819,-51.3833,2035.98,173973.8
443.0,-13.2967,-41.9075,2033.02,173847.3
444.0,-13.2967,-41.9075,2030.42,173736.1
445.0,0.2692,6.5417,2023.87,173455.7
446.0,17.8383,8.72,2022.04,173377.2
447.0,15.3083,26.5492,2009.85,172853.8
448.0,15.3086,26.5497,2008.58,172799.2
449.0,47.1158,136.5683,2004.06,172604.7
450.0,47.1164,136.5683,2001.66,172501.3
451.0,17.8392,8.7206,2001.37,172488.8
452.0,33.7675,133.1158,1982.11,171656.8
453.0,0.2692,6.5417,1976.36,171407.6
454.0,-24.6153,46.7042,1971.2,171183.7
455.0,-24.6158,46.705,1964.74,170903.0
456.0,33.8544,134.0947,1951.6,170330.6
457.0,33.3617,126.5292,1950.11,170265.5
458.0,83.3183,-33.2,1945.82,170078.1
459.0,9.2283,-11.1142,1944.93,170039.2
460.0,73.23,-78.6233,1944.01,169999.0
461.0,73.23,-78.6233,1938.94,169777.2
462.0,30.3358,130.5042,1936.09,169652.4
463.0,21.9158,25.0,1933.96,169559.0
464.0,9.2275,-11.115,1931.59,169455.1
465.0,30.3361,130.5042,1926.95,169251.4
466.0,33.3617,126.5358,1924.52,169144.7
467.0,44.2705,-71.3034,1916.58,168795.4
468.0,44.2708,-71.3033,1916.58,168795.4
469.0,-8.8608,27.0642,1909.88,168500.1
470.0,83.3742,-35.2717,1909.88,168500.1
471.0,-8.8611,27.0653,1908.48,168438.3
472.0,70.7992,-71.65,1905.0,168284.7
473.0,65.035,60.1142,1894.94,167839.8
474.0,-80.6578,-24.6667,1894.42,167816.8
475.0,-2.7133,115.6258,1891.89,167704.7
476.0,21.9158,24.9997,1891.49,167686.9
477.0,-13.3439,29.6103,1891.0,167665.2
478.0,65.035,60.1139,1889.28,167588.9
479.0,67.8175,178.2942,1887.93,167529.0
480.0,-15.3631,166.7545,1879.71,167163.9
481.0,-15.3625,166.755,1879.09,167136.4
482.0,67.8169,178.2939,1878.68,167118.1
483.0,-25.2508,-48.8,1876.96,167041.6
484.0,-80.6558,-24.6733,1875.13,166960.2
485.0,-13.345,29.6117,1874.82,166946.4
486.0,-11.5233,31.5917,1870.86,166770.0
487.0,-2.7106,115.6258,1865.1,166513.0
488.0,-13.6186,-172.4869,1862.82,166411.2
489.0,32.7592,-16.9433,1862.02,166375.5
490.0,-27.8875,23.5608,1861.72,166362.1
491.0,70.7994,-71.6508,1858.08,166199.4
492.0,-13.6183,-172.4867,1858.06,166198.5
493.0,-27.8858,23.5631,1854.78,166051.7
494.0,43.695,134.1994,1853.72,166004.3
495.0,-25.2411,-48.8297,1852.88,165966.6
496.0,32.7589,-16.9428,1851.15,165889.1
497.0,-49.595,69.4967,1850.14,165843.9
498.0,43.6958,134.1992,1849.83,165830.0
499.0,17.1625,54.8542,1848.96,165791.0
500.0,18.8983,109.7042,1840.08,165392.4
501.0,-17.6097,-149.4953,1836.48,165230.5
502.0,-28.125,-49.475,1826.97,164802.2
503.0,-27.9097,-49.3219,1822.59,164604.5
504.0,18.8994,109.7044,1817.12,164357.3
505.0,66.025,163.2367,1816.91,164347.8
506.0,12.0325,104.1708,1812.95,164168.6
507.0,66.0247,163.2383,1812.03,164126.9
508.0,12.0328,104.1711,1808.19,163952.9
509.0,51.8842,-178.1425,1805.94,163850.9
510.0,51.8831,-178.1442,1797.2,163453.9
511.0,-9.2442,27.8183,1789.6,163108.0
512.0,63.645,-50.3989,1786.54,162968.5
513.0,8.4942,99.7294,1784.74,162886.3
514.0,67.5392,168.1383,1780.95,162713.3
515.0,8.4942,99.7292,1780.03,162671.3
516.0,67.5389,168.1383,1779.59,162651.2
517.0,45.4725,114.5892,1777.23,162543.3
518.0,9.9342,9.0344,1766.46,162050.0
519.0,45.4725,114.5892,1764.79,161973.4
520.0,17.1625,54.8533,1759.92,161749.8
521.0,7.6219,-8.4083,1755.34,161539.2
522.0,9.9342,9.0342,1751.99,161384.9
523.0,7.6225,-8.4083,1751.99,161384.9
524.0,-17.1942,30.6892,1748.94,161244.4
525.0,-17.195,30.6883,1747.78,161190.9
526.0,47.0578,120.5219,1747.47,161176.6
527.0,80.4325,-19.6858,1744.07,161019.7
528.0,47.0575,120.5217,1740.71,160864.6
529.0,-11.1133,26.3914,1738.13,160745.3
530.0,-11.1133,26.3917,1734.92,160596.8
531.0,80.4328,-19.6903,1724.39,160108.7
532.0,24.6492,72.775,1722.12,160003.3
533.0,59.3242,114.4233,1715.85,159711.7
534.0,24.65,72.7769,1715.02,159673.1
535.0,79.0108,17.4908,1712.98,159578.1
536.0,0.0425,-91.3342,1706.88,159293.7
537.0,79.0106,17.4917,1704.82,159197.6
538.0,0.0425,-91.335,1704.57,159185.9
539.0,69.13,94.9375,1701.09,159023.3
540.0,59.3242,114.4233,1697.74,158866.7
541.0,-13.9925,-47.4875,1691.03,158552.4
542.0,-73.6525,-94.095,1681.61,158110.2
543.0,18.2275,82.725,1680.06,158037.3
544.0,69.1264,95.3117,1679.08,157991.2
545.0,18.2281,82.7228,1679.06,157990.2
546.0,-13.9522,-47.5208,1672.15,157664.8
547.0,-49.5942,69.4939,1664.53,157305.2
548.0,58.8875,-63.71,1652.02,156712.9
549.0,-33.7808,-80.815,1649.88,156611.4
550.0,19.6,73.7108,1645.92,156423.3
551.0,-68.835,-90.6175,1640.13,156148.0
552.0,-68.8275,-90.6317,1639.08,156098.0
553.0,54.255,58.1042,1638.01,156047.0
554.0,-12.0267,23.5667,1638.0,156046.5
555.0,54.255,58.105,1638.0,156046.5
556.0,-20.5883,164.77,1627.94,155566.6
557.0,-20.5886,164.7708,1627.66,155553.2
558.0,-20.6217,29.9033,1627.06,155524.6
559.0,-17.3992,145.8183,1622.15,155289.7
560.0,-41.8708,146.0333,1616.96,155041.1
561.0,-17.3994,145.8181,1613.85,154891.9
562.0,-20.6333,30.315,1609.95,154704.6
563.0,-41.8711,146.0333,1609.81,154697.9
564.0,45.9042,-68.9217,1605.69,154499.8
565.0,45.9044,-68.9214,1605.69,154499.8
566.0,11.9033,18.1908,1603.62,154400.2
567.0,50.7361,15.7397,1603.35,154387.2
568.0,50.7358,15.7392,1602.94,154367.5
569.0,-73.575,-94.0592,1601.72,154308.7
570.0,11.9033,18.1908,1600.81,154264.9
571.0,-32.0031,151.4469,1599.25,154189.7
572.0,19.6014,73.7089,1599.15,154184.9
573.0,22.0586,-159.4975,1598.68,154162.2
574.0,22.0583,-159.4975,1598.07,154132.8
575.0,-32.0025,151.4475,1596.85,154074.0
576.0,58.9444,-63.79,1593.36,153905.5
577.0,-30.4375,152.24,1585.87,153543.3
578.0,-30.4378,152.2403,1583.65,153435.8
579.0,-41.5331,147.6589,1571.12,152827.6
580.0,59.6317,59.135,1570.02,152774.1
581.0,59.6319,59.1347,1563.81,152471.7
582.0,48.4236,75.4714,1561.64,152365.8
583.0,-16.2828,28.1236,1550.73,151832.7
584.0,75.1667,57.8167,1548.99,151747.5
585.0,48.4242,75.4708,1548.99,151747.5
586.0,-14.7339,26.8431,1548.33,151715.1
587.0,-14.7242,26.85,1541.98,151403.7
588.0,-16.2825,28.1233,1540.76,151343.8
589.0,27.5097,41.5486,1539.36,151275.0
590.0,75.1758,57.825,1539.08,151261.3
591.0,46.8108,151.79,1538.94,151254.4
592.0,12.1119,-12.2636,1534.25,151023.7
593.0,-23.4008,132.395,1531.01,150864.2
594.0,27.51,41.5483,1530.71,150849.4
595.0,12.1125,-12.2633,1530.71,150849.4
596.0,51.2972,123.1283,1525.42,150588.5
597.0,-67.3083,164.6317,1524.0,150518.4
598.0,-23.4011,132.3956,1518.3,150236.7
599.0,46.8144,151.7875,1517.79,150211.4
600.0,51.2975,123.1283,1514.86,150066.4
601.0,12.575,54.0222,1513.74,150010.9
602.0,23.2789,44.593,1509.16,149783.8
603.0,-20.2667,-46.4344,1507.81,149716.8
604.0,12.575,54.0225,1502.97,149476.3
605.0,-20.2683,-46.4358,1502.97,149476.3
606.0,22.8025,44.9167,1502.97,149476.3
607.0,38.7004,-79.5325,1482.55,148457.4
608.0,38.7,-79.5333,1481.63,148411.3
609.0,76.4386,-62.2592,1477.62,148210.4
610.0,50.8844,118.1775,1477.46,148202.3
611.0,50.8842,118.1758,1474.93,148075.4
612.0,10.8881,13.7806,1472.06,147931.3
613.0,62.9142,176.5158,1467.92,147723.1
614.0,16.045,-61.6642,1467.0,147676.8
615.0,62.9144,176.515,1462.95,147472.8
616.0,10.8875,13.7808,1461.82,147415.8
617.0,16.0447,-61.6639,1460.4,147344.2
618.0,11.9828,31.0703,1458.22,147234.2
619.0,11.9833,31.0708,1449.93,146815.1
620.0,64.9925,-165.3292,1436.83,146150.4
621.0,-26.3183,131.7442,1435.79,146097.4
622.0,-26.3192,131.7442,1435.0,146057.3
623.0,16.705,52.53,1420.13,145298.5
624.0,16.7108,52.5108,1412.75,144920.5
625.0,64.9922,-165.3294,1406.44,144596.5
626.0,24.7272,42.6739,1402.47,144392.3
627.0,76.9192,16.1408,1399.95,144262.5
628.0,-33.3442,148.9825,1396.9,144105.3
629.0,-33.3442,148.9822,1394.29,143970.6
630.0,24.7275,42.6742,1389.89,143743.2
631.0,-66.7289,112.8333,1389.26,143710.6
632.0,-18.7722,21.7533,1387.3,143609.2
633.0,29.3667,37.2397,1380.66,143265.1
634.0,76.92,16.14,1376.22,143034.6
635.0,-58.4408,-26.3292,1374.95,142968.6
636.0,-18.7717,21.7533,1374.95,142968.6
637.0,-74.5358,-86.89,1371.9,142809.9
638.0,9.1369,23.1461,1370.46,142735.0
639.0,-33.7625,-80.8128,1369.3,142674.5
640.0,9.135,23.145,1366.72,142540.1
641.0,17.1458,22.4967,1359.9,142184.0
642.0,17.1458,22.4967,1353.92,141871.0
643.0,22.4492,78.3717,1349.96,141663.4
644.0,56.7967,-5.0033,1343.86,141343.0
645.0,-22.6325,44.1675,1342.95,141295.1
646.0,56.7967,-5.0036,1342.64,141278.8
647.0,18.1725,-66.5917,1338.07,141038.1
648.0,18.1722,-66.5919,1328.76,140546.6
649.0,22.4153,78.4092,1325.63,140381.0
650.0,14.3433,21.6581,1325.52,140375.2
651.0,-17.615,178.0183,1324.05,140297.3
652.0,-17.6147,178.0183,1323.27,140256.0
653.0,-18.12,-60.02,1320.09,140087.4
654.0,14.3442,21.6583,1310.94,139601.0
655.0,-18.1206,-60.0167,1305.29,139299.9
656.0,-60.5808,-45.4783,1294.79,138738.5
657.0,29.0956,-118.3111,1289.96,138479.4
658.0,-60.5811,-45.4783,1280.97,137996.0
659.0,-9.81,-139.0692,1275.89,137722.1
660.0,48.9875,-65.9486,1274.93,137670.3
661.0,41.9991,-74.386,1274.06,137623.3
662.0,41.9992,-74.3858,1274.06,137623.3
663.0,-21.015,148.6008,1270.1,137409.3
664.0,48.9875,-65.9483,1267.97,137294.0
665.0,-21.0153,148.6014,1266.76,137228.5
666.0,81.4936,-52.6292,1266.04,137189.5
667.0,-24.9528,148.125,1259.17,136816.8
668.0,3.6825,-56.5356,1254.34,136554.1
669.0,-9.8086,-139.0719,1253.91,136530.7
670.0,-22.9808,118.5875,1249.07,136267.0
671.0,-24.9517,148.1192,1248.77,136250.6
672.0,-22.9806,118.5878,1247.15,136162.2
673.0,-46.9039,37.7097,1240.21,135782.8
674.0,-38.1583,-61.9517,1239.01,135717.1
675.0,-38.1583,-61.9517,1237.86,135654.1
676.0,23.4892,83.6117,1233.83,135433.1
677.0,23.4889,83.6117,1233.78,135430.4
678.0,-20.9308,22.5008,1231.7,135316.2
679.0,3.6825,-56.5358,1229.87,135215.6
680.0,-46.9042,37.7083,1229.87,135215.6
681.0,20.5261,31.5283,1217.32,134523.9
682.0,-23.1014,134.9036,1205.36,133861.5
683.0,67.7258,33.4733,1200.91,133614.1
684.0,-8.16,-36.3922,1200.39,133585.2
685.0,67.725,33.475,1200.36,133583.5
686.0,-8.16,-36.3925,1198.78,133495.6
687.0,20.5258,31.5283,1198.78,133495.6
688.0,53.6461,-58.5542,1194.12,133235.9
689.0,-23.1017,134.9033,1193.9,133223.6
690.0,28.1942,13.9767,1189.02,132951.0
691.0,64.855,-173.4367,1188.72,132934.3
692.0,64.8558,-173.4339,1188.16,132903.0
693.0,21.6483,86.3589,1186.32,132800.0
694.0,53.6467,-58.5525,1185.98,132781.0
695.0,22.9936,81.6544,1182.89,132607.9
696.0,21.6483,86.3592,1180.8,132490.7
697.0,22.9917,81.655,1172.87,132045.0
698.0,-31.5033,138.5508,1167.99,131770.1
699.0,-37.3417,142.5767,1167.08,131718.7
700.0,-0.1958,104.55,1164.95,131598.5
701.0,-37.2931,142.6014,1163.92,131540.3
702.0,1.5283,-59.2394,1160.33,131337.3
703.0,-31.5039,138.5519,1158.64,131241.6
704.0,15.2567,-1.6683,1154.89,131029.0
705.0,-4.7825,-40.1325,1153.97,130976.8
706.0,-59.0403,-26.5325,1153.01,130922.3
707.0,75.8975,107.7075,1151.13,130815.5
708.0,15.2606,-1.6644,1149.7,130734.3
709.0,52.3219,-70.4458,1147.61,130615.4
710.0,75.5633,111.0692,1146.05,130526.6
711.0,-77.6244,-153.6858,1145.57,130499.2
712.0,21.5275,70.5275,1145.13,130474.2
713.0,-4.7664,-40.1314,1141.48,130266.1
714.0,52.3217,-70.4458,1139.95,130178.7
715.0,21.985,-80.1325,1139.95,130178.7
716.0,1.5283,-59.2392,1137.82,130057.1
717.0,36.175,120.6267,1132.94,129777.9
718.0,15.06,30.4153,1130.28,129625.4
719.0,21.9897,-80.1475,1130.27,129624.9
720.0,28.2003,13.9703,1128.45,129520.4
721.0,15.06,30.415,1126.85,129428.6
722.0,59.8247,92.8539,1126.5,129408.5
723.0,-10.8325,-63.5775,1125.93,129375.7
724.0,48.6444,66.9453,1124.18,129275.2
725.0,59.825,92.8542,1123.8,129253.3
726.0,31.225,38.5322,1117.94,128915.9
727.0,48.6442,66.9458,1116.79,128849.6
728.0,-10.8319,-63.5775,1115.24,128760.1
729.0,-0.1964,104.5503,1113.24,128644.6
730.0,31.225,38.5317,1112.82,128620.3
731.0,-4.2083,-38.9747,1111.4,128538.2
732.0,36.1753,120.6261,1109.73,128441.6
733.0,-19.6683,-175.0158,1108.86,128391.3
734.0,51.5308,-68.0767,1103.99,128109.0
735.0,51.5311,-68.0769,1103.33,128070.7
736.0,-77.6308,-153.6808,1097.89,127754.6
737.0,-34.375,118.2558,1095.15,127595.1
738.0,-46.4208,52.2275,1089.96,127292.4
739.0,27.3233,17.2136,1085.98,127059.8
740.0,53.0683,-4.0758,1085.09,127007.7
741.0,-19.6092,169.4017,1083.87,126936.3
742.0,-19.5767,169.3883,1082.66,126865.4
743.0,27.3225,17.2133,1079.91,126704.2
744.0,-19.6033,144.0553,1077.13,126541.0
745.0,53.0686,-4.0761,1074.5,126386.4
746.0,-19.6042,144.055,1072.9,126292.3
747.0,0.9553,13.6858,1071.8,126227.5
748.0,0.9558,13.6858,1069.85,126112.6
749.0,-46.4178,52.2472,1065.5,125856.0
750.0,-19.2017,-57.5933,1064.97,125824.7
751.0,-34.3761,118.2553,1061.43,125615.4
752.0,21.5278,70.5292,1061.11,125596.5
753.0,-19.2014,-57.5925,1059.09,125476.8
754.0,18.7925,-110.9733,1050.04,124939.6
755.0,27.6583,75.3922,1048.51,124848.5
756.0,-17.2367,-51.7767,1047.9,124812.2
757.0,-17.7844,-48.6867,1043.4,124543.9
758.0,-17.2372,-51.7761,1042.56,124493.8
759.0,50.9794,-65.4892,1042.34,124480.7
760.0,18.7906,-110.9758,1042.01,124461.0
761.0,27.6583,75.3925,1040.89,124394.0
762.0,51.9992,-9.7425,1039.06,124284.6
763.0,-1.6164,11.765,1038.58,124255.9
764.0,51.9992,-9.7428,1032.9,123915.7
765.0,-1.6167,11.765,1031.75,123846.7
766.0,-19.6681,-175.0161,1030.62,123778.9
767.0,59.1925,-115.5917,1006.14,122300.0
768.0,3.9761,108.3361,1000.99,121986.6
769.0,59.1906,-115.5994,1000.92,121982.3
770.0,7.0858,0.6625,996.51,121713.3
771.0,76.3461,65.0033,990.72,121359.2
772.0,7.3292,0.7092,989.99,121314.5
773.0,3.9758,108.3358,983.89,120940.1
774.0,55.9817,100.9783,982.64,120863.3
775.0,-17.4361,127.2364,982.52,120855.9
776.0,-17.4358,127.2367,982.07,120828.2
777.0,-74.8019,-99.2358,981.63,120801.2
778.0,3.715,13.745,977.8,120565.3
779.0,-79.59,-45.815,975.06,120396.2
780.0,55.9817,100.9783,973.84,120320.9
781.0,18.7675,145.6675,969.87,120075.4
782.0,52.8933,172.9808,966.82,119886.4
783.0,-24.3564,150.9395,965.73,119818.8
784.0,31.975,13.3197,965.18,119784.7
785.0,79.5892,99.15,965.0,119773.5
786.0,-24.3567,150.9392,960.12,119470.3
787.0,31.9758,13.32,959.82,119451.6
788.0,18.7683,145.675,959.11,119407.4
789.0,79.5903,99.1492,956.23,119228.0
790.0,20.895,3.7633,955.85,119204.3
791.0,18.3364,32.7403,955.64,119191.2
792.0,66.7317,109.3892,944.88,118518.3
793.0,-15.8719,-57.2175,943.65,118441.2
794.0,66.7311,109.39,942.46,118366.5
795.0,-15.8717,-57.2175,940.92,118269.7
796.0,-17.3217,125.5608,938.78,118135.1
797.0,-17.3211,125.5608,938.37,118109.3
798.0,-15.8731,-46.2344,937.39,118047.6
799.0,18.3367,32.7408,935.74,117943.7
800.0,52.8933,172.98,934.82,117885.7
801.0,53.08,70.1889,933.32,117791.1
802.0,53.8758,-66.0525,930.42,117608.0
803.0,20.025,2.4308,926.9,117385.3
804.0,-3.3144,11.1528,925.48,117295.3
805.0,-3.3258,11.1933,924.76,117249.7
806.0,-11.6533,166.8742,922.93,117133.6
807.0,53.8708,-66.0567,917.75,116804.4
808.0,58.4228,104.8355,916.87,116748.4
809.0,53.08,70.1883,915.92,116687.9
810.0,-4.645,55.4392,915.68,116672.6
811.0,7.0994,5.0825,915.05,116632.5
812.0,22.6508,-12.5742,915.01,116630.0
813.0,-24.9933,120.49,914.1,116571.9
814.0,22.6511,-12.5744,912.48,116468.6
815.0,58.4225,104.835,911.96,116435.4
816.0,-40.3092,-9.9467,910.13,116318.5
817.0,69.9661,109.6094,908.51,116215.0
818.0,-24.9944,120.4911,908.25,116198.3
819.0,69.965,109.6158,908.0,116182.3
820.0,63.1267,97.79,904.95,115987.0
821.0,-4.645,55.4392,904.95,115987.0
822.0,-40.3022,-9.9633,904.81,115978.1
823.0,-6.4025,-50.3325,903.67,115905.0
824.0,7.1,5.0825,900.99,115733.0
825.0,63.1275,97.7889,900.83,115722.7
826.0,-6.4033,-50.3325,899.77,115654.6
827.0,63.2939,100.9128,898.56,115576.8
828.0,55.3339,-67.7044,895.57,115384.4
829.0,-79.5661,-45.6133,893.15,115228.4
830.0,55.3333,-67.7033,889.71,115006.2
831.0,63.7225,104.5442,887.88,114887.9
832.0,-4.4144,12.7642,884.08,114641.8
833.0,64.0131,96.9939,883.9,114630.1
834.0,62.2967,-7.0133,882.09,114512.7
835.0,63.7225,104.5411,880.89,114434.8
836.0,-37.8492,77.5483,880.87,114433.5
837.0,32.6389,21.84,880.13,114385.4
838.0,53.9144,-62.0042,880.12,114384.7
839.0,-4.4142,12.7642,879.96,114374.3
840.0,53.9158,-62.0017,879.96,114374.3
841.0,32.6392,21.84,878.74,114295.0
842.0,57.4211,-113.6067,875.18,114063.3
843.0,-31.58,159.0825,875.08,114056.8
844.0,62.2967,-7.0128,875.02,114052.9
845.0,8.6339,20.0811,873.35,113944.0
846.0,6.1683,26.5892,872.95,113917.9
847.0,50.2256,126.5097,872.07,113860.4
848.0,8.6342,20.0825,871.73,113838.2
849.0,-2.4192,14.3758,871.73,113838.2
850.0,-37.8489,77.5483,869.9,113718.7
851.0,69.2425,-121.54,869.9,113718.7
852.0,69.2422,-121.5383,868.72,113641.5
853.0,50.2258,126.5092,866.85,113519.2
854.0,-0.7342,-73.0875,860.15,113079.6
855.0,-7.9517,-14.3425,858.93,112999.4
856.0,3.5775,-53.5192,851.0,112476.5
857.0,-7.9517,-14.3431,848.48,112309.9
858.0,6.2503,-0.5758,846.2,112158.9
859.0,11.6933,6.7792,844.91,112073.4
860.0,-1.0353,-53.9008,843.75,111996.4
861.0,-1.0358,-53.9017,842.77,111931.3
862.0,53.4169,-102.3058,842.04,111882.9
863.0,57.6683,-105.275,841.86,111870.9
864.0,-25.9017,-56.16,841.86,111870.9
865.0,61.9858,-119.8325,839.72,111728.6
866.0,51.4692,-100.7208,839.48,111712.6
867.0,61.9381,96.4228,839.31,111701.3
868.0,35.1671,-93.6447,839.11,111688.0
869.0,35.1675,-93.645,839.11,111688.0
870.0,18.9394,1.0286,838.68,111659.4
871.0,24.2342,141.4633,834.85,111404.2
872.0,3.5436,-53.5742,831.92,111208.5
873.0,51.47,-100.7208,831.8,111200.5
874.0,49.77,-102.5967,830.88,111139.0
875.0,53.15,-107.4742,830.58,111118.9
876.0,69.5325,105.7739,829.3,111033.2
877.0,-25.9028,-56.1594,829.2,111026.5
878.0,53.4142,-102.3058,828.14,110955.6
879.0,17.96,27.225,824.79,110730.9
880.0,18.94,1.0283,824.79,110730.9
881.0,-13.7742,143.3217,823.87,110669.1
882.0,-15.9617,-5.7033,822.96,110608.0
883.0,-11.6458,166.8864,821.97,110541.4
884.0,-13.7733,143.3217,816.39,110165.6
885.0,-14.6125,-58.7797,813.05,109940.0
886.0,-15.9725,-5.7003,812.49,109902.1
887.0,48.8333,-58.4842,811.99,109868.3
888.0,60.1017,95.7228,811.72,109850.1
889.0,-10.3861,165.8042,809.62,109707.9
890.0,48.8328,-58.4844,809.11,109673.3
891.0,20.5711,-12.8089,802.89,109250.9
892.0,49.5942,-57.7842,802.45,109221.0
893.0,12.2339,-8.7553,798.25,108934.8
894.0,-10.3867,165.8042,796.75,108832.4
895.0,20.5708,-12.8092,794.92,108707.3
896.0,6.8733,158.2283,790.96,108436.2
897.0,41.3195,-76.5546,787.91,108227.0
898.0,41.9056,-77.7028,787.3,108185.1
899.0,16.355,145.6564,786.61,108137.6
900.0,-35.5253,173.5108,784.52,107993.9
901.0,80.5806,94.8931,783.48,107922.3
902.0,-8.7011,-50.8103,782.72,107869.9
903.0,6.8636,158.2358,780.22,107697.5
904.0,-54.405,3.3475,779.98,107681.0
905.0,-9.7367,-46.6128,778.07,107549.0
906.0,16.355,145.6567,777.85,107533.8
907.0,-35.525,173.5108,773.89,107259.8
908.0,58.5431,100.13,772.9,107191.1
909.0,-22.7767,-56.1994,765.67,106688.6
910.0,75.4089,-114.6492,765.66,106687.9
911.0,-72.1742,-99.2983,764.74,106623.8
912.0,-8.4633,-55.6025,763.83,106560.3
913.0,58.5433,100.1292,763.83,106560.3
914.0,-8.4631,-55.6019,763.49,106536.6
915.0,28.6675,11.6567,762.91,106496.1
916.0,64.23,107.9672,762.62,106475.9
917.0,54.7492,-104.3392,762.0,106432.6
918.0,75.3692,-115.0825,762.0,106432.6
919.0,10.7617,-5.4183,757.57,106122.8
920.0,10.7617,-5.4183,756.82,106070.2
921.0,-22.7808,-56.2025,756.82,106070.2
922.0,66.9219,-116.1361,753.27,105821.2
923.0,66.9208,-116.1567,751.94,105727.7
924.0,14.98,6.2142,751.94,105727.7
925.0,-2.0733,24.7217,747.98,105448.9
926.0,-54.4078,3.3508,747.75,105432.7
927.0,3.8025,43.825,746.76,105362.9
928.0,52.5972,68.1097,744.47,105201.2
929.0,54.8894,166.3317,740.74,104937.3
930.0,13.1589,93.0056,737.72,104723.2
931.0,48.8042,-73.59,737.3,104693.4
932.0,28.5017,9.705,736.7,104650.8
933.0,48.8042,-73.5892,735.79,104586.1
934.0,13.1583,93.0058,732.13,104325.7
935.0,54.9442,166.34,730.91,104238.7
936.0,-8.5825,-48.6567,728.78,104086.7
937.0,-8.5828,-48.6567,728.39,104058.9
938.0,71.1358,-122.9533,723.9,103737.7
939.0,71.1361,-122.9542,723.26,103691.8
940.0,-2.14,146.94,718.11,103322.0
941.0,22.5644,-14.2817,715.66,103145.6
942.0,25.4272,141.2808,714.17,103038.1
943.0,-34.9742,138.7092,713.13,102963.1
944.0,26.685,-4.8594,712.15,102892.3
945.0,-2.1431,146.9406,707.55,102559.5
946.0,-50.8958,166.0217,705.0,102374.5
947.0,-51.6917,-58.8342,705.0,102374.5
948.0,-51.6917,-58.8344,703.18,102242.3
949.0,-3.58,23.3083,701.95,102152.8
950.0,26.685,-4.8592,701.95,102152.8
951.0,47.8975,-90.5606,701.95,102152.8
952.0,47.8975,-90.5608,701.34,102108.4
953.0,22.5658,-14.2767,701.04,102086.6
954.0,-1.8644,105.8489,698.66,101913.1
955.0,-29.4658,117.2983,697.99,101864.2
956.0,16.0667,11.385,693.72,101552.2
957.0,22.7875,-83.3683,693.72,101552.2
958.0,47.3167,-80.7492,693.12,101508.3
959.0,-30.36,119.6725,691.9,101418.9
960.0,47.3175,-80.7525,690.96,101350.0
961.0,-20.5075,-29.325,690.07,101284.7
962.0,0.0858,-70.8622,688.99,101205.4
963.0,-6.5403,-46.2561,688.04,101135.6
964.0,-19.1908,128.835,687.93,101127.5
965.0,-19.1908,128.8356,687.43,101090.7
966.0,61.6367,-72.7417,685.8,100970.8
967.0,0.0867,-70.8625,685.8,100970.8
968.0,-6.54,-46.2567,685.8,100970.8
969.0,25.6933,23.5767,680.92,100610.9
970.0,61.6361,-72.7356,680.26,100562.2
971.0,66.7967,-122.3858,679.7,100520.8
972.0,-29.4664,117.2989,679.05,100472.7
973.0,22.7025,-83.3097,678.32,100418.7
974.0,74.0275,96.2383,671.78,99933.4
975.0,8.1244,-4.6639,671.49,99911.8
976.0,74.0272,96.2325,670.92,99869.4
977.0,65.9353,-109.7411,668.82,99713.0
978.0,-81.6533,-148.8392,667.82,99638.4
979.0,-81.6544,-149.0028,667.41,99607.8
980.0,-1.8575,105.84,666.9,99569.8
981.0,18.0767,-11.3892,665.99,99501.8
982.0,46.9917,-83.9842,665.07,99433.1
983.0,8.1242,-4.6642,664.77,99410.6
984.0,-50.8964,166.0214,659.87,99043.6
985.0,0.8572,-53.6697,656.36,98779.8
986.0,-15.855,-173.7125,655.93,98747.5
987.0,48.4697,58.4883,654.48,98638.3
988.0,6.6594,-5.5367,653.3,98549.3
989.0,-21.2342,-159.7633,652.88,98517.6
990.0,65.935,-109.7408,652.88,98517.6
991.0,13.8208,9.3917,652.88,98517.6
992.0,71.8583,-112.5892,650.75,98356.8
993.0,7.1511,93.8258,650.5,98337.9
994.0,6.6575,-5.5383,649.83,98287.2
995.0,48.47,58.4883,649.83,98287.2
996.0,71.8378,-112.6825,646.64,98045.7
997.0,70.1111,-84.31,645.51,97960.0
998.0,48.2736,-86.0036,644.12,97854.4
999.0,17.1414,-11.5697,642.24,97711.5
1000.0,-27.5992,-144.3758,633.07,97011.5
1001.0,70.1117,-84.36,632.76,96987.7
1002.0,-32.8825,121.1625,631.85,96917.9
1003.0,66.0989,-90.4028,630.34,96802.1
1004.0,5.3108,162.9933,629.11,96707.6
1005.0,66.0992,-90.4042,625.75,96449.0
1006.0,7.1517,93.8258,623.93,96308.6
1007.0,-10.3917,-57.9708,622.71,96214.4
1008.0,80.7981,58.4986,621.9,96151.8
1009.0,80.8008,58.495,620.88,96072.9
1010.0,26.2342,-10.815,619.96,96001.7
1011.0,2.1275,-71.1728,614.57,95583.5
1012.0,-20.8872,139.8872,612.6,95430.2
1013.0,47.2317,-95.5033,611.12,95314.8
1014.0,64.83,-83.6025,611.12,95314.8
1015.0,2.1292,-71.1742,609.9,95219.6
1016.0,64.8306,-83.6022,609.39,95179.8
1017.0,-20.8875,139.8842,608.99,95148.6
1018.0,70.6939,-93.7383,607.63,95042.3
1019.0,-32.8825,121.1633,605.46,94872.4
1020.0,0.1542,23.2775,604.72,94814.4
1021.0,70.6942,-93.7425,602.89,94670.8
1022.0,46.7558,-88.155,602.89,94670.8
1023.0,23.7997,-10.64,598.32,94311.3
1024.0,25.3925,29.6617,597.71,94263.3
1025.0,-33.4458,123.4758,594.06,93975.0
1026.0,-32.9658,116.4494,592.4,93843.6
1027.0,-32.9658,116.45,591.92,93805.6
1028.0,5.3111,162.9917,588.19,93509.6
1029.0,-33.4444,123.4756,587.47,93452.3
1030.0,-20.5117,-29.3247,587.02,93416.5
1031.0,-38.0094,-65.6042,586.83,93401.4
1032.0,45.6489,-78.2569,582.67,93069.7
1033.0,5.5244,-87.08,579.62,92825.8
1034.0,70.9283,-116.4325,578.24,92715.3
1035.0,45.6492,-78.2575,577.9,92688.0
1036.0,70.9283,-116.4333,576.99,92615.0
1037.0,-11.135,-61.5747,576.58,92582.1
1038.0,5.525,-87.0808,574.85,92443.1
1039.0,-38.0092,-65.605,574.85,92443.1
1040.0,8.6669,106.5794,574.15,92386.8
1041.0,-32.03,122.8092,572.72,92271.7
1042.0,60.1392,-107.4,572.72,92271.7
1043.0,23.7983,-10.6417,570.89,92124.1
1044.0,-15.8536,-173.7478,565.88,91719.0
1045.0,2.9989,44.2981,565.25,91667.9
1046.0,8.6675,106.5783,564.79,91630.6
1047.0,-12.9892,133.1178,563.07,91491.0
1048.0,-79.3567,-161.7433,561.88,91394.3
1049.0,3.1653,106.2189,560.61,91290.9
1050.0,-25.0425,125.065,558.7,91135.3
1051.0,-52.5708,169.1658,558.09,91085.5
1052.0,-52.5708,169.1658,557.36,91025.9
1053.0,-13.0425,133.0808,551.99,90586.4
1054.0,44.0717,52.5617,550.55,90468.1
1055.0,-79.3767,-161.6967,549.86,90411.4
1056.0,16.8608,-3.6967,546.81,90160.3
1057.0,44.3183,-80.32,544.07,89934.1
1058.0,3.1658,106.2192,543.76,89908.5
1059.0,68.2989,-85.2783,542.98,89844.0
1060.0,68.2983,-85.2783,540.72,89656.8
1061.0,37.5717,-90.7292,540.11,89606.2
1062.0,46.1111,-81.2894,538.28,89454.3
1063.0,-21.3333,128.1125,537.97,89428.6
1064.0,74.4275,19.2033,536.14,89276.3
1065.0,44.0725,52.5608,535.84,89251.3
1066.0,72.6992,123.2175,535.84,89251.3
1067.0,72.6994,123.2142,534.83,89167.2
1068.0,72.1097,140.865,533.22,89032.9
1069.0,72.1092,140.8633,532.79,88997.0
1070.0,46.5983,-60.7608,531.21,88864.9
1071.0,74.4133,19.1833,529.61,88731.0
1072.0,60.6722,-173.0911,526.81,88496.1
1073.0,43.0283,-89.8525,523.95,88255.6
1074.0,-14.2708,-178.1392,523.95,88255.6
1075.0,63.6067,-112.5192,521.82,88076.0
1076.0,44.3658,-85.6783,520.9,87998.3
1077.0,44.3662,-85.6794,520.6,87973.0
1078.0,-27.5953,-144.3697,520.43,87958.6
1079.0,-37.5969,-59.2947,518.79,87819.9
1080.0,-37.6008,-59.3033,518.77,87818.2
1081.0,-65.5456,100.7911,516.52,87627.6
1082.0,69.5556,-112.6689,516.14,87595.3
1083.0,-29.2675,-177.9075,516.03,87586.0
1084.0,-14.2708,-178.1392,515.97,87580.9
1085.0,-29.2681,-177.9081,515.82,87568.2
1086.0,-34.3808,-54.6733,513.89,87404.2
1087.0,-34.3828,-54.6742,511.85,87230.5
1088.0,60.0275,-166.2625,510.54,87118.8
1089.0,-27.0853,-109.3803,507.96,86898.4
1090.0,60.665,-173.0883,507.49,86858.2
1091.0,-27.0858,-109.38,506.88,86806.0
1092.0,60.0281,-166.2622,506.35,86760.6
1093.0,26.6975,-7.3517,504.75,86623.4
1094.0,-21.24,-159.7744,504.33,86587.4
1095.0,-9.5269,-59.9822,500.78,86282.1
1096.0,14.1447,145.1878,495.91,85861.5
1097.0,-30.5939,145.6867,495.19,85799.2
1098.0,14.145,145.1875,495.0,85782.7
1099.0,-30.5942,145.6867,495.0,85782.7
1100.0,69.5558,-112.67,493.78,85676.9
1101.0,70.9211,123.6067,492.31,85549.3
1102.0,-23.1292,-134.9717,491.03,85438.0
1103.0,-66.1533,96.7044,489.87,85337.0
1104.0,73.2375,-94.6817,488.9,85252.5
1105.0,51.1917,-93.5017,488.9,85252.5
1106.0,-33.2825,136.1825,487.98,85172.3
1107.0,73.2511,-94.6208,487.47,85127.7
1108.0,-33.2828,136.1822,486.12,85009.8
1109.0,-26.36,-79.8983,479.15,84398.1
1110.0,42.1403,60.4217,472.65,83823.7
1111.0,64.6031,50.345,472.58,83817.5
1112.0,40.37,-83.72,472.14,83778.5
1113.0,64.6017,50.3467,470.92,83670.2
1114.0,-32.7167,-54.7742,470.0,83588.4
1115.0,73.7072,-118.9217,466.07,83238.2
1116.0,57.345,-76.475,464.82,83126.5
1117.0,-31.5633,159.0892,461.87,82862.3
1118.0,73.7075,-118.9233,459.94,82689.0
1119.0,72.275,-94.5133,459.71,82668.3
1120.0,42.14,60.4217,457.81,82497.3
1121.0,20.5733,-8.7533,454.76,82222.0
1122.0,5.2242,48.1817,451.71,81945.9
1123.0,23.9361,69.8236,451.5,81926.8
1124.0,60.5342,-1.4458,449.88,81779.7
1125.0,60.5339,-1.4461,448.51,81655.1
1126.0,7.3408,151.623,447.47,81560.4
1127.0,-26.3464,-79.8944,445.88,81415.3
1128.0,23.9358,69.8233,444.7,81307.5
1129.0,7.3408,151.6233,442.87,81140.1
1130.0,48.5219,0.0275,439.78,80856.5
1131.0,-23.8575,-147.6483,437.08,80607.9
1132.0,-18.6208,137.5025,433.73,80298.4
1133.0,-54.7058,158.82,433.12,80241.9
1134.0,48.5208,0.0275,432.82,80214.1
1135.0,24.0817,-5.535,425.81,79561.9
1136.0,45.6889,-65.2583,425.13,79498.3
1137.0,75.8853,-106.385,424.99,79485.2
1138.0,69.4267,62.2083,424.89,79475.9
1139.0,16.5767,-7.2358,423.98,79390.7
1140.0,69.4267,62.2078,423.74,79368.3
1141.0,76.6544,148.59,422.12,79216.4
1142.0,-31.3225,-56.1692,419.71,78989.9
1143.0,-28.4883,136.0225,418.8,78904.3
1144.0,-28.4883,136.0239,418.26,78853.4
1145.0,63.0733,32.6242,416.97,78731.7
1146.0,73.1067,82.79,415.75,78616.4
1147.0,-54.7086,158.8275,415.43,78586.2
1148.0,76.6525,148.5883,414.83,78529.4
1149.0,-0.7283,18.8775,411.78,78240.2
1150.0,72.9083,82.4158,409.64,78036.6
1151.0,-23.3683,-149.4683,407.05,77789.5
1152.0,80.2064,32.6778,404.35,77531.1
1153.0,-23.1275,-134.9858,404.09,77506.2
1154.0,76.3867,-101.6517,402.1,77315.1
1155.0,-23.3683,-149.4683,401.73,77279.5
1156.0,-22.75,143.29,395.94,76720.6
1157.0,-19.6983,63.4458,395.94,76720.6
1158.0,22.3067,-5.8533,394.72,76602.3
1159.0,-19.7067,63.4464,394.31,76562.5
1160.0,-22.4583,-151.3467,390.14,76156.6
1161.0,41.8875,-84.62,390.14,76156.6
1162.0,42.885,-83.325,390.14,76156.6
1163.0,53.4317,49.8325,390.08,76150.7
1164.0,-23.8575,-147.6486,387.72,75920.0
1165.0,48.4167,-3.88,387.1,75859.3
1166.0,48.3725,-3.953,382.38,75395.4
1167.0,56.2208,-97.9075,381.91,75349.0
1168.0,30.4844,140.3086,381.81,75339.2
1169.0,23.03,-81.6919,381.29,75287.8
1170.0,-7.235,131.3761,379.52,75112.9
1171.0,57.5075,14.5,378.87,75048.5
1172.0,-22.4631,-151.3611,377.46,74908.8
1173.0,53.4317,49.8317,376.73,74836.3
1174.0,17.7417,-5.4067,376.73,74836.3
1175.0,-12.2892,168.8358,375.82,74745.9
1176.0,52.4767,48.0183,375.82,74745.9
1177.0,-10.1467,142.3208,373.99,74563.7
1178.0,75.1367,140.0258,373.99,74563.7
1179.0,-10.4833,105.5806,372.59,74424.0
1180.0,-12.2892,168.8361,371.31,74296.0
1181.0,-10.1472,142.3214,370.4,74204.9
1182.0,30.4833,140.3033,368.81,74045.5
1183.0,-49.6842,178.7808,366.06,73768.9
1184.0,15.8283,17.495,364.85,73646.9
1185.0,48.2283,38.9158,363.93,73554.0
1186.0,-49.6844,178.7811,362.81,73440.7
1187.0,75.1094,-98.29,362.08,73366.8
1188.0,-10.4833,105.5808,361.8,73338.4
1189.0,74.8731,138.76,360.92,73249.2
1190.0,61.7475,54.2367,359.97,73152.7
1191.0,28.1017,28.9467,359.97,73152.7
1192.0,76.785,158.1025,355.7,72717.5
1193.0,57.2883,33.9517,355.7,72717.5
1194.0,50.5683,45.14,353.87,72530.2
1195.0,53.8525,27.0625,353.87,72530.2
1196.0,13.3494,-81.3681,351.26,72262.3
1197.0,58.8867,53.7808,349.0,72029.4
1198.0,-7.235,131.3758,347.78,71903.4
1199.0,-25.0708,-130.11,346.86,71808.2
1200.0,13.345,-81.3658,344.73,71587.4
1201.0,76.7906,158.0992,344.01,71512.6
1202.0,63.4117,37.0108,343.81,71491.8
1203.0,63.7667,-94.3933,339.85,71078.9
1204.0,43.1267,54.9275,339.85,71078.9
1205.0,56.8508,29.3833,335.89,70663.6
1206.0,59.8256,-80.0133,334.97,70566.8
1207.0,59.8258,-80.0142,333.76,70439.2
1208.0,51.3433,28.23,332.84,70342.0
1209.0,-65.7561,92.4406,331.92,70244.8
1210.0,-25.0686,-130.1131,331.0,70147.3
1211.0,-35.7803,136.8719,330.42,70085.8
1212.0,54.2233,18.1242,329.79,70019.0
1213.0,-22.1092,114.005,320.95,69074.2
1214.0,61.5408,33.7358,319.74,68943.9
1215.0,57.7142,27.0592,319.74,68943.9
1216.0,-29.0117,167.9425,319.13,68878.1
1217.0,-29.0114,167.94,318.51,68811.1
1218.0,54.2442,22.3242,311.81,68083.5
1219.0,73.5858,-105.1883,311.81,68083.5
1220.0,80.83,79.5528,311.36,68034.4
1221.0,73.5856,-105.1883,311.35,68033.3
1222.0,8.4272,104.8278,311.28,68025.7
1223.0,59.8358,44.61,303.89,67213.3
1224.0,56.6033,-169.6767,302.27,67033.9
1225.0,4.0017,-81.6075,302.06,67010.6
1226.0,67.0983,48.9458,301.75,66976.2
1227.0,18.3625,-114.6983,301.53,66951.8
1228.0,54.105,36.8583,299.92,66772.8
1229.0,58.7917,42.2,296.88,66433.6
1230.0,-44.1242,-176.5833,294.74,66193.7
1231.0,-22.3408,-176.21,294.74,66193.7
1232.0,80.9125,79.7917,293.83,66091.4
1233.0,57.8567,49.4208,292.0,65885.3
1234.0,56.6033,-169.6783,288.95,65540.3
1235.0,18.3625,-114.6983,286.82,65298.3
1236.0,61.7442,40.2942,284.99,65089.7
1237.0,51.1192,37.2667,280.72,64600.2
1238.0,63.3133,82.3092,277.98,64284.2
1239.0,23.0625,-161.9275,275.23,63965.4
1240.0,73.3792,116.2808,269.75,63325.4
1241.0,62.5017,25.1533,268.83,63217.3
1242.0,30.4367,27.6308,266.7,62966.4
1243.0,63.4058,45.565,265.79,62858.9
1244.0,-12.4975,177.0675,255.12,61584.2
1245.0,44.735,58.2075,254.81,61546.8
1246.0,29.8958,-89.9983,251.76,61177.3
1247.0,31.2333,25.685,249.94,60955.8
1248.0,54.3025,-84.4867,249.94,60955.8
1249.0,7.59,134.5883,242.01,59981.0
1250.0,68.2833,44.8567,240.79,59829.6
1251.0,70.2783,-105.3167,240.79,59829.6
1252.0,-23.7617,34.9833,234.7,59068.2
1253.0,56.26,-91.0758,231.95,58721.1
1254.0,-22.3942,172.0858,229.82,58450.9
1255.0,62.5817,66.0708,227.99,58217.7
1256.0,-3.86,-32.4217,223.11,57591.3
1257.0,19.7625,57.4875,219.76,57157.3
1258.0,65.4325,42.4142,214.88,56519.1
1259.0,-1.5358,145.0583,213.97,56399.3
1260.0,-15.5825,-175.6258,211.84,56117.9
1261.0,60.4875,30.1975,203.0,54934.5
1262.0,-2.91,113.4608,189.89,53131.0
1263.0,-9.9208,144.0433,182.88,52141.1
1264.0,55.9925,9.7967,181.97,52011.2
1265.0,-21.9283,-157.9292,175.87,51132.0
1266.0,9.535,138.105,174.04,50865.3
1267.0,69.05,49.185,170.99,50417.6
1268.0,56.665,74.9575,159.72,48727.8
1269.0,-13.275,-176.2067,150.88,47360.1
1270.0,-1.8292,41.2592,148.74,47023.1
1271.0,14.84,-17.0,139.9,45604.3
1272.0,65.6142,75.3583,134.72,44752.1
1273.0,48.1425,46.855,133.81,44600.7
1274.0,-18.8425,-159.7867,124.05,42943.3
1275.0,-15.81,-148.2683,105.77,39653.2
1276.0,56.405,143.3858,95.71,37720.4
1277.0,-19.0808,-169.9408,94.79,37538.6
1278.0,28.5983,-81.7292,94.49,37479.2
1279.0,-20.6433,-178.7392,84.73,35490.8
1280.0,23.575,-164.7,84.12,35362.8
1281.0,-0.8617,169.5408,81.08,34717.9
1282.0,-19.9925,-158.1175,80.77,34651.5
1283.0,75.0142,147.1083,78.94,34256.7
1284.0,32.3175,-64.7333,76.81,33791.4
1285.0,-47.7617,179.0408,73.15,32976.5
1286.0,25.9492,131.2942,66.75,31500.9
1287.0,-0.5292,166.9125,64.92,31066.1
1288.0,24.2392,-75.3742,63.7,30772.8
1289.0,25.3792,-76.5325,61.87,30327.5
1290.0,19.7458,-79.7342,50.9,27507.8
1291.0,24.5408,-78.205,49.99,27260.8
1292.0,21.7867,-72.2467,49.07,27008.8
1293.0,0.5342,72.9975,45.72,26070.6
1294.0,-24.34,-128.3408,38.71,23988.8
1295.0,6.68,149.2975,37.8,23705.2
1296.0,23.7692,-166.26,36.58,23319.5
1297.0,-5.7733,53.3125,35.97,23124.2
1298.0,-5.2908,71.7408,34.75,22728.7
1299.0,-1.465,143.0508,32.92,22122.1
1300.0,-9.745,46.5142,30.78,21391.0
1301.0,4.6842,-160.3625,30.78,21391.0
1302.0,-26.5117,-105.285,29.87,21072.4
1303.0,-11.4233,-151.8258,28.96,20749.0
1304.0,5.3317,132.225,28.96,20749.0
1305.0,3.01,131.1233,28.96,20749.0
1306.0,43.9717,-59.7642,28.04,20416.7
1307.0,9.7675,140.525,27.74,20307.2
1308.0,17.4117,-83.9017,26.82,19967.6
1309.0,77.4908,82.25,26.82,19967.6
1310.0,-20.78,-138.5483,26.82,19967.6
1311.0,5.8758,-162.0817,26.82,19967.6
1312.0,6.4117,-162.3533,26.82,19967.6
1313.0,-8.0642,178.375,26.82,19967.6
1314.0,-10.395,-161.025,25.91,19626.0
1315.0,28.2108,-177.3858,24.99,19274.4
1316.0,8.7267,167.74,24.99,19274.4
1317.0,4.6783,168.6825,24.99,19274.4
1318.0,6.22,160.6925,23.77,18798.0
1319.0,8.1267,140.405,23.77,18798.0
1320.0,-9.9975,-150.2308,23.77,18798.0
1321.0,3.8533,154.9708,23.77,18798.0
1322.0,-7.1317,56.285,23.77,18798.0
1323.0,-11.8242,96.8225,23.77,18798.0
1324.0,-4.6775,-174.5358,23.77,18798.0
1325.0,-12.1725,96.8333,23.77,18798.0
1326.0,-0.3767,-160.0167,22.86,18434.7
1327.0,0.9325,173.035,22.86,18434.7
1328.0,-18.0575,-163.19,22.86,18434.7
1329.0,-9.0258,-157.8842,22.86,18434.7
1330.0,-11.05,-171.0708,22.86,18434.7
1331.0,9.2625,169.9492,22.86,18434.7
1332.0,-5.46,159.4408,22.86,18434.7
1333.0,7.2817,168.7508,22.86,18434.7
1334.0,-5.6467,176.065,21.95,18064.0
1335.0,-4.7783,157.0275,21.95,18064.0
1336.0,-15.7358,-142.1292,21.95,18064.0
1337.0,-20.7058,-143.0442,21.95,18064.0
1338.0,-14.1917,-141.1825,21.95,18064.0
1339.0,10.2833,-109.2083,21.03,17681.4
1340.0,-14.4383,-146.2233,20.73,17554.8
1341.0,9.2158,165.525,20.73,17554.8
1342.0,-9.3358,-171.1992,20.73,17554.8
1343.0,10.8058,73.6683,20.73,17554.8
1344.0,6.2408,171.9342,20.73,17554.8
1345.0,-9.2308,51.0342,20.73,17554.8
1346.0,-10.1225,51.1608,20.73,17554.8
1347.0,3.4733,72.8392,20.73,17554.8
1348.0,-16.7192,59.5667,20.73,17554.8
1349.0,-13.2733,-163.1992,20.73,17554.8
1350.0,6.9608,73.2092,20.73,17554.8
1351.0,16.7358,-169.5233,19.81,17160.9
1352.0,-1.335,176.4375,19.81,17160.9
1353.0,-10.8925,-165.8733,19.81,17160.9
1354.0,-2.6208,176.8067,19.81,17160.9
1355.0,-11.5642,-165.4133,19.81,17160.9
1356.0,57.5958,-13.6875,19.81,17160.9
1357.0,7.6208,155.1592,19.81,17160.9
1358.0,7.3817,147.0367,19.81,17160.9
1359.0,-8.5567,-172.4692,19.81,17160.9
1360.0,11.1433,166.29,18.9,16762.1
1361.0,11.3808,167.5133,18.9,16762.1
1362.0,-21.8117,-154.7083,18.9,16762.1
1363.0,7.2583,144.45,18.9,16762.1
1364.0,7.3733,143.8333,18.9,16762.1
1365.0,-10.3967,56.6192,18.9,16762.1
1366.0,-17.3292,-138.3442,17.98,16349.0
1367.0,16.9483,112.3342,17.98,16349.0
1368.0,-16.1175,-146.365,17.98,16349.0
1369.0,-17.4767,-143.4375,16.76,15784.6
1370.0,-11.5167,47.3792,16.76,15784.6
1371.0,-17.4842,-145.3892,16.76,15784.6
1372.0,-16.5175,-143.8167,16.76,15784.6
1373.0,-4.4617,-171.2575,16.76,15784.6
1374.0,-10.7908,179.4725,16.76,15784.6
1375.0,1.0333,154.7958,16.76,15784.6
1376.0,-4.5158,-172.2208,16.76,15784.6
1377.0,9.8442,160.8,16.76,15784.6
1378.0,-18.145,-142.2242,16.76,15784.6
1379.0,2.0067,-157.3967,15.85,15350.1
1380.0,-14.8275,-138.7942,15.85,15350.1
1381.0,-18.5708,-136.2975,15.85,15350.1
1382.0,11.4567,162.0892,15.85,15350.1
1383.0,-23.1325,-137.1242,15.85,15350.1
1384.0,-21.6867,-140.6825,15.85,15350.1
1385.0,-18.56,-139.2175,15.85,15350.1
1386.0,-21.3292,-136.53,15.85,15350.1
1387.0,25.7775,-171.7275,15.24,15051.8
1388.0,-16.9442,149.2,14.94,14903.0
1389.0,-16.5117,-154.645,14.94,14903.0
1390.0,-15.825,-154.5167,14.94,14903.0
1391.0,19.2983,166.6467,13.72,14281.5
1392.0,10.3767,114.3675,13.72,14281.5
1393.0,-5.6267,-155.9,11.89,13295.0
1394.0,14.7192,168.9183,11.89,13295.0
1395.0,-18.1425,162.8175,11.89,13295.0
1396.0,26.06,-173.9608,11.89,13295.0
1397.0,24.285,153.9758,10.97,12770.3
1398.0,-3.9883,-154.8983,10.97,12770.3
1399.0,0.1933,-176.4858,10.97,12770.3
1400.0,-15.89,54.525,8.84,11463.7
1401.0,-23.25,155.5417,8.84,11463.7
1402.0,7.3733,113.845,8.84,11463.7
1403.0,-19.8667,158.3075,8.84,11463.7
1404.0,-17.4033,155.8708,8.84,11463.7
1405.0,20.4192,136.11,8.84,11463.7
1406.0,-24.6808,-124.7725,7.92,10850.8
1407.0,-21.6592,153.77,7.92,10850.8
1408.0,-2.7733,-171.7183,7.92,10850.8
1409.0,15.6717,-63.6175,7.92,10850.8
1410.0,24.6258,-82.8725,7.92,10850.8
1411.0,-20.93,154.4042,7.92,10850.8
1412.0,20.6992,116.73,6.71,9987.5
1413.0,-21.4158,158.8517,5.79,9277.6
1414.0,-17.2742,119.36,4.88,8517.4
1415.0,8.6458,111.9192,4.88,8517.4
1416.0,24.9575,-115.7675,3.96,7672.6
